#   index    LocalEnergy         LocalEnergy_sq      LocalPotential      Kinetic             ElecElec            IonIon              LocalECP            NonLocalECP         BlockWeight         BlockCPU            AcceptRatio         
         0   -2.0458601186e+02    4.1863063844e+04   -3.6025321928e+02    1.5566720742e+02   -6.5952536856e+00   -1.5233933303e+02   -2.2402297847e+02    2.2704345910e+01    8.8795000000e+04    8.8637301410e+00    9.9108112228e-01
         1   -2.0475946423e+02    4.1934026818e+04   -3.6054639394e+02    1.5578692971e+02   -6.7165811407e+00   -1.5233933303e+02   -2.2429959985e+02    2.2809120087e+01    8.8627000000e+04    8.8187043859e+00    9.9109023054e-01
         2   -2.0480987876e+02    4.1954639454e+04   -3.6049520688e+02    1.5568532812e+02   -6.8587826872e+00   -1.5233933303e+02   -2.2406637050e+02    2.2769279346e+01    8.7086000000e+04    8.7934682965e+00    9.9110120277e-01
         3   -2.0484498614e+02    4.1969022352e+04   -3.6056178176e+02    1.5571679563e+02   -6.8808516218e+00   -1.5233933303e+02   -2.2394716811e+02    2.2605571005e+01    8.6000000000e+04    8.7789070984e+00    9.9113689003e-01
         4   -2.0487283329e+02    4.1980573936e+04   -3.6061990635e+02    1.5574707306e+02   -6.8907732310e+00   -1.5233933303e+02   -2.2403702888e+02    2.2647228786e+01    8.6134000000e+04    8.7738329402e+00    9.9110135424e-01
         5   -2.0488115016e+02    4.1983851098e+04   -3.6096135750e+02    1.5608020734e+02   -6.7510378418e+00   -1.5233933303e+02   -2.2464196712e+02    2.2770980497e+01    8.6193000000e+04    8.7598612395e+00    9.9112177022e-01
         6   -2.0488791542e+02    4.1986615202e+04   -3.6104956322e+02    1.5616164780e+02   -6.7827815786e+00   -1.5233933303e+02   -2.2481108077e+02    2.2883632167e+01    8.4712000000e+04    8.7587133875e+00    9.9106006745e-01
         7   -2.0490223119e+02    4.1992510631e+04   -3.6102351926e+02    1.5612128807e+02   -6.8207674175e+00   -1.5233933303e+02   -2.2467057657e+02    2.2807157766e+01    8.3664000000e+04    8.6715145743e+00    9.9106426763e-01
         8   -2.0491770443e+02    4.1998846158e+04   -3.6080659489e+02    1.5588889046e+02   -6.8268117628e+00   -1.5233933303e+02   -2.2444486861e+02    2.2804418522e+01    8.3340000000e+04    8.6356007380e+00    9.9109788650e-01
         9   -2.0491389609e+02    4.1997302867e+04   -3.6096767821e+02    1.5605378212e+02   -6.7626177342e+00   -1.5233933303e+02   -2.2464000807e+02    2.2774280625e+01    8.3347000000e+04    8.6773113465e+00    9.9103426392e-01
        10   -2.0489030247e+02    4.1987858458e+04   -3.6088063789e+02    1.5599033542e+02   -6.8553310369e+00   -1.5233933303e+02   -2.2452631620e+02    2.2840342383e+01    8.3181000000e+04    8.8456151918e+00    9.9108756470e-01
        11   -2.0491946263e+02    4.1999630644e+04   -3.6084113513e+02    1.5592167249e+02   -6.9145034447e+00   -1.5233933303e+02   -2.2432215130e+02    2.2734852650e+01    8.2946000000e+04    8.5943057753e+00    9.9104760073e-01
        12   -2.0492722797e+02    4.2002989606e+04   -3.6075510494e+02    1.5582787697e+02   -6.9578598187e+00   -1.5233933303e+02   -2.2421245615e+02    2.2754544065e+01    8.3215000000e+04    8.6216571301e+00    9.9109689088e-01
        13   -2.0494668450e+02    4.2010718521e+04   -3.6042256706e+02    1.5547588257e+02   -6.9606221394e+00   -1.5233933303e+02   -2.2383167827e+02    2.2709066377e+01    8.3326000000e+04    8.6664012086e+00    9.9113163495e-01
        14   -2.0495402643e+02    4.2013658791e+04   -3.6028201233e+02    1.5532798590e+02   -6.9458866781e+00   -1.5233933303e+02   -2.2387915731e+02    2.2882364694e+01    8.4025000000e+04    8.7131261665e+00    9.9110327973e-01
        15   -2.0495723777e+02    4.2015133751e+04   -3.6056696052e+02    1.5560972275e+02   -6.8886531916e+00   -1.5233933303e+02   -2.2403092678e+02    2.2691952481e+01    8.3960000000e+04    8.7380464925e+00    9.9113746764e-01
        16   -2.0494576079e+02    4.2010460433e+04   -3.6085822298e+02    1.5591246219e+02   -6.8647990506e+00   -1.5233933303e+02   -2.2438541707e+02    2.2731326172e+01    8.3641000000e+04    8.7004179765e+00    9.9107936945e-01
        17   -2.0493254657e+02    4.2004880583e+04   -3.6103788703e+02    1.5610534046e+02   -6.8133593199e+00   -1.5233933303e+02   -2.2468522667e+02    2.2800031994e+01    8.3141000000e+04    8.6241327603e+00    9.9105348433e-01
        18   -2.0494154788e+02    4.2008751641e+04   -3.6113548208e+02    1.5619393419e+02   -6.7439563334e+00   -1.5233933303e+02   -2.2474718600e+02    2.2694993286e+01    8.3217000000e+04    8.5926172150e+00    9.9100853469e-01
        19   -2.0495089175e+02    4.2012599266e+04   -3.6096853267e+02    1.5601764092e+02   -6.8604022888e+00   -1.5233933303e+02   -2.2454767992e+02    2.2778882571e+01    8.3295000000e+04    8.6605828963e+00    9.9112738016e-01
        20   -2.0495164384e+02    4.2012793130e+04   -3.6076892928e+02    1.5581728544e+02   -6.8168141284e+00   -1.5233933303e+02   -2.2435575524e+02    2.2742973121e+01    8.2586000000e+04    8.7485936398e+00    9.9108610722e-01
        21   -2.0491121504e+02    4.1996229829e+04   -3.6103917492e+02    1.5612795989e+02   -6.9251976106e+00   -1.5233933303e+02   -2.2440355466e+02    2.2628910380e+01    8.1521000000e+04    8.0218041358e+00    9.9103807588e-01
        22   -2.0491776892e+02    4.1999169051e+04   -3.6100828811e+02    1.5609051919e+02   -6.8793164695e+00   -1.5233933303e+02   -2.2433577793e+02    2.2546139324e+01    8.1445000000e+04    7.8923979792e+00    9.9109908563e-01
        23   -2.0492135326e+02    4.2000304039e+04   -3.6107306030e+02    1.5615170704e+02   -6.8188511692e+00   -1.5233933303e+02   -2.2468792477e+02    2.2773048673e+01    8.0698000000e+04    7.8818327407e+00    9.9107261056e-01
        24   -2.0493161293e+02    4.2004870709e+04   -3.6101149320e+02    1.5607988026e+02   -6.8213463034e+00   -1.5233933303e+02   -2.2461439757e+02    2.2763583705e+01    8.1118000000e+04    7.9172092132e+00    9.9107264388e-01
        25   -2.0492918573e+02    4.2003495820e+04   -3.6099486790e+02    1.5606568218e+02   -6.7720302161e+00   -1.5233933303e+02   -2.2462778708e+02    2.2744282428e+01    8.1150000000e+04    7.9081291287e+00    9.9106396154e-01
        26   -2.0495213895e+02    4.2013011307e+04   -3.6113998616e+02    1.5618784721e+02   -6.7935129341e+00   -1.5233933303e+02   -2.2468239413e+02    2.2675253945e+01    8.1264000000e+04    7.9090154307e+00    9.9105411335e-01
        27   -2.0493838908e+02    4.2007449791e+04   -3.6109157154e+02    1.5615318246e+02   -6.8298823255e+00   -1.5233933303e+02   -2.2465824988e+02    2.2735893700e+01    8.1871000000e+04    8.0805922566e+00    9.9113513377e-01
        28   -2.0497044537e+02    4.2020490344e+04   -3.6079669393e+02    1.5582624856e+02   -6.9224242777e+00   -1.5233933303e+02   -2.2423486345e+02    2.2699926832e+01    8.2205000000e+04    8.2966797880e+00    9.9105739305e-01
        29   -2.0496747954e+02    4.2019299846e+04   -3.6067875002e+02    1.5571127048e+02   -6.9401724469e+00   -1.5233933303e+02   -2.2407078817e+02    2.2671543623e+01    8.2419000000e+04    8.5734859070e+00    9.9116284216e-01
        30   -2.0498182354e+02    4.2025213733e+04   -3.6064954442e+02    1.5566772088e+02   -6.9433250253e+00   -1.5233933303e+02   -2.2415593213e+02    2.2789045770e+01    8.2546000000e+04    8.7514192417e+00    9.9110235580e-01
        31   -2.0495338742e+02    4.2013558942e+04   -3.6079162683e+02    1.5583823942e+02   -6.9547334127e+00   -1.5233933303e+02   -2.2410159606e+02    2.2604035672e+01    8.3116000000e+04    8.5910515718e+00    9.9105640603e-01
        32   -2.0493293584e+02    4.2005086649e+04   -3.6078834827e+02    1.5585541243e+02   -7.0346010611e+00   -1.5233933303e+02   -2.2418353077e+02    2.2769116592e+01    8.3215000000e+04    8.6190331707e+00    9.9111101584e-01
        33   -2.0492916692e+02    4.2003488810e+04   -3.6094104971e+02    1.5601188279e+02   -7.0546494010e+00   -1.5233933303e+02   -2.2430993991e+02    2.2762872636e+01    8.3092000000e+04    8.6153218783e+00    9.9117625962e-01
        34   -2.0491998763e+02    4.1999800893e+04   -3.6080930641e+02    1.5588931879e+02   -7.0914258179e+00   -1.5233933303e+02   -2.2411279460e+02    2.2734247037e+01    8.2493000000e+04    8.5268892582e+00    9.9110770463e-01
        35   -2.0496522939e+02    4.2018268948e+04   -3.6076809783e+02    1.5580286844e+02   -7.0734272515e+00   -1.5233933303e+02   -2.2411356868e+02    2.2758231130e+01    8.2586000000e+04    8.5208930219e+00    9.9111942579e-01
        36   -2.0493667688e+02    4.2006546335e+04   -3.6074610179e+02    1.5580942490e+02   -7.0911470367e+00   -1.5233933303e+02   -2.2400738940e+02    2.2691767681e+01    8.3022000000e+04    8.5596173737e+00    9.9105632146e-01
        37   -2.0493434058e+02    4.2005769226e+04   -3.6051257591e+02    1.5557823533e+02   -7.1287032657e+00   -1.5233933303e+02   -2.2386638225e+02    2.2821842641e+01    8.2491000000e+04    8.5469560857e+00    9.9113606212e-01
        38   -2.0493411001e+02    4.2005572984e+04   -3.6075326722e+02    1.5581915721e+02   -7.0296278287e+00   -1.5233933303e+02   -2.2410175376e+02    2.2717447396e+01    8.2471000000e+04    8.5415189294e+00    9.9110273437e-01
        39   -2.0494740039e+02    4.2011058833e+04   -3.6074388140e+02    1.5579648101e+02   -7.0966387914e+00   -1.5233933303e+02   -2.2405528198e+02    2.2747372403e+01    8.2524000000e+04    8.5006859166e+00    9.9109709624e-01
        40   -2.0495480057e+02    4.2014251328e+04   -3.6089740718e+02    1.5594260661e+02   -7.0184221615e+00   -1.5233933303e+02   -2.2437598727e+02    2.2836335282e+01    8.3333000000e+04    8.8541938275e+00    9.9107236758e-01
        41   -2.0492941097e+02    4.2003676606e+04   -3.6090180746e+02    1.5597239649e+02   -6.9648685596e+00   -1.5233933303e+02   -2.2439629916e+02    2.2798693296e+01    8.3107000000e+04    8.6228449560e+00    9.9104297320e-01
        42   -2.0495267708e+02    4.2013375528e+04   -3.6128760399e+02    1.5633492691e+02   -6.9072535110e+00   -1.5233933303e+02   -2.2489260266e+02    2.2851585215e+01    8.3000000000e+04    8.5856979285e+00    9.9106949902e-01
        43   -2.0499634565e+02    4.2031140187e+04   -3.6114982524e+02    1.5615347959e+02   -6.8886958727e+00   -1.5233933303e+02   -2.2486983174e+02    2.2948035404e+01    8.3629000000e+04    8.6935383999e+00    9.9104405457e-01
        44   -2.0493472314e+02    4.2005770270e+04   -3.6126480091e+02    1.5633007777e+02   -6.9955928761e+00   -1.5233933303e+02   -2.2455742662e+02    2.2627551617e+01    8.3903000000e+04    8.7179227614e+00    9.9110203806e-01
        45   -2.0491662840e+02    4.1998683539e+04   -3.6109147273e+02    1.5617484433e+02   -7.0021463614e+00   -1.5233933303e+02   -2.2448742234e+02    2.2737429012e+01    8.3442000000e+04    8.6427103226e+00    9.9108598181e-01
        46   -2.0493987496e+02    4.2008152652e+04   -3.6097885505e+02    1.5603898010e+02   -7.0172985397e+00   -1.5233933303e+02   -2.2432441396e+02    2.2702190475e+01    8.3021000000e+04    8.5733076592e+00    9.9108396584e-01
        47   -2.0496382752e+02    4.2017573173e+04   -3.6090285815e+02    1.5593903063e+02   -6.9605803004e+00   -1.5233933303e+02   -2.2434286693e+02    2.2739922116e+01    8.3153000000e+04    8.5997345130e+00    9.9106890206e-01
        48   -2.0491704994e+02    4.1998712655e+04   -3.6090980573e+02    1.5599275579e+02   -6.8844145647e+00   -1.5233933303e+02   -2.2436479088e+02    2.2678732747e+01    8.2801000000e+04    8.5794558662e+00    9.9110955902e-01
        49   -2.0492369417e+02    4.2001301707e+04   -3.6099427020e+02    1.5607057604e+02   -6.8159754996e+00   -1.5233933303e+02   -2.2452359630e+02    2.2684634626e+01    8.2524000000e+04    8.5188578163e+00    9.9103648617e-01
        50   -2.0494062459e+02    4.2008422852e+04   -3.6090045112e+02    1.5595982652e+02   -6.8603697907e+00   -1.5233933303e+02   -2.2445308754e+02    2.2752339249e+01    8.2848000000e+04    8.7685543060e+00    9.9111600884e-01
        51   -2.0495163871e+02    4.2012781102e+04   -3.6108699165e+02    1.5613535294e+02   -6.8329137111e+00   -1.5233933303e+02   -2.2469052279e+02    2.2775777881e+01    8.2514000000e+04    8.5621272853e+00    9.9112785094e-01
        52   -2.0494965403e+02    4.2011970082e+04   -3.6098104719e+02    1.5603139317e+02   -6.9043359780e+00   -1.5233933303e+02   -2.2438627304e+02    2.2648894857e+01    8.2839000000e+04    8.5736489931e+00    9.9108459782e-01
        53   -2.0493973317e+02    4.2007888652e+04   -3.6100963289e+02    1.5606989972e+02   -6.8682258989e+00   -1.5233933303e+02   -2.2456755862e+02    2.2765484658e+01    8.2535000000e+04    8.5890878690e+00    9.9107985600e-01
        54   -2.0494586177e+02    4.2010572991e+04   -3.6126026631e+02    1.5631440454e+02   -6.9489083483e+00   -1.5233933303e+02   -2.2480504846e+02    2.2833023525e+01    8.2136000000e+04    8.3631811091e+00    9.9103845313e-01
        55   -2.0493436197e+02    4.2005691588e+04   -3.6097368892e+02    1.5603932695e+02   -6.9602355163e+00   -1.5233933303e+02   -2.2445539081e+02    2.2781270431e+01    8.2147000000e+04    8.4361658706e+00    9.9111650727e-01
        56   -2.0495396128e+02    4.2013729071e+04   -3.6077050051e+02    1.5581653923e+02   -7.0190620093e+00   -1.5233933303e+02   -2.2420630192e+02    2.2794196453e+01    8.1994000000e+04    8.1936377124e+00    9.9107827985e-01
        57   -2.0496986354e+02    4.2020075390e+04   -3.6076735134e+02    1.5579748781e+02   -6.9824196058e+00   -1.5233933303e+02   -2.2421718070e+02    2.2771581998e+01    8.2505000000e+04    8.5113826291e+00    9.9109751077e-01
        58   -2.0498893779e+02    4.2028091298e+04   -3.6084129086e+02    1.5585235307e+02   -6.9725142467e+00   -1.5233933303e+02   -2.2430282097e+02    2.2773377391e+01    8.3049000000e+04    8.6101214902e+00    9.9109539241e-01
        59   -2.0495464139e+02    4.2014090234e+04   -3.6080932468e+02    1.5585468329e+02   -6.8637925063e+00   -1.5233933303e+02   -2.2435907163e+02    2.2752872492e+01    8.3706000000e+04    8.7466238631e+00    9.9115057271e-01
        60   -2.0493492408e+02    4.2005947565e+04   -3.6119504388e+02    1.5626011980e+02   -6.8815707100e+00   -1.5233933303e+02   -2.2475031834e+02    2.2776178208e+01    8.3561000000e+04    8.9262418164e+00    9.9108229063e-01
        61   -2.0495493216e+02    4.2014160862e+04   -3.6089194128e+02    1.5593700912e+02   -6.9059820968e+00   -1.5233933303e+02   -2.2440976712e+02    2.2763140978e+01    8.2307000000e+04    8.4563006887e+00    9.9111350829e-01
        62   -2.0497445020e+02    4.2022409988e+04   -3.6095331079e+02    1.5597886059e+02   -6.9005381182e+00   -1.5233933303e+02   -2.2459422679e+02    2.2880787146e+01    8.1812000000e+04    8.0137624762e+00    9.9105300249e-01
        63   -2.0494260237e+02    4.2009425841e+04   -3.6104743530e+02    1.5610483292e+02   -6.8299526466e+00   -1.5233933303e+02   -2.2471757682e+02    2.2839427204e+01    8.1498000000e+04    7.9441380051e+00    9.9100300654e-01
        64   -2.0493886078e+02    4.2007718680e+04   -3.6110094118e+02    1.5616208040e+02   -6.8019504527e+00   -1.5233933303e+02   -2.2491991964e+02    2.2960261950e+01    8.1665000000e+04    7.9268079140e+00    9.9108966686e-01
        65   -2.0496561491e+02    4.2018575230e+04   -3.6115633245e+02    1.5619071754e+02   -6.8165471396e+00   -1.5233933303e+02   -2.2490949761e+02    2.2909045328e+01    8.1621000000e+04    8.0374776011e+00    9.9108015559e-01
        66   -2.0493411089e+02    4.2005586760e+04   -3.6089492121e+02    1.5596081032e+02   -6.8781571915e+00   -1.5233933303e+02   -2.2453931276e+02    2.2861881770e+01    8.1209000000e+04    7.8909621646e+00    9.9108631541e-01
        67   -2.0495572545e+02    4.2014651988e+04   -3.6065779020e+02    1.5570206476e+02   -6.9331823482e+00   -1.5233933303e+02   -2.2409441120e+02    2.2709136383e+01    8.1536000000e+04    8.0022089446e+00    9.9109505867e-01
        68   -2.0496474350e+02    4.2018137993e+04   -3.6066538403e+02    1.5570064053e+02   -6.9234584849e+00   -1.5233933303e+02   -2.2407397606e+02    2.2671383539e+01    8.1616000000e+04    7.9138575510e+00    9.9106444530e-01
        69   -2.0498117288e+02    4.2024982913e+04   -3.6069245324e+02    1.5571128037e+02   -6.9798778069e+00   -1.5233933303e+02   -2.2415335822e+02    2.2780115821e+01    8.1546000000e+04    7.9010518324e+00    9.9106351234e-01
        70   -2.0497696400e+02    4.2023089033e+04   -3.6068077495e+02    1.5570381095e+02   -6.9970288565e+00   -1.5233933303e+02   -2.2406343594e+02    2.2719022877e+01    8.2778000000e+04    8.7361344934e+00    9.9109845778e-01
        71   -2.0493417611e+02    4.2005600220e+04   -3.6097481981e+02    1.5604064370e+02   -6.9519261014e+00   -1.5233933303e+02   -2.2450834278e+02    2.2824782099e+01    8.2602000000e+04    8.5698889244e+00    9.9106033489e-01
        72   -2.0492164418e+02    4.2000506792e+04   -3.6121107323e+02    1.5628942906e+02   -6.9044098474e+00   -1.5233933303e+02   -2.2474000070e+02    2.2772670350e+01    8.2284000000e+04    8.5590505113e+00    9.9102365424e-01
        73   -2.0496074107e+02    4.2016496055e+04   -3.6106234654e+02    1.5610160547e+02   -6.9984741509e+00   -1.5233933303e+02   -2.2463551854e+02    2.2910979187e+01    8.2550000000e+04    8.5733657373e+00    9.9110458093e-01
        74   -2.0495288042e+02    4.2013248056e+04   -3.6080018424e+02    1.5584730382e+02   -7.0926768737e+00   -1.5233933303e+02   -2.2416197477e+02    2.2793800429e+01    8.2762000000e+04    8.5683105116e+00    9.9110948327e-01
        75   -2.0497020487e+02    4.2020448506e+04   -3.6062838273e+02    1.5565817785e+02   -7.1007829387e+00   -1.5233933303e+02   -2.2385867731e+02    2.2670410555e+01    8.3129000000e+04    8.6371096736e+00    9.9111454539e-01
        76   -2.0495605628e+02    4.2014432990e+04   -3.6065816943e+02    1.5570211315e+02   -7.0458767073e+00   -1.5233933303e+02   -2.2393583666e+02    2.2662876971e+01    8.3426000000e+04    8.6623881664e+00    9.9109170880e-01
        77   -2.0494802485e+02    4.2011254898e+04   -3.6071980513e+02    1.5577178028e+02   -6.9843904749e+00   -1.5233933303e+02   -2.2417507104e+02    2.2778989418e+01    8.3265000000e+04    8.5990122738e+00    9.9108036887e-01
        78   -2.0494731421e+02    4.2011093175e+04   -3.6087072027e+02    1.5592340605e+02   -7.0399601716e+00   -1.5233933303e+02   -2.2416439594e+02    2.2672968882e+01    8.3961000000e+04    8.7113498962e+00    9.9107068503e-01
        79   -2.0494412837e+02    4.2009780087e+04   -3.6061820248e+02    1.5567407411e+02   -6.9917681573e+00   -1.5233933303e+02   -2.2404387561e+02    2.2756774327e+01    8.4281000000e+04    8.7425020526e+00    9.9109043510e-01
        80   -2.0494270822e+02    4.2009096669e+04   -3.6094792601e+02    1.5600521779e+02   -6.9008336634e+00   -1.5233933303e+02   -2.2443369310e+02    2.2725933791e+01    8.3286000000e+04    8.8850308903e+00    9.9108762579e-01
        81   -2.0499394879e+02    4.2030084585e+04   -3.6087514251e+02    1.5588119372e+02   -6.9429076802e+00   -1.5233933303e+02   -2.2424347290e+02    2.2650571101e+01    8.3022000000e+04    8.6052197287e+00    9.9108601660e-01
        82   -2.0498572895e+02    4.2026690302e+04   -3.6079552589e+02    1.5580979694e+02   -7.0703755070e+00   -1.5233933303e+02   -2.2406787668e+02    2.2682059326e+01    8.2879000000e+04    8.5776261549e+00    9.9111717334e-01
        83   -2.0495735245e+02    4.2015214810e+04   -3.6087506599e+02    1.5591771354e+02   -6.9640476729e+00   -1.5233933303e+02   -2.2437923920e+02    2.2807553913e+01    8.3316000000e+04    8.6440437558e+00    9.9108064087e-01
        84   -2.0497011329e+02    4.2020390237e+04   -3.6072327113e+02    1.5575315783e+02   -6.9235290313e+00   -1.5233933303e+02   -2.2437311448e+02    2.2912705419e+01    8.3204000000e+04    8.6449669202e+00    9.9111129562e-01
        85   -2.0498479905e+02    4.2027714649e+04   -3.6069875183e+02    1.5571395278e+02   -6.9563822665e+00   -1.5233933303e+02   -2.2425116430e+02    2.2848127771e+01    8.3373000000e+04    8.6420472384e+00    9.9114715108e-01
        86   -2.0495203156e+02    4.2012926211e+04   -3.6122253352e+02    1.5627050196e+02   -6.8524701402e+00   -1.5233933303e+02   -2.2487554956e+02    2.2844819215e+01    8.3182000000e+04    8.6465996636e+00    9.9110413305e-01
        87   -2.0497969014e+02    4.2024210846e+04   -3.6131479826e+02    1.5633510812e+02   -6.8596087657e+00   -1.5233933303e+02   -2.2486908438e+02    2.2753227921e+01    8.2882000000e+04    8.5708114163e+00    9.9103730559e-01
        88   -2.0494520019e+02    4.2010148051e+04   -3.6114696549e+02    1.5620176530e+02   -6.8609585638e+00   -1.5233933303e+02   -2.2471447101e+02    2.2767797117e+01    8.3110000000e+04    8.6462103134e+00    9.9110206238e-01
        89   -2.0494029166e+02    4.2008181439e+04   -3.6140168786e+02    1.5646139621e+02   -6.8669236371e+00   -1.5233933303e+02   -2.2499622817e+02    2.2800796977e+01    8.2582000000e+04    8.5519461939e+00    9.9108081422e-01
        90   -2.0496602705e+02    4.2018664388e+04   -3.6118544361e+02    1.5621941656e+02   -6.9034348330e+00   -1.5233933303e+02   -2.2472977839e+02    2.2787102651e+01    8.1947000000e+04    8.4768370818e+00    9.9108990756e-01
        91   -2.0497467162e+02    4.2022346713e+04   -3.6105535525e+02    1.5608068362e+02   -6.7992994169e+00   -1.5233933303e+02   -2.2474171232e+02    2.2824989528e+01    8.2394000000e+04    8.4636340786e+00    9.9110978252e-01
        92   -2.0494518454e+02    4.2010132351e+04   -3.6064709251e+02    1.5570190798e+02   -6.8844969215e+00   -1.5233933303e+02   -2.2437588575e+02    2.2952623189e+01    8.2443000000e+04    8.5466127434e+00    9.9107331342e-01
        93   -2.0494651752e+02    4.2010634835e+04   -3.6096770306e+02    1.5602118554e+02   -6.9552158345e+00   -1.5233933303e+02   -2.2447907440e+02    2.2805920208e+01    8.2240000000e+04    8.4951962530e+00    9.9110946493e-01
        94   -2.0499553286e+02    4.2031030443e+04   -3.6098589342e+02    1.5599036056e+02   -6.9626512894e+00   -1.5233933303e+02   -2.2440483497e+02    2.2720925875e+01    8.1945000000e+04    8.1079979184e+00    9.9113698136e-01
        95   -2.0496136988e+02    4.2016696488e+04   -3.6087918996e+02    1.5591782008e+02   -6.9412892514e+00   -1.5233933303e+02   -2.2417765631e+02    2.2579088639e+01    8.3307000000e+04    8.6218573422e+00    9.9108999645e-01
        96   -2.0494911866e+02    4.2011778075e+04   -3.6067067802e+02    1.5572155937e+02   -6.9555263401e+00   -1.5233933303e+02   -2.2402346045e+02    2.2647641800e+01    8.3740000000e+04    8.6714041802e+00    9.9106027680e-01
        97   -2.0496539003e+02    4.2019127988e+04   -3.6050963479e+02    1.5554424476e+02   -7.0371165781e+00   -1.5233933303e+02   -2.2400670837e+02    2.2873523192e+01    8.3687000000e+04    8.6805837110e+00    9.9114791221e-01
        98   -2.0499310023e+02    4.2030130551e+04   -3.6081027391e+02    1.5581717368e+02   -7.0310388528e+00   -1.5233933303e+02   -2.2430249629e+02    2.2862594270e+01    8.3348000000e+04    8.6496353278e+00    9.9107080888e-01
        99   -2.0496849312e+02    4.2019717965e+04   -3.6059061322e+02    1.5562212010e+02   -7.0373400055e+00   -1.5233933303e+02   -2.2408484410e+02    2.2870903914e+01    8.3366000000e+04    8.6630450161e+00    9.9108284409e-01
       100   -2.0499450814e+02    4.2030531709e+04   -3.6065422585e+02    1.5565971771e+02   -7.0555424430e+00   -1.5233933303e+02   -2.2396611329e+02    2.2706762911e+01    8.3780000000e+04    8.8733694713e+00    9.9109679439e-01
       101   -2.0498183456e+02    4.2025217664e+04   -3.6072796525e+02    1.5574613069e+02   -7.0395959026e+00   -1.5233933303e+02   -2.2400915775e+02    2.2660121437e+01    8.3399000000e+04    8.6517386129e+00    9.9106099915e-01
       102   -2.0494043915e+02    4.2008246256e+04   -3.6085951417e+02    1.5591907502e+02   -6.9360861504e+00   -1.5233933303e+02   -2.2430931586e+02    2.2725220877e+01    8.3186000000e+04    8.5919564059e+00    9.9107145954e-01
       103   -2.0493366315e+02    4.2005286808e+04   -3.6086381273e+02    1.5593014958e+02   -6.8843801974e+00   -1.5233933303e+02   -2.2422363216e+02    2.2583532660e+01    8.3061000000e+04    8.5902792043e+00    9.9115946092e-01
       104   -2.0493844282e+02    4.2007441123e+04   -3.6076505436e+02    1.5582661154e+02   -6.8088832664e+00   -1.5233933303e+02   -2.2433495686e+02    2.2718118797e+01    8.2635000000e+04    8.5677544471e+00    9.9113905750e-01
       105   -2.0496064927e+02    4.2016493010e+04   -3.6059133193e+02    1.5563068266e+02   -6.7932187093e+00   -1.5233933303e+02   -2.2422500894e+02    2.2766228755e+01    8.2365000000e+04    8.5223893384e+00    9.9108845352e-01
       106   -2.0495862926e+02    4.2015683844e+04   -3.6054613576e+02    1.5558750650e+02   -6.8038594646e+00   -1.5233933303e+02   -2.2410601362e+02    2.2703070358e+01    8.2804000000e+04    8.5760501532e+00    9.9110784283e-01
       107   -2.0494702772e+02    4.2010922713e+04   -3.6070786392e+02    1.5576083620e+02   -6.8158792539e+00   -1.5233933303e+02   -2.2419932063e+02    2.2646668995e+01    8.2848000000e+04    8.5927831633e+00    9.9107867915e-01
       108   -2.0493690848e+02    4.2006703749e+04   -3.6059431407e+02    1.5565740559e+02   -6.8289394565e+00   -1.5233933303e+02   -2.2427974451e+02    2.2853702926e+01    8.1506000000e+04    8.0431816804e+00    9.9110807843e-01
       109   -2.0492544008e+02    4.2002046671e+04   -3.6069025662e+02    1.5576481654e+02   -6.8806677587e+00   -1.5233933303e+02   -2.2419205271e+02    2.2721796880e+01    8.1005000000e+04    7.8895857065e+00    9.9110401759e-01
       110   -2.0493020700e+02    4.2004043367e+04   -3.6044397497e+02    1.5551376797e+02   -6.9532219993e+00   -1.5233933303e+02   -2.2384624231e+02    2.2694822380e+01    8.0317000000e+04    8.0681090407e+00    9.9107218449e-01
       111   -2.0493981595e+02    4.2007973976e+04   -3.6071548321e+02    1.5577566726e+02   -6.8603438627e+00   -1.5233933303e+02   -2.2436457941e+02    2.2848773102e+01    8.0530000000e+04    7.8826296790e+00    9.9110980528e-01
       112   -2.0495865702e+02    4.2015719755e+04   -3.6090630203e+02    1.5594764501e+02   -6.8654992684e+00   -1.5233933303e+02   -2.2442790553e+02    2.2726435797e+01    8.1045000000e+04    7.9022671839e+00    9.9112297756e-01
       113   -2.0495321622e+02    4.2013447914e+04   -3.6087932185e+02    1.5592610563e+02   -6.9127505403e+00   -1.5233933303e+02   -2.2435016545e+02    2.2722927170e+01    8.1456000000e+04    7.9322892631e+00    9.9107912338e-01
       114   -2.0495446235e+02    4.2013996891e+04   -3.6102403315e+02    1.5606957080e+02   -6.8929631990e+00   -1.5233933303e+02   -2.2445191927e+02    2.2660182348e+01    8.0422000000e+04    7.8967974244e+00    9.9110630117e-01
       115   -2.0491965426e+02    4.1999670305e+04   -3.6102453191e+02    1.5610487765e+02   -6.7616562922e+00   -1.5233933303e+02   -2.2464478849e+02    2.2721245905e+01    7.9873000000e+04    7.8626806451e+00    9.9105478117e-01
       116   -2.0495574903e+02    4.2014601465e+04   -3.6103432056e+02    1.5607857153e+02   -6.7681202191e+00   -1.5233933303e+02   -2.2452009334e+02    2.2593226030e+01    7.9731000000e+04    7.8599388749e+00    9.9104427174e-01
       117   -2.0493327611e+02    4.2005299009e+04   -3.6103665241e+02    1.5610337630e+02   -6.8002177830e+00   -1.5233933303e+02   -2.2447384499e+02    2.2576743395e+01    8.0052000000e+04    7.8826755461e+00    9.9113932807e-01
       118   -2.0494715001e+02    4.2010879484e+04   -3.6076551387e+02    1.5581836386e+02   -6.7641819172e+00   -1.5233933303e+02   -2.2440495528e+02    2.2742956356e+01    8.0319000000e+04    7.8831831124e+00    9.9111713284e-01
       119   -2.0494359156e+02    4.2009475350e+04   -3.6054300297e+02    1.5559941141e+02   -6.9303710781e+00   -1.5233933303e+02   -2.2386049980e+02    2.2587200942e+01    8.0082000000e+04    7.8546251805e+00    9.9113519157e-01
       120   -2.0493786836e+02    4.2007053220e+04   -3.6056038281e+02    1.5562251444e+02   -6.9572115978e+00   -1.5233933303e+02   -2.2389833327e+02    2.2634495095e+01    8.0721000000e+04    8.0897510476e+00    9.9111907068e-01
       121   -2.0496241755e+02    4.2017161072e+04   -3.6057882701e+02    1.5561640945e+02   -6.9378035180e+00   -1.5233933303e+02   -2.2402120136e+02    2.2719510904e+01    8.1409000000e+04    7.9523471147e+00    9.9108633968e-01
       122   -2.0495564238e+02    4.2014279182e+04   -3.6072936644e+02    1.5577372406e+02   -6.9109596404e+00   -1.5233933303e+02   -2.2428971171e+02    2.2810637939e+01    8.1544000000e+04    7.9021161414e+00    9.9106995142e-01
       123   -2.0495579749e+02    4.2014376295e+04   -3.6100679892e+02    1.5605100143e+02   -6.9199709876e+00   -1.5233933303e+02   -2.2467009946e+02    2.2922604559e+01    8.1063000000e+04    7.9076257016e+00    9.9105108196e-01
       124   -2.0493887474e+02    4.2007570105e+04   -3.6094036357e+02    1.5600148884e+02   -6.8921481840e+00   -1.5233933303e+02   -2.2447051013e+02    2.2761627778e+01    8.1391000000e+04    7.8884488620e+00    9.9107773324e-01
       125   -2.0493363981e+02    4.2005388241e+04   -3.6093518083e+02    1.5600154101e+02   -6.9273290845e+00   -1.5233933303e+02   -2.2449695589e+02    2.2828437185e+01    8.1855000000e+04    8.0462461926e+00    9.9109178896e-01
       126   -2.0496473058e+02    4.2018193566e+04   -3.6115085025e+02    1.5618611967e+02   -6.9393542354e+00   -1.5233933303e+02   -2.2460769561e+02    2.2735532633e+01    8.2293000000e+04    8.5524180972e+00    9.9106309022e-01
       127   -2.0495061432e+02    4.2012313052e+04   -3.6122099839e+02    1.5627038407e+02   -6.9173918563e+00   -1.5233933303e+02   -2.2464190211e+02    2.2677628610e+01    8.2287000000e+04    8.4050442742e+00    9.9108103712e-01
       128   -2.0493950907e+02    4.2007805649e+04   -3.6097488187e+02    1.5603537280e+02   -6.9121201059e+00   -1.5233933303e+02   -2.2448096482e+02    2.2757536093e+01    8.2581000000e+04    8.5516808105e+00    9.9107489494e-01
       129   -2.0493657828e+02    4.2006662307e+04   -3.6091693990e+02    1.5598036162e+02   -6.9340942554e+00   -1.5233933303e+02   -2.2431455661e+02    2.2671043990e+01    8.2428000000e+04    8.5178108640e+00    9.9111909272e-01
       130   -2.0493635766e+02    4.2006605518e+04   -3.6112876925e+02    1.5619241159e+02   -6.8933640120e+00   -1.5233933303e+02   -2.2457596818e+02    2.2679895967e+01    8.1622000000e+04    8.1017322565e+00    9.9107917150e-01
       131   -2.0494801439e+02    4.2011252133e+04   -3.6094458284e+02    1.5599656845e+02   -6.9391327149e+00   -1.5233933303e+02   -2.2438647950e+02    2.2720362409e+01    8.2353000000e+04    8.4619659566e+00    9.9110753840e-01
       132   -2.0495273094e+02    4.2013370903e+04   -3.6099118962e+02    1.5603845868e+02   -6.9348082024e+00   -1.5233933303e+02   -2.2451591929e+02    2.2798870910e+01    8.2086000000e+04    8.2469150029e+00    9.9107982391e-01
       133   -2.0493427388e+02    4.2005533214e+04   -3.6098178402e+02    1.5604751014e+02   -6.9447989926e+00   -1.5233933303e+02   -2.2462136997e+02    2.2923717974e+01    8.2610000000e+04    8.5335369340e+00    9.9106783550e-01
       134   -2.0493634427e+02    4.2006576816e+04   -3.6098128372e+02    1.5604493945e+02   -6.9014174994e+00   -1.5233933303e+02   -2.2447156203e+02    2.2731028836e+01    8.3050000000e+04    8.6042915192e+00    9.9108810911e-01
       135   -2.0491168751e+02    4.1996398845e+04   -3.6115369726e+02    1.5624200975e+02   -6.8867149612e+00   -1.5233933303e+02   -2.2480390488e+02    2.2876255617e+01    8.2650000000e+04    8.5632381030e+00    9.9110677931e-01
       136   -2.0493493499e+02    4.2006052066e+04   -3.6103911733e+02    1.5610418234e+02   -6.8481873617e+00   -1.5233933303e+02   -2.2456886582e+02    2.2717268886e+01    8.1859000000e+04    8.1926082214e+00    9.9111526453e-01
       137   -2.0492161745e+02    4.2000489985e+04   -3.6090717053e+02    1.5598555308e+02   -6.8236550467e+00   -1.5233933303e+02   -2.2444370151e+02    2.2699519061e+01    8.1957000000e+04    8.3011866923e+00    9.9112847067e-01
       138   -2.0492322500e+02    4.2001205832e+04   -3.6081601125e+02    1.5589278625e+02   -6.9207110509e+00   -1.5233933303e+02   -2.2421923338e+02    2.2663266214e+01    8.1594000000e+04    7.9247806130e+00    9.9109919688e-01
       139   -2.0493408116e+02    4.2005576265e+04   -3.6088036855e+02    1.5594628739e+02   -6.9524695178e+00   -1.5233933303e+02   -2.2443857266e+02    2.2850006665e+01    8.1944000000e+04    8.2436626983e+00    9.9103727974e-01
       140   -2.0496651005e+02    4.2018823877e+04   -3.6089966391e+02    1.5593315386e+02   -6.9365004594e+00   -1.5233933303e+02   -2.2426726156e+02    2.2643431146e+01    8.1759000000e+04    8.3109866812e+00    9.9109883115e-01
       141   -2.0495966523e+02    4.2016149544e+04   -3.6084951403e+02    1.5588984880e+02   -6.9290165003e+00   -1.5233933303e+02   -2.2427688652e+02    2.2695722020e+01    8.1909000000e+04    8.2006702077e+00    9.9108489019e-01
       142   -2.0492704159e+02    4.2002766386e+04   -3.6086625620e+02    1.5593921461e+02   -6.9555946759e+00   -1.5233933303e+02   -2.2433459719e+02    2.2763268695e+01    8.1003000000e+04    7.9109000363e+00    9.9109948656e-01
       143   -2.0491925916e+02    4.1999465077e+04   -3.6085526781e+02    1.5593600865e+02   -6.9072382456e+00   -1.5233933303e+02   -2.2439290753e+02    2.2784210992e+01    8.0462000000e+04    7.8831963465e+00    9.9106255444e-01
       144   -2.0492385560e+02    4.2001391021e+04   -3.6077604067e+02    1.5585218507e+02   -6.9197631535e+00   -1.5233933303e+02   -2.2430089932e+02    2.2783954833e+01    8.0422000000e+04    7.8736652528e+00    9.9109001695e-01
       145   -2.0493319972e+02    4.2005176925e+04   -3.6109262751e+02    1.5615942780e+02   -6.8863260127e+00   -1.5233933303e+02   -2.2460518818e+02    2.2738219709e+01    8.0314000000e+04    7.8930760179e+00    9.9106538551e-01
       146   -2.0494493042e+02    4.2010126142e+04   -3.6077857713e+02    1.5583364671e+02   -6.9026391121e+00   -1.5233933303e+02   -2.2426526439e+02    2.2728659398e+01    8.0321000000e+04    7.8952087770e+00    9.9102961325e-01
       147   -2.0492164563e+02    4.2000551291e+04   -3.6080658418e+02    1.5588493855e+02   -6.9132007771e+00   -1.5233933303e+02   -2.2434413758e+02    2.2790087211e+01    8.0727000000e+04    7.8907426575e+00    9.9106183838e-01
       148   -2.0492193301e+02    4.2000621099e+04   -3.6081872306e+02    1.5589679005e+02   -6.9568916361e+00   -1.5233933303e+02   -2.2425661804e+02    2.2734119647e+01    8.0629000000e+04    7.8932609954e+00    9.9109501028e-01
       149   -2.0493225417e+02    4.2004865599e+04   -3.6083199599e+02    1.5589974182e+02   -6.8729919877e+00   -1.5233933303e+02   -2.2435066317e+02    2.2730992203e+01    8.1005000000e+04    7.8975821373e+00    9.9112464642e-01
       150   -2.0494299701e+02    4.2009174573e+04   -3.6089080814e+02    1.5594781113e+02   -6.8534636793e+00   -1.5233933303e+02   -2.2449944977e+02    2.2801438342e+01    8.1637000000e+04    8.0962443761e+00    9.9108858104e-01
       151   -2.0493547402e+02    4.2006196594e+04   -3.6109853451e+02    1.5616306049e+02   -6.8718113605e+00   -1.5233933303e+02   -2.2449419075e+02    2.2606800636e+01    8.1973000000e+04    8.2764282870e+00    9.9109129936e-01
       152   -2.0492916603e+02    4.2003634623e+04   -3.6101533011e+02    1.5608616408e+02   -6.8627427650e+00   -1.5233933303e+02   -2.2462661920e+02    2.2813364887e+01    8.1758000000e+04    8.1758080180e+00    9.9102559786e-01
       153   -2.0496980988e+02    4.2020320039e+04   -3.6113037449e+02    1.5616056462e+02   -6.8351228341e+00   -1.5233933303e+02   -2.2479569856e+02    2.2839779937e+01    8.1638000000e+04    7.9337023880e+00    9.9101750819e-01
       154   -2.0493619730e+02    4.2006500324e+04   -3.6094490302e+02    1.5600870573e+02   -6.8191798866e+00   -1.5233933303e+02   -2.2438587131e+02    2.2599481204e+01    8.1455000000e+04    7.9174412127e+00    9.9104163290e-01
       155   -2.0494548724e+02    4.2010199984e+04   -3.6090226360e+02    1.5595677635e+02   -6.8719583949e+00   -1.5233933303e+02   -2.2429976018e+02    2.2608788007e+01    8.1348000000e+04    7.9039901609e+00    9.9110130884e-01
       156   -2.0492408825e+02    4.2001504389e+04   -3.6096815182e+02    1.5604406357e+02   -6.9611378095e+00   -1.5233933303e+02   -2.2442551040e+02    2.2757829416e+01    8.1190000000e+04    7.8973109592e+00    9.9110736588e-01
       157   -2.0495117047e+02    4.2012690853e+04   -3.6091884112e+02    1.5596767065e+02   -6.8945369808e+00   -1.5233933303e+02   -2.2432705459e+02    2.2642083483e+01    8.0518000000e+04    7.8723207246e+00    9.9107547464e-01
       158   -2.0495573820e+02    4.2014397990e+04   -3.6104125528e+02    1.5608551707e+02   -6.9257477461e+00   -1.5233933303e+02   -2.2419504615e+02    2.2418871657e+01    8.0593000000e+04    7.8847093553e+00    9.9107626353e-01
       159   -2.0495529823e+02    4.2014373463e+04   -3.6098322946e+02    1.5602793123e+02   -6.8698399557e+00   -1.5233933303e+02   -2.2435384658e+02    2.2579790104e+01    8.1042000000e+04    7.8985753165e+00    9.9107938877e-01
       160   -2.0489748777e+02    4.1990641297e+04   -3.6122700292e+02    1.5632951516e+02   -6.8579855883e+00   -1.5233933303e+02   -2.2484736991e+02    2.2817685612e+01    8.1197000000e+04    8.1093751812e+00    9.9102087337e-01
       161   -2.0493027113e+02    4.2004065775e+04   -3.6116354476e+02    1.5623327364e+02   -6.8243791703e+00   -1.5233933303e+02   -2.2475336356e+02    2.2753531003e+01    8.1342000000e+04    7.9099925024e+00    9.9108672034e-01
       162   -2.0493097696e+02    4.2004248663e+04   -3.6105005159e+02    1.5611907463e+02   -6.7869569726e+00   -1.5233933303e+02   -2.2478326798e+02    2.2859506398e+01    8.2122000000e+04    8.4417805439e+00    9.9106688813e-01
       163   -2.0495219159e+02    4.2013144264e+04   -3.6101923206e+02    1.5606704047e+02   -6.7238899569e+00   -1.5233933303e+02   -2.2477227915e+02    2.2816270077e+01    8.2388000000e+04    8.5466368648e+00    9.9112054424e-01
       164   -2.0493851005e+02    4.2007342050e+04   -3.6118127915e+02    1.5624276910e+02   -6.7625886049e+00   -1.5233933303e+02   -2.2487079716e+02    2.2791439655e+01    8.2461000000e+04    8.5446053442e+00    9.9110560312e-01
       165   -2.0494705178e+02    4.2010804638e+04   -3.6119863142e+02    1.5625157963e+02   -6.7218260727e+00   -1.5233933303e+02   -2.2506839976e+02    2.2930927453e+01    8.2016000000e+04    8.3380671196e+00    9.9106159359e-01
       166   -2.0492235191e+02    4.2000877845e+04   -3.6106352461e+02    1.5614117270e+02   -6.7784177878e+00   -1.5233933303e+02   -2.2476568211e+02    2.2819908321e+01    8.2005000000e+04    8.2441426785e+00    9.9108509568e-01
       167   -2.0490006156e+02    4.1992692629e+04   -3.6101310666e+02    1.5611304510e+02   -6.8402634717e+00   -1.5233933303e+02   -2.2461305426e+02    2.2779544106e+01    8.1556000000e+04    7.9965292764e+00    9.9106593513e-01
       168   -2.0492569720e+02    4.2002202396e+04   -3.6072039122e+02    1.5579469403e+02   -6.8939302334e+00   -1.5233933303e+02   -2.2431400297e+02    2.2826875018e+01    8.1167000000e+04    7.9367383763e+00    9.9108511848e-01
       169   -2.0494381496e+02    4.2009476994e+04   -3.6061578265e+02    1.5567196769e+02   -6.9260570191e+00   -1.5233933303e+02   -2.2396135359e+02    2.2610960989e+01    8.1983000000e+04    8.1680991081e+00    9.9108235191e-01
       170   -2.0492689537e+02    4.2002630416e+04   -3.6062799326e+02    1.5570109789e+02   -6.9198676382e+00   -1.5233933303e+02   -2.2406210383e+02    2.2693311238e+01    8.2060000000e+04    8.6495651132e+00    9.9110137966e-01
       171   -2.0489378173e+02    4.1989124301e+04   -3.6060674469e+02    1.5571296297e+02   -6.9568309837e+00   -1.5233933303e+02   -2.2407956266e+02    2.2768981984e+01    8.1679000000e+04    8.2122009584e+00    9.9106665644e-01
       172   -2.0493117773e+02    4.2004378598e+04   -3.6075598477e+02    1.5582480704e+02   -6.9798762713e+00   -1.5233933303e+02   -2.2414336279e+02    2.2706587321e+01    8.0951000000e+04    7.8802170469e+00    9.9105870206e-01
       173   -2.0494742008e+02    4.2011157552e+04   -3.6071674324e+02    1.5576932316e+02   -6.9317855764e+00   -1.5233933303e+02   -2.2419706794e+02    2.2751443307e+01    8.1019000000e+04    7.9025206832e+00    9.9110649605e-01
       174   -2.0493334906e+02    4.2005366615e+04   -3.6088495349e+02    1.5595160442e+02   -6.9102465917e+00   -1.5233933303e+02   -2.2445267172e+02    2.2817297859e+01    8.0909000000e+04    7.9006490041e+00    9.9106997620e-01
       175   -2.0492841597e+02    4.2003127632e+04   -3.6113488792e+02    1.5620647195e+02   -6.8395062936e+00   -1.5233933303e+02   -2.2475025879e+02    2.2794210193e+01    8.0173000000e+04    7.8786947945e+00    9.9105715218e-01
       176   -2.0494242005e+02    4.2009049442e+04   -3.6099303925e+02    1.5605061920e+02   -6.8085830710e+00   -1.5233933303e+02   -2.2470052472e+02    2.2855401576e+01    8.0299000000e+04    7.8866791130e+00    9.9112338652e-01
       177   -2.0495396805e+02    4.2013774277e+04   -3.6102664930e+02    1.5607268125e+02   -6.8193309365e+00   -1.5233933303e+02   -2.2463143904e+02    2.2763453709e+01    8.0558000000e+04    7.9086679646e+00    9.9109838436e-01
       178   -2.0493224835e+02    4.2004990083e+04   -3.6097385515e+02    1.5604160680e+02   -6.8278481416e+00   -1.5233933303e+02   -2.2464557881e+02    2.2838904831e+01    8.0723000000e+04    7.8830915621e+00    9.9112783815e-01
       179   -2.0493678865e+02    4.2006949074e+04   -3.6087940466e+02    1.5594261601e+02   -6.7587792532e+00   -1.5233933303e+02   -2.2448299705e+02    2.2701704675e+01    8.0428000000e+04    7.9040858293e+00    9.9112171914e-01
       180   -2.0493554363e+02    4.2006391272e+04   -3.6091177840e+02    1.5597623478e+02   -6.8612756404e+00   -1.5233933303e+02   -2.2448836471e+02    2.2777194983e+01    8.0866000000e+04    8.0885037136e+00    9.9108957008e-01
       181   -2.0496237208e+02    4.2017186771e+04   -3.6096914545e+02    1.5600677337e+02   -6.8762816239e+00   -1.5233933303e+02   -2.2468852483e+02    2.2934994034e+01    8.1394000000e+04    7.9243781599e+00    9.9105402771e-01
       182   -2.0495356658e+02    4.2013425656e+04   -3.6086941100e+02    1.5591584441e+02   -7.0281509080e+00   -1.5233933303e+02   -2.2433752187e+02    2.2835594816e+01    8.1502000000e+04    7.9269495010e+00    9.9109733364e-01
       183   -2.0494927767e+02    4.2011719758e+04   -3.6093422857e+02    1.5598495090e+02   -6.9385499037e+00   -1.5233933303e+02   -2.2447797728e+02    2.2821631642e+01    8.1280000000e+04    7.9283880722e+00    9.9104069778e-01
       184   -2.0494992208e+02    4.2012102858e+04   -3.6106622633e+02    1.5611630425e+02   -6.8863352612e+00   -1.5233933303e+02   -2.2458947474e+02    2.2748916695e+01    8.1461000000e+04    7.9136614736e+00    9.9108001466e-01
       185   -2.0496179170e+02    4.2016987823e+04   -3.6089803712e+02    1.5593624542e+02   -6.8954869458e+00   -1.5233933303e+02   -2.2448115682e+02    2.2817939681e+01    8.1864000000e+04    8.0613940998e+00    9.9106127466e-01
       186   -2.0494124821e+02    4.2008524829e+04   -3.6109035649e+02    1.5614910827e+02   -6.8499021903e+00   -1.5233933303e+02   -2.2468629712e+02    2.2785175853e+01    8.1951000000e+04    8.1097105502e+00    9.9104994035e-01
       187   -2.0493672918e+02    4.2006710928e+04   -3.6107144425e+02    1.5613471507e+02   -6.7388456974e+00   -1.5233933303e+02   -2.2487035229e+02    2.2877086766e+01    8.2454000000e+04    8.5548309767e+00    9.9107663647e-01
       188   -2.0495259632e+02    4.2013134744e+04   -3.6111061119e+02    1.5615801487e+02   -6.7355506239e+00   -1.5233933303e+02   -2.2480112066e+02    2.2765393129e+01    8.2034000000e+04    8.4128732698e+00    9.9105569083e-01
       189   -2.0493092761e+02    4.2004166121e+04   -3.6092674542e+02    1.5599581780e+02   -6.8156552730e+00   -1.5233933303e+02   -2.2454338253e+02    2.2771625414e+01    8.1728000000e+04    8.0945990438e+00    9.9106520390e-01
       190   -2.0491815419e+02    4.1999175247e+04   -3.6079131653e+02    1.5587316233e+02   -6.8325801394e+00   -1.5233933303e+02   -2.2428531573e+02    2.2665912368e+01    8.1686000000e+04    8.1051659667e+00    9.9108188599e-01
       191   -2.0497309760e+02    4.2021859805e+04   -3.6104351818e+02    1.5607042058e+02   -6.8134836348e+00   -1.5233933303e+02   -2.2476467946e+02    2.2873977950e+01    8.2368000000e+04    8.4759505139e+00    9.9104186825e-01
       192   -2.0492650345e+02    4.2002408719e+04   -3.6103766810e+02    1.5611116464e+02   -6.8375344725e+00   -1.5233933303e+02   -2.2478226519e+02    2.2921464595e+01    8.2551000000e+04    8.5684499805e+00    9.9110717713e-01
       193   -2.0496183401e+02    4.2017137362e+04   -3.6132026038e+02    1.5635842637e+02   -6.7488273310e+00   -1.5233933303e+02   -2.2505032850e+02    2.2818228484e+01    8.2503000000e+04    8.5886733968e+00    9.9108190542e-01
       194   -2.0496707144e+02    4.2019090660e+04   -3.6144202243e+02    1.5647495099e+02   -6.6129308303e+00   -1.5233933303e+02   -2.2533396132e+02    2.2844202755e+01    8.3329000000e+04    8.6930300083e+00    9.9103317447e-01
       195   -2.0496403003e+02    4.2018122152e+04   -3.6125399225e+02    1.5628996222e+02   -6.6846472346e+00   -1.5233933303e+02   -2.2511806625e+02    2.2888054272e+01    8.3289000000e+04    8.6647917557e+00    9.9100422924e-01
       196   -2.0492173885e+02    4.2000562316e+04   -3.6114012938e+02    1.5621839053e+02   -6.7376429884e+00   -1.5233933303e+02   -2.2483636163e+02    2.2773208271e+01    8.2460000000e+04    8.5852097846e+00    9.9104237571e-01
       197   -2.0494045900e+02    4.2008135271e+04   -3.6111452478e+02    1.5617406579e+02   -6.7849131804e+00   -1.5233933303e+02   -2.2461663973e+02    2.2626361157e+01    8.1270000000e+04    7.9613250350e+00    9.9105203293e-01
       198   -2.0495828978e+02    4.2015432181e+04   -3.6112874247e+02    1.5617045269e+02   -6.8234520567e+00   -1.5233933303e+02   -2.2467427509e+02    2.2708317713e+01    8.1348000000e+04    7.9756223147e+00    9.9105074057e-01
       199   -2.0497666309e+02    4.2023001227e+04   -3.6101833575e+02    1.5604167266e+02   -6.8762465479e+00   -1.5233933303e+02   -2.2458004335e+02    2.2777287180e+01    8.2664000000e+04    8.5778298434e+00    9.9110076363e-01
