#   index    LocalEnergy         LocalEnergy_sq      LocalPotential      Kinetic             Coulomb             BlockWeight         BlockCPU            AcceptRatio         
         0   -4.7470689844e-01    6.0467775332e-01   -1.0723593934e+00    5.9765249496e-01   -1.0723593934e+00    1.2800000000e+04    5.3105129248e-03    1.0000000000e+00
         1   -4.7264536888e-01    7.0314409137e-01   -1.1066758135e+00    6.3403044466e-01   -1.1066758135e+00    1.2800000000e+04    5.3017511230e-03    9.9976562500e-01
         2   -4.8522921191e-01    6.2659236779e-01   -1.1541425921e+00    6.6891338024e-01   -1.1541425921e+00    1.2800000000e+04    5.3028216357e-03    9.9992187500e-01
         3   -4.0560430934e-01    4.3813609832e-01   -1.1188376722e+00    7.1323336287e-01   -1.1188376722e+00    1.2800000000e+04    5.3041765137e-03    9.9992187500e-01
         4   -4.2774857777e-01    4.3974659013e-01   -1.1638110689e+00    7.3606249109e-01   -1.1638110689e+00    1.2800000000e+04    5.3015507324e-03    9.9976562500e-01
         5   -4.6931108181e-01    7.6657874399e-01   -1.1732855136e+00    7.0397443177e-01   -1.1732855136e+00    1.2800000000e+04    5.2968424023e-03    9.9984375000e-01
         6   -3.8464141982e-01    3.4055707259e-01   -1.1478500659e+00    7.6320864612e-01   -1.1478500659e+00    1.2800000000e+04    5.3033476172e-03    9.9976562500e-01
         7   -4.3064146176e-01    5.2532206662e-01   -1.2012296396e+00    7.7058817783e-01   -1.2012296396e+00    1.2800000000e+04    5.2973070117e-03    9.9976562500e-01
         8   -4.5261054620e-01    8.4890861278e-01   -1.2735736140e+00    8.2096306781e-01   -1.2735736140e+00    1.2800000000e+04    5.3006875244e-03    9.9992187500e-01
         9   -4.2012424072e-01    6.4564264900e-01   -1.2864893666e+00    8.6636512589e-01   -1.2864893666e+00    1.2800000000e+04    5.2986087061e-03    9.9984375000e-01
        10   -4.7882104699e-01    7.0771775539e-01   -1.2685147569e+00    7.8969370992e-01   -1.2685147569e+00    1.2800000000e+04    5.2990826025e-03    9.9992187500e-01
        11   -5.0074061404e-01    1.0149669597e+00   -1.3161440423e+00    8.1540342828e-01   -1.3161440423e+00    1.2800000000e+04    5.2988150830e-03    9.9984375000e-01
        12   -4.3718897833e-01    5.4811338748e-01   -1.1502289746e+00    7.1303999631e-01   -1.1502289746e+00    1.2800000000e+04    5.2969321240e-03    1.0000000000e+00
        13   -4.5678042061e-01    4.8095405953e-01   -1.1851844942e+00    7.2840407356e-01   -1.1851844942e+00    1.2800000000e+04    5.2996627490e-03    9.9968750000e-01
        14   -4.7912216739e-01    7.3098757006e-01   -1.1874170320e+00    7.0829486456e-01   -1.1874170320e+00    1.2800000000e+04    5.3006928711e-03    9.9992187500e-01
        15   -4.6459010390e-01    1.0708951161e+00   -1.2092566325e+00    7.4466652864e-01   -1.2092566325e+00    1.2800000000e+04    5.3012430469e-03    1.0000000000e+00
        16   -4.6945246028e-01    6.5118082878e-01   -1.1940825284e+00    7.2463006816e-01   -1.1940825284e+00    1.2800000000e+04    5.3023070068e-03    9.9992187500e-01
        17   -4.7059927352e-01    8.8706572049e-01   -1.1976971293e+00    7.2709785575e-01   -1.1976971293e+00    1.2800000000e+04    5.2994857861e-03    9.9984375000e-01
        18   -4.9101297184e-01    7.1378750970e-01   -1.2442696919e+00    7.5325672005e-01   -1.2442696919e+00    1.2800000000e+04    5.3000279736e-03    9.9976562500e-01
        19   -4.9321766844e-01    7.6827237511e-01   -1.1920544162e+00    6.9883674780e-01   -1.1920544162e+00    1.2800000000e+04    5.3018382617e-03    1.0000000000e+00
        20   -4.5873493600e-01    3.7011828101e+00   -1.1279043122e+00    6.6916937615e-01   -1.1279043122e+00    1.2800000000e+04    5.3001693164e-03    9.9984375000e-01
        21   -4.3112011516e-01    4.7973574469e-01   -1.1240529145e+00    6.9293279937e-01   -1.1240529145e+00    1.2800000000e+04    5.3016605615e-03    9.9984375000e-01
        22   -5.1328532668e-01    7.5746392560e-01   -1.1852178173e+00    6.7193249061e-01   -1.1852178173e+00    1.2800000000e+04    5.2998095850e-03    1.0000000000e+00
        23   -4.7653919914e-01    5.0036548854e-01   -1.1444645155e+00    6.6792531635e-01   -1.1444645155e+00    1.2800000000e+04    5.3010166064e-03    9.9992187500e-01
        24   -4.5139784874e-01    6.1816555478e-01   -1.1681868210e+00    7.1678897224e-01   -1.1681868210e+00    1.2800000000e+04    5.3071111719e-03    9.9992187500e-01
        25   -4.9121842571e-01    8.5333006033e-01   -1.2444489482e+00    7.5323052252e-01   -1.2444489482e+00    1.2800000000e+04    5.2994552246e-03    9.9960937500e-01
        26   -4.0345485850e-01    7.9753717865e-01   -1.2266075503e+00    8.2315269183e-01   -1.2266075503e+00    1.2800000000e+04    5.3001233008e-03    9.9992187500e-01
        27   -4.6328765812e-01    1.0392871570e+00   -1.2694800057e+00    8.0619234761e-01   -1.2694800057e+00    1.2800000000e+04    5.3010720361e-03    1.0000000000e+00
        28   -4.1013864362e-01    3.8591151990e-01   -1.1944851184e+00    7.8434647473e-01   -1.1944851184e+00    1.2800000000e+04    5.3013472852e-03    1.0000000000e+00
        29   -4.4134459576e-01    7.5766288547e-01   -1.2797778836e+00    8.3843328788e-01   -1.2797778836e+00    1.2800000000e+04    5.2995651904e-03    9.9976562500e-01
        30   -5.2554650550e-01    1.9225189174e+00   -1.3531775218e+00    8.2763101634e-01   -1.3531775218e+00    1.2800000000e+04    5.2998680615e-03    9.9992187500e-01
        31   -4.6670357631e-01    1.2290481059e+00   -1.2159330329e+00    7.4922945659e-01   -1.2159330329e+00    1.2800000000e+04    5.3021666113e-03    1.0000000000e+00
        32   -4.3303156311e-01    6.9609318686e-01   -1.1877847363e+00    7.5475317319e-01   -1.1877847363e+00    1.2800000000e+04    5.2996447559e-03    9.9992187500e-01
        33   -4.8927073168e-01    1.6307731355e+00   -1.2594972480e+00    7.7022651634e-01   -1.2594972480e+00    1.2800000000e+04    5.3004871484e-03    9.9984375000e-01
        34   -4.8758324479e-01    6.7169930329e-01   -1.2183257054e+00    7.3074246065e-01   -1.2183257054e+00    1.2800000000e+04    5.3012095996e-03    9.9984375000e-01
        35   -4.9238782688e-01    5.1436171030e-01   -1.0629640199e+00    5.7057619299e-01   -1.0629640199e+00    1.2800000000e+04    5.3039295215e-03    1.0000000000e+00
        36   -4.6622125831e-01    4.5124904787e-01   -1.0396254179e+00    5.7340415958e-01   -1.0396254179e+00    1.2800000000e+04    5.3020909570e-03    9.9968750000e-01
        37   -4.9016073041e-01    6.6002938947e-01   -1.0804179825e+00    5.9025725213e-01   -1.0804179825e+00    1.2800000000e+04    5.2960787109e-03    9.9968750000e-01
        38   -4.9751265796e-01    6.7128385818e-01   -1.1283024682e+00    6.3078981022e-01   -1.1283024682e+00    1.2800000000e+04    5.3054516504e-03    9.9976562500e-01
        39   -4.7674249703e-01    5.7090078041e-01   -1.1815137751e+00    7.0477127805e-01   -1.1815137751e+00    1.2800000000e+04    5.3027597559e-03    9.9984375000e-01
        40   -4.5546938011e-01    4.8104026278e-01   -1.1706640086e+00    7.1519462850e-01   -1.1706640086e+00    1.2800000000e+04    5.2992530322e-03    9.9992187500e-01
        41   -4.6316724217e-01    7.8809409780e-01   -1.1670786534e+00    7.0391141128e-01   -1.1670786534e+00    1.2800000000e+04    5.3010221875e-03    1.0000000000e+00
        42   -4.6412978228e-01    6.7044847727e-01   -1.1798555517e+00    7.1572576944e-01   -1.1798555517e+00    1.2800000000e+04    5.2966951855e-03    9.9984375000e-01
        43   -4.7965925326e-01    7.8822470303e-01   -1.2068381760e+00    7.2717892269e-01   -1.2068381760e+00    1.2800000000e+04    5.2991966162e-03    9.9976562500e-01
        44   -4.2804087784e-01    4.4538706509e-01   -1.1409008474e+00    7.1285996956e-01   -1.1409008474e+00    1.2800000000e+04    5.3018295312e-03    9.9976562500e-01
        45   -4.4662839967e-01    6.3066553674e-01   -1.1872580690e+00    7.4062966938e-01   -1.1872580690e+00    1.2800000000e+04    5.3026026611e-03    9.9992187500e-01
        46   -4.5265809638e-01    5.2832898151e-01   -1.1583307021e+00    7.0567260568e-01   -1.1583307021e+00    1.2800000000e+04    5.2984406104e-03    1.0000000000e+00
        47   -4.8404985938e-01    1.6826295382e+00   -1.1511849835e+00    6.6713512416e-01   -1.1511849835e+00    1.2800000000e+04    5.3051690869e-03    9.9992187500e-01
        48   -5.3378426074e-01    8.2239548903e-01   -1.1569983025e+00    6.2321404173e-01   -1.1569983025e+00    1.2800000000e+04    5.3012350195e-03    9.9992187500e-01
        49   -4.6764378234e-01    6.4538097452e-01   -1.1320989248e+00    6.6445514248e-01   -1.1320989248e+00    1.2800000000e+04    5.3066761182e-03    9.9992187500e-01
        50   -5.2027872336e-01    1.8973925699e+00   -1.2462335494e+00    7.2595482608e-01   -1.2462335494e+00    1.2800000000e+04    5.3069386230e-03    9.9992187500e-01
        51   -4.1778567917e-01    4.9877092536e-01   -1.1675890647e+00    7.4980338558e-01   -1.1675890647e+00    1.2800000000e+04    5.3046842871e-03    1.0000000000e+00
        52   -4.6375735251e-01    1.1780201928e+00   -1.2156252458e+00    7.5186789334e-01   -1.2156252458e+00    1.2800000000e+04    5.3058674512e-03    9.9968750000e-01
        53   -4.5219450240e-01    4.8462223299e-01   -1.1610621264e+00    7.0886762395e-01   -1.1610621264e+00    1.2800000000e+04    5.3062731934e-03    9.9992187500e-01
        54   -4.1835838424e-01    7.3596780691e-01   -1.2769517551e+00    8.5859337089e-01   -1.2769517551e+00    1.2800000000e+04    5.3040938770e-03    9.9992187500e-01
        55   -4.4529711509e-01    1.4097397423e+00   -1.3746523697e+00    9.2935525464e-01   -1.3746523697e+00    1.2800000000e+04    5.2979375391e-03    9.9984375000e-01
        56   -4.2314449724e-01    5.3898269481e-01   -1.2936688469e+00    8.7052434963e-01   -1.2936688469e+00    1.2800000000e+04    5.3075923779e-03    1.0000000000e+00
        57   -5.0090625225e-01    1.1950457391e+00   -1.3854511379e+00    8.8454488565e-01   -1.3854511379e+00    1.2800000000e+04    5.3006234619e-03    9.9976562500e-01
        58   -4.4480280848e-01    7.5582293649e-01   -1.3309287028e+00    8.8612589429e-01   -1.3309287028e+00    1.2800000000e+04    5.2974686133e-03    9.9968750000e-01
        59   -4.2118298008e-01    4.9607936915e-01   -1.2025866498e+00    7.8140366968e-01   -1.2025866498e+00    1.2800000000e+04    5.3019765234e-03    9.9992187500e-01
        60   -4.1025120238e-01    4.4042812078e-01   -1.1430383069e+00    7.3278710452e-01   -1.1430383069e+00    1.2800000000e+04    5.2995605957e-03    9.9992187500e-01
        61   -4.2803223558e-01    5.0406854196e-01   -1.1680937253e+00    7.4006148975e-01   -1.1680937253e+00    1.2800000000e+04    5.3017267187e-03    9.9968750000e-01
        62   -4.2297144390e-01    8.3053338364e-01   -1.2209373638e+00    7.9796591993e-01   -1.2209373638e+00    1.2800000000e+04    5.3009843262e-03    9.9992187500e-01
        63   -4.0325632347e-01    3.5257036521e-01   -1.1339927989e+00    7.3073647545e-01   -1.1339927989e+00    1.2800000000e+04    5.3001781885e-03    9.9984375000e-01
        64   -4.9561492913e-01    1.2295736444e+00   -1.3223064901e+00    8.2669156101e-01   -1.3223064901e+00    1.2800000000e+04    5.2990092773e-03    9.9984375000e-01
        65   -4.2552162869e-01    9.4473761463e-01   -1.3596749281e+00    9.3415329942e-01   -1.3596749281e+00    1.2800000000e+04    5.2999242480e-03    9.9984375000e-01
        66   -3.7761477019e-01    5.4828721613e-01   -1.2889790244e+00    9.1136425426e-01   -1.2889790244e+00    1.2800000000e+04    5.2994254102e-03    9.9984375000e-01
        67   -4.4311285506e-01    9.1209800115e-01   -1.2757919684e+00    8.3267911330e-01   -1.2757919684e+00    1.2800000000e+04    5.3004740479e-03    9.9968750000e-01
        68   -3.9787524788e-01    3.9295931273e-01   -1.1904785289e+00    7.9260328098e-01   -1.1904785289e+00    1.2800000000e+04    5.3040749658e-03    9.9984375000e-01
        69   -4.2285277092e-01    4.8711556613e-01   -1.2491945913e+00    8.2634182041e-01   -1.2491945913e+00    1.2800000000e+04    5.3009668311e-03    9.9976562500e-01
        70   -4.1684636420e-01    4.4853135434e-01   -1.1324753800e+00    7.1562901584e-01   -1.1324753800e+00    1.2800000000e+04    5.3016880713e-03    9.9984375000e-01
        71   -4.3032009513e-01    9.9252558418e-01   -1.1708523791e+00    7.4053228402e-01   -1.1708523791e+00    1.2800000000e+04    5.3011550098e-03    1.0000000000e+00
        72   -4.8506391549e-01    1.2455280462e+00   -1.1859397705e+00    7.0087585502e-01   -1.1859397705e+00    1.2800000000e+04    5.3006738184e-03    9.9992187500e-01
        73   -3.7278282576e-01    3.6110237443e-01   -1.1645346140e+00    7.9175178822e-01   -1.1645346140e+00    1.2800000000e+04    5.3004729932e-03    9.9992187500e-01
        74   -4.3890234385e-01    4.0635304813e-01   -1.0990659077e+00    6.6016356385e-01   -1.0990659077e+00    1.2800000000e+04    5.3070066602e-03    1.0000000000e+00
        75   -4.5792358560e-01    5.4755912744e-01   -1.1447709647e+00    6.8684737909e-01   -1.1447709647e+00    1.2800000000e+04    5.3006270947e-03    9.9992187500e-01
        76   -4.9851353746e-01    1.0141637765e+00   -1.2465167448e+00    7.4800320736e-01   -1.2465167448e+00    1.2800000000e+04    5.2998533447e-03    9.9984375000e-01
        77   -4.4457113486e-01    1.3568740151e+00   -1.1394964471e+00    6.9492531221e-01   -1.1394964471e+00    1.2800000000e+04    5.3000405469e-03    9.9992187500e-01
        78   -4.6481780397e-01    5.6083240862e-01   -1.1912878599e+00    7.2647005594e-01   -1.1912878599e+00    1.2800000000e+04    5.3024767139e-03    9.9960937500e-01
        79   -4.6670731707e-01    1.0186288438e+00   -1.2529417004e+00    7.8623438333e-01   -1.2529417004e+00    1.2800000000e+04    5.3029401709e-03    9.9992187500e-01
        80   -4.0784447572e-01    4.1452275825e-01   -1.2120211715e+00    8.0417669575e-01   -1.2120211715e+00    1.2800000000e+04    5.3010375879e-03    9.9992187500e-01
        81   -4.2184668013e-01    4.8063997509e-01   -1.2452437673e+00    8.2339708719e-01   -1.2452437673e+00    1.2800000000e+04    5.3005383643e-03    9.9992187500e-01
        82   -4.7040805428e-01    1.0718065113e+00   -1.3507840756e+00    8.8037602131e-01   -1.3507840756e+00    1.2800000000e+04    5.3030054199e-03    1.0000000000e+00
        83   -4.0176892992e-01    5.5285765306e-01   -1.2937048623e+00    8.9193593243e-01   -1.2937048623e+00    1.2800000000e+04    5.3035668652e-03    9.9992187500e-01
        84   -4.6600278890e-01    1.0431524288e+00   -1.3644284114e+00    8.9842562253e-01   -1.3644284114e+00    1.2800000000e+04    5.3066740479e-03    9.9992187500e-01
        85   -4.1475010681e-01    7.9301853572e-01   -1.2511589862e+00    8.3640887944e-01   -1.2511589862e+00    1.2800000000e+04    5.3028384131e-03    1.0000000000e+00
        86   -4.1874777292e-01    1.6657555077e+00   -1.2130191136e+00    7.9427134069e-01   -1.2130191136e+00    1.2800000000e+04    5.3068467725e-03    9.9976562500e-01
        87   -4.6923681269e-01    7.1275190165e-01   -1.2339013635e+00    7.6466455081e-01   -1.2339013635e+00    1.2800000000e+04    5.3045121289e-03    9.9992187500e-01
        88   -4.1230285330e-01    5.2992913839e-01   -1.2293027632e+00    8.1699990992e-01   -1.2293027632e+00    1.2800000000e+04    5.3024373486e-03    9.9984375000e-01
        89   -4.6648563252e-01    8.8124398001e-01   -1.3401826259e+00    8.7369699342e-01   -1.3401826259e+00    1.2800000000e+04    5.3046905420e-03    9.9992187500e-01
        90   -4.2129777088e-01    4.0680968560e-01   -1.1825075463e+00    7.6120977541e-01   -1.1825075463e+00    1.2800000000e+04    5.3009529590e-03    9.9992187500e-01
        91   -4.5074296572e-01    6.5705092130e-01   -1.2036299251e+00    7.5288695938e-01   -1.2036299251e+00    1.2800000000e+04    5.3044968164e-03    9.9984375000e-01
        92   -4.6991258230e-01    5.0078061243e-01   -1.1519852530e+00    6.8207267068e-01   -1.1519852530e+00    1.2800000000e+04    5.2984334277e-03    9.9992187500e-01
        93   -4.5599985158e-01    8.7968530372e-01   -1.2310128218e+00    7.7501297022e-01   -1.2310128218e+00    1.2800000000e+04    5.3016329346e-03    1.0000000000e+00
        94   -4.7853652335e-01    1.1196491399e+00   -1.2608000964e+00    7.8226357303e-01   -1.2608000964e+00    1.2800000000e+04    5.3010164941e-03    9.9992187500e-01
        95   -4.4669206391e-01    6.4897252497e-01   -1.2422288807e+00    7.9553681682e-01   -1.2422288807e+00    1.2800000000e+04    5.3023994873e-03    9.9984375000e-01
        96   -3.8897248726e-01    3.3705005778e-01   -1.1226364289e+00    7.3366394168e-01   -1.1226364289e+00    1.2800000000e+04    5.3054682129e-03    9.9992187500e-01
        97   -4.2815705860e-01    3.7146356610e-01   -1.1091211224e+00    6.8096406378e-01   -1.1091211224e+00    1.2800000000e+04    5.3020276855e-03    1.0000000000e+00
        98   -4.5736793585e-01    4.6168388618e-01   -1.1427451636e+00    6.8537722779e-01   -1.1427451636e+00    1.2800000000e+04    5.2995981738e-03    9.9976562500e-01
        99   -5.2390974275e-01    8.5535612358e-01   -1.1613635646e+00    6.3745382188e-01   -1.1613635646e+00    1.2800000000e+04    5.3047828271e-03    9.9984375000e-01
       100   -4.7756144916e-01    6.9657168499e-01   -1.1899510656e+00    7.1238961640e-01   -1.1899510656e+00    1.2800000000e+04    5.3048529590e-03    1.0000000000e+00
       101   -5.1778828890e-01    1.5438385608e+00   -1.1812730239e+00    6.6348473497e-01   -1.1812730239e+00    1.2800000000e+04    5.2989194434e-03    1.0000000000e+00
       102   -4.6782994407e-01    6.1774283508e-01   -1.1466734256e+00    6.7884348152e-01   -1.1466734256e+00    1.2800000000e+04    5.3010352148e-03    9.9992187500e-01
       103   -4.3733815057e-01    6.7049484374e-01   -1.1831829180e+00    7.4584476745e-01   -1.1831829180e+00    1.2800000000e+04    5.3036370947e-03    9.9984375000e-01
       104   -5.0901506579e-01    1.5074789809e+00   -1.3026945013e+00    7.9367943553e-01   -1.3026945013e+00    1.2800000000e+04    5.3026953662e-03    9.9976562500e-01
       105   -4.7363603678e-01    7.1798349541e-01   -1.1831979027e+00    7.0956186591e-01   -1.1831979027e+00    1.2800000000e+04    5.3026617676e-03    9.9992187500e-01
       106   -4.7707543865e-01    7.7391516223e-01   -1.1909589193e+00    7.1388348063e-01   -1.1909589193e+00    1.2800000000e+04    5.3005721240e-03    9.9984375000e-01
       107   -4.5001052681e-01    6.5870810403e-01   -1.2744606412e+00    8.2445011442e-01   -1.2744606412e+00    1.2800000000e+04    5.3015333936e-03    9.9992187500e-01
       108   -4.4661279874e-01    8.9052586240e-01   -1.2268500324e+00    7.8023723363e-01   -1.2268500324e+00    1.2800000000e+04    5.3042835498e-03    9.9992187500e-01
       109   -4.4792863743e-01    7.7945549132e-01   -1.2384495228e+00    7.9052088534e-01   -1.2384495228e+00    1.2800000000e+04    5.3007545654e-03    9.9992187500e-01
       110   -4.3346367680e-01    4.5514250757e-01   -1.1237053738e+00    6.9024169701e-01   -1.1237053738e+00    1.2800000000e+04    5.3007798975e-03    9.9984375000e-01
       111   -4.8194848570e-01    8.5525891925e-01   -1.1997620383e+00    7.1781355258e-01   -1.1997620383e+00    1.2800000000e+04    5.3020147412e-03    1.0000000000e+00
       112   -4.8364855370e-01    9.4150660284e-01   -1.2281257103e+00    7.4447715661e-01   -1.2281257103e+00    1.2800000000e+04    5.3017087744e-03    9.9984375000e-01
       113   -4.7078773840e-01    9.4455221612e-01   -1.2011716316e+00    7.3038389322e-01   -1.2011716316e+00    1.2800000000e+04    5.3030654395e-03    1.0000000000e+00
       114   -4.8014281483e-01    7.2876541824e-01   -1.1184755287e+00    6.3833271390e-01   -1.1184755287e+00    1.2800000000e+04    5.3003815869e-03    9.9976562500e-01
       115   -4.9711681512e-01    5.2154912525e-01   -1.0843782136e+00    5.8726139851e-01   -1.0843782136e+00    1.2800000000e+04    5.3042576416e-03    9.9992187500e-01
       116   -5.5082082911e-01    2.3200900609e+00   -1.1154669834e+00    5.6464615432e-01   -1.1154669834e+00    1.2800000000e+04    5.3042368896e-03    9.9992187500e-01
       117   -4.8679173444e-01    5.7062964149e-01   -1.1395216196e+00    6.5272988511e-01   -1.1395216196e+00    1.2800000000e+04    5.3010005127e-03    9.9992187500e-01
       118   -4.3581254694e-01    5.8956589170e-01   -1.1609958176e+00    7.2518327065e-01   -1.1609958176e+00    1.2800000000e+04    5.3013947559e-03    9.9992187500e-01
       119   -4.5765589896e-01    5.4554419325e-01   -1.1741963443e+00    7.1654044530e-01   -1.1741963443e+00    1.2800000000e+04    5.3023445459e-03    9.9984375000e-01
       120   -4.3729222149e-01    8.6691483781e-01   -1.1962367870e+00    7.5894456548e-01   -1.1962367870e+00    1.2800000000e+04    5.3024003711e-03    1.0000000000e+00
       121   -4.6990751939e-01    1.6296792515e+00   -1.1336169103e+00    6.6370939088e-01   -1.1336169103e+00    1.2800000000e+04    5.3019501611e-03    1.0000000000e+00
       122   -4.3076606321e-01    5.9351678082e-01   -1.1772612944e+00    7.4649523116e-01   -1.1772612944e+00    1.2800000000e+04    5.2994002881e-03    9.9992187500e-01
       123   -5.6035808792e-01    1.4023867495e+00   -1.2965699380e+00    7.3621185008e-01   -1.2965699380e+00    1.2800000000e+04    5.3034663867e-03    9.9992187500e-01
       124   -4.4158496264e-01    6.1216629574e-01   -1.1772810368e+00    7.3569607420e-01   -1.1772810368e+00    1.2800000000e+04    5.3048618945e-03    1.0000000000e+00
       125   -4.4782805156e-01    5.4911354877e-01   -1.1813454080e+00    7.3351735643e-01   -1.1813454080e+00    1.2800000000e+04    5.3020565820e-03    9.9992187500e-01
       126   -4.5028905490e-01    1.1229281270e+00   -1.1848809376e+00    7.3459188266e-01   -1.1848809376e+00    1.2800000000e+04    5.3021145801e-03    1.0000000000e+00
       127   -4.7624344035e-01    7.7836454781e-01   -1.2343215718e+00    7.5807813143e-01   -1.2343215718e+00    1.2800000000e+04    5.3040258984e-03    9.9992187500e-01
       128   -4.1555749316e-01    4.2589563600e-01   -1.1739188805e+00    7.5836138738e-01   -1.1739188805e+00    1.2800000000e+04    5.3025991748e-03    9.9992187500e-01
       129   -4.6242832620e-01    7.1244058137e-01   -1.1439586676e+00    6.8153034144e-01   -1.1439586676e+00    1.2800000000e+04    5.2993280371e-03    9.9976562500e-01
       130   -4.1721495814e-01    3.5911959985e-01   -1.0939111146e+00    6.7669615648e-01   -1.0939111146e+00    1.2800000000e+04    5.3016463721e-03    9.9984375000e-01
       131   -4.1018649944e-01    3.5941782959e-01   -1.1488636737e+00    7.3867717426e-01   -1.1488636737e+00    1.2800000000e+04    5.3055929785e-03    9.9992187500e-01
       132   -4.9529463370e-01    9.5333825414e-01   -1.1771181796e+00    6.8182354588e-01   -1.1771181796e+00    1.2800000000e+04    5.2991132080e-03    9.9984375000e-01
       133   -4.3457633763e-01    5.6049049315e-01   -1.1930550683e+00    7.5847873067e-01   -1.1930550683e+00    1.2800000000e+04    5.2993191846e-03    9.9992187500e-01
       134   -4.1529604842e-01    5.0877818546e-01   -1.1970367391e+00    7.8174069070e-01   -1.1970367391e+00    1.2800000000e+04    5.3025281201e-03    9.9984375000e-01
       135   -3.7472418628e-01    4.0367156078e-01   -1.2456300585e+00    8.7090587222e-01   -1.2456300585e+00    1.2800000000e+04    5.3077062207e-03    9.9992187500e-01
       136   -3.9776594087e-01    4.3383947648e-01   -1.2869512005e+00    8.8918525959e-01   -1.2869512005e+00    1.2800000000e+04    5.3017104590e-03    1.0000000000e+00
       137   -4.0995893774e-01    7.4436774420e-01   -1.2512578370e+00    8.4129889926e-01   -1.2512578370e+00    1.2800000000e+04    5.3041583447e-03    1.0000000000e+00
       138   -4.1469701107e-01    5.4247572751e-01   -1.1839837553e+00    7.6928674425e-01   -1.1839837553e+00    1.2800000000e+04    5.3002190625e-03    1.0000000000e+00
       139   -4.2668788409e-01    5.8927013594e-01   -1.2219438705e+00    7.9525598641e-01   -1.2219438705e+00    1.2800000000e+04    5.3017566846e-03    9.9984375000e-01
       140   -4.5271979832e-01    5.2596435171e-01   -1.1752501187e+00    7.2253032043e-01   -1.1752501187e+00    1.2800000000e+04    5.3028352441e-03    9.9984375000e-01
       141   -4.8191173848e-01    8.9474242668e-01   -1.2231093807e+00    7.4119764218e-01   -1.2231093807e+00    1.2800000000e+04    5.3045036963e-03    9.9992187500e-01
       142   -4.5879085919e-01    6.6798134832e-01   -1.2206685229e+00    7.6187766372e-01   -1.2206685229e+00    1.2800000000e+04    5.3028416406e-03    9.9992187500e-01
       143   -4.2894843845e-01    5.9834589195e-01   -1.1611013542e+00    7.3215291573e-01   -1.1611013542e+00    1.2800000000e+04    5.2999854492e-03    9.9992187500e-01
       144   -4.7119288761e-01    1.0436843083e+00   -1.2361843629e+00    7.6499147527e-01   -1.2361843629e+00    1.2800000000e+04    5.3018926611e-03    1.0000000000e+00
       145   -4.5016656225e-01    5.3076699810e-01   -1.1765407219e+00    7.2637415960e-01   -1.1765407219e+00    1.2800000000e+04    5.3023434521e-03    9.9992187500e-01
       146   -4.5728152218e-01    6.0758351735e-01   -1.1925441142e+00    7.3526259206e-01   -1.1925441142e+00    1.2800000000e+04    5.2996576904e-03    9.9976562500e-01
       147   -4.7415164387e-01    5.5470876741e-01   -1.1599441522e+00    6.8579250836e-01   -1.1599441522e+00    1.2800000000e+04    5.3020602881e-03    9.9984375000e-01
       148   -4.6404975444e-01    4.6319596188e-01   -1.1432754688e+00    6.7922571439e-01   -1.1432754688e+00    1.2800000000e+04    5.3013493018e-03    9.9984375000e-01
       149   -4.9258593618e-01    4.7133383715e-01   -1.1497934717e+00    6.5720753555e-01   -1.1497934717e+00    1.2800000000e+04    5.3028034131e-03    9.9984375000e-01
       150   -4.7802580530e-01    6.8234275439e-01   -1.2123120187e+00    7.3428621340e-01   -1.2123120187e+00    1.2800000000e+04    5.3036183301e-03    1.0000000000e+00
       151   -4.6087167232e-01    4.9195182089e-01   -1.1386292249e+00    6.7775755259e-01   -1.1386292249e+00    1.2800000000e+04    5.3035637402e-03    9.9992187500e-01
       152   -4.7945857154e-01    6.4329510210e-01   -1.1711069868e+00    6.9164841529e-01   -1.1711069868e+00    1.2800000000e+04    5.3028494775e-03    9.9976562500e-01
       153   -4.6643424231e-01    8.3899643668e-01   -1.2832904823e+00    8.1685624003e-01   -1.2832904823e+00    1.2800000000e+04    5.3037938428e-03    9.9976562500e-01
       154   -4.5391379753e-01    2.6860705791e+00   -1.2513907928e+00    7.9747699530e-01   -1.2513907928e+00    1.2800000000e+04    5.3023941113e-03    9.9992187500e-01
       155   -4.8091302379e-01    6.1745774203e-01   -1.1484301037e+00    6.6751707994e-01   -1.1484301037e+00    1.2800000000e+04    5.3051876074e-03    9.9984375000e-01
       156   -5.0014966186e-01    7.5412200772e-01   -1.2241947576e+00    7.2404509578e-01   -1.2241947576e+00    1.2800000000e+04    5.3037370508e-03    9.9992187500e-01
       157   -4.3949452050e-01    6.7931974755e-01   -1.1675062517e+00    7.2801173115e-01   -1.1675062517e+00    1.2800000000e+04    5.3027223389e-03    9.9992187500e-01
       158   -3.7584696124e-01    3.3765397378e-01   -1.1296629232e+00    7.5381596200e-01   -1.1296629232e+00    1.2800000000e+04    5.3043565674e-03    9.9992187500e-01
       159   -4.3411644812e-01    9.2733705826e-01   -1.2468736287e+00    8.1275718055e-01   -1.2468736287e+00    1.2800000000e+04    5.3038906982e-03    9.9992187500e-01
       160   -4.0591503274e-01    7.4089249129e-01   -1.2765660954e+00    8.7065106263e-01   -1.2765660954e+00    1.2800000000e+04    5.3016948291e-03    9.9992187500e-01
       161   -4.7940443569e-01    1.1135890996e+00   -1.2783468087e+00    7.9894237302e-01   -1.2783468087e+00    1.2800000000e+04    5.3039267480e-03    9.9984375000e-01
       162   -5.3186416095e-01    1.3995260484e+00   -1.3155702597e+00    7.8370609876e-01   -1.3155702597e+00    1.2800000000e+04    5.2982723682e-03    9.9992187500e-01
       163   -4.4331720885e-01    4.8788632059e-01   -1.2236385889e+00    7.8032138000e-01   -1.2236385889e+00    1.2800000000e+04    5.3024627246e-03    9.9984375000e-01
       164   -4.6048630332e-01    6.6578512366e-01   -1.2932494703e+00    8.3276316693e-01   -1.2932494703e+00    1.2800000000e+04    5.3043022607e-03    9.9984375000e-01
       165   -4.1638283155e-01    6.2574444873e-01   -1.2056106525e+00    7.8922782099e-01   -1.2056106525e+00    1.2800000000e+04    5.3036940283e-03    9.9984375000e-01
       166   -4.3294450793e-01    3.9659800323e-01   -1.1083387478e+00    6.7539423987e-01   -1.1083387478e+00    1.2800000000e+04    5.3006559033e-03    9.9976562500e-01
       167   -4.9265302562e-01    5.0005468286e-01   -1.0672014121e+00    5.7454838646e-01   -1.0672014121e+00    1.2800000000e+04    5.2999439941e-03    9.9976562500e-01
       168   -5.7665687685e-01    1.1849193835e+00   -1.1814829085e+00    6.0482603161e-01   -1.1814829085e+00    1.2800000000e+04    5.3049567822e-03    9.9992187500e-01
       169   -4.7057943140e-01    6.5903882146e-01   -1.1107180231e+00    6.4013859168e-01   -1.1107180231e+00    1.2800000000e+04    5.3044478027e-03    1.0000000000e+00
       170   -5.1459271007e-01    9.7768095860e-01   -1.1699114039e+00    6.5531869381e-01   -1.1699114039e+00    1.2800000000e+04    5.3019116260e-03    1.0000000000e+00
       171   -5.0039739184e-01    1.0020022379e+00   -1.1875198575e+00    6.8712246568e-01   -1.1875198575e+00    1.2800000000e+04    5.3056007520e-03    9.9992187500e-01
       172   -5.0285607213e-01    6.2073561623e-01   -1.1530599111e+00    6.5020383902e-01   -1.1530599111e+00    1.2800000000e+04    5.3019021045e-03    9.9984375000e-01
       173   -4.3099630494e-01    4.0485288222e-01   -1.1141258125e+00    6.8312950758e-01   -1.1141258125e+00    1.2800000000e+04    5.3039350049e-03    9.9992187500e-01
       174   -4.3033914004e-01    7.2481810335e-01   -1.2102241183e+00    7.7988497822e-01   -1.2102241183e+00    1.2800000000e+04    5.3053926318e-03    1.0000000000e+00
       175   -4.1389571563e-01    4.7090966867e-01   -1.1498937106e+00    7.3599799494e-01   -1.1498937106e+00    1.2800000000e+04    5.3038058643e-03    9.9984375000e-01
       176   -4.1698023693e-01    5.6996153130e-01   -1.1687613095e+00    7.5178107256e-01   -1.1687613095e+00    1.2800000000e+04    5.3035644580e-03    9.9992187500e-01
       177   -4.4949005217e-01    7.2384287654e-01   -1.1740487118e+00    7.2455865959e-01   -1.1740487118e+00    1.2800000000e+04    5.3025410791e-03    1.0000000000e+00
       178   -4.8567507536e-01    9.6277188501e-01   -1.2223447553e+00    7.3666967996e-01   -1.2223447553e+00    1.2800000000e+04    5.3021051318e-03    9.9992187500e-01
       179   -4.7927622996e-01    7.5873827224e-01   -1.1960003795e+00    7.1672414951e-01   -1.1960003795e+00    1.2800000000e+04    5.3048859326e-03    1.0000000000e+00
       180   -4.8635534649e-01    7.4671469758e-01   -1.2082721557e+00    7.2191680922e-01   -1.2082721557e+00    1.2800000000e+04    5.3001547754e-03    1.0000000000e+00
       181   -5.0896688170e-01    1.2941689088e+00   -1.2264954579e+00    7.1752857623e-01   -1.2264954579e+00    1.2800000000e+04    5.3023874121e-03    9.9984375000e-01
       182   -4.8078195314e-01    4.9695108153e-01   -1.0818618143e+00    6.0107986112e-01   -1.0818618143e+00    1.2800000000e+04    5.2999281006e-03    9.9984375000e-01
       183   -4.9106822962e-01    6.9925695215e-01   -1.1271026314e+00    6.3603440183e-01   -1.1271026314e+00    1.2800000000e+04    5.3016764844e-03    9.9992187500e-01
       184   -5.3553445238e-01    1.1011732693e+00   -1.2281948769e+00    6.9266042453e-01   -1.2281948769e+00    1.2800000000e+04    5.3017080713e-03    9.9992187500e-01
       185   -4.5270988717e-01    5.5550547885e-01   -1.1306586727e+00    6.7794878557e-01   -1.1306586727e+00    1.2800000000e+04    5.3030173291e-03    1.0000000000e+00
       186   -4.3257291646e-01    5.4661640488e-01   -1.1586316217e+00    7.2605870521e-01   -1.1586316217e+00    1.2800000000e+04    5.3031079297e-03    9.9992187500e-01
       187   -4.1804493283e-01    5.4581349803e-01   -1.2055531558e+00    7.8750822295e-01   -1.2055531558e+00    1.2800000000e+04    5.3047647412e-03    1.0000000000e+00
       188   -4.1009658601e-01    4.8458222629e-01   -1.2228679514e+00    8.1277136541e-01   -1.2228679514e+00    1.2800000000e+04    5.3026457617e-03    1.0000000000e+00
       189   -4.3780622641e-01    6.2185012487e-01   -1.2480636256e+00    8.1025739921e-01   -1.2480636256e+00    1.2800000000e+04    5.3047699316e-03    9.9984375000e-01
       190   -4.8666126869e-01    9.4615374713e-01   -1.2943872488e+00    8.0772598009e-01   -1.2943872488e+00    1.2800000000e+04    5.3014823828e-03    1.0000000000e+00
       191   -4.5400449523e-01    6.7175347542e-01   -1.2133563898e+00    7.5935189459e-01   -1.2133563898e+00    1.2800000000e+04    5.3076645068e-03    9.9992187500e-01
       192   -4.3810037628e-01    7.0116257654e-01   -1.2216400146e+00    7.8353963830e-01   -1.2216400146e+00    1.2800000000e+04    5.3088305469e-03    9.9984375000e-01
       193   -3.8034337013e-01    4.1925309953e-01   -1.1973932638e+00    8.1704989363e-01   -1.1973932638e+00    1.2800000000e+04    5.3039916406e-03    1.0000000000e+00
       194   -4.1455754978e-01    7.7879620067e-01   -1.2918239260e+00    8.7726637624e-01   -1.2918239260e+00    1.2800000000e+04    5.2995340381e-03    9.9960937500e-01
       195   -4.4022629505e-01    1.1485159202e+00   -1.3475008363e+00    9.0727454124e-01   -1.3475008363e+00    1.2800000000e+04    5.3046782373e-03    9.9992187500e-01
       196   -4.0871326275e-01    7.0700422389e-01   -1.2633190357e+00    8.5460577293e-01   -1.2633190357e+00    1.2800000000e+04    5.3005833252e-03    9.9960937500e-01
       197   -4.4105861820e-01    8.4938056014e-01   -1.3117260669e+00    8.7066744873e-01   -1.3117260669e+00    1.2800000000e+04    5.3007807471e-03    9.9992187500e-01
       198   -5.0079178238e-01    8.9925128487e-01   -1.2987340362e+00    7.9794225381e-01   -1.2987340362e+00    1.2800000000e+04    5.3026107959e-03    1.0000000000e+00
       199   -4.5445709680e-01    8.6071009277e-01   -1.2852188003e+00    8.3076170351e-01   -1.2852188003e+00    1.2800000000e+04    5.3004327344e-03    9.9992187500e-01
       200   -4.2986708638e-01    2.0888999889e+00   -1.2076084383e+00    7.7774135189e-01   -1.2076084383e+00    1.2800000000e+04    5.3002347852e-03    9.9960937500e-01
       201   -4.5623299217e-01    4.8292718061e-01   -1.1175040251e+00    6.6127103292e-01   -1.1175040251e+00    1.2800000000e+04    5.3071195264e-03    1.0000000000e+00
       202   -4.2240241018e-01    3.8324184882e-01   -1.0754664730e+00    6.5306406282e-01   -1.0754664730e+00    1.2800000000e+04    5.2989091699e-03    9.9984375000e-01
       203   -4.2695847433e-01    3.8621515037e-01   -1.0916159761e+00    6.6465750175e-01   -1.0916159761e+00    1.2800000000e+04    5.3036220166e-03    9.9976562500e-01
       204   -4.2559446064e-01    5.0602321104e-01   -1.1419148417e+00    7.1632038108e-01   -1.1419148417e+00    1.2800000000e+04    5.3041694824e-03    9.9984375000e-01
       205   -4.0774972867e-01    3.4539825115e-01   -1.1243982491e+00    7.1664852047e-01   -1.1243982491e+00    1.2800000000e+04    5.2970768945e-03    9.9968750000e-01
       206   -4.9799639958e-01    7.3600512334e-01   -1.1302677893e+00    6.3227138968e-01   -1.1302677893e+00    1.2800000000e+04    5.3033506738e-03    1.0000000000e+00
       207   -4.8902179191e-01    7.2072602139e-01   -1.1157002819e+00    6.2667849000e-01   -1.1157002819e+00    1.2800000000e+04    5.3023799854e-03    9.9976562500e-01
       208   -4.6695657660e-01    4.2899449867e-01   -1.0768784413e+00    6.0992186474e-01   -1.0768784413e+00    1.2800000000e+04    5.3055907373e-03    9.9984375000e-01
       209   -4.7859250824e-01    5.0536331326e-01   -1.0796693653e+00    6.0107685707e-01   -1.0796693653e+00    1.2800000000e+04    5.3008696436e-03    9.9992187500e-01
       210   -4.6356171732e-01    6.2003819404e-01   -1.0722163357e+00    6.0865461839e-01   -1.0722163357e+00    1.2800000000e+04    5.3012013184e-03    9.9984375000e-01
       211   -4.8660420505e-01    7.6859325332e-01   -1.1828235270e+00    6.9621932191e-01   -1.1828235270e+00    1.2800000000e+04    5.3018960010e-03    9.9984375000e-01
       212   -4.5288893260e-01    6.9317969984e-01   -1.2093865972e+00    7.5649766460e-01   -1.2093865972e+00    1.2800000000e+04    5.3022587647e-03    9.9992187500e-01
       213   -4.4136867182e-01    6.5777117676e-01   -1.2671738920e+00    8.2580522015e-01   -1.2671738920e+00    1.2800000000e+04    5.3015983936e-03    9.9984375000e-01
       214   -4.8892970075e-01    1.0208464710e+00   -1.2523365549e+00    7.6340685411e-01   -1.2523365549e+00    1.2800000000e+04    5.3031303076e-03    9.9992187500e-01
       215   -4.2526386324e-01    5.4883870974e-01   -1.1432245926e+00    7.1796072937e-01   -1.1432245926e+00    1.2800000000e+04    5.3031031592e-03    9.9968750000e-01
       216   -4.7207574922e-01    6.3802152329e-01   -1.1558509909e+00    6.8377524171e-01   -1.1558509909e+00    1.2800000000e+04    5.3050073145e-03    9.9984375000e-01
       217   -4.4224993440e-01    5.7319006729e-01   -1.1805272500e+00    7.3827731559e-01   -1.1805272500e+00    1.2800000000e+04    5.2987197217e-03    9.9992187500e-01
       218   -4.6548826695e-01    6.9673159874e-01   -1.1577919665e+00    6.9230369958e-01   -1.1577919665e+00    1.2800000000e+04    5.3028948242e-03    9.9992187500e-01
       219   -4.2282222572e-01    4.6416807963e-01   -1.1503007622e+00    7.2747853653e-01   -1.1503007622e+00    1.2800000000e+04    5.3068035059e-03    9.9992187500e-01
       220   -4.1829283414e-01    5.3521768146e-01   -1.1721035577e+00    7.5381072358e-01   -1.1721035577e+00    1.2800000000e+04    5.3025889062e-03    1.0000000000e+00
       221   -4.9439474788e-01    7.5766714590e-01   -1.2160018568e+00    7.2160710895e-01   -1.2160018568e+00    1.2800000000e+04    5.3035639746e-03    9.9976562500e-01
       222   -4.3948033324e-01    4.6493604638e-01   -1.2129791052e+00    7.7349877195e-01   -1.2129791052e+00    1.2800000000e+04    5.3010410303e-03    9.9984375000e-01
       223   -3.9346551866e-01    6.6821866358e-01   -1.2140229717e+00    8.2055745301e-01   -1.2140229717e+00    1.2800000000e+04    5.3044079053e-03    9.9976562500e-01
       224   -4.3354839502e-01    5.4997496941e-01   -1.2203003585e+00    7.8675196352e-01   -1.2203003585e+00    1.2800000000e+04    5.3037333545e-03    9.9992187500e-01
       225   -5.0973666825e-01    3.4058741925e+00   -1.3058374642e+00    7.9610079595e-01   -1.3058374642e+00    1.2800000000e+04    5.3034832666e-03    1.0000000000e+00
       226   -4.5269965786e-01    6.6328148857e-01   -1.2242250223e+00    7.7152536442e-01   -1.2242250223e+00    1.2800000000e+04    5.3081922266e-03    1.0000000000e+00
       227   -4.5610397758e-01    6.2374480271e-01   -1.2295235599e+00    7.7341958234e-01   -1.2295235599e+00    1.2800000000e+04    5.3054103174e-03    1.0000000000e+00
       228   -4.4509226436e-01    9.3141181461e-01   -1.1947748698e+00    7.4968260549e-01   -1.1947748698e+00    1.2800000000e+04    5.3047266650e-03    9.9976562500e-01
       229   -5.0798352905e-01    9.2112064811e-01   -1.2588810588e+00    7.5089752970e-01   -1.2588810588e+00    1.2800000000e+04    5.3019533594e-03    9.9984375000e-01
       230   -4.9438856793e-01    7.8511518141e-01   -1.2567321367e+00    7.6234356877e-01   -1.2567321367e+00    1.2800000000e+04    5.3069419385e-03    9.9992187500e-01
       231   -4.6605839105e-01    7.2916650288e-01   -1.1805794823e+00    7.1452109122e-01   -1.1805794823e+00    1.2800000000e+04    5.3078529541e-03    9.9992187500e-01
       232   -4.6459192754e-01    6.7650399500e-01   -1.2212567854e+00    7.5666485784e-01   -1.2212567854e+00    1.2800000000e+04    5.3013878369e-03    9.9992187500e-01
       233   -4.7862479869e-01    7.4318458706e-01   -1.1824964193e+00    7.0387162064e-01   -1.1824964193e+00    1.2800000000e+04    5.3021943604e-03    9.9992187500e-01
       234   -4.7080759433e-01    8.9046888176e-01   -1.1911742092e+00    7.2036661490e-01   -1.1911742092e+00    1.2800000000e+04    5.3007127539e-03    1.0000000000e+00
       235   -4.7788094421e-01    6.3620919217e-01   -1.1312684853e+00    6.5338754108e-01   -1.1312684853e+00    1.2800000000e+04    5.3039233740e-03    1.0000000000e+00
       236   -4.9326368699e-01    6.0265520995e-01   -1.1655635613e+00    6.7229987435e-01   -1.1655635613e+00    1.2800000000e+04    5.3033099902e-03    1.0000000000e+00
       237   -4.2984305815e-01    5.4899307645e-01   -1.2460865176e+00    8.1624345940e-01   -1.2460865176e+00    1.2800000000e+04    5.3043320557e-03    9.9984375000e-01
       238   -4.1719614075e-01    5.4100824690e-01   -1.2878621681e+00    8.7066602739e-01   -1.2878621681e+00    1.2800000000e+04    5.3017137158e-03    9.9968750000e-01
       239   -4.8799512543e-01    9.4234140116e-01   -1.2291666111e+00    7.4117148564e-01   -1.2291666111e+00    1.2800000000e+04    5.3018485352e-03    9.9984375000e-01
       240   -4.5481035435e-01    5.0987374171e-01   -1.2239480743e+00    7.6913771994e-01   -1.2239480743e+00    1.2800000000e+04    5.3029832910e-03    1.0000000000e+00
       241   -4.5129478898e-01    7.5868382979e-01   -1.2575951645e+00    8.0630037550e-01   -1.2575951645e+00    1.2800000000e+04    5.3036524512e-03    9.9984375000e-01
       242   -4.3914870689e-01    8.7227161854e-01   -1.3768209423e+00    9.3767223543e-01   -1.3768209423e+00    1.2800000000e+04    5.3041877393e-03    9.9992187500e-01
       243   -4.0589642322e-01    1.1571701144e+00   -1.3380048238e+00    9.3210840062e-01   -1.3380048238e+00    1.2800000000e+04    5.3023404053e-03    9.9984375000e-01
       244   -4.1490178711e-01    6.3232481461e-01   -1.2721791822e+00    8.5727739509e-01   -1.2721791822e+00    1.2800000000e+04    5.2985300537e-03    9.9992187500e-01
       245   -4.3459011335e-01    7.7727392063e-01   -1.2770164805e+00    8.4242636716e-01   -1.2770164805e+00    1.2800000000e+04    5.3029044727e-03    9.9984375000e-01
       246   -4.4390637498e-01    8.4493339486e-01   -1.3345722095e+00    8.9066583454e-01   -1.3345722095e+00    1.2800000000e+04    5.3019798633e-03    9.9976562500e-01
       247   -4.1084077759e-01    4.8978183500e-01   -1.2743958929e+00    8.6355511530e-01   -1.2743958929e+00    1.2800000000e+04    5.3034628955e-03    9.9984375000e-01
       248   -4.5880851165e-01    8.5798005563e-01   -1.2762342330e+00    8.1742572131e-01   -1.2762342330e+00    1.2800000000e+04    5.3015322412e-03    9.9968750000e-01
       249   -3.9507765016e-01    6.2866344557e-01   -1.2871036844e+00    8.9202603422e-01   -1.2871036844e+00    1.2800000000e+04    5.3040651074e-03    9.9992187500e-01
       250   -4.3580914948e-01    9.1864345063e-01   -1.2990940410e+00    8.6328489154e-01   -1.2990940410e+00    1.2800000000e+04    5.3029927539e-03    9.9976562500e-01
       251   -4.7138826480e-01    8.6948489104e-01   -1.2879153407e+00    8.1652707592e-01   -1.2879153407e+00    1.2800000000e+04    5.3030517432e-03    9.9984375000e-01
       252   -4.6637375042e-01    1.1997174770e+00   -1.2327577989e+00    7.6638404847e-01   -1.2327577989e+00    1.2800000000e+04    5.3015068018e-03    9.9968750000e-01
       253   -4.2406598773e-01    7.5664074441e-01   -1.2623442536e+00    8.3827826583e-01   -1.2623442536e+00    1.2800000000e+04    5.2998521387e-03    9.9992187500e-01
       254   -4.8432639270e-01    6.5381618783e-01   -1.1472727140e+00    6.6294632125e-01   -1.1472727140e+00    1.2800000000e+04    5.2986169678e-03    9.9984375000e-01
       255   -5.0536485751e-01    1.0639943370e+00   -1.1469622319e+00    6.4159737436e-01   -1.1469622319e+00    1.2800000000e+04    5.3035105127e-03    9.9984375000e-01
       256   -5.3575794761e-01    1.6334656951e+01   -1.0908031965e+00    5.5504524887e-01   -1.0908031965e+00    1.2800000000e+04    5.3003398486e-03    9.9984375000e-01
       257   -4.7086567781e-01    5.4222404246e-01   -1.1270654004e+00    6.5619972259e-01   -1.1270654004e+00    1.2800000000e+04    5.3014333398e-03    9.9976562500e-01
       258   -4.9445425471e-01    8.9859834558e-01   -1.1147220645e+00    6.2026780981e-01   -1.1147220645e+00    1.2800000000e+04    5.3038455566e-03    1.0000000000e+00
       259   -4.5916485243e-01    5.9141808666e-01   -1.1209343496e+00    6.6176949715e-01   -1.1209343496e+00    1.2800000000e+04    5.3003181885e-03    9.9976562500e-01
       260   -4.7259033867e-01    4.6579278406e-01   -1.0381081780e+00    5.6551783938e-01   -1.0381081780e+00    1.2800000000e+04    5.3046802051e-03    1.0000000000e+00
       261   -4.6476986288e-01    4.4621565436e-01   -1.0620875432e+00    5.9731768036e-01   -1.0620875432e+00    1.2800000000e+04    5.3012315820e-03    9.9984375000e-01
       262   -4.4625772250e-01    8.1166393634e-01   -1.1509383638e+00    7.0468064128e-01   -1.1509383638e+00    1.2800000000e+04    5.3003613281e-03    9.9992187500e-01
       263   -4.5163651401e-01    4.4868653336e-01   -1.1043879827e+00    6.5275146867e-01   -1.1043879827e+00    1.2800000000e+04    5.3043664014e-03    9.9992187500e-01
       264   -4.7594005614e-01    5.5407152232e-01   -1.1180458264e+00    6.4210577024e-01   -1.1180458264e+00    1.2800000000e+04    5.3012694238e-03    9.9992187500e-01
       265   -4.5846849197e-01    5.9008306339e-01   -1.1188727421e+00    6.6040425011e-01   -1.1188727421e+00    1.2800000000e+04    5.2985201318e-03    9.9984375000e-01
       266   -4.2429264521e-01    4.7632183872e-01   -1.1831522144e+00    7.5885956919e-01   -1.1831522144e+00    1.2800000000e+04    5.3009446973e-03    9.9992187500e-01
       267   -4.6191894688e-01    6.4544210890e-01   -1.1370673442e+00    6.7514839736e-01   -1.1370673442e+00    1.2800000000e+04    5.3045523486e-03    1.0000000000e+00
       268   -4.5317477995e-01    6.5075400139e-01   -1.1528562537e+00    6.9968147371e-01   -1.1528562537e+00    1.2800000000e+04    5.3024819531e-03    9.9984375000e-01
       269   -5.1909172839e-01    1.2071326887e+00   -1.3075474282e+00    7.8845569983e-01   -1.3075474282e+00    1.2800000000e+04    5.3085333398e-03    9.9992187500e-01
       270   -4.2964088747e-01    7.2644754043e-01   -1.3196525408e+00    8.9001165337e-01   -1.3196525408e+00    1.2800000000e+04    5.3011872998e-03    9.9984375000e-01
       271   -3.6742462874e-01    4.9224759037e-01   -1.3072701471e+00    9.3984551837e-01   -1.3072701471e+00    1.2800000000e+04    5.3030849219e-03    9.9984375000e-01
       272   -4.5809238665e-01    1.1067948697e+00   -1.3437456342e+00    8.8565324754e-01   -1.3437456342e+00    1.2800000000e+04    5.2984983838e-03    9.9968750000e-01
       273   -4.0197445118e-01    5.6037974587e-01   -1.2807247603e+00    8.7875030913e-01   -1.2807247603e+00    1.2800000000e+04    5.3030829541e-03    1.0000000000e+00
       274   -4.7911371967e-01    9.0570638364e-01   -1.2871613514e+00    8.0804763170e-01   -1.2871613514e+00    1.2800000000e+04    5.3017124756e-03    9.9992187500e-01
       275   -4.1065304841e-01    4.2594574108e-01   -1.1766168370e+00    7.6596378862e-01   -1.1766168370e+00    1.2800000000e+04    5.3006498828e-03    9.9992187500e-01
       276   -4.2949980798e-01    6.8781256746e-01   -1.1986339297e+00    7.6913412173e-01   -1.1986339297e+00    1.2800000000e+04    5.3035700098e-03    9.9992187500e-01
       277   -4.4404016478e-01    9.9100468665e-01   -1.2796065508e+00    8.3556638604e-01   -1.2796065508e+00    1.2800000000e+04    5.3048343115e-03    1.0000000000e+00
       278   -4.2951066366e-01    5.1468369097e-01   -1.2872029587e+00    8.5769229508e-01   -1.2872029587e+00    1.2800000000e+04    5.3022753613e-03    9.9976562500e-01
       279   -4.2994310314e-01    7.2053802539e-01   -1.2819654171e+00    8.5202231394e-01   -1.2819654171e+00    1.2800000000e+04    5.3036753369e-03    9.9992187500e-01
       280   -4.4748682118e-01    8.8055353703e-01   -1.3830347228e+00    9.3554790158e-01   -1.3830347228e+00    1.2800000000e+04    5.3035028760e-03    1.0000000000e+00
       281   -4.6640310411e-01    8.6796769833e-01   -1.4129439535e+00    9.4654084936e-01   -1.4129439535e+00    1.2800000000e+04    5.3017263086e-03    9.9984375000e-01
       282   -4.7777075887e-01    1.1477538229e+00   -1.3483712165e+00    8.7060045760e-01   -1.3483712165e+00    1.2800000000e+04    5.3001406152e-03    9.9992187500e-01
       283   -4.0763232570e-01    4.6692611854e-01   -1.3532732156e+00    9.4564088992e-01   -1.3532732156e+00    1.2800000000e+04    5.3039334326e-03    9.9992187500e-01
       284   -4.3609707539e-01    6.1736375049e-01   -1.3556899878e+00    9.1959291244e-01   -1.3556899878e+00    1.2800000000e+04    5.3031129102e-03    9.9984375000e-01
       285   -4.2824895685e-01    7.0420899659e-01   -1.2648341825e+00    8.3658522569e-01   -1.2648341825e+00    1.2800000000e+04    5.3027391309e-03    9.9968750000e-01
       286   -4.5710626343e-01    6.0230917202e-01   -1.2858924253e+00    8.2878616185e-01   -1.2858924253e+00    1.2800000000e+04    5.2999177197e-03    9.9976562500e-01
       287   -3.9109274396e-01    4.9605607007e-01   -1.2927205586e+00    9.0162781460e-01   -1.2927205586e+00    1.2800000000e+04    5.2999726074e-03    9.9984375000e-01
       288   -4.0574816033e-01    7.1011275852e-01   -1.2805414665e+00    8.7479330614e-01   -1.2805414665e+00    1.2800000000e+04    5.4219976074e-03    9.9984375000e-01
       289   -3.9560893680e-01    6.4226461442e-01   -1.1997611287e+00    8.0415219194e-01   -1.1997611287e+00    1.2800000000e+04    5.3010041992e-03    9.9976562500e-01
       290   -4.0045957197e-01    5.2243278145e-01   -1.3094195163e+00    9.0895994430e-01   -1.3094195163e+00    1.2800000000e+04    5.2999986719e-03    9.9992187500e-01
       291   -4.5663314797e-01    7.9781015931e-01   -1.3095308761e+00    8.5289772813e-01   -1.3095308761e+00    1.2800000000e+04    5.3017319775e-03    9.9992187500e-01
       292   -4.1998397487e-01    5.0243164355e-01   -1.2226510564e+00    8.0266708152e-01   -1.2226510564e+00    1.2800000000e+04    5.3001009375e-03    9.9992187500e-01
       293   -4.3946289138e-01    5.6311684687e-01   -1.1762085854e+00    7.3674569406e-01   -1.1762085854e+00    1.2800000000e+04    5.3049741162e-03    1.0000000000e+00
       294   -4.3167386644e-01    9.0089532648e-01   -1.2168504177e+00    7.8517655128e-01   -1.2168504177e+00    1.2800000000e+04    5.2997864209e-03    1.0000000000e+00
       295   -3.6769816434e-01    4.3532757641e-01   -1.2040930088e+00    8.3639484449e-01   -1.2040930088e+00    1.2800000000e+04    5.2983381934e-03    9.9984375000e-01
       296   -3.9063683049e-01    3.4814070092e-01   -1.1662875366e+00    7.7565070609e-01   -1.1662875366e+00    1.2800000000e+04    5.3055975879e-03    1.0000000000e+00
       297   -4.7569631794e-01    1.0398076294e+00   -1.2447866079e+00    7.6909028999e-01   -1.2447866079e+00    1.2800000000e+04    5.3037315869e-03    1.0000000000e+00
       298   -4.3528547598e-01    5.4104066063e-01   -1.2168399782e+00    7.8155450223e-01   -1.2168399782e+00    1.2800000000e+04    5.3031799951e-03    9.9984375000e-01
       299   -4.4790055758e-01    5.8262346872e-01   -1.1623472949e+00    7.1444673729e-01   -1.1623472949e+00    1.2800000000e+04    5.3011280908e-03    9.9984375000e-01
       300   -4.1884067844e-01    3.8447151860e-01   -1.0971425231e+00    6.7830184461e-01   -1.0971425231e+00    1.2800000000e+04    5.3005623291e-03    9.9968750000e-01
       301   -4.3747198430e-01    3.7618840391e-01   -1.0426871555e+00    6.0521517124e-01   -1.0426871555e+00    1.2800000000e+04    5.3003290430e-03    9.9992187500e-01
       302   -4.6172081925e-01    6.2827643609e-01   -1.0770058894e+00    6.1528507016e-01   -1.0770058894e+00    1.2800000000e+04    5.3043530176e-03    1.0000000000e+00
       303   -5.3940932131e-01    8.4908655219e-01   -1.1240908536e+00    5.8468153226e-01   -1.1240908536e+00    1.2800000000e+04    5.3062556934e-03    9.9984375000e-01
       304   -4.5915166501e-01    5.4084507132e-01   -1.1505390986e+00    6.9138743360e-01   -1.1505390986e+00    1.2800000000e+04    5.3014019434e-03    9.9984375000e-01
       305   -4.7276238141e-01    8.5909009946e-01   -1.1685709057e+00    6.9580852431e-01   -1.1685709057e+00    1.2800000000e+04    5.3029147754e-03    9.9984375000e-01
       306   -4.7301340394e-01    7.3243492225e-01   -1.0641046969e+00    5.9109129300e-01   -1.0641046969e+00    1.2800000000e+04    5.3044622607e-03    9.9992187500e-01
       307   -4.6364414838e-01    4.0575994115e-01   -1.0724304486e+00    6.0878630018e-01   -1.0724304486e+00    1.2800000000e+04    5.3007972754e-03    9.9953125000e-01
       308   -4.6948816077e-01    6.9807164432e-01   -1.2073553002e+00    7.3786713941e-01   -1.2073553002e+00    1.2800000000e+04    5.3021441357e-03    9.9976562500e-01
       309   -4.1969514776e-01    4.4861212590e-01   -1.1756775139e+00    7.5598236615e-01   -1.1756775139e+00    1.2800000000e+04    5.3050532031e-03    1.0000000000e+00
       310   -4.4356533669e-01    7.0707615059e-01   -1.2505910637e+00    8.0702572697e-01   -1.2505910637e+00    1.2800000000e+04    5.3035435889e-03    1.0000000000e+00
       311   -4.7496676482e-01    1.1577497726e+00   -1.3235945257e+00    8.4862776092e-01   -1.3235945257e+00    1.2800000000e+04    5.3051986133e-03    9.9992187500e-01
       312   -4.0172762313e-01    4.1997668886e-01   -1.2105676091e+00    8.0883998597e-01   -1.2105676091e+00    1.2800000000e+04    5.3014484570e-03    1.0000000000e+00
       313   -4.3545712915e-01    5.4841497613e-01   -1.2149419932e+00    7.7948486408e-01   -1.2149419932e+00    1.2800000000e+04    5.3067989404e-03    9.9968750000e-01
       314   -5.0307859312e-01    9.5565096300e-01   -1.2426999361e+00    7.3962134299e-01   -1.2426999361e+00    1.2800000000e+04    5.3093507666e-03    9.9992187500e-01
       315   -5.1862068378e-01    1.2844531722e+00   -1.1707627973e+00    6.5214211356e-01   -1.1707627973e+00    1.2800000000e+04    5.2989086279e-03    9.9968750000e-01
       316   -4.9534528065e-01    7.4019315988e-01   -1.1683677234e+00    6.7302244275e-01   -1.1683677234e+00    1.2800000000e+04    5.3061448291e-03    1.0000000000e+00
       317   -4.5832109201e-01    5.7736671988e-01   -1.1453024868e+00    6.8698139476e-01   -1.1453024868e+00    1.2800000000e+04    5.3019929297e-03    9.9960937500e-01
       318   -5.0835742201e-01    9.8452795922e-01   -1.1861007071e+00    6.7774328507e-01   -1.1861007071e+00    1.2800000000e+04    5.3045225391e-03    9.9992187500e-01
       319   -4.4765338090e-01    8.6928529872e-01   -1.1776299801e+00    7.2997659917e-01   -1.1776299801e+00    1.2800000000e+04    5.3036833154e-03    9.9976562500e-01
       320   -4.4861119167e-01    5.7459320081e-01   -1.2474573353e+00    7.9884614360e-01   -1.2474573353e+00    1.2800000000e+04    5.3003565723e-03    9.9976562500e-01
       321   -4.4585259905e-01    7.8186430882e-01   -1.2857869061e+00    8.3993430708e-01   -1.2857869061e+00    1.2800000000e+04    5.3039934766e-03    9.9992187500e-01
       322   -4.1826692930e-01    7.4652072959e-01   -1.2107935025e+00    7.9252657316e-01   -1.2107935025e+00    1.2800000000e+04    5.3014932910e-03    1.0000000000e+00
       323   -4.5694762093e-01    6.0950837707e-01   -1.1712219194e+00    7.1427429844e-01   -1.1712219194e+00    1.2800000000e+04    5.3043121875e-03    9.9992187500e-01
       324   -4.5102204207e-01    5.6405019541e-01   -1.1162096514e+00    6.6518760935e-01   -1.1162096514e+00    1.2800000000e+04    5.3052035107e-03    9.9976562500e-01
       325   -4.6643799879e-01    7.3825500405e-01   -1.1575843367e+00    6.9114633794e-01   -1.1575843367e+00    1.2800000000e+04    5.3000725830e-03    9.9992187500e-01
       326   -5.0871429903e-01    1.1440853597e+00   -1.2040649366e+00    6.9535063753e-01   -1.2040649366e+00    1.2800000000e+04    5.3007358887e-03    9.9984375000e-01
       327   -4.4527265338e-01    4.2289175140e-01   -1.1043552069e+00    6.5908255354e-01   -1.1043552069e+00    1.2800000000e+04    5.3020218994e-03    9.9992187500e-01
       328   -4.5243528345e-01    7.4853923372e-01   -1.1196925733e+00    6.6725728989e-01   -1.1196925733e+00    1.2800000000e+04    5.3013367773e-03    9.9984375000e-01
       329   -4.3448520127e-01    4.8295023663e-01   -1.1436549060e+00    7.0916970477e-01   -1.1436549060e+00    1.2800000000e+04    5.3016309766e-03    1.0000000000e+00
       330   -4.8084166450e-01    6.4624653498e-01   -1.2263607095e+00    7.4551904504e-01   -1.2263607095e+00    1.2800000000e+04    5.3025780127e-03    9.9992187500e-01
       331   -4.4659795468e-01    4.0698943298e-01   -1.1392552288e+00    6.9265727412e-01   -1.1392552288e+00    1.2800000000e+04    5.3047216162e-03    9.9984375000e-01
       332   -4.3699762928e-01    4.6450015658e-01   -1.1869556899e+00    7.4995806062e-01   -1.1869556899e+00    1.2800000000e+04    5.3014237451e-03    9.9992187500e-01
       333   -4.2221980793e-01    5.1133215075e-01   -1.2138071644e+00    7.9158735645e-01   -1.2138071644e+00    1.2800000000e+04    5.3076816650e-03    1.0000000000e+00
       334   -4.4049122363e-01    5.9551847203e-01   -1.2486292882e+00    8.0813806460e-01   -1.2486292882e+00    1.2800000000e+04    5.3025020166e-03    9.9992187500e-01
       335   -4.4573378988e-01    8.5357448237e-01   -1.2039679223e+00    7.5823413244e-01   -1.2039679223e+00    1.2800000000e+04    5.3048138135e-03    1.0000000000e+00
       336   -4.5909528015e-01    8.3765545894e-01   -1.2272249470e+00    7.6812966681e-01   -1.2272249470e+00    1.2800000000e+04    5.3018469336e-03    9.9984375000e-01
       337   -4.2750521115e-01    6.9705171343e-01   -1.2650136698e+00    8.3750845865e-01   -1.2650136698e+00    1.2800000000e+04    5.3017630420e-03    9.9992187500e-01
       338   -4.3840274163e-01    8.2854784333e-01   -1.2967002113e+00    8.5829746963e-01   -1.2967002113e+00    1.2800000000e+04    5.3059571729e-03    9.9992187500e-01
       339   -4.6148632578e-01    5.6807744740e-01   -1.2502273986e+00    7.8874107286e-01   -1.2502273986e+00    1.2800000000e+04    5.3030662549e-03    1.0000000000e+00
       340   -4.3902846400e-01    5.3496885770e-01   -1.2039872801e+00    7.6495881609e-01   -1.2039872801e+00    1.2800000000e+04    5.3028990869e-03    1.0000000000e+00
       341   -4.3352987962e-01    7.5430447454e-01   -1.2529589292e+00    8.1942904955e-01   -1.2529589292e+00    1.2800000000e+04    5.3066204687e-03    1.0000000000e+00
       342   -4.5505005862e-01    5.9049526627e-01   -1.2531236513e+00    7.9807359269e-01   -1.2531236513e+00    1.2800000000e+04    5.3014185693e-03    9.9968750000e-01
       343   -4.4085459054e-01    7.1856533048e-01   -1.2509642276e+00    8.1010963702e-01   -1.2509642276e+00    1.2800000000e+04    5.3022904199e-03    9.9976562500e-01
       344   -4.2636971969e-01    5.9256701979e-01   -1.2881534801e+00    8.6178376043e-01   -1.2881534801e+00    1.2800000000e+04    5.3031208984e-03    9.9992187500e-01
       345   -4.5505523249e-01    5.9124088493e-01   -1.2331986284e+00    7.7814339596e-01   -1.2331986284e+00    1.2800000000e+04    5.3002970752e-03    9.9984375000e-01
       346   -4.7061056317e-01    5.7110200513e-01   -1.1628436928e+00    6.9223312960e-01   -1.1628436928e+00    1.2800000000e+04    5.3086470996e-03    9.9984375000e-01
       347   -4.1499841561e-01    4.3389065931e-01   -1.1304169178e+00    7.1541850217e-01   -1.1304169178e+00    1.2800000000e+04    5.3009134131e-03    1.0000000000e+00
       348   -4.4461375738e-01    6.4582115170e-01   -1.1768229237e+00    7.3220916629e-01   -1.1768229237e+00    1.2800000000e+04    5.2996558691e-03    9.9984375000e-01
       349   -4.6810239180e-01    5.9689530768e-01   -1.1888281608e+00    7.2072576897e-01   -1.1888281608e+00    1.2800000000e+04    5.3005311279e-03    9.9968750000e-01
       350   -4.2983996111e-01    5.8573993223e-01   -1.1868315861e+00    7.5699162497e-01   -1.1868315861e+00    1.2800000000e+04    5.3018278320e-03    1.0000000000e+00
       351   -4.0639760674e-01    5.0598631346e-01   -1.1665930697e+00    7.6019546298e-01   -1.1665930697e+00    1.2800000000e+04    5.3017361182e-03    9.9960937500e-01
       352   -4.4434356306e-01    6.2422987637e-01   -1.2097808797e+00    7.6543731665e-01   -1.2097808797e+00    1.2800000000e+04    5.2999700391e-03    9.9992187500e-01
       353   -4.2251134761e-01    4.3114815888e-01   -1.1553956406e+00    7.3288429297e-01   -1.1553956406e+00    1.2800000000e+04    5.3046345361e-03    1.0000000000e+00
       354   -4.8570199578e-01    8.5294326405e-01   -1.2826929339e+00    7.9699093810e-01   -1.2826929339e+00    1.2800000000e+04    5.3037295605e-03    9.9976562500e-01
       355   -4.7404144627e-01    9.6015256588e-01   -1.3213822473e+00    8.4734080106e-01   -1.3213822473e+00    1.2800000000e+04    5.3032952441e-03    1.0000000000e+00
       356   -4.7166586897e-01    1.0357225021e+00   -1.1943057283e+00    7.2263985934e-01   -1.1943057283e+00    1.2800000000e+04    5.3034404102e-03    1.0000000000e+00
       357   -4.7746581444e-01    7.7482669347e-01   -1.2044212846e+00    7.2695547016e-01   -1.2044212846e+00    1.2800000000e+04    5.3017090625e-03    9.9984375000e-01
       358   -4.6525620172e-01    1.5232259990e+00   -1.2345928347e+00    7.6933663303e-01   -1.2345928347e+00    1.2800000000e+04    5.3054947559e-03    1.0000000000e+00
       359   -4.4056538219e-01    5.1727429295e-01   -1.1717877434e+00    7.3122236120e-01   -1.1717877434e+00    1.2800000000e+04    5.3029803223e-03    9.9984375000e-01
       360   -4.1749603851e-01    4.3526057533e-01   -1.1492546281e+00    7.3175858956e-01   -1.1492546281e+00    1.2800000000e+04    5.3017370947e-03    9.9968750000e-01
       361   -4.8220342852e-01    1.2652326263e+00   -1.3062538715e+00    8.2405044299e-01   -1.3062538715e+00    1.2800000000e+04    5.3020649072e-03    9.9984375000e-01
       362   -4.2122356278e-01    5.3907218344e-01   -1.2116168091e+00    7.9039324636e-01   -1.2116168091e+00    1.2800000000e+04    5.3043784522e-03    9.9976562500e-01
       363   -4.1161883343e-01    6.4459775631e-01   -1.2033865445e+00    7.9176771103e-01   -1.2033865445e+00    1.2800000000e+04    5.3034549561e-03    9.9992187500e-01
       364   -4.1713843436e-01    6.0128774370e-01   -1.2662626733e+00    8.4912423889e-01   -1.2662626733e+00    1.2800000000e+04    5.3040714355e-03    1.0000000000e+00
       365   -4.7445266723e-01    1.5869737101e+00   -1.2095782440e+00    7.3512557674e-01   -1.2095782440e+00    1.2800000000e+04    5.3014068164e-03    1.0000000000e+00
       366   -4.8566058998e-01    1.2477594492e+00   -1.2361739944e+00    7.5051340439e-01   -1.2361739944e+00    1.2800000000e+04    5.3029907373e-03    9.9984375000e-01
       367   -4.6794488473e-01    8.9774692616e-01   -1.2411071009e+00    7.7316221620e-01   -1.2411071009e+00    1.2800000000e+04    5.3008944922e-03    9.9984375000e-01
       368   -4.5507288954e-01    7.1112726597e-01   -1.2816557995e+00    8.2658290997e-01   -1.2816557995e+00    1.2800000000e+04    5.3014572412e-03    1.0000000000e+00
       369   -4.8676836205e-01    7.5276635826e-01   -1.2306357971e+00    7.4386743508e-01   -1.2306357971e+00    1.2800000000e+04    5.3042277148e-03    1.0000000000e+00
       370   -4.4380130467e-01    6.0634631056e-01   -1.2029539239e+00    7.5915261925e-01   -1.2029539239e+00    1.2800000000e+04    5.3007588330e-03    9.9992187500e-01
       371   -4.6457401718e-01    8.6097423093e-01   -1.2589981354e+00    7.9442411826e-01   -1.2589981354e+00    1.2800000000e+04    5.3033504492e-03    9.9992187500e-01
       372   -5.0334720790e-01    8.6846564819e-01   -1.2464505365e+00    7.4310332863e-01   -1.2464505365e+00    1.2800000000e+04    5.3004002490e-03    9.9976562500e-01
       373   -4.5358934826e-01    6.6686311468e-01   -1.2110214469e+00    7.5743209859e-01   -1.2110214469e+00    1.2800000000e+04    5.3004770703e-03    1.0000000000e+00
       374   -5.0095642671e-01    7.3334010523e-01   -1.2014537388e+00    7.0049731205e-01   -1.2014537388e+00    1.2800000000e+04    5.3017526270e-03    1.0000000000e+00
       375   -4.5958118968e-01    7.7278613276e-01   -1.1329448706e+00    6.7336368095e-01   -1.1329448706e+00    1.2800000000e+04    5.3039338135e-03    1.0000000000e+00
       376   -4.4482842511e-01    4.5720011844e-01   -1.1398480648e+00    6.9501963965e-01   -1.1398480648e+00    1.2800000000e+04    5.3054063574e-03    9.9976562500e-01
       377   -4.7774695169e-01    1.2541606866e+00   -1.2846377063e+00    8.0689075464e-01   -1.2846377063e+00    1.2800000000e+04    5.3028238232e-03    9.9976562500e-01
       378   -3.9459463162e-01    4.3749471772e-01   -1.2204969103e+00    8.2590227870e-01   -1.2204969103e+00    1.2800000000e+04    5.3028383936e-03    9.9976562500e-01
       379   -4.2622342040e-01    5.1663588061e-01   -1.2004121680e+00    7.7418874763e-01   -1.2004121680e+00    1.2800000000e+04    5.3033931299e-03    9.9992187500e-01
       380   -4.1759620183e-01    5.1090590870e-01   -1.1565798960e+00    7.3898369418e-01   -1.1565798960e+00    1.2800000000e+04    5.3022601709e-03    1.0000000000e+00
       381   -4.6454064529e-01    5.2632720455e-01   -1.1366633513e+00    6.7212270599e-01   -1.1366633513e+00    1.2800000000e+04    5.3038174170e-03    1.0000000000e+00
       382   -5.1222047758e-01    9.0030961458e-01   -1.1836535936e+00    6.7143311605e-01   -1.1836535936e+00    1.2800000000e+04    5.3005614551e-03    9.9992187500e-01
       383   -4.5784302798e-01    5.6519952179e-01   -1.1045422442e+00    6.4669921622e-01   -1.1045422442e+00    1.2800000000e+04    5.3015819385e-03    1.0000000000e+00
       384   -4.9216618872e-01    7.5700544128e-01   -1.1855151386e+00    6.9334894986e-01   -1.1855151386e+00    1.2800000000e+04    5.3070967578e-03    1.0000000000e+00
       385   -5.1974097698e-01    9.4888041858e-01   -1.2148274681e+00    6.9508649114e-01   -1.2148274681e+00    1.2800000000e+04    5.3053175879e-03    1.0000000000e+00
       386   -4.5411411696e-01    6.3625918887e-01   -1.2083458973e+00    7.5423178033e-01   -1.2083458973e+00    1.2800000000e+04    5.3066505225e-03    1.0000000000e+00
       387   -4.6359006987e-01    5.3630844713e-01   -1.1781601121e+00    7.1457004218e-01   -1.1781601121e+00    1.2800000000e+04    5.3023069873e-03    9.9992187500e-01
       388   -4.6570698332e-01    6.0552126671e-01   -1.1869774974e+00    7.2127051404e-01   -1.1869774974e+00    1.2800000000e+04    5.3072852539e-03    9.9984375000e-01
       389   -4.6407007054e-01    9.2353613648e-01   -1.2266748799e+00    7.6260480934e-01   -1.2266748799e+00    1.2800000000e+04    5.3039311133e-03    9.9992187500e-01
       390   -4.3029053606e-01    4.5080498482e-01   -1.1703098518e+00    7.4001931572e-01   -1.1703098518e+00    1.2800000000e+04    5.3022152197e-03    9.9992187500e-01
       391   -4.8376426283e-01    6.0149306115e-01   -1.1512571983e+00    6.6749293544e-01   -1.1512571983e+00    1.2800000000e+04    5.3045564062e-03    9.9984375000e-01
       392   -4.5657724647e-01    5.5380896886e-01   -1.1905887237e+00    7.3401147726e-01   -1.1905887237e+00    1.2800000000e+04    5.3020987109e-03    9.9992187500e-01
       393   -4.2328751528e-01    4.3472620402e-01   -1.1332804307e+00    7.0999291544e-01   -1.1332804307e+00    1.2800000000e+04    5.3008271436e-03    9.9992187500e-01
       394   -4.5535425474e-01    5.1688451469e-01   -1.1570922018e+00    7.0173794704e-01   -1.1570922018e+00    1.2800000000e+04    5.2972465430e-03    9.9968750000e-01
       395   -5.1519011485e-01    1.0629316656e+00   -1.2165865019e+00    7.0139638702e-01   -1.2165865019e+00    1.2800000000e+04    5.3023791504e-03    9.9992187500e-01
       396   -5.1712705680e-01    7.1764055023e-01   -1.2413765706e+00    7.2424951379e-01   -1.2413765706e+00    1.2800000000e+04    5.3009985742e-03    9.9976562500e-01
       397   -4.3179402390e-01    5.5622428006e-01   -1.2039994380e+00    7.7220541413e-01   -1.2039994380e+00    1.2800000000e+04    5.3017788477e-03    9.9984375000e-01
       398   -4.4146775796e-01    8.2848934604e-01   -1.2741572870e+00    8.3268952902e-01   -1.2741572870e+00    1.2800000000e+04    5.3065004443e-03    9.9984375000e-01
       399   -4.6137914898e-01    6.0923670186e-01   -1.2148358535e+00    7.5345670448e-01   -1.2148358535e+00    1.2800000000e+04    5.3037619141e-03    1.0000000000e+00
       400   -4.8553463159e-01    8.6435527996e-01   -1.2069728286e+00    7.2143819699e-01   -1.2069728286e+00    1.2800000000e+04    5.3034083643e-03    9.9992187500e-01
       401   -4.3782182804e-01    7.5379957147e-01   -1.2118833528e+00    7.7406152476e-01   -1.2118833528e+00    1.2800000000e+04    5.3052864551e-03    9.9992187500e-01
       402   -4.1083135166e-01    4.2991411702e-01   -1.2379976672e+00    8.2716631557e-01   -1.2379976672e+00    1.2800000000e+04    5.3017814844e-03    1.0000000000e+00
       403   -4.3913155537e-01    5.7924781325e-01   -1.2316069675e+00    7.9247541214e-01   -1.2316069675e+00    1.2800000000e+04    5.3038595459e-03    9.9984375000e-01
       404   -4.6239692207e-01    6.4612180441e-01   -1.2718295194e+00    8.0943259733e-01   -1.2718295194e+00    1.2800000000e+04    5.3016941309e-03    9.9992187500e-01
       405   -4.5166462088e-01    1.4239586180e+00   -1.3597914118e+00    9.0812679092e-01   -1.3597914118e+00    1.2800000000e+04    5.3061966406e-03    1.0000000000e+00
       406   -4.2942134675e-01    5.2476181408e-01   -1.2360648392e+00    8.0664349242e-01   -1.2360648392e+00    1.2800000000e+04    5.3026813525e-03    9.9984375000e-01
       407   -4.4089509151e-01    4.8771150009e-01   -1.1651195730e+00    7.2422448150e-01   -1.1651195730e+00    1.2800000000e+04    5.3050406689e-03    9.9984375000e-01
       408   -4.5444232211e-01    4.8541656230e-01   -1.1599436868e+00    7.0550136465e-01   -1.1599436868e+00    1.2800000000e+04    5.3028083789e-03    9.9992187500e-01
       409   -4.6398620994e-01    4.5093501015e-01   -1.1011442553e+00    6.3715804540e-01   -1.1011442553e+00    1.2800000000e+04    5.3045748926e-03    1.0000000000e+00
       410   -4.2707180569e-01    3.7878932026e-01   -1.1046499802e+00    6.7757817448e-01   -1.1046499802e+00    1.2800000000e+04    5.3015433740e-03    9.9976562500e-01
       411   -4.2223970994e-01    5.7239898671e-01   -1.1588661902e+00    7.3662648026e-01   -1.1588661902e+00    1.2800000000e+04    5.3042315039e-03    1.0000000000e+00
       412   -4.2357400418e-01    5.8856891653e-01   -1.1819291280e+00    7.5835512378e-01   -1.1819291280e+00    1.2800000000e+04    5.3037299951e-03    9.9992187500e-01
       413   -4.8017398988e-01    9.0452089274e-01   -1.1918966585e+00    7.1172266859e-01   -1.1918966585e+00    1.2800000000e+04    5.3050869873e-03    9.9992187500e-01
       414   -4.2008748535e-01    5.9905743513e-01   -1.1669204767e+00    7.4683299131e-01   -1.1669204767e+00    1.2800000000e+04    5.3026491943e-03    9.9976562500e-01
       415   -4.6176824272e-01    6.3899546929e-01   -1.2104834549e+00    7.4871521223e-01   -1.2104834549e+00    1.2800000000e+04    5.3047595947e-03    1.0000000000e+00
       416   -4.2662999325e-01    4.8761462854e-01   -1.1702113489e+00    7.4358135569e-01   -1.1702113489e+00    1.2800000000e+04    5.3036580859e-03    9.9992187500e-01
       417   -4.7155278743e-01    1.0392960174e+00   -1.3221861751e+00    8.5063338771e-01   -1.3221861751e+00    1.2800000000e+04    5.3022505225e-03    9.9984375000e-01
       418   -4.4331643214e-01    6.3289932227e-01   -1.2417600551e+00    7.9844362293e-01   -1.2417600551e+00    1.2800000000e+04    5.3014133057e-03    9.9992187500e-01
       419   -4.0102643506e-01    4.2801917887e-01   -1.2047931126e+00    8.0376667753e-01   -1.2047931126e+00    1.2800000000e+04    5.3056395264e-03    9.9992187500e-01
       420   -4.3369184550e-01    8.7074725717e-01   -1.2443334755e+00    8.1064163003e-01   -1.2443334755e+00    1.2800000000e+04    5.3036652588e-03    9.9984375000e-01
       421   -3.8759772939e-01    8.7391776631e-01   -1.2065312611e+00    8.1893353174e-01   -1.2065312611e+00    1.2800000000e+04    5.3006174707e-03    9.9992187500e-01
       422   -4.5018927468e-01    1.3379016940e+00   -1.2571053647e+00    8.0691608999e-01   -1.2571053647e+00    1.2800000000e+04    5.3058112305e-03    9.9992187500e-01
       423   -4.2247634278e-01    9.7428640050e-01   -1.2513673947e+00    8.2889105194e-01   -1.2513673947e+00    1.2800000000e+04    5.3111480176e-03    1.0000000000e+00
       424   -4.3463409593e-01    5.6802975345e-01   -1.2454612445e+00    8.1082714858e-01   -1.2454612445e+00    1.2800000000e+04    5.2996271289e-03    9.9984375000e-01
       425   -4.1843515052e-01    6.2594420591e-01   -1.2503411699e+00    8.3190601941e-01   -1.2503411699e+00    1.2800000000e+04    5.3046838916e-03    9.9992187500e-01
       426   -4.0848621115e-01    4.8243261531e-01   -1.2159795986e+00    8.0749338742e-01   -1.2159795986e+00    1.2800000000e+04    5.3008118994e-03    9.9992187500e-01
       427   -4.3457459876e-01    4.9045881193e-01   -1.2011986688e+00    7.6662407000e-01   -1.2011986688e+00    1.2800000000e+04    5.3002827881e-03    9.9992187500e-01
       428   -4.2787199235e-01    5.6602700894e-01   -1.2056676239e+00    7.7779563155e-01   -1.2056676239e+00    1.2800000000e+04    5.3016293408e-03    9.9976562500e-01
       429   -3.7332723792e-01    4.2885454095e-01   -1.2563072071e+00    8.8297996921e-01   -1.2563072071e+00    1.2800000000e+04    5.3029632568e-03    1.0000000000e+00
       430   -4.4756776826e-01    1.1844528432e+00   -1.3342247902e+00    8.8665702192e-01   -1.3342247902e+00    1.2800000000e+04    5.3029956494e-03    1.0000000000e+00
       431   -4.2853138618e-01    6.7077645908e-01   -1.2618469102e+00    8.3331552399e-01   -1.2618469102e+00    1.2800000000e+04    5.3020524902e-03    9.9984375000e-01
       432   -4.8906573462e-01    2.5650094832e+00   -1.2127819521e+00    7.2371621752e-01   -1.2127819521e+00    1.2800000000e+04    5.2993692871e-03    9.9992187500e-01
       433   -4.8729659400e-01    5.5070560943e-01   -1.1572803746e+00    6.6998378059e-01   -1.1572803746e+00    1.2800000000e+04    5.3037008838e-03    9.9976562500e-01
       434   -4.7056851611e-01    4.4397393198e-01   -1.1152900062e+00    6.4472149007e-01   -1.1152900062e+00    1.2800000000e+04    5.3068078369e-03    9.9992187500e-01
       435   -4.2689616252e-01    4.6539204037e-01   -1.1742414143e+00    7.4734525176e-01   -1.1742414143e+00    1.2800000000e+04    5.3046905859e-03    9.9976562500e-01
       436   -3.7351003988e-01    6.5915744864e-01   -1.2975687632e+00    9.2405872335e-01   -1.2975687632e+00    1.2800000000e+04    5.3067209277e-03    9.9992187500e-01
       437   -4.3556522823e-01    5.1372319552e-01   -1.3028962728e+00    8.6733104454e-01   -1.3028962728e+00    1.2800000000e+04    5.3002818604e-03    9.9992187500e-01
       438   -3.9881224871e-01    5.2041035788e-01   -1.2018853793e+00    8.0307313059e-01   -1.2018853793e+00    1.2800000000e+04    5.2977538184e-03    9.9992187500e-01
       439   -4.0498856532e-01    4.8741642825e-01   -1.1850033424e+00    7.8001477712e-01   -1.1850033424e+00    1.2800000000e+04    5.3012894580e-03    9.9984375000e-01
       440   -4.5676957321e-01    6.6675083844e-01   -1.2060977537e+00    7.4932818045e-01   -1.2060977537e+00    1.2800000000e+04    5.3047725439e-03    9.9976562500e-01
       441   -4.8750386963e-01    1.0336795521e+00   -1.2600672897e+00    7.7256342010e-01   -1.2600672897e+00    1.2800000000e+04    5.3048948096e-03    1.0000000000e+00
       442   -4.4080524950e-01    9.0905530493e-01   -1.2549148782e+00    8.1410962874e-01   -1.2549148782e+00    1.2800000000e+04    5.3027972852e-03    9.9976562500e-01
       443   -4.7465524429e-01    1.2759744129e+00   -1.3773688622e+00    9.0271361787e-01   -1.3773688622e+00    1.2800000000e+04    5.3005301465e-03    9.9992187500e-01
       444   -5.1763808385e-01    1.1247142213e+00   -1.4064161121e+00    8.8877802823e-01   -1.4064161121e+00    1.2800000000e+04    5.2981003760e-03    9.9976562500e-01
       445   -4.4912548721e-01    1.0914531614e+00   -1.3426851170e+00    8.9355962979e-01   -1.3426851170e+00    1.2800000000e+04    5.3034338037e-03    9.9984375000e-01
       446   -4.1732944377e-01    6.2418402839e-01   -1.2578110547e+00    8.4048161096e-01   -1.2578110547e+00    1.2800000000e+04    5.3027975000e-03    9.9992187500e-01
       447   -4.8495358397e-01    1.2859379006e+00   -1.3056620116e+00    8.2070842759e-01   -1.3056620116e+00    1.2800000000e+04    5.3052707178e-03    9.9984375000e-01
       448   -4.0777123811e-01    4.3560067978e-01   -1.1757798635e+00    7.6800862537e-01   -1.1757798635e+00    1.2800000000e+04    5.3057855664e-03    9.9976562500e-01
       449   -4.4146061135e-01    4.7415965894e-01   -1.1635189071e+00    7.2205829572e-01   -1.1635189071e+00    1.2800000000e+04    5.3032877539e-03    1.0000000000e+00
       450   -4.5010834480e-01    4.9504445425e-01   -1.1060814090e+00    6.5597306421e-01   -1.1060814090e+00    1.2800000000e+04    5.3048061279e-03    9.9992187500e-01
       451   -5.1096250163e-01    7.8818052397e-01   -1.0980687016e+00    5.8710619998e-01   -1.0980687016e+00    1.2800000000e+04    5.3048178857e-03    9.9992187500e-01
       452   -4.9952756921e-01    5.3611036121e-01   -1.0401173756e+00    5.4058980634e-01   -1.0401173756e+00    1.2800000000e+04    5.3034247949e-03    9.9984375000e-01
       453   -4.5685369113e-01    4.4832237817e-01   -1.1260260732e+00    6.6917238205e-01   -1.1260260732e+00    1.2800000000e+04    5.3019122754e-03    9.9984375000e-01
       454   -4.4900805705e-01    5.6302827458e-01   -1.1944876128e+00    7.4547955577e-01   -1.1944876128e+00    1.2800000000e+04    5.3055718066e-03    9.9984375000e-01
       455   -4.1056088636e-01    4.0337135151e-01   -1.1655441903e+00    7.5498330390e-01   -1.1655441903e+00    1.2800000000e+04    5.3038534961e-03    9.9992187500e-01
       456   -4.3282312411e-01    5.7776800401e-01   -1.2227419291e+00    7.8991880503e-01   -1.2227419291e+00    1.2800000000e+04    5.3014422852e-03    9.9976562500e-01
       457   -4.0008832241e-01    5.8720495461e-01   -1.2404487114e+00    8.4036038898e-01   -1.2404487114e+00    1.2800000000e+04    5.3017062207e-03    9.9992187500e-01
       458   -4.1385122356e-01    5.2976932760e-01   -1.2536798526e+00    8.3982862907e-01   -1.2536798526e+00    1.2800000000e+04    5.3055846582e-03    9.9992187500e-01
       459   -4.1926716706e-01    6.0876523443e-01   -1.3290141632e+00    9.0974699618e-01   -1.3290141632e+00    1.2800000000e+04    5.3041085352e-03    9.9984375000e-01
       460   -4.1645840257e-01    8.0183597365e-01   -1.3093283644e+00    8.9286996182e-01   -1.3093283644e+00    1.2800000000e+04    5.3054343457e-03    9.9984375000e-01
       461   -4.8475941795e-01    1.1007002200e+00   -1.3086796330e+00    8.2392021510e-01   -1.3086796330e+00    1.2800000000e+04    5.3078221289e-03    9.9984375000e-01
       462   -3.9678776140e-01    3.7995976939e-01   -1.1177181170e+00    7.2093035564e-01   -1.1177181170e+00    1.2800000000e+04    5.3014797656e-03    9.9992187500e-01
       463   -4.0491022124e-01    5.1035417603e-01   -1.2264074817e+00    8.2149726050e-01   -1.2264074817e+00    1.2800000000e+04    5.3031521777e-03    9.9984375000e-01
       464   -5.0115398560e-01    8.6009382908e-01   -1.2759299648e+00    7.7477597921e-01   -1.2759299648e+00    1.2800000000e+04    5.3017350488e-03    9.9992187500e-01
       465   -5.2130977222e-01    7.6203132426e-01   -1.1993717229e+00    6.7806195066e-01   -1.1993717229e+00    1.2800000000e+04    5.2987405908e-03    9.9984375000e-01
       466   -4.5175427171e-01    5.6915610865e-01   -1.1004900026e+00    6.4873573087e-01   -1.1004900026e+00    1.2800000000e+04    5.3008288867e-03    9.9992187500e-01
       467   -4.5043747641e-01    5.1147178848e-01   -1.1003078520e+00    6.4987037561e-01   -1.1003078520e+00    1.2800000000e+04    5.3007816211e-03    9.9960937500e-01
       468   -5.0550113558e-01    8.9975798966e-01   -1.1324122300e+00    6.2691109439e-01   -1.1324122300e+00    1.2800000000e+04    5.3023300684e-03    9.9992187500e-01
       469   -4.3425558988e-01    4.5501553500e-01   -1.1224467970e+00    6.8819120713e-01   -1.1224467970e+00    1.2800000000e+04    5.3016874219e-03    9.9992187500e-01
       470   -4.4489424730e-01    6.2166779478e-01   -1.1770343682e+00    7.3214012088e-01   -1.1770343682e+00    1.2800000000e+04    5.2996705811e-03    9.9984375000e-01
       471   -4.2728269468e-01    5.0195112598e-01   -1.1853553421e+00    7.5807264743e-01   -1.1853553421e+00    1.2800000000e+04    5.3032457373e-03    9.9984375000e-01
       472   -4.6526877158e-01    1.5771994712e+00   -1.2026857195e+00    7.3741694790e-01   -1.2026857195e+00    1.2800000000e+04    5.3023977246e-03    9.9984375000e-01
       473   -4.1621935740e-01    4.4491276889e-01   -1.0904126061e+00    6.7419324871e-01   -1.0904126061e+00    1.2800000000e+04    5.3001947705e-03    9.9976562500e-01
       474   -4.4102546322e-01    4.6745468823e-01   -1.1153917323e+00    6.7436626911e-01   -1.1153917323e+00    1.2800000000e+04    5.3020772559e-03    9.9976562500e-01
       475   -4.1798729357e-01    4.9293096061e-01   -1.1759352202e+00    7.5794792660e-01   -1.1759352202e+00    1.2800000000e+04    5.3044334326e-03    9.9992187500e-01
       476   -4.4714009595e-01    6.2457566519e-01   -1.2365345334e+00    7.8939443741e-01   -1.2365345334e+00    1.2800000000e+04    5.2992135010e-03    9.9960937500e-01
       477   -4.8732423864e-01    1.1580525994e+00   -1.2298294069e+00    7.4250516823e-01   -1.2298294069e+00    1.2800000000e+04    5.2992269727e-03    9.9992187500e-01
       478   -4.5624701629e-01    8.4873025077e-01   -1.2859543705e+00    8.2970735418e-01   -1.2859543705e+00    1.2800000000e+04    5.3028834717e-03    9.9992187500e-01
       479   -4.0892689609e-01    5.6420924812e-01   -1.2192907701e+00    8.1036387400e-01   -1.2192907701e+00    1.2800000000e+04    5.3008190381e-03    9.9992187500e-01
       480   -4.2299583121e-01    5.7262434544e-01   -1.1895842550e+00    7.6658842382e-01   -1.1895842550e+00    1.2800000000e+04    5.3056030420e-03    1.0000000000e+00
       481   -3.9121702566e-01    5.4453155597e-01   -1.2112124749e+00    8.1999544927e-01   -1.2112124749e+00    1.2800000000e+04    5.3047305273e-03    9.9992187500e-01
       482   -3.9178878979e-01    5.0175034924e-01   -1.2506550410e+00    8.5886625122e-01   -1.2506550410e+00    1.2800000000e+04    5.3034188379e-03    9.9992187500e-01
       483   -4.7677149385e-01    1.6109985641e+00   -1.3046751339e+00    8.2790364007e-01   -1.3046751339e+00    1.2800000000e+04    5.3032113379e-03    1.0000000000e+00
       484   -4.4869816527e-01    6.2521317614e-01   -1.2625239501e+00    8.1382578479e-01   -1.2625239501e+00    1.2800000000e+04    5.3051256494e-03    9.9984375000e-01
       485   -4.5608668761e-01    8.8276384247e-01   -1.2125806001e+00    7.5649391245e-01   -1.2125806001e+00    1.2800000000e+04    5.3055125098e-03    9.9976562500e-01
       486   -4.3513545509e-01    5.1135627427e-01   -1.1769998410e+00    7.4186438595e-01   -1.1769998410e+00    1.2800000000e+04    5.3046881641e-03    9.9992187500e-01
       487   -4.3061029296e-01    5.2158798519e-01   -1.2327088303e+00    8.0209853729e-01   -1.2327088303e+00    1.2800000000e+04    5.3024104199e-03    9.9984375000e-01
       488   -4.1461065216e-01    7.3986288315e-01   -1.2688688143e+00    8.5425816218e-01   -1.2688688143e+00    1.2800000000e+04    5.3045557861e-03    9.9976562500e-01
       489   -4.0174636297e-01    5.9838343601e-01   -1.3260757421e+00    9.2432937911e-01   -1.3260757421e+00    1.2800000000e+04    5.3003127197e-03    9.9992187500e-01
       490   -4.1428723360e-01    5.6421000046e-01   -1.2637292752e+00    8.4944204163e-01   -1.2637292752e+00    1.2800000000e+04    5.3017495264e-03    9.9968750000e-01
       491   -4.3601815701e-01    1.0863186772e+00   -1.2484295495e+00    8.1241139252e-01   -1.2484295495e+00    1.2800000000e+04    5.3039864648e-03    9.9992187500e-01
       492   -4.4856899455e-01    5.2325010448e-01   -1.1740915310e+00    7.2552253643e-01   -1.1740915310e+00    1.2800000000e+04    5.3021746729e-03    9.9992187500e-01
       493   -4.8700999994e-01    6.3939486276e-01   -1.1519482554e+00    6.6493825543e-01   -1.1519482554e+00    1.2800000000e+04    5.3023047803e-03    9.9960937500e-01
       494   -4.1800644687e-01    5.1521769778e-01   -1.1858372829e+00    7.6783083600e-01   -1.1858372829e+00    1.2800000000e+04    5.3033792041e-03    9.9984375000e-01
       495   -4.2899927091e-01    4.2439974316e-01   -1.1312198871e+00    7.0222061624e-01   -1.1312198871e+00    1.2800000000e+04    5.3032341162e-03    1.0000000000e+00
       496   -4.5152719069e-01    6.2047339662e-01   -1.1451948515e+00    6.9366766082e-01   -1.1451948515e+00    1.2800000000e+04    5.3021802881e-03    9.9968750000e-01
       497   -4.6722260817e-01    5.8681783516e-01   -1.1753131183e+00    7.0809051017e-01   -1.1753131183e+00    1.2800000000e+04    5.3038528174e-03    9.9984375000e-01
       498   -4.3408473998e-01    5.3862049452e-01   -1.2114678078e+00    7.7738306785e-01   -1.2114678078e+00    1.2800000000e+04    5.3057455859e-03    1.0000000000e+00
       499   -4.9771694751e-01    1.1582454408e+00   -1.2970841268e+00    7.9936717929e-01   -1.2970841268e+00    1.2800000000e+04    5.3034384912e-03    9.9992187500e-01
