#   index    LocalEnergy         LocalEnergy_sq      LocalPotential      Kinetic             Coulomb             BlockWeight         BlockCPU            AcceptRatio         
         0   -4.6560519798e-01    1.2121203603e+00   -1.1934356042e+00    7.2783040620e-01   -1.1934356042e+00    1.2800000000e+04    5.3009636133e-03    9.9875000000e-01
         1   -4.6278772612e-01    7.3160343165e-01   -1.1919490775e+00    7.2916135140e-01   -1.1919490775e+00    1.2800000000e+04    5.2919401953e-03    9.9859375000e-01
         2   -4.4469825926e-01    6.5437904685e-01   -1.2132072187e+00    7.6850895946e-01   -1.2132072187e+00    1.2800000000e+04    5.2936297754e-03    9.9867187500e-01
         3   -4.9201871672e-01    9.2912259120e-01   -1.2402946766e+00    7.4827595989e-01   -1.2402946766e+00    1.2800000000e+04    5.2988795947e-03    9.9914062500e-01
         4   -4.4121945598e-01    6.7478195375e-01   -1.1935613488e+00    7.5234189282e-01   -1.1935613488e+00    1.2800000000e+04    5.2942879297e-03    9.9906250000e-01
         5   -4.6052724155e-01    5.3088177517e-01   -1.1402233006e+00    6.7969605904e-01   -1.1402233006e+00    1.2800000000e+04    5.2923462109e-03    9.9835937500e-01
         6   -4.5008010385e-01    8.1437221815e-01   -1.2022337256e+00    7.5215362177e-01   -1.2022337256e+00    1.2800000000e+04    5.2925287158e-03    9.9867187500e-01
         7   -4.2167005200e-01    6.8282383304e-01   -1.2386740409e+00    8.1700398888e-01   -1.2386740409e+00    1.2800000000e+04    5.2957538184e-03    9.9898437500e-01
         8   -4.0851309816e-01    7.0389424020e-01   -1.2646570738e+00    8.5614397565e-01   -1.2646570738e+00    1.2800000000e+04    5.2981253711e-03    9.9890625000e-01
         9   -4.6427667625e-01    1.2925356693e+00   -1.2057868462e+00    7.4151016995e-01   -1.2057868462e+00    1.2800000000e+04    5.2926854883e-03    9.9835937500e-01
        10   -4.2960012787e-01    7.2376302743e-01   -1.2244386335e+00    7.9483850561e-01   -1.2244386335e+00    1.2800000000e+04    5.2935895850e-03    9.9835937500e-01
        11   -4.4669759998e-01    1.0662611231e+00   -1.1907527515e+00    7.4405515155e-01   -1.1907527515e+00    1.2800000000e+04    5.2901319873e-03    9.9859375000e-01
        12   -4.2833623616e-01    5.2226286028e-01   -1.2349647293e+00    8.0662849314e-01   -1.2349647293e+00    1.2800000000e+04    5.2938225732e-03    9.9835937500e-01
        13   -4.1324960719e-01    5.0416420804e-01   -1.2315227824e+00    8.1827317517e-01   -1.2315227824e+00    1.2800000000e+04    5.2913149170e-03    9.9820312500e-01
        14   -4.5291441439e-01    7.1933635302e-01   -1.2664374411e+00    8.1352302666e-01   -1.2664374411e+00    1.2800000000e+04    5.2958416357e-03    9.9851562500e-01
        15   -4.7523185579e-01    7.6008714455e-01   -1.1836263686e+00    7.0839451285e-01   -1.1836263686e+00    1.2800000000e+04    5.2963061084e-03    9.9898437500e-01
        16   -4.6451264573e-01    1.4176890064e+00   -1.2336673350e+00    7.6915468932e-01   -1.2336673350e+00    1.2800000000e+04    5.2943046631e-03    9.9835937500e-01
        17   -4.3956428589e-01    8.7379293800e-01   -1.2519590729e+00    8.1239478705e-01   -1.2519590729e+00    1.2800000000e+04    5.2947438232e-03    9.9851562500e-01
        18   -4.6815058867e-01    6.5476339232e-01   -1.1402844212e+00    6.7213383255e-01   -1.1402844212e+00    1.2800000000e+04    5.2957828467e-03    9.9890625000e-01
        19   -4.7823239133e-01    7.4601602433e-01   -1.2019574437e+00    7.2372505235e-01   -1.2019574437e+00    1.2800000000e+04    5.2922777783e-03    9.9843750000e-01
        20   -4.5551066820e-01    5.1026331249e-01   -1.0993152073e+00    6.4380453909e-01   -1.0993152073e+00    1.2800000000e+04    5.2986100732e-03    9.9875000000e-01
        21   -4.4978501604e-01    6.5906720680e-01   -1.2107839509e+00    7.6099893488e-01   -1.2107839509e+00    1.2800000000e+04    5.2903518457e-03    9.9804687500e-01
        22   -4.5421368151e-01    7.5263506288e-01   -1.2402154651e+00    7.8600178356e-01   -1.2402154651e+00    1.2800000000e+04    5.2912024512e-03    9.9851562500e-01
        23   -4.8668031683e-01    8.1150227674e-01   -1.1843110619e+00    6.9763074502e-01   -1.1843110619e+00    1.2800000000e+04    5.2920401562e-03    9.9851562500e-01
        24   -5.1698959085e-01    9.0473765917e-01   -1.1655604794e+00    6.4857088852e-01   -1.1655604794e+00    1.2800000000e+04    5.2983222217e-03    9.9875000000e-01
        25   -5.0251871222e-01    2.4035906167e+00   -1.1956563730e+00    6.9313766082e-01   -1.1956563730e+00    1.2800000000e+04    5.2952789160e-03    9.9875000000e-01
        26   -4.5021918308e-01    6.5372524434e-01   -1.1554716914e+00    7.0525250829e-01   -1.1554716914e+00    1.2800000000e+04    5.2947922168e-03    9.9890625000e-01
        27   -4.0867707285e-01    4.4748832380e-01   -1.1609921707e+00    7.5231509780e-01   -1.1609921707e+00    1.2800000000e+04    5.2944409570e-03    9.9875000000e-01
        28   -4.4011032571e-01    7.0532934801e-01   -1.1522016495e+00    7.1209132382e-01   -1.1522016495e+00    1.2800000000e+04    5.2905172217e-03    9.9843750000e-01
        29   -4.6746910552e-01    5.9969417834e-01   -1.1307800785e+00    6.6331097299e-01   -1.1307800785e+00    1.2800000000e+04    5.2969326465e-03    9.9882812500e-01
        30   -4.5157010941e-01    7.4528527258e-01   -1.1046106392e+00    6.5304052982e-01   -1.1046106392e+00    1.2800000000e+04    5.2923096484e-03    9.9867187500e-01
        31   -4.5847173825e-01    6.0071894820e-01   -1.2026681894e+00    7.4419645116e-01   -1.2026681894e+00    1.2800000000e+04    5.2899001611e-03    9.9859375000e-01
        32   -4.4667525335e-01    6.5101503846e-01   -1.2067036689e+00    7.6002841554e-01   -1.2067036689e+00    1.2800000000e+04    5.2953910449e-03    9.9898437500e-01
        33   -4.7633989769e-01    7.9216258640e-01   -1.2017174312e+00    7.2537753346e-01   -1.2017174312e+00    1.2800000000e+04    5.2946896680e-03    9.9867187500e-01
        34   -4.3785308110e-01    5.6802459844e-01   -1.2053083521e+00    7.6745527103e-01   -1.2053083521e+00    1.2800000000e+04    5.2909167383e-03    9.9843750000e-01
        35   -4.3276064943e-01    4.9041927024e-01   -1.1909108403e+00    7.5815019087e-01   -1.1909108403e+00    1.2800000000e+04    5.2955795215e-03    9.9875000000e-01
        36   -3.9777054008e-01    5.0314887324e-01   -1.1856402826e+00    7.8786974255e-01   -1.1856402826e+00    1.2800000000e+04    5.2918294727e-03    9.9859375000e-01
        37   -4.6772550673e-01    7.4143203252e-01   -1.1784200045e+00    7.1069449776e-01   -1.1784200045e+00    1.2800000000e+04    5.2924368359e-03    9.9867187500e-01
        38   -4.4309364834e-01    5.5102986112e-01   -1.1076597838e+00    6.6456613550e-01   -1.1076597838e+00    1.2800000000e+04    5.3009527783e-03    9.9906250000e-01
        39   -4.5091255297e-01    5.8808203725e-01   -1.1836618163e+00    7.3274926330e-01   -1.1836618163e+00    1.2800000000e+04    5.2953911719e-03    9.9890625000e-01
        40   -4.5022222439e-01    5.5476255186e-01   -1.1641947738e+00    7.1397254942e-01   -1.1641947738e+00    1.2800000000e+04    5.2964560938e-03    9.9859375000e-01
        41   -4.7471855739e-01    6.1009420712e-01   -1.1125467609e+00    6.3782820349e-01   -1.1125467609e+00    1.2800000000e+04    5.2944405762e-03    9.9882812500e-01
        42   -4.5754834071e-01    6.9681800766e-01   -1.2161455099e+00    7.5859716921e-01   -1.2161455099e+00    1.2800000000e+04    5.2971410449e-03    9.9882812500e-01
        43   -4.4486190610e-01    8.4423300306e-01   -1.2854298413e+00    8.4056793516e-01   -1.2854298413e+00    1.2800000000e+04    5.2910583691e-03    9.9812500000e-01
        44   -4.6577938925e-01    5.2337569457e-01   -1.1158017458e+00    6.5002235653e-01   -1.1158017458e+00    1.2800000000e+04    5.2960201221e-03    9.9921875000e-01
        45   -4.9539786238e-01    8.6368260217e-01   -1.0913841113e+00    5.9598624888e-01   -1.0913841113e+00    1.2800000000e+04    5.2977593994e-03    9.9937500000e-01
        46   -4.7492045372e-01    6.2424689462e-01   -1.1405956183e+00    6.6567516457e-01   -1.1405956183e+00    1.2800000000e+04    5.2912085547e-03    9.9867187500e-01
        47   -4.9124923936e-01    9.4071809666e-01   -1.2095636013e+00    7.1831436195e-01   -1.2095636013e+00    1.2800000000e+04    5.2926796582e-03    9.9867187500e-01
        48   -4.7803692606e-01    6.1284433771e-01   -1.1195044149e+00    6.4146748880e-01   -1.1195044149e+00    1.2800000000e+04    5.2900889795e-03    9.9804687500e-01
        49   -4.5140864951e-01    6.2747957490e-01   -1.1417743142e+00    6.9036566467e-01   -1.1417743142e+00    1.2800000000e+04    5.2902908008e-03    9.9835937500e-01
        50   -4.1766024318e-01    6.7287147592e-01   -1.2640968929e+00    8.4643664970e-01   -1.2640968929e+00    1.2800000000e+04    5.2897803760e-03    9.9828125000e-01
        51   -4.4140026287e-01    7.5834957216e-01   -1.2313246620e+00    7.8992439913e-01   -1.2313246620e+00    1.2800000000e+04    5.2950638770e-03    9.9875000000e-01
        52   -4.3064797781e-01    9.6388409074e-01   -1.2384878053e+00    8.0783982751e-01   -1.2384878053e+00    1.2800000000e+04    5.3012467383e-03    9.9929687500e-01
        53   -4.4046774539e-01    6.9768767883e-01   -1.3026248458e+00    8.6215710041e-01   -1.3026248458e+00    1.2800000000e+04    5.2945610107e-03    9.9851562500e-01
        54   -4.2627153428e-01    7.5312002559e-01   -1.2896719532e+00    8.6340041890e-01   -1.2896719532e+00    1.2800000000e+04    5.2977669043e-03    9.9867187500e-01
        55   -4.2969403860e-01    6.1175496955e-01   -1.2799253217e+00    8.5023128306e-01   -1.2799253217e+00    1.2800000000e+04    5.2953212891e-03    9.9851562500e-01
        56   -4.2935590525e-01    6.9025948171e-01   -1.2549452152e+00    8.2558930995e-01   -1.2549452152e+00    1.2800000000e+04    5.2956010596e-03    9.9875000000e-01
        57   -4.8509976610e-01    6.4108231713e-01   -1.1859699848e+00    7.0087021869e-01   -1.1859699848e+00    1.2800000000e+04    5.2907777832e-03    9.9835937500e-01
        58   -4.4660969532e-01    5.7287110292e-01   -1.2059683382e+00    7.5935864292e-01   -1.2059683382e+00    1.2800000000e+04    5.2991498584e-03    9.9914062500e-01
        59   -4.6138603611e-01    6.4645761255e-01   -1.1868504354e+00    7.2546439926e-01   -1.1868504354e+00    1.2800000000e+04    5.2936254346e-03    9.9867187500e-01
        60   -4.4043712273e-01    5.8514181455e-01   -1.1850052778e+00    7.4456815511e-01   -1.1850052778e+00    1.2800000000e+04    5.2947621729e-03    9.9906250000e-01
        61   -4.4220375039e-01    6.5944233651e-01   -1.2005769920e+00    7.5837324159e-01   -1.2005769920e+00    1.2800000000e+04    5.2945103857e-03    9.9859375000e-01
        62   -4.6456515069e-01    5.5589449218e-01   -1.1605316516e+00    6.9596650094e-01   -1.1605316516e+00    1.2800000000e+04    5.2944879297e-03    9.9835937500e-01
        63   -4.4750677390e-01    8.2948303314e-01   -1.2088401208e+00    7.6133334687e-01   -1.2088401208e+00    1.2800000000e+04    5.2963928760e-03    9.9843750000e-01
        64   -5.2029914226e-01    1.0340929594e+00   -1.1610952953e+00    6.4079615308e-01   -1.1610952953e+00    1.2800000000e+04    5.2978961377e-03    9.9921875000e-01
        65   -4.4838672540e-01    6.6661443005e-01   -1.2178212759e+00    7.6943455052e-01   -1.2178212759e+00    1.2800000000e+04    5.2975547363e-03    9.9898437500e-01
        66   -4.5815804724e-01    7.3165440646e-01   -1.2206861634e+00    7.6252811611e-01   -1.2206861634e+00    1.2800000000e+04    5.2949291406e-03    9.9875000000e-01
        67   -4.2001269765e-01    9.1427356623e-01   -1.2951019655e+00    8.7508926783e-01   -1.2951019655e+00    1.2800000000e+04    5.2968417383e-03    9.9867187500e-01
        68   -4.6301069452e-01    6.6730808425e-01   -1.1991860513e+00    7.3617535681e-01   -1.1991860513e+00    1.2800000000e+04    5.2938406982e-03    9.9851562500e-01
        69   -4.7835073646e-01    8.7237866604e-01   -1.2274278456e+00    7.4907710918e-01   -1.2274278456e+00    1.2800000000e+04    5.2968732520e-03    9.9859375000e-01
        70   -4.4863010341e-01    7.0710853988e-01   -1.2155838098e+00    7.6695370635e-01   -1.2155838098e+00    1.2800000000e+04    5.2981547168e-03    9.9898437500e-01
        71   -4.6148044003e-01    4.8974450522e-01   -1.1077460798e+00    6.4626563973e-01   -1.1077460798e+00    1.2800000000e+04    5.2926797461e-03    9.9851562500e-01
        72   -4.3033201894e-01    5.3718655169e-01   -1.1570933637e+00    7.2676134480e-01   -1.1570933637e+00    1.2800000000e+04    5.2938303223e-03    9.9851562500e-01
        73   -4.5369890118e-01    7.3686290143e-01   -1.2179676806e+00    7.6426877944e-01   -1.2179676806e+00    1.2800000000e+04    5.2924802930e-03    9.9843750000e-01
        74   -4.8144277117e-01    9.9238716738e-01   -1.2041313463e+00    7.2268857516e-01   -1.2041313463e+00    1.2800000000e+04    5.2891931250e-03    9.9835937500e-01
        75   -4.5733258068e-01    6.5436656157e-01   -1.2111127424e+00    7.5378016177e-01   -1.2111127424e+00    1.2800000000e+04    5.2980527734e-03    9.9859375000e-01
        76   -4.7617263089e-01    6.9789651653e-01   -1.1583813793e+00    6.8220874842e-01   -1.1583813793e+00    1.2800000000e+04    5.2956731104e-03    9.9851562500e-01
        77   -4.2882034900e-01    6.3158728200e-01   -1.2653304453e+00    8.3651009635e-01   -1.2653304453e+00    1.2800000000e+04    5.2963954297e-03    9.9882812500e-01
        78   -4.0594011179e-01    5.2117929825e-01   -1.2792384949e+00    8.7329838315e-01   -1.2792384949e+00    1.2800000000e+04    5.2940316992e-03    9.9859375000e-01
        79   -4.4031912676e-01    7.6827471290e-01   -1.2732976465e+00    8.3297851974e-01   -1.2732976465e+00    1.2800000000e+04    5.2933914941e-03    9.9875000000e-01
        80   -4.7193222262e-01    9.4196777084e-01   -1.2479919477e+00    7.7605972505e-01   -1.2479919477e+00    1.2800000000e+04    5.2973261475e-03    9.9859375000e-01
        81   -4.4968352833e-01    9.4836213839e-01   -1.2690568492e+00    8.1937332084e-01   -1.2690568492e+00    1.2800000000e+04    5.2962165674e-03    9.9914062500e-01
        82   -4.2790121355e-01    5.7650862990e-01   -1.1945968842e+00    7.6669567069e-01   -1.1945968842e+00    1.2800000000e+04    5.2939474072e-03    9.9867187500e-01
        83   -4.7765372199e-01    5.8628263003e-01   -1.1172912822e+00    6.3963756020e-01   -1.1172912822e+00    1.2800000000e+04    5.2893947754e-03    9.9835937500e-01
        84   -4.1977493153e-01    6.3483405209e-01   -1.2474896850e+00    8.2771475347e-01   -1.2474896850e+00    1.2800000000e+04    5.2945455908e-03    9.9890625000e-01
        85   -4.5324938058e-01    1.3162560854e+00   -1.2191909567e+00    7.6594157609e-01   -1.2191909567e+00    1.2800000000e+04    5.2959409473e-03    9.9875000000e-01
        86   -4.2673194835e-01    6.6912586108e-01   -1.2705433178e+00    8.4381136946e-01   -1.2705433178e+00    1.2800000000e+04    5.2942711768e-03    9.9875000000e-01
        87   -4.5646314428e-01    6.6718998180e-01   -1.2536431561e+00    7.9718001179e-01   -1.2536431561e+00    1.2800000000e+04    5.2984325293e-03    9.9882812500e-01
        88   -4.4395819476e-01    5.4661098759e-01   -1.1932483292e+00    7.4929013442e-01   -1.1932483292e+00    1.2800000000e+04    5.2923924414e-03    9.9859375000e-01
        89   -4.6467776346e-01    8.4647447498e-01   -1.3017039200e+00    8.3702615657e-01   -1.3017039200e+00    1.2800000000e+04    5.2917645703e-03    9.9843750000e-01
        90   -4.6077421548e-01    8.3334818577e-01   -1.2945888996e+00    8.3381468410e-01   -1.2945888996e+00    1.2800000000e+04    5.2906031055e-03    9.9828125000e-01
        91   -4.6819429584e-01    6.1447906185e-01   -1.1689735156e+00    7.0077921976e-01   -1.1689735156e+00    1.2800000000e+04    5.2954530469e-03    9.9859375000e-01
        92   -4.5609607747e-01    6.6522266447e-01   -1.2305814366e+00    7.7448535917e-01   -1.2305814366e+00    1.2800000000e+04    5.2934520215e-03    9.9843750000e-01
        93   -4.3784123245e-01    4.8856055488e-01   -1.1490012457e+00    7.1116001320e-01   -1.1490012457e+00    1.2800000000e+04    5.2900894531e-03    9.9851562500e-01
        94   -4.5196309193e-01    4.6568538937e-01   -1.0817230921e+00    6.2976000019e-01   -1.0817230921e+00    1.2800000000e+04    5.2927683887e-03    9.9859375000e-01
        95   -4.7549790750e-01    6.7492022830e-01   -1.1294235556e+00    6.5392564806e-01   -1.1294235556e+00    1.2800000000e+04    5.2921810303e-03    9.9843750000e-01
        96   -4.6987023584e-01    8.4515604039e-01   -1.1906016546e+00    7.2073141878e-01   -1.1906016546e+00    1.2800000000e+04    5.2940175977e-03    9.9851562500e-01
        97   -4.4893986597e-01    6.7105210224e-01   -1.2714596597e+00    8.2251979371e-01   -1.2714596597e+00    1.2800000000e+04    5.2943294971e-03    9.9835937500e-01
        98   -4.8569023185e-01    8.9558322817e-01   -1.2528941086e+00    7.6720387676e-01   -1.2528941086e+00    1.2800000000e+04    5.2924023682e-03    9.9804687500e-01
        99   -4.5660527585e-01    1.4293140148e+00   -1.2525447484e+00    7.9593947260e-01   -1.2525447484e+00    1.2800000000e+04    5.2955353857e-03    9.9890625000e-01
       100   -4.6229694343e-01    6.4202511548e-01   -1.1531254642e+00    6.9082852082e-01   -1.1531254642e+00    1.2800000000e+04    5.2914350293e-03    9.9859375000e-01
       101   -4.3194810079e-01    5.7007931247e-01   -1.1601221945e+00    7.2817409375e-01   -1.1601221945e+00    1.2800000000e+04    5.2943420068e-03    9.9859375000e-01
       102   -4.3115537392e-01    5.2110256889e-01   -1.1252012294e+00    6.9404585545e-01   -1.1252012294e+00    1.2800000000e+04    5.2958428223e-03    9.9875000000e-01
       103   -4.4853156571e-01    5.5010975659e-01   -1.1663053259e+00    7.1777376015e-01   -1.1663053259e+00    1.2800000000e+04    5.2925961523e-03    9.9875000000e-01
       104   -4.3672013440e-01    9.0303602778e-01   -1.2391191179e+00    8.0239898352e-01   -1.2391191179e+00    1.2800000000e+04    5.2903883008e-03    9.9835937500e-01
       105   -4.8388309220e-01    8.4272969652e-01   -1.2413094916e+00    7.5742639941e-01   -1.2413094916e+00    1.2800000000e+04    5.2963758936e-03    9.9851562500e-01
       106   -4.6248058907e-01    5.9879969174e-01   -1.1852277959e+00    7.2274720681e-01   -1.1852277959e+00    1.2800000000e+04    5.2957516797e-03    9.9843750000e-01
       107   -4.4636863668e-01    5.3036537602e-01   -1.1751778776e+00    7.2880924092e-01   -1.1751778776e+00    1.2800000000e+04    5.2953021777e-03    9.9851562500e-01
       108   -4.6593262500e-01    1.0407293401e+00   -1.2353331458e+00    7.6940052085e-01   -1.2353331458e+00    1.2800000000e+04    5.2935126465e-03    9.9828125000e-01
       109   -4.5630457211e-01    6.1946132440e-01   -1.2310874330e+00    7.7478286085e-01   -1.2310874330e+00    1.2800000000e+04    5.2964673730e-03    9.9890625000e-01
       110   -4.3799399063e-01    5.2908775760e-01   -1.1211834184e+00    6.8318942781e-01   -1.1211834184e+00    1.2800000000e+04    5.2959109619e-03    9.9867187500e-01
       111   -4.5031927846e-01    4.7475600500e-01   -1.1184227897e+00    6.6810351127e-01   -1.1184227897e+00    1.2800000000e+04    5.2936357422e-03    9.9835937500e-01
       112   -4.2214462477e-01    6.9019347554e-01   -1.2482091499e+00    8.2606452514e-01   -1.2482091499e+00    1.2800000000e+04    5.2928864355e-03    9.9781250000e-01
       113   -4.6597996890e-01    6.2599548660e-01   -1.2355264159e+00    7.6954644698e-01   -1.2355264159e+00    1.2800000000e+04    5.2951162842e-03    9.9867187500e-01
       114   -4.6387917093e-01    6.8494993772e-01   -1.1614064720e+00    6.9752730111e-01   -1.1614064720e+00    1.2800000000e+04    5.2923423828e-03    9.9867187500e-01
       115   -4.3268868895e-01    5.1298961782e-01   -1.1554663540e+00    7.2277766503e-01   -1.1554663540e+00    1.2800000000e+04    5.2996973145e-03    9.9843750000e-01
       116   -4.8143269801e-01    5.7361002949e-01   -1.0862735916e+00    6.0484089362e-01   -1.0862735916e+00    1.2800000000e+04    5.2988824268e-03    9.9921875000e-01
       117   -4.6975153845e-01    5.8624842884e-01   -1.0975725734e+00    6.2782103497e-01   -1.0975725734e+00    1.2800000000e+04    5.2936482080e-03    9.9867187500e-01
       118   -4.0828078837e-01    1.6401384199e+00   -1.2498534709e+00    8.4157268256e-01   -1.2498534709e+00    1.2800000000e+04    5.2922226660e-03    9.9890625000e-01
       119   -4.3732552522e-01    8.1106672153e-01   -1.2742237827e+00    8.3689825743e-01   -1.2742237827e+00    1.2800000000e+04    5.2932389258e-03    9.9820312500e-01
       120   -4.4523724810e-01    5.4295354235e-01   -1.2118804425e+00    7.6664319437e-01   -1.2118804425e+00    1.2800000000e+04    5.2920391309e-03    9.9843750000e-01
       121   -4.2616573505e-01    4.4472099666e-01   -1.1711990382e+00    7.4503330312e-01   -1.1711990382e+00    1.2800000000e+04    5.2948659424e-03    9.9875000000e-01
       122   -4.5706886568e-01    8.4129211241e-01   -1.2037479647e+00    7.4667909904e-01   -1.2037479647e+00    1.2800000000e+04    5.2985121826e-03    9.9867187500e-01
       123   -4.4255537889e-01    6.3764539104e-01   -1.1796369124e+00    7.3708153347e-01   -1.1796369124e+00    1.2800000000e+04    5.2964482275e-03    9.9906250000e-01
       124   -4.6646577871e-01    5.7669621126e-01   -1.1797828159e+00    7.1331703719e-01   -1.1797828159e+00    1.2800000000e+04    5.2934880859e-03    9.9820312500e-01
       125   -4.5798976207e-01    8.0937751263e-01   -1.2597466226e+00    8.0175686057e-01   -1.2597466226e+00    1.2800000000e+04    5.2973808838e-03    9.9835937500e-01
       126   -4.5273306792e-01    7.5541194892e-01   -1.2418639657e+00    7.8913089777e-01   -1.2418639657e+00    1.2800000000e+04    5.2983875439e-03    9.9882812500e-01
       127   -4.2691716402e-01    6.2871153872e-01   -1.2592218628e+00    8.3230469879e-01   -1.2592218628e+00    1.2800000000e+04    5.2981562012e-03    9.9937500000e-01
       128   -4.6638328414e-01    5.5793648075e-01   -1.1049991864e+00    6.3861590229e-01   -1.1049991864e+00    1.2800000000e+04    5.2929457373e-03    9.9867187500e-01
       129   -4.6865579003e-01    6.2792199995e-01   -1.1554699063e+00    6.8681411627e-01   -1.1554699063e+00    1.2800000000e+04    5.2968195996e-03    9.9929687500e-01
       130   -4.4234172274e-01    7.8368672055e-01   -1.2298528629e+00    7.8751114014e-01   -1.2298528629e+00    1.2800000000e+04    5.2957352978e-03    9.9906250000e-01
       131   -4.5439720332e-01    6.1696679968e-01   -1.1465834449e+00    6.9218624153e-01   -1.1465834449e+00    1.2800000000e+04    5.2949805664e-03    9.9867187500e-01
       132   -4.5797500996e-01    1.7266327199e+00   -1.1816157671e+00    7.2364075715e-01   -1.1816157671e+00    1.2800000000e+04    5.2949959277e-03    9.9882812500e-01
       133   -4.5999204625e-01    6.4919396738e-01   -1.2032660213e+00    7.4327397510e-01   -1.2032660213e+00    1.2800000000e+04    5.2960215283e-03    9.9898437500e-01
       134   -4.1409501843e-01    7.6105460046e-01   -1.2509811354e+00    8.3688611692e-01   -1.2509811354e+00    1.2800000000e+04    5.2931293408e-03    9.9835937500e-01
       135   -4.7233322350e-01    1.0809723131e+00   -1.3003757760e+00    8.2804255246e-01   -1.3003757760e+00    1.2800000000e+04    5.2955382861e-03    9.9882812500e-01
       136   -5.0234100580e-01    1.4270478285e+00   -1.2465875647e+00    7.4424655891e-01   -1.2465875647e+00    1.2800000000e+04    5.2953554688e-03    9.9835937500e-01
       137   -4.5522328821e-01    6.4501686652e-01   -1.2120135600e+00    7.5679027177e-01   -1.2120135600e+00    1.2800000000e+04    5.2960892285e-03    9.9835937500e-01
       138   -4.4293181005e-01    5.9919211144e-01   -1.1456518566e+00    7.0272004659e-01   -1.1456518566e+00    1.2800000000e+04    5.2918124756e-03    9.9835937500e-01
       139   -4.7617230537e-01    8.8583968641e-01   -1.1694147548e+00    6.9324244945e-01   -1.1694147548e+00    1.2800000000e+04    5.2938524707e-03    9.9828125000e-01
       140   -4.7928888788e-01    6.5087015972e-01   -1.1228158560e+00    6.4352696815e-01   -1.1228158560e+00    1.2800000000e+04    5.2939289063e-03    9.9875000000e-01
       141   -4.4767394615e-01    6.8815093259e-01   -1.2368951211e+00    7.8922117500e-01   -1.2368951211e+00    1.2800000000e+04    5.2890043359e-03    9.9820312500e-01
       142   -4.4555996026e-01    6.7936458946e-01   -1.2368313489e+00    7.9127138865e-01   -1.2368313489e+00    1.2800000000e+04    5.2974048828e-03    9.9914062500e-01
       143   -4.5281473955e-01    6.4716313447e-01   -1.1788802439e+00    7.2606550438e-01   -1.1788802439e+00    1.2800000000e+04    5.2954752051e-03    9.9898437500e-01
       144   -5.0068618076e-01    7.3534845447e-01   -1.1432139393e+00    6.4252775849e-01   -1.1432139393e+00    1.2800000000e+04    5.2953069092e-03    9.9898437500e-01
       145   -4.6544530146e-01    5.7273599124e-01   -1.1478432526e+00    6.8239795116e-01   -1.1478432526e+00    1.2800000000e+04    5.2955898145e-03    9.9851562500e-01
       146   -4.4356527553e-01    4.7380843087e-01   -1.1149268725e+00    6.7136159698e-01   -1.1149268725e+00    1.2800000000e+04    5.2963693652e-03    9.9882812500e-01
       147   -4.3961518238e-01    5.2849145829e-01   -1.1314936469e+00    6.9187846451e-01   -1.1314936469e+00    1.2800000000e+04    5.2952799902e-03    9.9843750000e-01
       148   -4.5269404139e-01    7.7512080113e-01   -1.1468535100e+00    6.9415946862e-01   -1.1468535100e+00    1.2800000000e+04    5.2950389844e-03    9.9882812500e-01
       149   -4.2256128915e-01    5.9083459400e-01   -1.1973109864e+00    7.7474969720e-01   -1.1973109864e+00    1.2800000000e+04    5.2908141992e-03    9.9828125000e-01
       150   -4.5460586709e-01    7.3784758357e-01   -1.1999054002e+00    7.4529953311e-01   -1.1999054002e+00    1.2800000000e+04    5.3007782715e-03    9.9890625000e-01
       151   -4.4784520427e-01    6.6697493821e-01   -1.1903725734e+00    7.4252736914e-01   -1.1903725734e+00    1.2800000000e+04    5.2942039844e-03    9.9851562500e-01
       152   -4.5733422709e-01    7.0001303301e-01   -1.1867447474e+00    7.2941052028e-01   -1.1867447474e+00    1.2800000000e+04    5.2931815723e-03    9.9835937500e-01
       153   -4.6530283430e-01    6.3218245635e-01   -1.1550365811e+00    6.8973374683e-01   -1.1550365811e+00    1.2800000000e+04    5.3005243799e-03    9.9914062500e-01
       154   -4.3376015223e-01    5.7275747058e-01   -1.1308764986e+00    6.9711634634e-01   -1.1308764986e+00    1.2800000000e+04    5.2943138232e-03    9.9843750000e-01
       155   -4.6180313791e-01    1.0131749834e+00   -1.1366558040e+00    6.7485266605e-01   -1.1366558040e+00    1.2800000000e+04    5.2956391211e-03    9.9859375000e-01
       156   -4.6105732642e-01    1.1327114042e+00   -1.2329693496e+00    7.7191202314e-01   -1.2329693496e+00    1.2800000000e+04    5.2958173779e-03    9.9851562500e-01
       157   -4.4697047897e-01    7.7853270236e-01   -1.1909293491e+00    7.4395887010e-01   -1.1909293491e+00    1.2800000000e+04    5.2960446582e-03    9.9875000000e-01
       158   -4.6425048365e-01    9.8348725765e-01   -1.1959857971e+00    7.3173531347e-01   -1.1959857971e+00    1.2800000000e+04    5.2930484863e-03    9.9851562500e-01
       159   -4.7630299068e-01    6.9114703109e-01   -1.2067683932e+00    7.3046540248e-01   -1.2067683932e+00    1.2800000000e+04    5.2949190576e-03    9.9882812500e-01
       160   -4.8236229849e-01    5.6972523102e-01   -1.1116238320e+00    6.2926153346e-01   -1.1116238320e+00    1.2800000000e+04    5.2956739697e-03    9.9859375000e-01
       161   -4.6884519113e-01    5.5008321893e-01   -1.1040734305e+00    6.3522823933e-01   -1.1040734305e+00    1.2800000000e+04    5.2948985938e-03    9.9843750000e-01
       162   -4.9864808365e-01    1.3926704321e+00   -1.1614505403e+00    6.6280245661e-01   -1.1614505403e+00    1.2800000000e+04    5.2996187842e-03    9.9914062500e-01
       163   -4.3430612193e-01    5.2750101952e-01   -1.2499449685e+00    8.1563884662e-01   -1.2499449685e+00    1.2800000000e+04    5.2938569678e-03    9.9835937500e-01
       164   -4.6668403632e-01    5.8936708000e-01   -1.1636356730e+00    6.9695163667e-01   -1.1636356730e+00    1.2800000000e+04    5.2957732129e-03    9.9812500000e-01
       165   -4.5305380632e-01    5.5321380455e-01   -1.1369889303e+00    6.8393512395e-01   -1.1369889303e+00    1.2800000000e+04    5.2951771973e-03    9.9890625000e-01
       166   -4.8245265980e-01    7.1204698796e-01   -1.1771820001e+00    6.9472934028e-01   -1.1771820001e+00    1.2800000000e+04    5.2946898242e-03    9.9875000000e-01
       167   -4.4760432654e-01    6.6964747854e-01   -1.1886300885e+00    7.4102576196e-01   -1.1886300885e+00    1.2800000000e+04    5.2956288135e-03    9.9828125000e-01
       168   -4.2253337360e-01    7.7056271613e-01   -1.2256391542e+00    8.0310578064e-01   -1.2256391542e+00    1.2800000000e+04    5.2944310107e-03    9.9843750000e-01
       169   -4.5718630432e-01    5.7607915440e-01   -1.2099774048e+00    7.5279110046e-01   -1.2099774048e+00    1.2800000000e+04    5.2982315283e-03    9.9875000000e-01
       170   -4.9673380426e-01    7.6078265903e-01   -1.1710978705e+00    6.7436406620e-01   -1.1710978705e+00    1.2800000000e+04    5.2939092969e-03    9.9812500000e-01
       171   -4.7061938227e-01    1.1159775239e+00   -1.2312702084e+00    7.6065082616e-01   -1.2312702084e+00    1.2800000000e+04    5.2999834521e-03    9.9937500000e-01
       172   -4.4981062667e-01    9.0148495462e-01   -1.1931401109e+00    7.4332948427e-01   -1.1931401109e+00    1.2800000000e+04    5.2967581201e-03    9.9882812500e-01
       173   -4.6989124664e-01    5.3060827922e-01   -1.1256117549e+00    6.5572050822e-01   -1.1256117549e+00    1.2800000000e+04    5.2983144189e-03    9.9906250000e-01
       174   -4.4617988764e-01    7.8113777574e-01   -1.1895983958e+00    7.4341850820e-01   -1.1895983958e+00    1.2800000000e+04    5.2972357471e-03    9.9859375000e-01
       175   -4.3763746787e-01    7.4986673692e-01   -1.1892983946e+00    7.5166092674e-01   -1.1892983946e+00    1.2800000000e+04    5.2986831348e-03    9.9867187500e-01
       176   -5.0765409041e-01    8.8089599277e-01   -1.1463322872e+00    6.3867819682e-01   -1.1463322872e+00    1.2800000000e+04    5.2985824072e-03    9.9875000000e-01
       177   -4.8614107181e-01    7.0685916177e-01   -1.1673204004e+00    6.8117932857e-01   -1.1673204004e+00    1.2800000000e+04    5.2965735840e-03    9.9859375000e-01
       178   -4.5172289283e-01    6.0919006688e-01   -1.1903378682e+00    7.3861497540e-01   -1.1903378682e+00    1.2800000000e+04    5.2953163525e-03    9.9875000000e-01
       179   -4.7694247946e-01    9.1206888643e-01   -1.2321336360e+00    7.5519115654e-01   -1.2321336360e+00    1.2800000000e+04    5.2982947314e-03    9.9898437500e-01
       180   -4.7284464178e-01    1.1592986811e+00   -1.1896619132e+00    7.1681727143e-01   -1.1896619132e+00    1.2800000000e+04    5.3026808643e-03    9.9929687500e-01
       181   -4.4194757100e-01    5.8165319648e-01   -1.2245117550e+00    7.8256418397e-01   -1.2245117550e+00    1.2800000000e+04    5.2950346191e-03    9.9859375000e-01
       182   -4.7151768723e-01    9.0558722070e-01   -1.2667797104e+00    7.9526202313e-01   -1.2667797104e+00    1.2800000000e+04    5.2976321582e-03    9.9812500000e-01
       183   -4.4073785900e-01    6.5899960948e-01   -1.2850496702e+00    8.4431181118e-01   -1.2850496702e+00    1.2800000000e+04    5.2964076904e-03    9.9867187500e-01
       184   -4.4024567234e-01    6.2449549578e-01   -1.2578566218e+00    8.1761094946e-01   -1.2578566218e+00    1.2800000000e+04    5.2977480811e-03    9.9859375000e-01
       185   -4.3777002401e-01    6.9560214183e-01   -1.2618060980e+00    8.2403607403e-01   -1.2618060980e+00    1.2800000000e+04    5.2996636523e-03    9.9906250000e-01
       186   -4.3405165892e-01    6.8993883637e-01   -1.2468328056e+00    8.1278114671e-01   -1.2468328056e+00    1.2800000000e+04    5.2941513477e-03    9.9828125000e-01
       187   -4.3989641018e-01    6.1239469675e-01   -1.2268174947e+00    7.8692108449e-01   -1.2268174947e+00    1.2800000000e+04    5.2967067676e-03    9.9843750000e-01
       188   -4.5197775007e-01    8.6693294656e-01   -1.2043117290e+00    7.5233397896e-01   -1.2043117290e+00    1.2800000000e+04    5.2942463232e-03    9.9859375000e-01
       189   -4.1517590021e-01    1.0629816487e+00   -1.3118757482e+00    8.9669984800e-01   -1.3118757482e+00    1.2800000000e+04    5.2945952246e-03    9.9843750000e-01
       190   -4.4805147514e-01    6.3446359156e-01   -1.2520247565e+00    8.0397328139e-01   -1.2520247565e+00    1.2800000000e+04    5.2927065820e-03    9.9828125000e-01
       191   -4.5917758734e-01    6.3153343891e-01   -1.1677654637e+00    7.0858787631e-01   -1.1677654637e+00    1.2800000000e+04    5.2959456982e-03    9.9890625000e-01
       192   -4.4210283071e-01    6.9133497173e-01   -1.2048201043e+00    7.6271727357e-01   -1.2048201043e+00    1.2800000000e+04    5.2977254053e-03    9.9851562500e-01
       193   -4.4510183742e-01    7.1888327993e-01   -1.2274068238e+00    7.8230498636e-01   -1.2274068238e+00    1.2800000000e+04    5.2940857227e-03    9.9882812500e-01
       194   -4.6707328295e-01    8.6263846995e-01   -1.2511564664e+00    7.8408318345e-01   -1.2511564664e+00    1.2800000000e+04    5.2920759961e-03    9.9812500000e-01
       195   -4.7169495622e-01    1.9296129029e+00   -1.1739116966e+00    7.0221674040e-01   -1.1739116966e+00    1.2800000000e+04    5.2951387793e-03    9.9875000000e-01
       196   -4.3021864314e-01    8.7299251131e-01   -1.2020832670e+00    7.7186462383e-01   -1.2020832670e+00    1.2800000000e+04    5.2949625586e-03    9.9820312500e-01
       197   -4.6569669407e-01    7.4757528983e-01   -1.1621006915e+00    6.9640399748e-01   -1.1621006915e+00    1.2800000000e+04    5.2914714990e-03    9.9851562500e-01
       198   -4.4278251816e-01    6.1802988613e-01   -1.2278635785e+00    7.8508106030e-01   -1.2278635785e+00    1.2800000000e+04    5.2946180127e-03    9.9828125000e-01
       199   -4.3988771094e-01    5.8592866894e-01   -1.1954817247e+00    7.5559401377e-01   -1.1954817247e+00    1.2800000000e+04    5.2997139014e-03    9.9921875000e-01
       200   -4.5328975344e-01    5.2422607547e-01   -1.1306294873e+00    6.7733973387e-01   -1.1306294873e+00    1.2800000000e+04    5.2979757324e-03    9.9906250000e-01
       201   -4.4748853191e-01    5.8062439680e-01   -1.1594985197e+00    7.1200998780e-01   -1.1594985197e+00    1.2800000000e+04    5.2978717041e-03    9.9890625000e-01
       202   -4.5128255147e-01    6.2122159014e-01   -1.1877979860e+00    7.3651543448e-01   -1.1877979860e+00    1.2800000000e+04    5.2963734229e-03    9.9875000000e-01
       203   -4.5326655531e-01    7.1744793568e-01   -1.3048805977e+00    8.5161404238e-01   -1.3048805977e+00    1.2800000000e+04    5.2962810791e-03    9.9867187500e-01
       204   -4.1274872085e-01    8.6781939858e-01   -1.2132036838e+00    8.0045496291e-01   -1.2132036838e+00    1.2800000000e+04    5.2911437598e-03    9.9820312500e-01
       205   -4.0737172321e-01    6.9884472621e-01   -1.3240283445e+00    9.1665662130e-01   -1.3240283445e+00    1.2800000000e+04    5.2965679834e-03    9.9882812500e-01
       206   -4.4794884134e-01    6.2447533848e-01   -1.1580211689e+00    7.1007232761e-01   -1.1580211689e+00    1.2800000000e+04    5.2965351074e-03    9.9828125000e-01
       207   -4.5633551977e-01    7.9470551108e-01   -1.2417615680e+00    7.8542604824e-01   -1.2417615680e+00    1.2800000000e+04    5.2964581641e-03    9.9921875000e-01
       208   -4.6822829536e-01    6.5930325907e-01   -1.1819441235e+00    7.1371582815e-01   -1.1819441235e+00    1.2800000000e+04    5.2922788428e-03    9.9828125000e-01
       209   -5.0086139057e-01    9.2351917992e-01   -1.1400480675e+00    6.3918667692e-01   -1.1400480675e+00    1.2800000000e+04    5.2955132520e-03    9.9859375000e-01
       210   -4.4582749323e-01    6.0687829737e-01   -1.2043553271e+00    7.5852783385e-01   -1.2043553271e+00    1.2800000000e+04    5.2963992285e-03    9.9882812500e-01
       211   -4.5712899943e-01    6.7856290098e-01   -1.2285834587e+00    7.7145445931e-01   -1.2285834587e+00    1.2800000000e+04    5.2933782666e-03    9.9859375000e-01
       212   -4.6495670588e-01    6.6974183596e-01   -1.2174445361e+00    7.5248783024e-01   -1.2174445361e+00    1.2800000000e+04    5.2968467725e-03    9.9867187500e-01
       213   -4.2906645565e-01    8.7233055349e-01   -1.2776971173e+00    8.4863066166e-01   -1.2776971173e+00    1.2800000000e+04    5.2966410107e-03    9.9875000000e-01
       214   -4.4204499297e-01    6.3090559028e-01   -1.1678286618e+00    7.2578366885e-01   -1.1678286618e+00    1.2800000000e+04    5.2996292432e-03    9.9867187500e-01
       215   -4.7941247556e-01    7.0929858575e-01   -1.1658901845e+00    6.8647770897e-01   -1.1658901845e+00    1.2800000000e+04    5.2947930664e-03    9.9851562500e-01
       216   -4.6957471759e-01    7.7738115799e-01   -1.0924956527e+00    6.2292093508e-01   -1.0924956527e+00    1.2800000000e+04    5.2931792383e-03    9.9843750000e-01
       217   -4.6735455296e-01    5.6635725837e-01   -1.1127529646e+00    6.4539841160e-01   -1.1127529646e+00    1.2800000000e+04    5.2959417236e-03    9.9851562500e-01
       218   -4.7020180966e-01    6.2191400856e-01   -1.0749914092e+00    6.0478959956e-01   -1.0749914092e+00    1.2800000000e+04    5.4177757275e-03    9.9898437500e-01
       219   -4.1600913079e-01    8.8421295790e-01   -1.2221887580e+00    8.0617962721e-01   -1.2221887580e+00    1.2800000000e+04    5.2920108252e-03    9.9867187500e-01
       220   -4.5486220487e-01    5.2359875388e-01   -1.1788423207e+00    7.2398011583e-01   -1.1788423207e+00    1.2800000000e+04    5.2955851367e-03    9.9867187500e-01
       221   -4.6397201277e-01    5.8880975508e-01   -1.1222188121e+00    6.5824679935e-01   -1.1222188121e+00    1.2800000000e+04    5.2946515478e-03    9.9875000000e-01
       222   -4.3139900084e-01    5.2855359548e-01   -1.1575894457e+00    7.2619044487e-01   -1.1575894457e+00    1.2800000000e+04    5.2969699268e-03    9.9921875000e-01
       223   -4.4932622710e-01    6.6554241285e-01   -1.1505880524e+00    7.0126182533e-01   -1.1505880524e+00    1.2800000000e+04    5.2934595996e-03    9.9882812500e-01
       224   -4.4221496879e-01    5.9904260002e-01   -1.2131321782e+00    7.7091720941e-01   -1.2131321782e+00    1.2800000000e+04    5.2931340527e-03    9.9804687500e-01
       225   -4.7810843736e-01    6.2632750582e-01   -1.1078626499e+00    6.2975421250e-01   -1.1078626499e+00    1.2800000000e+04    5.2960929834e-03    9.9882812500e-01
       226   -4.8565502204e-01    6.6320998475e-01   -1.1463884782e+00    6.6073345620e-01   -1.1463884782e+00    1.2800000000e+04    5.2950238965e-03    9.9882812500e-01
       227   -4.7233711763e-01    5.1807502078e-01   -1.1147548116e+00    6.4241769397e-01   -1.1147548116e+00    1.2800000000e+04    5.2985218555e-03    9.9914062500e-01
       228   -4.8244115110e-01    7.5616829129e-01   -1.1520299421e+00    6.6958879097e-01   -1.1520299421e+00    1.2800000000e+04    5.2934691992e-03    9.9835937500e-01
       229   -4.3574572897e-01    5.3874767133e-01   -1.2009404219e+00    7.6519469292e-01   -1.2009404219e+00    1.2800000000e+04    5.2956590283e-03    9.9882812500e-01
       230   -4.5331736612e-01    5.0346865725e-01   -1.1364132662e+00    6.8309590008e-01   -1.1364132662e+00    1.2800000000e+04    5.2962541895e-03    9.9843750000e-01
       231   -4.7151878243e-01    6.2631763853e-01   -1.1367131297e+00    6.6519434728e-01   -1.1367131297e+00    1.2800000000e+04    5.2924696729e-03    9.9843750000e-01
       232   -4.4045945508e-01    5.1443152036e-01   -1.1429072139e+00    7.0244775877e-01   -1.1429072139e+00    1.2800000000e+04    5.2965656543e-03    9.9882812500e-01
       233   -4.4530227087e-01    5.7054302091e-01   -1.1545328786e+00    7.0923060774e-01   -1.1545328786e+00    1.2800000000e+04    5.2941296289e-03    9.9875000000e-01
       234   -4.8149014842e-01    8.6539186662e-01   -1.0927549391e+00    6.1126479063e-01   -1.0927549391e+00    1.2800000000e+04    5.3025756836e-03    9.9937500000e-01
       235   -4.5249593689e-01    5.0826855524e-01   -1.0837670449e+00    6.3127110806e-01   -1.0837670449e+00    1.2800000000e+04    5.2948542139e-03    9.9867187500e-01
       236   -4.7969967678e-01    9.3811099879e-01   -1.1576649742e+00    6.7796529740e-01   -1.1576649742e+00    1.2800000000e+04    5.2916773828e-03    9.9812500000e-01
       237   -4.5204609891e-01    1.8511490458e+00   -1.1297805944e+00    6.7773449545e-01   -1.1297805944e+00    1.2800000000e+04    5.2963484961e-03    9.9867187500e-01
       238   -4.8048857610e-01    5.8169780616e-01   -1.1363245317e+00    6.5583595564e-01   -1.1363245317e+00    1.2800000000e+04    5.2900410156e-03    9.9828125000e-01
       239   -4.2040907162e-01    5.7111135878e-01   -1.2122982156e+00    7.9188914397e-01   -1.2122982156e+00    1.2800000000e+04    5.2924156396e-03    9.9867187500e-01
       240   -4.6408011206e-01    7.4912846366e-01   -1.1962470122e+00    7.3216690019e-01   -1.1962470122e+00    1.2800000000e+04    5.2958489111e-03    9.9882812500e-01
       241   -4.3069640426e-01    5.8804571210e-01   -1.2243902871e+00    7.9369388282e-01   -1.2243902871e+00    1.2800000000e+04    5.2921625439e-03    9.9804687500e-01
       242   -4.2962060015e-01    6.8191897533e-01   -1.2931550430e+00    8.6353444280e-01   -1.2931550430e+00    1.2800000000e+04    5.2941736865e-03    9.9796875000e-01
       243   -4.4011218957e-01    5.6560798144e-01   -1.2175512669e+00    7.7743907734e-01   -1.2175512669e+00    1.2800000000e+04    5.2902800391e-03    9.9828125000e-01
       244   -4.7326802704e-01    6.4577805448e-01   -1.1190069129e+00    6.4573888589e-01   -1.1190069129e+00    1.2800000000e+04    5.2876176611e-03    9.9757812500e-01
       245   -4.5090685036e-01    5.7699359664e-01   -1.1430557005e+00    6.9214885018e-01   -1.1430557005e+00    1.2800000000e+04    5.2952059424e-03    9.9835937500e-01
       246   -4.7841088484e-01    7.4208375922e-01   -1.1493601584e+00    6.7094927354e-01   -1.1493601584e+00    1.2800000000e+04    5.2954124463e-03    9.9875000000e-01
       247   -4.8299767301e-01    6.6831226891e-01   -1.0849869697e+00    6.0198929673e-01   -1.0849869697e+00    1.2800000000e+04    5.2954624561e-03    9.9859375000e-01
       248   -4.7003696213e-01    6.3795366839e-01   -1.1598047105e+00    6.8976774841e-01   -1.1598047105e+00    1.2800000000e+04    5.2970353613e-03    9.9843750000e-01
       249   -4.6208087376e-01    5.3823068555e-01   -1.1634460468e+00    7.0136517304e-01   -1.1634460468e+00    1.2800000000e+04    5.2927168213e-03    9.9882812500e-01
       250   -4.9939292595e-01    7.0354067174e-01   -1.1706905236e+00    6.7129759760e-01   -1.1706905236e+00    1.2800000000e+04    5.2983065381e-03    9.9882812500e-01
       251   -4.6636665783e-01    5.6558401922e-01   -1.0848603889e+00    6.1849373110e-01   -1.0848603889e+00    1.2800000000e+04    5.2899779248e-03    9.9789062500e-01
       252   -4.7188050783e-01    8.9855261642e-01   -1.1873017525e+00    7.1542124466e-01   -1.1873017525e+00    1.2800000000e+04    5.2977270410e-03    9.9867187500e-01
       253   -4.3630871788e-01    6.4878101952e-01   -1.1561813008e+00    7.1987258297e-01   -1.1561813008e+00    1.2800000000e+04    5.2949479346e-03    9.9851562500e-01
       254   -4.3973046963e-01    8.9607828718e-01   -1.1879496877e+00    7.4821921810e-01   -1.1879496877e+00    1.2800000000e+04    5.2933252930e-03    9.9851562500e-01
       255   -5.1347298384e-01    1.2496887197e+00   -1.1981175361e+00    6.8464455230e-01   -1.1981175361e+00    1.2800000000e+04    5.2969299707e-03    9.9859375000e-01
       256   -4.7062045826e-01    7.0161640326e-01   -1.1557867312e+00    6.8516627290e-01   -1.1557867312e+00    1.2800000000e+04    5.2978819189e-03    9.9906250000e-01
       257   -4.6710455634e-01    6.9798932506e-01   -1.1752955801e+00    7.0819102372e-01   -1.1752955801e+00    1.2800000000e+04    5.3004761816e-03    9.9906250000e-01
       258   -4.5986713141e-01    5.4486868452e-01   -1.1579177472e+00    6.9805061577e-01   -1.1579177472e+00    1.2800000000e+04    5.2958164307e-03    9.9828125000e-01
       259   -4.5494406978e-01    6.1047249572e-01   -1.1838072817e+00    7.2886321194e-01   -1.1838072817e+00    1.2800000000e+04    5.2928745068e-03    9.9812500000e-01
       260   -4.7253389912e-01    1.0294840956e+00   -1.1718976884e+00    6.9936378930e-01   -1.1718976884e+00    1.2800000000e+04    5.2942265479e-03    9.9851562500e-01
       261   -4.7917936522e-01    5.5624562647e-01   -1.1099923670e+00    6.3081300178e-01   -1.1099923670e+00    1.2800000000e+04    5.2941462988e-03    9.9796875000e-01
       262   -4.6959148228e-01    6.3576241033e-01   -1.1627152799e+00    6.9312379762e-01   -1.1627152799e+00    1.2800000000e+04    5.2969549902e-03    9.9882812500e-01
       263   -4.5495077407e-01    6.2286008799e-01   -1.2173568993e+00    7.6240612527e-01   -1.2173568993e+00    1.2800000000e+04    5.2910967236e-03    9.9812500000e-01
       264   -4.7018913301e-01    8.3827699331e-01   -1.1870663603e+00    7.1687722733e-01   -1.1870663603e+00    1.2800000000e+04    5.2965499707e-03    9.9867187500e-01
       265   -4.5359124183e-01    6.5815614760e-01   -1.2020771832e+00    7.4848594141e-01   -1.2020771832e+00    1.2800000000e+04    5.2981863916e-03    9.9882812500e-01
       266   -4.6105387747e-01    9.3321255646e-01   -1.2197375744e+00    7.5868369693e-01   -1.2197375744e+00    1.2800000000e+04    5.2968262793e-03    9.9859375000e-01
       267   -4.7501627361e-01    1.4896259277e+00   -1.2121717710e+00    7.3715549737e-01   -1.2121717710e+00    1.2800000000e+04    5.2924221387e-03    9.9859375000e-01
       268   -4.4398490456e-01    6.6621448832e-01   -1.2015988470e+00    7.5761394240e-01   -1.2015988470e+00    1.2800000000e+04    5.2957730029e-03    9.9867187500e-01
       269   -4.2747825826e-01    4.3936855167e-01   -1.1290652761e+00    7.0158701786e-01   -1.1290652761e+00    1.2800000000e+04    5.3043076807e-03    9.9890625000e-01
       270   -4.6238092699e-01    5.8272898241e-01   -1.1017540286e+00    6.3937310157e-01   -1.1017540286e+00    1.2800000000e+04    5.2964215771e-03    9.9875000000e-01
       271   -4.8744809734e-01    6.6696332215e-01   -1.1690975441e+00    6.8164944676e-01   -1.1690975441e+00    1.2800000000e+04    5.2982526709e-03    9.9914062500e-01
       272   -4.3769849945e-01    1.5112547045e+00   -1.2450449796e+00    8.0734648014e-01   -1.2450449796e+00    1.2800000000e+04    5.2974385596e-03    9.9890625000e-01
       273   -4.2727073191e-01    5.4808973533e-01   -1.2149702961e+00    7.8769956422e-01   -1.2149702961e+00    1.2800000000e+04    5.2965798584e-03    9.9867187500e-01
       274   -4.3933342497e-01    1.0781692823e+00   -1.3057004641e+00    8.6636703912e-01   -1.3057004641e+00    1.2800000000e+04    5.2939703125e-03    9.9843750000e-01
       275   -4.2576543886e-01    6.6722115835e-01   -1.2398883409e+00    8.1412290200e-01   -1.2398883409e+00    1.2800000000e+04    5.2943647168e-03    9.9835937500e-01
       276   -4.6605699049e-01    7.0778772878e-01   -1.1679593509e+00    7.0190236044e-01   -1.1679593509e+00    1.2800000000e+04    5.2973975244e-03    9.9890625000e-01
       277   -4.6625879687e-01    5.0180554429e-01   -1.1139359268e+00    6.4767712989e-01   -1.1139359268e+00    1.2800000000e+04    5.2991189600e-03    9.9882812500e-01
       278   -4.7606714392e-01    5.8643443216e-01   -1.1093932664e+00    6.3332612249e-01   -1.1093932664e+00    1.2800000000e+04    5.2909258887e-03    9.9812500000e-01
       279   -4.6532914333e-01    6.3350224707e-01   -1.1776688173e+00    7.1233967402e-01   -1.1776688173e+00    1.2800000000e+04    5.2963738672e-03    9.9843750000e-01
       280   -4.2469475277e-01    6.3017610140e-01   -1.2414141884e+00    8.1671943558e-01   -1.2414141884e+00    1.2800000000e+04    5.2910643555e-03    9.9828125000e-01
       281   -4.3035176067e-01    6.5517881803e-01   -1.2208182953e+00    7.9046653465e-01   -1.2208182953e+00    1.2800000000e+04    5.2962123877e-03    9.9812500000e-01
       282   -4.6544230776e-01    6.8613547327e-01   -1.1866036266e+00    7.2116131886e-01   -1.1866036266e+00    1.2800000000e+04    5.2998062744e-03    9.9875000000e-01
       283   -4.5542018615e-01    6.1455604156e-01   -1.2011976067e+00    7.4577742059e-01   -1.2011976067e+00    1.2800000000e+04    5.2995390479e-03    9.9906250000e-01
       284   -4.4374758618e-01    5.0239919664e-01   -1.1550081694e+00    7.1126058323e-01   -1.1550081694e+00    1.2800000000e+04    5.2923049023e-03    9.9828125000e-01
       285   -4.3139590341e-01    7.2842212382e-01   -1.2254156784e+00    7.9401977504e-01   -1.2254156784e+00    1.2800000000e+04    5.2950314551e-03    9.9898437500e-01
       286   -4.5800434415e-01    9.7195630476e-01   -1.2460248217e+00    7.8802047751e-01   -1.2460248217e+00    1.2800000000e+04    5.2973070703e-03    9.9882812500e-01
       287   -4.7523435582e-01    8.7122541370e-01   -1.1622321128e+00    6.8699775698e-01   -1.1622321128e+00    1.2800000000e+04    5.2970285742e-03    9.9867187500e-01
       288   -4.8994860367e-01    7.4947600349e-01   -1.1418518101e+00    6.5190320639e-01   -1.1418518101e+00    1.2800000000e+04    5.2953956836e-03    9.9867187500e-01
       289   -4.2858187309e-01    7.0178346399e-01   -1.2435470163e+00    8.1496514321e-01   -1.2435470163e+00    1.2800000000e+04    5.2939684521e-03    9.9843750000e-01
       290   -4.6548107592e-01    6.4047745960e-01   -1.1113304739e+00    6.4584939796e-01   -1.1113304739e+00    1.2800000000e+04    5.2941370361e-03    9.9851562500e-01
       291   -4.8135534871e-01    6.9906230061e-01   -1.1067280977e+00    6.2537274898e-01   -1.1067280977e+00    1.2800000000e+04    5.2908517139e-03    9.9773437500e-01
       292   -4.2260074671e-01    7.4247284408e-01   -1.1764508665e+00    7.5385011982e-01   -1.1764508665e+00    1.2800000000e+04    5.2983779443e-03    9.9867187500e-01
       293   -4.6334840095e-01    6.3784015485e-01   -1.2046864330e+00    7.4133803204e-01   -1.2046864330e+00    1.2800000000e+04    5.2936513965e-03    9.9835937500e-01
       294   -4.3392299061e-01    7.1309121795e-01   -1.2864209524e+00    8.5249796182e-01   -1.2864209524e+00    1.2800000000e+04    5.2966835645e-03    9.9890625000e-01
       295   -4.3914929696e-01    7.1592679288e-01   -1.2594678515e+00    8.2031855450e-01   -1.2594678515e+00    1.2800000000e+04    5.2910241406e-03    9.9804687500e-01
       296   -4.6919490814e-01    6.2186194484e-01   -1.1576674387e+00    6.8847253056e-01   -1.1576674387e+00    1.2800000000e+04    5.2988239893e-03    9.9890625000e-01
       297   -4.9066020837e-01    6.7586203979e-01   -1.1170428250e+00    6.2638261667e-01   -1.1170428250e+00    1.2800000000e+04    5.2954591504e-03    9.9851562500e-01
       298   -4.7873386343e-01    1.0148438804e+00   -1.1519462774e+00    6.7321241394e-01   -1.1519462774e+00    1.2800000000e+04    5.2957879150e-03    9.9859375000e-01
       299   -4.9291546252e-01    6.0843118804e-01   -1.1027640621e+00    6.0984859960e-01   -1.1027640621e+00    1.2800000000e+04    5.2948460693e-03    9.9835937500e-01
       300   -4.4335133888e-01    7.3145435609e-01   -1.2376369235e+00    7.9428558461e-01   -1.2376369235e+00    1.2800000000e+04    5.2963303955e-03    9.9906250000e-01
       301   -4.6240276622e-01    8.1446202874e-01   -1.2419682573e+00    7.7956549104e-01   -1.2419682573e+00    1.2800000000e+04    5.2934331250e-03    9.9796875000e-01
       302   -4.6601145025e-01    5.6560253566e-01   -1.1215369104e+00    6.5552546014e-01   -1.1215369104e+00    1.2800000000e+04    5.2938653809e-03    9.9851562500e-01
       303   -4.4024745348e-01    5.7736615715e-01   -1.1752726297e+00    7.3502517622e-01   -1.1752726297e+00    1.2800000000e+04    5.2929898877e-03    9.9851562500e-01
       304   -4.5741867493e-01    6.8419550116e-01   -1.2533660638e+00    7.9594738886e-01   -1.2533660638e+00    1.2800000000e+04    5.2991421387e-03    9.9929687500e-01
       305   -4.4523387964e-01    5.4954911299e-01   -1.1602176441e+00    7.1498376445e-01   -1.1602176441e+00    1.2800000000e+04    5.2936132275e-03    9.9843750000e-01
       306   -4.4404839316e-01    5.9914844328e-01   -1.1821863731e+00    7.3813797997e-01   -1.1821863731e+00    1.2800000000e+04    5.2994742529e-03    9.9914062500e-01
       307   -4.3873991926e-01    6.6892026477e-01   -1.2152862924e+00    7.7654637311e-01   -1.2152862924e+00    1.2800000000e+04    5.3033163721e-03    9.9898437500e-01
       308   -4.0923791348e-01    6.9619017889e-01   -1.2932710101e+00    8.8403309657e-01   -1.2932710101e+00    1.2800000000e+04    5.2952264844e-03    9.9851562500e-01
       309   -4.5932652183e-01    1.0085906316e+00   -1.1594228148e+00    7.0009629299e-01   -1.1594228148e+00    1.2800000000e+04    5.2935525000e-03    9.9890625000e-01
       310   -4.5691213520e-01    8.5283472174e-01   -1.2549763546e+00    7.9806421938e-01   -1.2549763546e+00    1.2800000000e+04    5.2931562354e-03    9.9812500000e-01
       311   -4.6474481540e-01    7.8234680627e-01   -1.2485633554e+00    7.8381853999e-01   -1.2485633554e+00    1.2800000000e+04    5.3000034766e-03    9.9906250000e-01
       312   -4.6024886756e-01    6.4483447954e-01   -1.1996578799e+00    7.3940901230e-01   -1.1996578799e+00    1.2800000000e+04    5.3003349414e-03    9.9890625000e-01
       313   -4.5476033728e-01    8.1060192742e-01   -1.1746888597e+00    7.1992852246e-01   -1.1746888597e+00    1.2800000000e+04    5.2930526367e-03    9.9796875000e-01
       314   -4.5812996497e-01    6.0665032717e-01   -1.1958601998e+00    7.3773023481e-01   -1.1958601998e+00    1.2800000000e+04    5.2953650000e-03    9.9859375000e-01
       315   -4.6454548589e-01    5.7092639383e-01   -1.1363317901e+00    6.7178630423e-01   -1.1363317901e+00    1.2800000000e+04    5.2943778662e-03    9.9875000000e-01
       316   -4.6612521370e-01    5.6852028721e-01   -1.1746072332e+00    7.0848201947e-01   -1.1746072332e+00    1.2800000000e+04    5.2947974463e-03    9.9843750000e-01
       317   -4.7902969476e-01    1.0811572946e+00   -1.1829037639e+00    7.0387406911e-01   -1.1829037639e+00    1.2800000000e+04    5.2924371387e-03    9.9835937500e-01
       318   -4.6360182169e-01    6.7481126441e-01   -1.1960017259e+00    7.3239990417e-01   -1.1960017259e+00    1.2800000000e+04    5.2939054102e-03    9.9820312500e-01
       319   -4.6955537056e-01    6.8441990027e-01   -1.1977889599e+00    7.2823358938e-01   -1.1977889599e+00    1.2800000000e+04    5.2994104883e-03    9.9937500000e-01
       320   -4.5016687491e-01    5.8854978962e-01   -1.1553730544e+00    7.0520617953e-01   -1.1553730544e+00    1.2800000000e+04    5.2945855713e-03    9.9843750000e-01
       321   -4.5402868124e-01    5.8485325332e-01   -1.1843190079e+00    7.3029032666e-01   -1.1843190079e+00    1.2800000000e+04    5.2971158691e-03    9.9882812500e-01
       322   -4.4797288398e-01    8.1157135641e-01   -1.1863308962e+00    7.3835801226e-01   -1.1863308962e+00    1.2800000000e+04    5.2976905713e-03    9.9851562500e-01
       323   -4.9243070935e-01    9.2401353700e-01   -1.1896888390e+00    6.9725812962e-01   -1.1896888390e+00    1.2800000000e+04    5.2989275537e-03    9.9906250000e-01
       324   -4.4967757517e-01    6.5809080664e-01   -1.2132726007e+00    7.6359502551e-01   -1.2132726007e+00    1.2800000000e+04    5.2957729102e-03    9.9867187500e-01
       325   -4.2049491815e-01    5.4859740370e-01   -1.1889544943e+00    7.6845957614e-01   -1.1889544943e+00    1.2800000000e+04    5.2977334131e-03    9.9890625000e-01
       326   -4.6440497045e-01    6.2057824412e-01   -1.1950638825e+00    7.3065891207e-01   -1.1950638825e+00    1.2800000000e+04    5.2987742236e-03    9.9906250000e-01
       327   -4.1982550583e-01    5.7533365745e-01   -1.2168086534e+00    7.9698314754e-01   -1.2168086534e+00    1.2800000000e+04    5.2924885156e-03    9.9757812500e-01
       328   -4.5450368881e-01    6.5710338170e-01   -1.2219012044e+00    7.6739751562e-01   -1.2219012044e+00    1.2800000000e+04    5.2937637598e-03    9.9820312500e-01
       329   -4.8369570071e-01    1.0262385692e+00   -1.2535648972e+00    7.6986919645e-01   -1.2535648972e+00    1.2800000000e+04    5.2989171484e-03    9.9859375000e-01
       330   -4.4233842585e-01    5.5390773885e-01   -1.2263760916e+00    7.8403766573e-01   -1.2263760916e+00    1.2800000000e+04    5.2937192822e-03    9.9843750000e-01
       331   -4.5595694514e-01    6.8410315241e-01   -1.2383199639e+00    7.8236301874e-01   -1.2383199639e+00    1.2800000000e+04    5.2953530859e-03    9.9835937500e-01
       332   -4.5419846615e-01    5.6762216600e-01   -1.1350935518e+00    6.8089508563e-01   -1.1350935518e+00    1.2800000000e+04    5.2966918262e-03    9.9898437500e-01
       333   -4.5825525396e-01    6.0066373401e-01   -1.1619261551e+00    7.0367090115e-01   -1.1619261551e+00    1.2800000000e+04    5.2937989160e-03    9.9835937500e-01
       334   -4.2676919501e-01    4.9933175291e-01   -1.2023552474e+00    7.7558605244e-01   -1.2023552474e+00    1.2800000000e+04    5.2949813135e-03    9.9882812500e-01
       335   -4.4025113394e-01    8.4604932417e-01   -1.2687350717e+00    8.2848393772e-01   -1.2687350717e+00    1.2800000000e+04    5.2988686914e-03    9.9867187500e-01
       336   -4.2365729564e-01    7.5954419305e-01   -1.3252955358e+00    9.0163824015e-01   -1.3252955358e+00    1.2800000000e+04    5.2906366260e-03    9.9820312500e-01
       337   -4.2227320089e-01    5.2147051748e-01   -1.2100343979e+00    7.8776119706e-01   -1.2100343979e+00    1.2800000000e+04    5.2976990332e-03    9.9882812500e-01
       338   -4.3694820615e-01    6.2624835647e-01   -1.2158436466e+00    7.7889544042e-01   -1.2158436466e+00    1.2800000000e+04    5.2956737549e-03    9.9882812500e-01
       339   -4.4624362301e-01    5.9424010469e-01   -1.1790510892e+00    7.3280746620e-01   -1.1790510892e+00    1.2800000000e+04    5.2978969531e-03    9.9867187500e-01
       340   -4.5602655544e-01    5.5588904482e-01   -1.1912254373e+00    7.3519888182e-01   -1.1912254373e+00    1.2800000000e+04    5.2968917383e-03    9.9875000000e-01
       341   -4.5049025613e-01    5.9184265577e-01   -1.1728018505e+00    7.2231159440e-01   -1.1728018505e+00    1.2800000000e+04    5.2983926563e-03    9.9914062500e-01
       342   -4.4131037963e-01    5.4387334675e-01   -1.1467563450e+00    7.0544596535e-01   -1.1467563450e+00    1.2800000000e+04    5.2989068945e-03    9.9843750000e-01
       343   -4.5156230648e-01    6.7125876497e-01   -1.2150861790e+00    7.6352387251e-01   -1.2150861790e+00    1.2800000000e+04    5.2958295801e-03    9.9859375000e-01
       344   -4.4725429269e-01    6.1392281500e-01   -1.1896054543e+00    7.4235116157e-01   -1.1896054543e+00    1.2800000000e+04    5.2916712158e-03    9.9796875000e-01
       345   -4.3746443812e-01    5.5795188673e-01   -1.2375592814e+00    8.0009484328e-01   -1.2375592814e+00    1.2800000000e+04    5.2945087793e-03    9.9859375000e-01
       346   -4.4865717131e-01    7.0022741300e-01   -1.1623735386e+00    7.1371636726e-01   -1.1623735386e+00    1.2800000000e+04    5.2998127783e-03    9.9820312500e-01
       347   -4.8710372289e-01    7.4976830217e-01   -1.0885116338e+00    6.0140791086e-01   -1.0885116338e+00    1.2800000000e+04    5.2991641797e-03    9.9859375000e-01
       348   -4.8461739920e-01    7.2410407752e-01   -1.1352469649e+00    6.5062956566e-01   -1.1352469649e+00    1.2800000000e+04    5.2924072998e-03    9.9851562500e-01
       349   -4.2657298598e-01    5.2701763440e-01   -1.1376475571e+00    7.1107457111e-01   -1.1376475571e+00    1.2800000000e+04    5.2978919189e-03    9.9859375000e-01
       350   -3.9960005753e-01    5.3429390525e-01   -1.2216601017e+00    8.2206004420e-01   -1.2216601017e+00    1.2800000000e+04    5.2919351953e-03    9.9781250000e-01
       351   -4.0290101815e-01    5.3622734739e-01   -1.2205475167e+00    8.1764649852e-01   -1.2205475167e+00    1.2800000000e+04    5.2936571143e-03    9.9812500000e-01
       352   -4.7271756257e-01    6.0674101402e-01   -1.1447772995e+00    6.7205973694e-01   -1.1447772995e+00    1.2800000000e+04    5.2980975781e-03    9.9867187500e-01
       353   -4.6217736687e-01    5.8048542587e-01   -1.1608460716e+00    6.9866870478e-01   -1.1608460716e+00    1.2800000000e+04    5.2958949170e-03    9.9898437500e-01
       354   -4.6729441571e-01    8.6221046998e-01   -1.2347111036e+00    7.6741668793e-01   -1.2347111036e+00    1.2800000000e+04    5.2943123437e-03    9.9898437500e-01
       355   -4.4250892485e-01    5.6150731367e-01   -1.2457051521e+00    8.0319622729e-01   -1.2457051521e+00    1.2800000000e+04    5.2896630811e-03    9.9804687500e-01
       356   -4.5299397826e-01    6.2636067010e-01   -1.2400265791e+00    7.8703260085e-01   -1.2400265791e+00    1.2800000000e+04    5.2960627832e-03    9.9851562500e-01
       357   -4.3529489073e-01    6.2150102242e-01   -1.2552037720e+00    8.1990888129e-01   -1.2552037720e+00    1.2800000000e+04    5.2943627783e-03    9.9835937500e-01
       358   -4.7445876280e-01    1.2531394844e+00   -1.2546589630e+00    7.8020020022e-01   -1.2546589630e+00    1.2800000000e+04    5.2980918262e-03    9.9898437500e-01
       359   -4.7706260176e-01    6.3093383597e-01   -1.1807815826e+00    7.0371898079e-01   -1.1807815826e+00    1.2800000000e+04    5.2943810156e-03    9.9835937500e-01
       360   -4.5637868616e-01    5.6145560006e-01   -1.1641832761e+00    7.0780458992e-01   -1.1641832761e+00    1.2800000000e+04    5.2967399072e-03    9.9921875000e-01
       361   -4.8634317073e-01    6.7420264360e-01   -1.1782966576e+00    6.9195348684e-01   -1.1782966576e+00    1.2800000000e+04    5.2950338867e-03    9.9859375000e-01
       362   -4.4323302158e-01    5.7157210333e-01   -1.1988490189e+00    7.5561599736e-01   -1.1988490189e+00    1.2800000000e+04    5.2961318164e-03    9.9882812500e-01
       363   -4.6614883356e-01    7.7236716479e-01   -1.1465988106e+00    6.8044997706e-01   -1.1465988106e+00    1.2800000000e+04    5.2992833594e-03    9.9890625000e-01
       364   -4.1305991585e-01    5.3964179637e-01   -1.2102684425e+00    7.9720852667e-01   -1.2102684425e+00    1.2800000000e+04    5.2916687305e-03    9.9789062500e-01
       365   -4.5491545139e-01    6.0944018918e-01   -1.1956868981e+00    7.4077144674e-01   -1.1956868981e+00    1.2800000000e+04    5.2921677051e-03    9.9835937500e-01
       366   -4.5938365031e-01    1.0754755381e+00   -1.2428581539e+00    7.8347450364e-01   -1.2428581539e+00    1.2800000000e+04    5.2920997021e-03    9.9828125000e-01
       367   -4.2210958818e-01    7.9672764433e-01   -1.2656706256e+00    8.4356103742e-01   -1.2656706256e+00    1.2800000000e+04    5.2943264209e-03    9.9843750000e-01
       368   -4.1214821696e-01    5.8201906425e-01   -1.2631965096e+00    8.5104829265e-01   -1.2631965096e+00    1.2800000000e+04    5.2952750732e-03    9.9882812500e-01
       369   -4.6849758626e-01    7.6622085813e-01   -1.2199068448e+00    7.5140925851e-01   -1.2199068448e+00    1.2800000000e+04    5.2949369873e-03    9.9812500000e-01
       370   -4.4574238077e-01    5.8386812235e-01   -1.1534170642e+00    7.0767468346e-01   -1.1534170642e+00    1.2800000000e+04    5.2965167285e-03    9.9828125000e-01
       371   -4.3571588886e-01    5.8990527527e-01   -1.2301384294e+00    7.9442254059e-01   -1.2301384294e+00    1.2800000000e+04    5.2994934131e-03    9.9906250000e-01
       372   -4.6023157198e-01    6.6546750721e-01   -1.2103427524e+00    7.5011118039e-01   -1.2103427524e+00    1.2800000000e+04    5.2963519238e-03    9.9867187500e-01
       373   -4.7366044802e-01    6.6351703761e-01   -1.1458500650e+00    6.7218961698e-01   -1.1458500650e+00    1.2800000000e+04    5.2958941357e-03    9.9867187500e-01
       374   -4.7786475620e-01    5.2783002196e-01   -1.1207218215e+00    6.4285706526e-01   -1.1207218215e+00    1.2800000000e+04    5.2957535205e-03    9.9828125000e-01
       375   -4.9750514762e-01    7.8357194664e-01   -1.1647521405e+00    6.6724699288e-01   -1.1647521405e+00    1.2800000000e+04    5.2973467090e-03    9.9898437500e-01
       376   -4.2953287611e-01    5.8026933929e-01   -1.1560225166e+00    7.2648964046e-01   -1.1560225166e+00    1.2800000000e+04    5.2953516992e-03    9.9859375000e-01
       377   -4.5422202883e-01    7.8196837256e-01   -1.1150282717e+00    6.6080624282e-01   -1.1150282717e+00    1.2800000000e+04    5.2935945410e-03    9.9835937500e-01
       378   -4.8141385704e-01    7.1984974448e-01   -1.1426341369e+00    6.6122027990e-01   -1.1426341369e+00    1.2800000000e+04    5.2968500977e-03    9.9906250000e-01
       379   -4.3905861693e-01    6.2862646248e-01   -1.2017923372e+00    7.6273372023e-01   -1.2017923372e+00    1.2800000000e+04    5.2975161719e-03    9.9859375000e-01
       380   -4.7649541473e-01    7.1030557099e-01   -1.1751839418e+00    6.9868852704e-01   -1.1751839418e+00    1.2800000000e+04    5.2956558398e-03    9.9890625000e-01
       381   -4.6141196223e-01    6.3605166654e-01   -1.1984306186e+00    7.3701865640e-01   -1.1984306186e+00    1.2800000000e+04    5.2937064209e-03    9.9789062500e-01
       382   -4.2960415456e-01    5.4238776296e-01   -1.1710819743e+00    7.4147781978e-01   -1.1710819743e+00    1.2800000000e+04    5.3002338379e-03    9.9906250000e-01
       383   -4.4589196307e-01    5.2462077854e-01   -1.1527452135e+00    7.0685325044e-01   -1.1527452135e+00    1.2800000000e+04    5.2971002393e-03    9.9859375000e-01
       384   -4.6665413607e-01    7.7528069338e-01   -1.1607413678e+00    6.9408723175e-01   -1.1607413678e+00    1.2800000000e+04    5.2970234131e-03    9.9851562500e-01
       385   -4.6027103211e-01    7.2144544353e-01   -1.1614673080e+00    7.0119627590e-01   -1.1614673080e+00    1.2800000000e+04    5.2929539355e-03    9.9843750000e-01
       386   -4.6365410041e-01    6.2509778910e-01   -1.1525272467e+00    6.8887314626e-01   -1.1525272467e+00    1.2800000000e+04    5.2936846289e-03    9.9859375000e-01
       387   -4.6879342362e-01    5.6031163219e-01   -1.1353014004e+00    6.6650797680e-01   -1.1353014004e+00    1.2800000000e+04    5.2979276855e-03    9.9843750000e-01
       388   -4.5194020297e-01    5.8378578551e-01   -1.1171044061e+00    6.6516420309e-01   -1.1171044061e+00    1.2800000000e+04    5.2959295996e-03    9.9875000000e-01
       389   -4.9800517169e-01    6.5089274512e-01   -1.1095646746e+00    6.1155950295e-01   -1.1095646746e+00    1.2800000000e+04    5.2984705176e-03    9.9906250000e-01
       390   -4.5215606290e-01    5.0468808063e-01   -1.1030260541e+00    6.5086999123e-01   -1.1030260541e+00    1.2800000000e+04    5.2908330957e-03    9.9835937500e-01
       391   -4.5273852305e-01    6.4779675839e-01   -1.1691810196e+00    7.1644249656e-01   -1.1691810196e+00    1.2800000000e+04    5.2962598975e-03    9.9882812500e-01
       392   -4.5171023854e-01    5.1619751028e-01   -1.1506572975e+00    6.9894705897e-01   -1.1506572975e+00    1.2800000000e+04    5.2979494629e-03    9.9882812500e-01
       393   -4.8214884536e-01    6.0868401938e-01   -1.1455523323e+00    6.6340348695e-01   -1.1455523323e+00    1.2800000000e+04    5.2942246240e-03    9.9898437500e-01
       394   -4.5779875281e-01    4.7273334288e-01   -1.0901383110e+00    6.3233955817e-01   -1.0901383110e+00    1.2800000000e+04    5.2968068652e-03    9.9867187500e-01
       395   -4.7586323511e-01    6.5186828884e-01   -1.1591531986e+00    6.8328996350e-01   -1.1591531986e+00    1.2800000000e+04    5.2928939355e-03    9.9859375000e-01
       396   -4.4280579764e-01    7.8019974207e-01   -1.1797009000e+00    7.3689510235e-01   -1.1797009000e+00    1.2800000000e+04    5.2953250537e-03    9.9859375000e-01
       397   -4.4930227152e-01    6.1804229584e-01   -1.2081797119e+00    7.5887744038e-01   -1.2081797119e+00    1.2800000000e+04    5.2983408545e-03    9.9875000000e-01
       398   -4.2092676039e-01    6.6137012088e-01   -1.2441759820e+00    8.2324922166e-01   -1.2441759820e+00    1.2800000000e+04    5.2953342432e-03    9.9843750000e-01
       399   -4.6995823684e-01    8.2022315392e-01   -1.2013688479e+00    7.3141061108e-01   -1.2013688479e+00    1.2800000000e+04    5.2970055713e-03    9.9851562500e-01
       400   -4.5633642270e-01    5.2971527052e-01   -1.1160352836e+00    6.5969886094e-01   -1.1160352836e+00    1.2800000000e+04    5.2962845752e-03    9.9890625000e-01
       401   -4.5046389338e-01    5.5881715100e-01   -1.1310522271e+00    6.8058833374e-01   -1.1310522271e+00    1.2800000000e+04    5.2974453564e-03    9.9867187500e-01
       402   -4.2036580389e-01    5.0951820157e-01   -1.1803958192e+00    7.6003001530e-01   -1.1803958192e+00    1.2800000000e+04    5.2963150098e-03    9.9867187500e-01
       403   -4.8658650262e-01    9.0470005047e-01   -1.1848735611e+00    6.9828705846e-01   -1.1848735611e+00    1.2800000000e+04    5.2962364014e-03    9.9906250000e-01
       404   -4.2726875574e-01    5.1172263319e-01   -1.1510790408e+00    7.2381028506e-01   -1.1510790408e+00    1.2800000000e+04    5.2970663379e-03    9.9875000000e-01
       405   -4.6885621104e-01    6.8409801292e-01   -1.1443038252e+00    6.7544761420e-01   -1.1443038252e+00    1.2800000000e+04    5.2926298486e-03    9.9835937500e-01
       406   -4.2177423262e-01    7.2822327683e-01   -1.2471740995e+00    8.2539986688e-01   -1.2471740995e+00    1.2800000000e+04    5.2923648291e-03    9.9843750000e-01
       407   -4.4867237125e-01    9.2657842607e-01   -1.2274531422e+00    7.7878077097e-01   -1.2274531422e+00    1.2800000000e+04    5.2987516699e-03    9.9851562500e-01
       408   -4.1537275732e-01    5.9025708703e-01   -1.1545355500e+00    7.3916279266e-01   -1.1545355500e+00    1.2800000000e+04    5.2978378662e-03    9.9882812500e-01
       409   -4.5305924381e-01    6.4232737723e-01   -1.1959345605e+00    7.4287531666e-01   -1.1959345605e+00    1.2800000000e+04    5.2907676855e-03    9.9820312500e-01
       410   -4.4913079493e-01    8.5269232823e-01   -1.1948069401e+00    7.4567614519e-01   -1.1948069401e+00    1.2800000000e+04    5.2963681152e-03    9.9851562500e-01
       411   -4.6891113638e-01    7.8560694416e-01   -1.2003739749e+00    7.3146283856e-01   -1.2003739749e+00    1.2800000000e+04    5.2966720654e-03    9.9851562500e-01
       412   -5.1161843796e-01    7.2945389119e-01   -1.1377454662e+00    6.2612702823e-01   -1.1377454662e+00    1.2800000000e+04    5.2986674707e-03    9.9875000000e-01
       413   -4.5916534769e-01    5.2276073195e-01   -1.1216598953e+00    6.6249454766e-01   -1.1216598953e+00    1.2800000000e+04    5.2994131982e-03    9.9898437500e-01
       414   -4.6742600523e-01    7.3802017275e-01   -1.1832395453e+00    7.1581354005e-01   -1.1832395453e+00    1.2800000000e+04    5.2968600732e-03    9.9898437500e-01
       415   -4.7467313619e-01    9.7108006264e-01   -1.1495850002e+00    6.7491186401e-01   -1.1495850002e+00    1.2800000000e+04    5.2990938086e-03    9.9890625000e-01
       416   -4.7782824888e-01    5.1531553478e-01   -1.1130266520e+00    6.3519840315e-01   -1.1130266520e+00    1.2800000000e+04    5.2982767676e-03    9.9875000000e-01
       417   -4.6787149757e-01    7.4142625828e-01   -1.1319478936e+00    6.6407639606e-01   -1.1319478936e+00    1.2800000000e+04    5.2928270801e-03    9.9820312500e-01
       418   -4.5339454899e-01    5.6739440411e-01   -1.1628550513e+00    7.0946050232e-01   -1.1628550513e+00    1.2800000000e+04    5.2915272168e-03    9.9890625000e-01
       419   -4.5979969323e-01    5.8855812808e-01   -1.1622813403e+00    7.0248164706e-01   -1.1622813403e+00    1.2800000000e+04    5.2961941699e-03    9.9875000000e-01
       420   -4.7318086367e-01    7.8897098311e-01   -1.1762221263e+00    7.0304126260e-01   -1.1762221263e+00    1.2800000000e+04    5.2989283643e-03    9.9882812500e-01
       421   -4.3116469333e-01    5.4218977311e-01   -1.1273106258e+00    6.9614593249e-01   -1.1273106258e+00    1.2800000000e+04    5.2930530908e-03    9.9843750000e-01
       422   -4.5313688748e-01    7.6913219723e-01   -1.1381514217e+00    6.8501453424e-01   -1.1381514217e+00    1.2800000000e+04    5.2964255664e-03    9.9914062500e-01
       423   -4.7844451682e-01    7.1379701919e-01   -1.1285567718e+00    6.5011225502e-01   -1.1285567718e+00    1.2800000000e+04    5.2967514746e-03    9.9851562500e-01
       424   -4.5342207651e-01    5.5872744643e-01   -1.1948813275e+00    7.4145925095e-01   -1.1948813275e+00    1.2800000000e+04    5.2992968359e-03    9.9898437500e-01
       425   -4.5269555406e-01    7.9204957475e-01   -1.2048139209e+00    7.5211836688e-01   -1.2048139209e+00    1.2800000000e+04    5.2967590869e-03    9.9898437500e-01
       426   -4.4170909748e-01    5.2131821164e-01   -1.1407446189e+00    6.9903552146e-01   -1.1407446189e+00    1.2800000000e+04    5.2992859082e-03    9.9882812500e-01
       427   -4.7571970276e-01    1.8179855638e+00   -1.2393253955e+00    7.6360569272e-01   -1.2393253955e+00    1.2800000000e+04    5.2981950488e-03    9.9859375000e-01
       428   -4.3915711508e-01    6.5812435450e-01   -1.2474072056e+00    8.0825009050e-01   -1.2474072056e+00    1.2800000000e+04    5.2941763721e-03    9.9835937500e-01
       429   -4.2121677918e-01    6.5619963819e-01   -1.2933397297e+00    8.7212295055e-01   -1.2933397297e+00    1.2800000000e+04    5.2927870654e-03    9.9843750000e-01
       430   -4.6935671337e-01    7.0649866849e-01   -1.2259053582e+00    7.5654864485e-01   -1.2259053582e+00    1.2800000000e+04    5.2943929297e-03    9.9882812500e-01
       431   -4.0232431833e-01    6.6719728763e-01   -1.2312649089e+00    8.2894059061e-01   -1.2312649089e+00    1.2800000000e+04    5.2960650098e-03    9.9835937500e-01
       432   -4.3631299929e-01    6.4277958642e-01   -1.2100536955e+00    7.7374069617e-01   -1.2100536955e+00    1.2800000000e+04    5.2964060742e-03    9.9890625000e-01
       433   -4.8739354136e-01    7.6925400251e-01   -1.1619825574e+00    6.7458901603e-01   -1.1619825574e+00    1.2800000000e+04    5.2968517480e-03    9.9921875000e-01
       434   -4.8257981600e-01    5.8179430103e-01   -1.0926828760e+00    6.1010306003e-01   -1.0926828760e+00    1.2800000000e+04    5.3026241504e-03    9.9921875000e-01
       435   -4.3629382180e-01    6.0317171298e-01   -1.2052564931e+00    7.6896267134e-01   -1.2052564931e+00    1.2800000000e+04    5.2901829492e-03    9.9828125000e-01
       436   -4.3448779658e-01    8.0338168396e-01   -1.2664331324e+00    8.3194533587e-01   -1.2664331324e+00    1.2800000000e+04    5.2982033496e-03    9.9906250000e-01
       437   -4.3950488466e-01    9.5105227274e-01   -1.1863661157e+00    7.4686123099e-01   -1.1863661157e+00    1.2800000000e+04    5.2990068848e-03    9.9882812500e-01
       438   -4.6297463774e-01    6.7939013751e-01   -1.1655947285e+00    7.0262009078e-01   -1.1655947285e+00    1.2800000000e+04    5.2909155029e-03    9.9843750000e-01
       439   -4.5552266003e-01    1.5792381756e+00   -1.1955834045e+00    7.4006074443e-01   -1.1955834045e+00    1.2800000000e+04    5.2955786963e-03    9.9828125000e-01
       440   -4.4341858910e-01    7.5773644716e-01   -1.2275932593e+00    7.8417467023e-01   -1.2275932593e+00    1.2800000000e+04    5.2987946094e-03    9.9890625000e-01
       441   -4.6663687806e-01    8.5947762482e-01   -1.1394039533e+00    6.7276707523e-01   -1.1394039533e+00    1.2800000000e+04    5.2948259619e-03    9.9828125000e-01
       442   -4.7711743902e-01    5.9755586115e-01   -1.1196759543e+00    6.4255851528e-01   -1.1196759543e+00    1.2800000000e+04    5.2983200195e-03    9.9890625000e-01
       443   -4.9614345368e-01    1.1238705572e+00   -1.1605324615e+00    6.6438900782e-01   -1.1605324615e+00    1.2800000000e+04    5.2965422656e-03    9.9828125000e-01
       444   -4.9150234157e-01    5.7485712127e-01   -1.0953697137e+00    6.0386737212e-01   -1.0953697137e+00    1.2800000000e+04    5.3005636572e-03    9.9882812500e-01
       445   -4.7153176017e-01    7.0581594200e-01   -1.1374757829e+00    6.6594402276e-01   -1.1374757829e+00    1.2800000000e+04    5.2980152344e-03    9.9867187500e-01
       446   -4.6860812077e-01    6.9656772937e-01   -1.2018087440e+00    7.3320062322e-01   -1.2018087440e+00    1.2800000000e+04    5.2969254883e-03    9.9898437500e-01
       447   -4.4112500757e-01    6.4615873366e-01   -1.1790966836e+00    7.3797167602e-01   -1.1790966836e+00    1.2800000000e+04    5.2959951855e-03    9.9851562500e-01
       448   -4.6274348797e-01    7.8428085937e-01   -1.1986250406e+00    7.3588155266e-01   -1.1986250406e+00    1.2800000000e+04    5.2960566699e-03    9.9921875000e-01
       449   -4.6717758607e-01    1.3320226785e+00   -1.2629478037e+00    7.9577021765e-01   -1.2629478037e+00    1.2800000000e+04    5.2980686133e-03    9.9890625000e-01
       450   -4.4998485651e-01    4.9461620358e-01   -1.1202779493e+00    6.7029309275e-01   -1.1202779493e+00    1.2800000000e+04    5.2990407568e-03    9.9929687500e-01
       451   -4.9908243058e-01    6.0245507364e-01   -1.1334303757e+00    6.3434794512e-01   -1.1334303757e+00    1.2800000000e+04    5.2941103174e-03    9.9867187500e-01
       452   -4.7596987777e-01    1.0897078071e+00   -1.1561240389e+00    6.8015416118e-01   -1.1561240389e+00    1.2800000000e+04    5.2948993066e-03    9.9851562500e-01
       453   -4.6302268436e-01    1.0929123544e+00   -1.1660147577e+00    7.0299207336e-01   -1.1660147577e+00    1.2800000000e+04    5.2968631348e-03    9.9882812500e-01
       454   -4.6323316272e-01    7.5617716553e-01   -1.2008453538e+00    7.3761219111e-01   -1.2008453538e+00    1.2800000000e+04    5.2982198096e-03    9.9898437500e-01
       455   -4.6079297476e-01    5.9902158659e-01   -1.1852868560e+00    7.2449388128e-01   -1.1852868560e+00    1.2800000000e+04    5.2944452393e-03    9.9859375000e-01
       456   -4.4051393137e-01    5.4779589990e-01   -1.1768795074e+00    7.3636557605e-01   -1.1768795074e+00    1.2800000000e+04    5.2952752344e-03    9.9859375000e-01
       457   -4.6105051522e-01    2.1242035033e+00   -1.2040223694e+00    7.4297185414e-01   -1.2040223694e+00    1.2800000000e+04    5.2943613525e-03    9.9812500000e-01
       458   -4.9600042536e-01    6.1035693841e-01   -1.1174889815e+00    6.2148855615e-01   -1.1174889815e+00    1.2800000000e+04    5.2967914844e-03    9.9882812500e-01
       459   -4.8144829214e-01    9.2159672251e-01   -1.1664952020e+00    6.8504690982e-01   -1.1664952020e+00    1.2800000000e+04    5.2942632227e-03    9.9882812500e-01
       460   -4.5913430411e-01    6.0553464984e-01   -1.1389800692e+00    6.7984576506e-01   -1.1389800692e+00    1.2800000000e+04    5.2944570264e-03    9.9898437500e-01
       461   -4.5586923586e-01    8.5999013992e-01   -1.1997021834e+00    7.4383294753e-01   -1.1997021834e+00    1.2800000000e+04    5.2987349023e-03    9.9851562500e-01
       462   -4.4977549402e-01    1.3393407219e+00   -1.1681985320e+00    7.1842303801e-01   -1.1681985320e+00    1.2800000000e+04    5.2993926807e-03    9.9890625000e-01
       463   -4.6018805166e-01    5.2363415728e-01   -1.1118003555e+00    6.5161230389e-01   -1.1118003555e+00    1.2800000000e+04    5.2970033936e-03    9.9882812500e-01
       464   -4.5505105625e-01    4.8473093685e-01   -1.1340423968e+00    6.7899134057e-01   -1.1340423968e+00    1.2800000000e+04    5.2964667285e-03    9.9843750000e-01
       465   -4.5009381477e-01    6.8494243588e-01   -1.1915179312e+00    7.4142411641e-01   -1.1915179312e+00    1.2800000000e+04    5.2909210205e-03    9.9843750000e-01
       466   -4.3671801872e-01    6.9317756629e-01   -1.2034961880e+00    7.6677816931e-01   -1.2034961880e+00    1.2800000000e+04    5.2962811719e-03    9.9875000000e-01
       467   -4.3090526832e-01    5.1876640325e-01   -1.2080228684e+00    7.7711760004e-01   -1.2080228684e+00    1.2800000000e+04    5.2997539844e-03    9.9851562500e-01
       468   -4.1221964756e-01    4.6193924429e-01   -1.1849452814e+00    7.7272563385e-01   -1.1849452814e+00    1.2800000000e+04    5.3002912598e-03    9.9906250000e-01
       469   -4.5566916321e-01    6.8905599529e-01   -1.2343781495e+00    7.7870898632e-01   -1.2343781495e+00    1.2800000000e+04    5.2970271924e-03    9.9914062500e-01
       470   -4.0196407771e-01    5.3340156355e-01   -1.2233993450e+00    8.2143526730e-01   -1.2233993450e+00    1.2800000000e+04    5.2990125684e-03    9.9890625000e-01
       471   -4.0929633346e-01    4.9234931859e-01   -1.2289752908e+00    8.1967895731e-01   -1.2289752908e+00    1.2800000000e+04    5.2939190723e-03    9.9812500000e-01
       472   -4.6568567447e-01    6.5688420404e-01   -1.2467650885e+00    7.8107941400e-01   -1.2467650885e+00    1.2800000000e+04    5.2963425537e-03    9.9890625000e-01
       473   -4.6430311283e-01    5.1678690582e-01   -1.1073137719e+00    6.4301065908e-01   -1.1073137719e+00    1.2800000000e+04    5.3013214844e-03    9.9882812500e-01
       474   -4.7733412591e-01    7.2371399893e-01   -1.1124029014e+00    6.3506877548e-01   -1.1124029014e+00    1.2800000000e+04    5.2966837402e-03    9.9882812500e-01
       475   -4.7868867363e-01    5.5614549145e-01   -1.1058953314e+00    6.2720665778e-01   -1.1058953314e+00    1.2800000000e+04    5.2978427441e-03    9.9882812500e-01
       476   -4.9311978427e-01    1.0313088648e+00   -1.1651643512e+00    6.7204456691e-01   -1.1651643512e+00    1.2800000000e+04    5.2987645166e-03    9.9882812500e-01
       477   -4.6905844932e-01    6.5010827690e-01   -1.1702204826e+00    7.0116203328e-01   -1.1702204826e+00    1.2800000000e+04    5.2987305518e-03    9.9882812500e-01
       478   -4.4348849627e-01    7.2859586721e-01   -1.2580955753e+00    8.1460707903e-01   -1.2580955753e+00    1.2800000000e+04    5.2986614893e-03    9.9914062500e-01
       479   -4.4307077459e-01    6.9202547292e-01   -1.2195094118e+00    7.7643863723e-01   -1.2195094118e+00    1.2800000000e+04    5.2943619189e-03    9.9812500000e-01
       480   -4.3895585300e-01    6.9005952958e-01   -1.2093118172e+00    7.7035596419e-01   -1.2093118172e+00    1.2800000000e+04    5.2980547461e-03    9.9914062500e-01
       481   -4.3001997389e-01    4.7840257777e-01   -1.1787322254e+00    7.4871225154e-01   -1.1787322254e+00    1.2800000000e+04    5.2938554297e-03    9.9859375000e-01
       482   -4.0057852128e-01    6.1294446910e-01   -1.3261907966e+00    9.2561227535e-01   -1.3261907966e+00    1.2800000000e+04    5.3001404102e-03    9.9890625000e-01
       483   -4.4582496475e-01    5.5583039032e-01   -1.1692114907e+00    7.2338652592e-01   -1.1692114907e+00    1.2800000000e+04    5.2973609131e-03    9.9859375000e-01
       484   -4.5098833345e-01    5.2826153355e-01   -1.1792132928e+00    7.2822495933e-01   -1.1792132928e+00    1.2800000000e+04    5.2975461328e-03    9.9898437500e-01
       485   -4.7671088895e-01    1.3246390335e+00   -1.2230926802e+00    7.4638179129e-01   -1.2230926802e+00    1.2800000000e+04    5.3009022461e-03    9.9875000000e-01
       486   -4.3189239914e-01    6.5014187607e-01   -1.2472211161e+00    8.1532871691e-01   -1.2472211161e+00    1.2800000000e+04    5.2939415967e-03    9.9812500000e-01
       487   -3.9941810371e-01    5.3596494008e-01   -1.2640687589e+00    8.6465065523e-01   -1.2640687589e+00    1.2800000000e+04    5.2982232129e-03    9.9820312500e-01
       488   -4.3178354389e-01    5.4052988228e-01   -1.1760668687e+00    7.4428332476e-01   -1.1760668687e+00    1.2800000000e+04    5.2896760059e-03    9.9757812500e-01
       489   -4.4745536004e-01    5.6901234581e-01   -1.1933502950e+00    7.4589493496e-01   -1.1933502950e+00    1.2800000000e+04    5.2960426172e-03    9.9820312500e-01
       490   -4.7340716129e-01    1.0386816037e+00   -1.2109675510e+00    7.3756038969e-01   -1.2109675510e+00    1.2800000000e+04    5.2979203271e-03    9.9875000000e-01
       491   -4.3384011899e-01    5.6767777997e-01   -1.2101351047e+00    7.7629498571e-01   -1.2101351047e+00    1.2800000000e+04    5.2975129932e-03    9.9953125000e-01
       492   -4.3924665936e-01    1.3116458178e+00   -1.2906877855e+00    8.5144112613e-01   -1.2906877855e+00    1.2800000000e+04    5.2958271289e-03    9.9851562500e-01
       493   -4.7609516648e-01    9.4902342004e-01   -1.2232122090e+00    7.4711704253e-01   -1.2232122090e+00    1.2800000000e+04    5.2964856738e-03    9.9859375000e-01
       494   -4.9083539278e-01    6.2825574994e-01   -1.1628687752e+00    6.7203338245e-01   -1.1628687752e+00    1.2800000000e+04    5.2947525000e-03    9.9875000000e-01
       495   -4.4523051050e-01    5.2453234457e-01   -1.1471969487e+00    7.0196643823e-01   -1.1471969487e+00    1.2800000000e+04    5.2958079395e-03    9.9843750000e-01
       496   -4.4874875331e-01    6.5523984087e-01   -1.2083502792e+00    7.5960152584e-01   -1.2083502792e+00    1.2800000000e+04    5.2997794385e-03    9.9875000000e-01
       497   -4.3828019345e-01    6.0152205506e-01   -1.1831850073e+00    7.4490481380e-01   -1.1831850073e+00    1.2800000000e+04    5.2993925586e-03    9.9906250000e-01
       498   -4.5849359880e-01    5.6072350119e-01   -1.2014300943e+00    7.4293649550e-01   -1.2014300943e+00    1.2800000000e+04    5.2955823047e-03    9.9851562500e-01
       499   -4.4011214078e-01    5.9196276586e-01   -1.1739975795e+00    7.3388543872e-01   -1.1739975795e+00    1.2800000000e+04    5.2943054492e-03    9.9851562500e-01
