#   index    LocalEnergy         LocalEnergy_sq      LocalPotential      Kinetic             Coulomb             BlockWeight         BlockCPU            AcceptRatio         
         0   -4.6339434543e-01    7.5971197571e-01   -1.1821065282e+00    7.1871218272e-01   -1.1821065282e+00    1.2800000000e+04    4.7013509375e-03    7.3382812500e-01
         1   -4.4166929220e-01    5.1599750805e-01   -1.1921934771e+00    7.5052418485e-01   -1.1921934771e+00    1.2800000000e+04    4.7052920508e-03    7.3437500000e-01
         2   -4.4494049552e-01    6.1158568224e-01   -1.1974693572e+00    7.5252886172e-01   -1.1974693572e+00    1.2800000000e+04    4.7015641650e-03    7.3546875000e-01
         3   -4.6271066970e-01    6.4692860791e-01   -1.1750828125e+00    7.1237214280e-01   -1.1750828125e+00    1.2800000000e+04    4.7217791016e-03    7.4476562500e-01
         4   -4.5356990465e-01    7.7739860527e-01   -1.1778017977e+00    7.2423189302e-01   -1.1778017977e+00    1.2800000000e+04    4.7038572168e-03    7.3664062500e-01
         5   -4.4951334119e-01    6.0179358859e-01   -1.1830743398e+00    7.3356099863e-01   -1.1830743398e+00    1.2800000000e+04    4.6897504150e-03    7.2421875000e-01
         6   -4.4267953476e-01    4.8125910393e-01   -1.1766682980e+00    7.3398876329e-01   -1.1766682980e+00    1.2800000000e+04    4.7006863965e-03    7.3242187500e-01
         7   -4.4927492030e-01    5.9008495886e-01   -1.2292000466e+00    7.7992512630e-01   -1.2292000466e+00    1.2800000000e+04    4.6952933398e-03    7.3093750000e-01
         8   -4.3511020374e-01    5.3791709970e-01   -1.2218851301e+00    7.8677492639e-01   -1.2218851301e+00    1.2800000000e+04    4.6821097412e-03    7.2132812500e-01
         9   -4.5911036554e-01    8.6396047264e-01   -1.1747807616e+00    7.1567039609e-01   -1.1747807616e+00    1.2800000000e+04    4.7191079199e-03    7.3937500000e-01
        10   -4.5034860612e-01    7.3707307481e-01   -1.1663935756e+00    7.1604496948e-01   -1.1663935756e+00    1.2800000000e+04    4.7134410059e-03    7.4031250000e-01
        11   -4.4312470858e-01    4.6592786015e-01   -1.1688580790e+00    7.2573337040e-01   -1.1688580790e+00    1.2800000000e+04    4.7012822949e-03    7.3632812500e-01
        12   -4.5134912767e-01    5.5412200990e-01   -1.1739701320e+00    7.2262100432e-01   -1.1739701320e+00    1.2800000000e+04    4.6972265723e-03    7.3375000000e-01
        13   -4.5852936395e-01    6.7142819547e-01   -1.1520364105e+00    6.9350704651e-01   -1.1520364105e+00    1.2800000000e+04    4.7127912305e-03    7.4164062500e-01
        14   -4.7582680100e-01    9.7316348186e-01   -1.2357505359e+00    7.5992373495e-01   -1.2357505359e+00    1.2800000000e+04    4.6900635742e-03    7.2507812500e-01
        15   -4.5964692884e-01    5.7095081352e-01   -1.1689895936e+00    7.0934266476e-01   -1.1689895936e+00    1.2800000000e+04    4.7173368604e-03    7.4125000000e-01
        16   -4.5036174129e-01    7.0118891687e-01   -1.2010071590e+00    7.5064541776e-01   -1.2010071590e+00    1.2800000000e+04    4.7017370166e-03    7.3148437500e-01
        17   -4.5720273425e-01    6.7825465618e-01   -1.1819453546e+00    7.2474262032e-01   -1.1819453546e+00    1.2800000000e+04    4.8109625293e-03    7.2578125000e-01
        18   -4.4901407685e-01    5.1231660206e-01   -1.1667642005e+00    7.1775012368e-01   -1.1667642005e+00    1.2800000000e+04    4.7189526855e-03    7.3328125000e-01
        19   -4.4312774018e-01    5.6254949927e-01   -1.1875571740e+00    7.4442943382e-01   -1.1875571740e+00    1.2800000000e+04    4.7018216602e-03    7.3031250000e-01
        20   -4.4603793792e-01    5.3753692992e-01   -1.1586192981e+00    7.1258136016e-01   -1.1586192981e+00    1.2800000000e+04    4.7091992236e-03    7.3765625000e-01
        21   -4.3963085042e-01    5.5844744155e-01   -1.1802039896e+00    7.4057313919e-01   -1.1802039896e+00    1.2800000000e+04    4.7096805664e-03    7.3679687500e-01
        22   -4.7172194074e-01    7.8504669960e-01   -1.2086576139e+00    7.3693567316e-01   -1.2086576139e+00    1.2800000000e+04    4.6953599023e-03    7.3179687500e-01
        23   -4.4591854224e-01    5.5433590064e-01   -1.1819537608e+00    7.3603521852e-01   -1.1819537608e+00    1.2800000000e+04    4.6990092529e-03    7.3765625000e-01
        24   -4.6023839885e-01    7.0647616311e-01   -1.2207429639e+00    7.6050456508e-01   -1.2207429639e+00    1.2800000000e+04    4.7017201611e-03    7.3257812500e-01
        25   -4.7705415717e-01    8.9957762989e-01   -1.2282700675e+00    7.5121591036e-01   -1.2282700675e+00    1.2800000000e+04    4.6927401123e-03    7.2828125000e-01
        26   -4.3211658296e-01    5.0303203210e-01   -1.1726393425e+00    7.4052275950e-01   -1.1726393425e+00    1.2800000000e+04    4.7019971094e-03    7.3296875000e-01
        27   -4.3361736974e-01    4.9118466961e-01   -1.1831976006e+00    7.4958023085e-01   -1.1831976006e+00    1.2800000000e+04    4.6944488672e-03    7.2890625000e-01
        28   -4.6914136919e-01    8.1887786614e-01   -1.1856214634e+00    7.1648009426e-01   -1.1856214634e+00    1.2800000000e+04    4.7065994141e-03    7.3242187500e-01
        29   -4.5909263512e-01    6.5843850531e-01   -1.2246430212e+00    7.6555038611e-01   -1.2246430212e+00    1.2800000000e+04    4.6854890234e-03    7.2328125000e-01
        30   -4.4038126295e-01    4.9129895507e-01   -1.1774684924e+00    7.3708722947e-01   -1.1774684924e+00    1.2800000000e+04    4.7057615186e-03    7.3671875000e-01
        31   -4.6061477007e-01    8.1353551477e-01   -1.2078326961e+00    7.4721792599e-01   -1.2078326961e+00    1.2800000000e+04    4.6962066797e-03    7.2710937500e-01
        32   -4.4487667384e-01    4.8275257364e-01   -1.1728539533e+00    7.2797727942e-01   -1.1728539533e+00    1.2800000000e+04    4.7121849023e-03    7.3914062500e-01
        33   -4.5480479006e-01    8.2299004633e-01   -1.1689323474e+00    7.1412755734e-01   -1.1689323474e+00    1.2800000000e+04    4.7221455029e-03    7.4562500000e-01
        34   -4.4830574508e-01    5.8726868272e-01   -1.1737422930e+00    7.2543654788e-01   -1.1737422930e+00    1.2800000000e+04    4.7093797559e-03    7.3757812500e-01
        35   -4.6499857524e-01    6.5135864062e-01   -1.2035492431e+00    7.3855066787e-01   -1.2035492431e+00    1.2800000000e+04    4.7049265381e-03    7.3437500000e-01
        36   -4.4657829698e-01    6.3404148447e-01   -1.1936027712e+00    7.4702447426e-01   -1.1936027712e+00    1.2800000000e+04    4.7006854688e-03    7.3125000000e-01
        37   -4.6942371581e-01    8.7461543965e-01   -1.1819966033e+00    7.1257288745e-01   -1.1819966033e+00    1.2800000000e+04    4.7013867578e-03    7.3843750000e-01
        38   -4.6585625942e-01    6.6069718013e-01   -1.2117760799e+00    7.4591982048e-01   -1.2117760799e+00    1.2800000000e+04    4.7088131152e-03    7.3359375000e-01
        39   -4.3350148407e-01    4.5696716201e-01   -1.1525046279e+00    7.1900314385e-01   -1.1525046279e+00    1.2800000000e+04    4.6973686523e-03    7.3125000000e-01
        40   -4.4870727137e-01    5.9268817558e-01   -1.2106563900e+00    7.6194911859e-01   -1.2106563900e+00    1.2800000000e+04    4.6876437793e-03    7.2523437500e-01
        41   -4.5659765185e-01    5.8089438062e-01   -1.1680559912e+00    7.1145833931e-01   -1.1680559912e+00    1.2800000000e+04    4.7073926953e-03    7.3632812500e-01
        42   -4.5459559014e-01    6.6755080684e-01   -1.2131654747e+00    7.5856988457e-01   -1.2131654747e+00    1.2800000000e+04    4.6756499561e-03    7.2226562500e-01
        43   -4.5275747920e-01    5.8556601250e-01   -1.1686575731e+00    7.1590009390e-01   -1.1686575731e+00    1.2800000000e+04    4.7056958301e-03    7.3648437500e-01
        44   -4.4472393908e-01    5.8976408130e-01   -1.1839053598e+00    7.3918142075e-01   -1.1839053598e+00    1.2800000000e+04    4.7044235449e-03    7.3257812500e-01
        45   -4.3869266575e-01    4.9784784539e-01   -1.1935302937e+00    7.5483762792e-01   -1.1935302937e+00    1.2800000000e+04    4.6987145020e-03    7.2796875000e-01
        46   -4.7155254288e-01    8.7340652880e-01   -1.2401206038e+00    7.6856806088e-01   -1.2401206038e+00    1.2800000000e+04    4.7030352783e-03    7.3039062500e-01
        47   -4.4757485110e-01    5.3030498408e-01   -1.2104265337e+00    7.6285168262e-01   -1.2104265337e+00    1.2800000000e+04    4.6743847852e-03    7.1953125000e-01
        48   -4.3221054820e-01    5.5926575290e-01   -1.2109031748e+00    7.7869262665e-01   -1.2109031748e+00    1.2800000000e+04    4.6878653857e-03    7.2710937500e-01
        49   -4.5958671762e-01    6.6401093865e-01   -1.1645286478e+00    7.0494193022e-01   -1.1645286478e+00    1.2800000000e+04    4.7039537793e-03    7.3257812500e-01
        50   -4.6057662431e-01    6.1862822643e-01   -1.1886417383e+00    7.2806511403e-01   -1.1886417383e+00    1.2800000000e+04    4.7306667285e-03    7.4343750000e-01
        51   -4.4636266575e-01    6.1862078669e-01   -1.2023554818e+00    7.5599281604e-01   -1.2023554818e+00    1.2800000000e+04    4.6949862061e-03    7.2546875000e-01
        52   -4.3660288196e-01    5.4172757328e-01   -1.1758603773e+00    7.3925749534e-01   -1.1758603773e+00    1.2800000000e+04    4.7036282959e-03    7.3414062500e-01
        53   -4.7209679951e-01    8.3202472345e-01   -1.2285468792e+00    7.5645007968e-01   -1.2285468792e+00    1.2800000000e+04    4.6873446582e-03    7.2515625000e-01
        54   -4.5371616895e-01    5.4892014970e-01   -1.1928788439e+00    7.3916267491e-01   -1.1928788439e+00    1.2800000000e+04    4.7016661816e-03    7.3359375000e-01
        55   -4.6195342503e-01    9.0399744366e-01   -1.2001226482e+00    7.3816922313e-01   -1.2001226482e+00    1.2800000000e+04    4.6950258789e-03    7.2867187500e-01
        56   -4.4790969868e-01    5.7901045464e-01   -1.1884352348e+00    7.4052553613e-01   -1.1884352348e+00    1.2800000000e+04    4.6928086377e-03    7.2789062500e-01
        57   -4.6605881835e-01    9.5616030121e-01   -1.2220907838e+00    7.5603196548e-01   -1.2220907838e+00    1.2800000000e+04    4.6972006689e-03    7.3242187500e-01
        58   -4.6550506272e-01    5.8230580666e-01   -1.1630479455e+00    6.9754288279e-01   -1.1630479455e+00    1.2800000000e+04    4.7058587549e-03    7.3320312500e-01
        59   -4.4170170460e-01    4.9417900982e-01   -1.1524665148e+00    7.1076481020e-01   -1.1524665148e+00    1.2800000000e+04    4.6985792920e-03    7.3132812500e-01
        60   -5.5049938320e-01    2.7930003807e+01   -1.3071761380e+00    7.5667675485e-01   -1.3071761380e+00    1.2800000000e+04    4.6952864502e-03    7.2976562500e-01
        61   -4.3881288823e-01    5.6890377568e-01   -1.2162037095e+00    7.7739082128e-01   -1.2162037095e+00    1.2800000000e+04    4.6838618213e-03    7.2281250000e-01
        62   -4.4228245419e-01    6.9223590331e-01   -1.2005007359e+00    7.5821828168e-01   -1.2005007359e+00    1.2800000000e+04    4.6986930322e-03    7.3242187500e-01
        63   -4.6000496882e-01    6.9902445096e-01   -1.1736039382e+00    7.1359896941e-01   -1.1736039382e+00    1.2800000000e+04    4.6999750293e-03    7.3289062500e-01
        64   -4.3990958702e-01    4.9772627235e-01   -1.1815133046e+00    7.4160371763e-01   -1.1815133046e+00    1.2800000000e+04    4.7060009814e-03    7.3070312500e-01
        65   -4.4729318788e-01    5.3810782031e-01   -1.1773555222e+00    7.3006233436e-01   -1.1773555222e+00    1.2800000000e+04    4.7034740479e-03    7.3109375000e-01
        66   -4.4420067538e-01    5.9832354684e-01   -1.2082340618e+00    7.6403338643e-01   -1.2082340618e+00    1.2800000000e+04    4.6992427783e-03    7.2859375000e-01
        67   -4.4768701647e-01    5.5052695216e-01   -1.1811033365e+00    7.3341632002e-01   -1.1811033365e+00    1.2800000000e+04    4.7004297754e-03    7.3273437500e-01
        68   -4.6896284441e-01    1.2981909342e+00   -1.2437947108e+00    7.7483186643e-01   -1.2437947108e+00    1.2800000000e+04    4.6977100391e-03    7.3093750000e-01
        69   -4.3934122122e-01    7.9213675796e-01   -1.1861376985e+00    7.4679647728e-01   -1.1861376985e+00    1.2800000000e+04    4.6937770020e-03    7.2609375000e-01
        70   -4.6396813346e-01    1.0298409305e+00   -1.2205933359e+00    7.5662520244e-01   -1.2205933359e+00    1.2800000000e+04    4.6935687109e-03    7.2804687500e-01
        71   -4.5552364530e-01    6.3085324785e-01   -1.1683144989e+00    7.1279085361e-01   -1.1683144989e+00    1.2800000000e+04    4.7173506592e-03    7.3929687500e-01
        72   -4.6435890539e-01    5.6155300317e-01   -1.1614760028e+00    6.9711709743e-01   -1.1614760028e+00    1.2800000000e+04    4.7068207471e-03    7.3695312500e-01
        73   -4.6094035430e-01    6.8100990001e-01   -1.2023527905e+00    7.4141243615e-01   -1.2023527905e+00    1.2800000000e+04    4.7022784229e-03    7.3375000000e-01
        74   -4.4436640434e-01    6.1089368834e-01   -1.1984066284e+00    7.5404022403e-01   -1.1984066284e+00    1.2800000000e+04    4.6899081299e-03    7.2101562500e-01
        75   -4.4927711752e-01    7.2868243920e-01   -1.1746881636e+00    7.2541104609e-01   -1.1746881636e+00    1.2800000000e+04    4.7004365234e-03    7.3585937500e-01
        76   -4.5379948526e-01    5.6498891256e-01   -1.2004634296e+00    7.4666394436e-01   -1.2004634296e+00    1.2800000000e+04    4.6994542725e-03    7.2820312500e-01
        77   -4.5730660632e-01    6.0824380470e-01   -1.1863493302e+00    7.2904272388e-01   -1.1863493302e+00    1.2800000000e+04    4.6988731934e-03    7.3210937500e-01
        78   -4.5861462490e-01    5.9701645803e-01   -1.1814831692e+00    7.2286854429e-01   -1.1814831692e+00    1.2800000000e+04    4.7013172607e-03    7.3437500000e-01
        79   -4.7329184338e-01    1.0152757692e+00   -1.2286965526e+00    7.5540470919e-01   -1.2286965526e+00    1.2800000000e+04    4.6949042480e-03    7.2648437500e-01
        80   -4.3004197840e-01    4.8407944199e-01   -1.1956143000e+00    7.6557232155e-01   -1.1956143000e+00    1.2800000000e+04    4.7060258643e-03    7.3390625000e-01
        81   -4.4904390696e-01    6.2465760865e-01   -1.1801933200e+00    7.3114941305e-01   -1.1801933200e+00    1.2800000000e+04    4.7150996973e-03    7.3960937500e-01
        82   -4.7481737001e-01    1.6784457772e+00   -1.1939929971e+00    7.1917562713e-01   -1.1939929971e+00    1.2800000000e+04    4.6969941748e-03    7.3210937500e-01
        83   -4.6434095966e-01    6.9639850787e-01   -1.1861336112e+00    7.2179265153e-01   -1.1861336112e+00    1.2800000000e+04    4.6962291260e-03    7.3046875000e-01
        84   -4.4530092398e-01    5.1083596996e-01   -1.1813349774e+00    7.3603405343e-01   -1.1813349774e+00    1.2800000000e+04    4.6929906201e-03    7.3015625000e-01
        85   -4.9243776113e-01    1.6442842951e+00   -1.2186259302e+00    7.2618816905e-01   -1.2186259302e+00    1.2800000000e+04    4.6947355371e-03    7.2968750000e-01
        86   -4.4825392249e-01    6.6649672028e-01   -1.1901044835e+00    7.4185056103e-01   -1.1901044835e+00    1.2800000000e+04    4.7091605859e-03    7.3414062500e-01
        87   -4.5486827463e-01    5.5918762608e-01   -1.1812774115e+00    7.2640913691e-01   -1.1812774115e+00    1.2800000000e+04    4.7101233789e-03    7.3468750000e-01
        88   -4.5354576356e-01    5.5164417311e-01   -1.1737683541e+00    7.2022259055e-01   -1.1737683541e+00    1.2800000000e+04    4.7058789941e-03    7.3796875000e-01
        89   -4.5421209629e-01    4.9804511861e-01   -1.1760385553e+00    7.2182645898e-01   -1.1760385553e+00    1.2800000000e+04    4.6869395459e-03    7.2679687500e-01
        90   -4.4229408001e-01    6.7628072185e-01   -1.1921247687e+00    7.4983068867e-01   -1.1921247687e+00    1.2800000000e+04    4.7005563037e-03    7.3210937500e-01
        91   -4.6030004225e-01    9.6654846304e-01   -1.1954050806e+00    7.3510503839e-01   -1.1954050806e+00    1.2800000000e+04    4.7026823682e-03    7.2882812500e-01
        92   -4.4964556273e-01    5.4650223683e-01   -1.1708615600e+00    7.2121599731e-01   -1.1708615600e+00    1.2800000000e+04    4.7064757959e-03    7.3664062500e-01
        93   -4.5119511550e-01    6.2336325883e-01   -1.1729675743e+00    7.2177245879e-01   -1.1729675743e+00    1.2800000000e+04    4.7004480713e-03    7.3843750000e-01
        94   -4.7306485682e-01    6.1211391181e-01   -1.1733125183e+00    7.0024766152e-01   -1.1733125183e+00    1.2800000000e+04    4.7159092627e-03    7.4359375000e-01
        95   -4.8057914531e-01    7.6669046007e-01   -1.2459205337e+00    7.6534138842e-01   -1.2459205337e+00    1.2800000000e+04    4.6888525586e-03    7.2554687500e-01
        96   -4.4857617845e-01    5.6706034122e-01   -1.1675598176e+00    7.1898363915e-01   -1.1675598176e+00    1.2800000000e+04    4.7074165234e-03    7.3625000000e-01
        97   -4.5064397761e-01    4.9367228836e-01   -1.1636440537e+00    7.1300007609e-01   -1.1636440537e+00    1.2800000000e+04    4.6996020020e-03    7.3492187500e-01
        98   -4.6328922678e-01    7.3898059754e-01   -1.1917002272e+00    7.2841100038e-01   -1.1917002272e+00    1.2800000000e+04    4.7064706104e-03    7.3640625000e-01
        99   -4.6176513322e-01    8.9040321538e-01   -1.1807866929e+00    7.1902155965e-01   -1.1807866929e+00    1.2800000000e+04    4.7050843359e-03    7.3742187500e-01
       100   -4.3882320161e-01    6.9863063149e-01   -1.1944170809e+00    7.5559387926e-01   -1.1944170809e+00    1.2800000000e+04    4.6996808398e-03    7.3039062500e-01
       101   -4.4927263230e-01    5.9566897001e-01   -1.2027234207e+00    7.5345078837e-01   -1.2027234207e+00    1.2800000000e+04    4.6963207666e-03    7.3289062500e-01
       102   -4.4368197112e-01    6.7431122055e-01   -1.1908273268e+00    7.4714535565e-01   -1.1908273268e+00    1.2800000000e+04    4.6872141357e-03    7.2804687500e-01
       103   -4.6286429369e-01    7.4490793789e-01   -1.1858992226e+00    7.2303492887e-01   -1.1858992226e+00    1.2800000000e+04    4.7110234131e-03    7.3960937500e-01
       104   -4.4011671823e-01    5.1618212419e-01   -1.1711549719e+00    7.3103825365e-01   -1.1711549719e+00    1.2800000000e+04    4.7073190967e-03    7.3703125000e-01
       105   -4.4948155091e-01    5.3276657095e-01   -1.1898675368e+00    7.4038598588e-01   -1.1898675368e+00    1.2800000000e+04    4.6926254248e-03    7.2851562500e-01
       106   -4.6084329170e-01    7.0379319547e-01   -1.1935258950e+00    7.3268260326e-01   -1.1935258950e+00    1.2800000000e+04    4.7023051416e-03    7.3125000000e-01
       107   -4.4939146215e-01    5.8434719747e-01   -1.1640832785e+00    7.1469181638e-01   -1.1640832785e+00    1.2800000000e+04    4.7088547559e-03    7.3687500000e-01
       108   -4.5257249909e-01    8.1620603334e-01   -1.1925487456e+00    7.3997624654e-01   -1.1925487456e+00    1.2800000000e+04    4.7015743750e-03    7.3296875000e-01
       109   -4.6249341203e-01    7.2504560755e-01   -1.1741741679e+00    7.1168075592e-01   -1.1741741679e+00    1.2800000000e+04    4.7074513330e-03    7.3718750000e-01
       110   -4.5257019515e-01    1.0206913192e+00   -1.2056782672e+00    7.5310807205e-01   -1.2056782672e+00    1.2800000000e+04    4.7015244336e-03    7.2960937500e-01
       111   -4.6445974965e-01    7.9497284149e-01   -1.2195434783e+00    7.5508372866e-01   -1.2195434783e+00    1.2800000000e+04    4.6940468701e-03    7.2890625000e-01
       112   -4.4348129678e-01    5.5938832695e-01   -1.1852118604e+00    7.4173056363e-01   -1.1852118604e+00    1.2800000000e+04    4.6985087305e-03    7.3203125000e-01
       113   -4.6271847964e-01    7.8058443282e-01   -1.1982960164e+00    7.3557753676e-01   -1.1982960164e+00    1.2800000000e+04    4.6918219727e-03    7.3375000000e-01
       114   -4.4700313884e-01    1.1108416759e+00   -1.2006852083e+00    7.5368206948e-01   -1.2006852083e+00    1.2800000000e+04    4.7083208008e-03    7.3023437500e-01
       115   -4.6155287382e-01    6.5335942414e-01   -1.1818923929e+00    7.2033951904e-01   -1.1818923929e+00    1.2800000000e+04    4.7209398975e-03    7.4296875000e-01
       116   -4.5727393683e-01    6.2549159259e-01   -1.2072978763e+00    7.5002393944e-01   -1.2072978763e+00    1.2800000000e+04    4.7079494482e-03    7.3601562500e-01
       117   -4.6896376385e-01    7.6572220883e-01   -1.1963047351e+00    7.2734097123e-01   -1.1963047351e+00    1.2800000000e+04    4.7050757275e-03    7.3453125000e-01
       118   -4.3474386998e-01    5.0460969274e-01   -1.1830467810e+00    7.4830291099e-01   -1.1830467810e+00    1.2800000000e+04    4.7030295654e-03    7.2945312500e-01
       119   -4.4481883897e-01    4.9545153798e-01   -1.1957908473e+00    7.5097200835e-01   -1.1957908473e+00    1.2800000000e+04    4.6935465771e-03    7.3085937500e-01
       120   -4.4408597732e-01    6.0442794717e-01   -1.1656044493e+00    7.2151847202e-01   -1.1656044493e+00    1.2800000000e+04    4.7024969141e-03    7.3484375000e-01
       121   -4.5864920829e-01    7.5987429091e-01   -1.1803709508e+00    7.2172174249e-01   -1.1803709508e+00    1.2800000000e+04    4.7047882764e-03    7.3523437500e-01
       122   -4.5104872859e-01    5.9039815598e-01   -1.1988286256e+00    7.4777989704e-01   -1.1988286256e+00    1.2800000000e+04    4.6849494043e-03    7.2515625000e-01
       123   -4.8547032057e-01    8.5369497145e-01   -1.1679381552e+00    6.8246783458e-01   -1.1679381552e+00    1.2800000000e+04    4.7250603613e-03    7.4445312500e-01
       124   -4.5012333621e-01    7.3230511735e-01   -1.2185306498e+00    7.6840731361e-01   -1.2185306498e+00    1.2800000000e+04    4.7036250635e-03    7.3101562500e-01
       125   -4.5157388260e-01    7.6905917088e-01   -1.2013426265e+00    7.4976874394e-01   -1.2013426265e+00    1.2800000000e+04    4.6964793311e-03    7.2820312500e-01
       126   -4.4476768232e-01    4.8254066740e-01   -1.1755800774e+00    7.3081239504e-01   -1.1755800774e+00    1.2800000000e+04    4.7045856445e-03    7.3406250000e-01
       127   -4.6635357839e-01    9.5760014661e-01   -1.2117367495e+00    7.4538317115e-01   -1.2117367495e+00    1.2800000000e+04    4.7016642139e-03    7.2984375000e-01
       128   -4.5324381940e-01    5.2285467896e-01   -1.1701028101e+00    7.1685899069e-01   -1.1701028101e+00    1.2800000000e+04    4.7078720996e-03    7.3296875000e-01
       129   -4.5095979961e-01    6.9806257425e-01   -1.2110254305e+00    7.6006563091e-01   -1.2110254305e+00    1.2800000000e+04    4.6869617676e-03    7.2734375000e-01
       130   -4.4961772451e-01    4.8918494976e-01   -1.1700947056e+00    7.2047698104e-01   -1.1700947056e+00    1.2800000000e+04    4.7160414746e-03    7.3937500000e-01
       131   -4.7701382744e-01    9.3663637370e-01   -1.2136467367e+00    7.3663290930e-01   -1.2136467367e+00    1.2800000000e+04    4.7086670605e-03    7.3460937500e-01
       132   -4.3316248000e-01    4.7732511419e-01   -1.1871322513e+00    7.5396977134e-01   -1.1871322513e+00    1.2800000000e+04    4.6883603906e-03    7.2296875000e-01
       133   -4.4089245683e-01    6.0127559009e-01   -1.1536705592e+00    7.1277810235e-01   -1.1536705592e+00    1.2800000000e+04    4.6973563379e-03    7.3335937500e-01
       134   -4.6101658005e-01    6.2211689205e-01   -1.1974140665e+00    7.3639748646e-01   -1.1974140665e+00    1.2800000000e+04    4.6957558887e-03    7.2804687500e-01
       135   -4.5515217625e-01    6.5009203169e-01   -1.1789705401e+00    7.2381836381e-01   -1.1789705401e+00    1.2800000000e+04    4.7329936279e-03    7.4703125000e-01
       136   -4.5164397494e-01    7.7184895306e-01   -1.1685881989e+00    7.1694422394e-01   -1.1685881989e+00    1.2800000000e+04    4.7038391992e-03    7.3273437500e-01
       137   -4.6071909195e-01    7.2997731012e-01   -1.1953057598e+00    7.3458666786e-01   -1.1953057598e+00    1.2800000000e+04    4.6880156592e-03    7.2445312500e-01
       138   -4.5933763105e-01    5.5736260617e-01   -1.1695642439e+00    7.1022661280e-01   -1.1695642439e+00    1.2800000000e+04    4.7024736279e-03    7.3640625000e-01
       139   -4.4220604962e-01    6.1893857734e-01   -1.1916138195e+00    7.4940776991e-01   -1.1916138195e+00    1.2800000000e+04    4.7071932959e-03    7.3468750000e-01
       140   -4.3862156861e-01    5.7666165132e-01   -1.1924254803e+00    7.5380391169e-01   -1.1924254803e+00    1.2800000000e+04    4.6900140381e-03    7.2445312500e-01
       141   -4.6262067135e-01    7.4773399528e-01   -1.2128924689e+00    7.5027179753e-01   -1.2128924689e+00    1.2800000000e+04    4.6974678516e-03    7.2757812500e-01
       142   -4.7279987197e-01    9.3504976607e-01   -1.2012114911e+00    7.2841161911e-01   -1.2012114911e+00    1.2800000000e+04    4.7132219482e-03    7.3742187500e-01
       143   -4.4524655788e-01    5.2927003784e-01   -1.1684061903e+00    7.2315963244e-01   -1.1684061903e+00    1.2800000000e+04    4.7004703662e-03    7.3179687500e-01
       144   -4.7036975476e-01    1.7816555183e+00   -1.2168463349e+00    7.4647658014e-01   -1.2168463349e+00    1.2800000000e+04    4.6969719727e-03    7.2945312500e-01
       145   -4.5129126109e-01    6.7174016289e-01   -1.2086019806e+00    7.5731071953e-01   -1.2086019806e+00    1.2800000000e+04    4.6905826025e-03    7.2914062500e-01
       146   -4.5785787862e-01    5.6924255794e-01   -1.1865602778e+00    7.2870239923e-01   -1.1865602778e+00    1.2800000000e+04    4.7034418213e-03    7.3328125000e-01
       147   -4.6150205670e-01    7.3900631664e-01   -1.1945161564e+00    7.3301409966e-01   -1.1945161564e+00    1.2800000000e+04    4.7040698535e-03    7.3343750000e-01
       148   -4.5618753956e-01    5.5931204692e-01   -1.1719570424e+00    7.1576950280e-01   -1.1719570424e+00    1.2800000000e+04    4.7058885938e-03    7.3515625000e-01
       149   -4.5656394403e-01    6.3741925516e-01   -1.1992886039e+00    7.4272465988e-01   -1.1992886039e+00    1.2800000000e+04    4.6916907031e-03    7.2750000000e-01
       150   -4.5811808561e-01    7.2520591220e-01   -1.1929010599e+00    7.3478297429e-01   -1.1929010599e+00    1.2800000000e+04    4.7020244678e-03    7.3750000000e-01
       151   -4.5520359597e-01    5.4823290211e-01   -1.1752686648e+00    7.2006506883e-01   -1.1752686648e+00    1.2800000000e+04    4.7130165967e-03    7.3640625000e-01
       152   -4.5671866372e-01    6.1436324054e-01   -1.2140050240e+00    7.5728636031e-01   -1.2140050240e+00    1.2800000000e+04    4.6886214111e-03    7.2750000000e-01
       153   -4.4865471302e-01    6.6784120744e-01   -1.1889420223e+00    7.4028730924e-01   -1.1889420223e+00    1.2800000000e+04    4.6900682422e-03    7.2851562500e-01
       154   -4.6825525194e-01    8.9180739595e-01   -1.2179550617e+00    7.4969980973e-01   -1.2179550617e+00    1.2800000000e+04    4.7002762891e-03    7.3218750000e-01
       155   -4.4053868104e-01    5.3257599247e-01   -1.1753594509e+00    7.3482076984e-01   -1.1753594509e+00    1.2800000000e+04    4.7174372559e-03    7.4000000000e-01
       156   -4.4708006711e-01    5.4819846818e-01   -1.1814817161e+00    7.3440164900e-01   -1.1814817161e+00    1.2800000000e+04    4.6940231006e-03    7.3132812500e-01
       157   -4.6490712802e-01    8.5289004933e-01   -1.2099127799e+00    7.4500565183e-01   -1.2099127799e+00    1.2800000000e+04    4.7013340771e-03    7.3398437500e-01
       158   -4.5190742591e-01    6.0918545894e-01   -1.1977942852e+00    7.4588685931e-01   -1.1977942852e+00    1.2800000000e+04    4.7051999316e-03    7.3492187500e-01
       159   -4.4568681257e-01    6.3626848905e-01   -1.2084994369e+00    7.6281262436e-01   -1.2084994369e+00    1.2800000000e+04    4.6963962793e-03    7.2851562500e-01
       160   -4.5290290735e-01    5.7386650040e-01   -1.1816892726e+00    7.2878636524e-01   -1.1816892726e+00    1.2800000000e+04    4.7155489746e-03    7.3140625000e-01
       161   -4.5600042328e-01    5.8048211748e-01   -1.1624809304e+00    7.0648050708e-01   -1.1624809304e+00    1.2800000000e+04    4.7213666455e-03    7.4109375000e-01
       162   -4.7004303256e-01    8.0172109826e-01   -1.1792243410e+00    7.0918130846e-01   -1.1792243410e+00    1.2800000000e+04    4.7072128027e-03    7.3914062500e-01
       163   -4.4650325824e-01    6.9142626583e-01   -1.1691450100e+00    7.2264175177e-01   -1.1691450100e+00    1.2800000000e+04    4.6853045850e-03    7.2703125000e-01
       164   -4.6118924559e-01    8.0258308433e-01   -1.1683976401e+00    7.0720839455e-01   -1.1683976401e+00    1.2800000000e+04    4.7118626318e-03    7.3703125000e-01
       165   -4.5476997909e-01    5.9896738149e-01   -1.1723126372e+00    7.1754265807e-01   -1.1723126372e+00    1.2800000000e+04    4.7146933350e-03    7.3726562500e-01
       166   -4.5388471590e-01    8.3058150327e-01   -1.2246696177e+00    7.7078490184e-01   -1.2246696177e+00    1.2800000000e+04    4.6923958545e-03    7.3085937500e-01
       167   -4.3848192869e-01    6.2613086174e-01   -1.2168509617e+00    7.7836903303e-01   -1.2168509617e+00    1.2800000000e+04    4.6926185889e-03    7.2578125000e-01
       168   -4.6192874959e-01    5.8640139409e-01   -1.1650912321e+00    7.0316248246e-01   -1.1650912321e+00    1.2800000000e+04    4.7111562549e-03    7.3507812500e-01
       169   -4.5679297137e-01    6.8008395313e-01   -1.2056465724e+00    7.4885360107e-01   -1.2056465724e+00    1.2800000000e+04    4.6985044043e-03    7.3101562500e-01
       170   -4.3756354975e-01    4.8755388062e-01   -1.1925771805e+00    7.5501363079e-01   -1.1925771805e+00    1.2800000000e+04    4.6951094043e-03    7.2546875000e-01
       171   -4.3942184157e-01    7.1702808439e-01   -1.1744542735e+00    7.3503243193e-01   -1.1744542735e+00    1.2800000000e+04    4.7013776660e-03    7.3242187500e-01
       172   -4.6842473569e-01    6.5353000796e-01   -1.1771003646e+00    7.0867562895e-01   -1.1771003646e+00    1.2800000000e+04    4.6999655811e-03    7.3007812500e-01
       173   -4.7074817430e-01    9.4075823769e-01   -1.2311810491e+00    7.6043287480e-01   -1.2311810491e+00    1.2800000000e+04    4.6918774512e-03    7.3085937500e-01
       174   -4.5753643821e-01    5.4047094682e-01   -1.1633118812e+00    7.0577544301e-01   -1.1633118812e+00    1.2800000000e+04    4.7065916797e-03    7.3820312500e-01
       175   -4.3822173375e-01    5.0523275957e-01   -1.1742776533e+00    7.3605591953e-01   -1.1742776533e+00    1.2800000000e+04    4.6926242969e-03    7.3031250000e-01
       176   -4.6011921017e-01    5.7332341747e-01   -1.1731039468e+00    7.1298473663e-01   -1.1731039468e+00    1.2800000000e+04    4.7168142627e-03    7.4015625000e-01
       177   -4.4980860608e-01    5.3867863584e-01   -1.2044954892e+00    7.5468688312e-01   -1.2044954892e+00    1.2800000000e+04    4.6966233838e-03    7.3078125000e-01
       178   -4.4375017784e-01    5.1897913779e-01   -1.2030170252e+00    7.5926684732e-01   -1.2030170252e+00    1.2800000000e+04    4.6913036670e-03    7.2796875000e-01
       179   -4.4860060078e-01    4.7787858571e-01   -1.1340071926e+00    6.8540659180e-01   -1.1340071926e+00    1.2800000000e+04    4.7169900977e-03    7.4382812500e-01
       180   -4.4616735711e-01    6.0425920766e-01   -1.1891874092e+00    7.4302005211e-01   -1.1891874092e+00    1.2800000000e+04    4.7014024023e-03    7.3078125000e-01
       181   -4.4326834999e-01    4.9551245966e-01   -1.1772089777e+00    7.3394062770e-01   -1.1772089777e+00    1.2800000000e+04    4.7117499121e-03    7.3789062500e-01
       182   -4.3363304032e-01    5.2462190060e-01   -1.2079400740e+00    7.7430703372e-01   -1.2079400740e+00    1.2800000000e+04    4.6833438379e-03    7.2164062500e-01
       183   -4.6472169615e-01    8.2593343624e-01   -1.1957441117e+00    7.3102241551e-01   -1.1957441117e+00    1.2800000000e+04    4.7002093555e-03    7.3515625000e-01
       184   -4.4785593143e-01    5.5152901932e-01   -1.1822827990e+00    7.3442686756e-01   -1.1822827990e+00    1.2800000000e+04    4.7038952246e-03    7.3484375000e-01
       185   -4.5177301049e-01    6.4391218657e-01   -1.1783476797e+00    7.2657466920e-01   -1.1783476797e+00    1.2800000000e+04    4.7003634961e-03    7.3078125000e-01
       186   -4.3436812236e-01    4.5966342276e-01   -1.1935990195e+00    7.5923089712e-01   -1.1935990195e+00    1.2800000000e+04    4.6891313379e-03    7.2531250000e-01
       187   -4.5069868774e-01    6.3672328521e-01   -1.2104992962e+00    7.5980060847e-01   -1.2104992962e+00    1.2800000000e+04    4.7048236865e-03    7.3617187500e-01
       188   -4.4914071687e-01    5.0775030546e-01   -1.1748132563e+00    7.2567253938e-01   -1.1748132563e+00    1.2800000000e+04    4.6981499268e-03    7.3148437500e-01
       189   -4.6114199990e-01    7.1346659532e-01   -1.1789755836e+00    7.1783358368e-01   -1.1789755836e+00    1.2800000000e+04    4.6900420850e-03    7.3031250000e-01
       190   -4.3831809865e-01    5.0170850714e-01   -1.1950962889e+00    7.5677819022e-01   -1.1950962889e+00    1.2800000000e+04    4.6966924609e-03    7.3031250000e-01
       191   -4.4243885849e-01    5.6637618878e-01   -1.2022637945e+00    7.5982493605e-01   -1.2022637945e+00    1.2800000000e+04    4.6774470117e-03    7.2031250000e-01
       192   -4.3342317803e-01    4.7889254802e-01   -1.1917558635e+00    7.5833268552e-01   -1.1917558635e+00    1.2800000000e+04    4.6976618750e-03    7.3117187500e-01
       193   -4.4255454988e-01    5.9515665221e-01   -1.1557839485e+00    7.1322939860e-01   -1.1557839485e+00    1.2800000000e+04    4.6909872461e-03    7.2984375000e-01
       194   -4.6753935919e-01    7.2197418195e-01   -1.1846462800e+00    7.1710692078e-01   -1.1846462800e+00    1.2800000000e+04    4.7095339990e-03    7.3937500000e-01
       195   -4.6849736156e-01    6.8117330635e-01   -1.1731896242e+00    7.0469226268e-01   -1.1731896242e+00    1.2800000000e+04    4.7160893506e-03    7.3937500000e-01
       196   -4.5593409348e-01    6.3663686447e-01   -1.1738467399e+00    7.1791264640e-01   -1.1738467399e+00    1.2800000000e+04    4.7042381885e-03    7.3257812500e-01
       197   -4.6260019776e-01    7.6800314509e-01   -1.1874566755e+00    7.2485647772e-01   -1.1874566755e+00    1.2800000000e+04    4.6908104102e-03    7.2890625000e-01
       198   -4.5734562978e-01    7.6875638652e-01   -1.2338681130e+00    7.7652248320e-01   -1.2338681130e+00    1.2800000000e+04    4.6807035352e-03    7.2179687500e-01
       199   -4.5153270422e-01    8.3834215184e-01   -1.1998545387e+00    7.4832183446e-01   -1.1998545387e+00    1.2800000000e+04    4.6946428516e-03    7.2898437500e-01
       200   -4.5093949799e-01    5.4479370160e-01   -1.1879077535e+00    7.3696825549e-01   -1.1879077535e+00    1.2800000000e+04    4.7042361816e-03    7.3468750000e-01
       201   -4.4314262840e-01    6.6706019634e-01   -1.2232775830e+00    7.8013495456e-01   -1.2232775830e+00    1.2800000000e+04    4.6892207422e-03    7.2375000000e-01
       202   -4.5210916116e-01    6.1385913009e-01   -1.1862029740e+00    7.3409381286e-01   -1.1862029740e+00    1.2800000000e+04    4.7019625977e-03    7.3312500000e-01
       203   -4.6680525270e-01    6.8659250995e-01   -1.1768809612e+00    7.1007570850e-01   -1.1768809612e+00    1.2800000000e+04    4.7151151660e-03    7.4281250000e-01
       204   -4.6897310742e-01    6.4165077801e-01   -1.2030368576e+00    7.3406375016e-01   -1.2030368576e+00    1.2800000000e+04    4.6913354541e-03    7.2890625000e-01
       205   -4.7129521466e-01    7.4961400554e-01   -1.1833546077e+00    7.1205939301e-01   -1.1833546077e+00    1.2800000000e+04    4.7175272559e-03    7.3898437500e-01
       206   -4.6160132296e-01    5.4317037309e-01   -1.1767915438e+00    7.1519022084e-01   -1.1767915438e+00    1.2800000000e+04    4.7026029102e-03    7.3226562500e-01
       207   -4.5588590683e-01    5.9496749874e-01   -1.1641459157e+00    7.0826000883e-01   -1.1641459157e+00    1.2800000000e+04    4.7158398828e-03    7.4101562500e-01
       208   -4.6429673918e-01    5.6747848235e-01   -1.1633308539e+00    6.9903411474e-01   -1.1633308539e+00    1.2800000000e+04    4.7094562598e-03    7.3695312500e-01
       209   -4.5980496486e-01    5.4911063440e-01   -1.1921510191e+00    7.3234605426e-01   -1.1921510191e+00    1.2800000000e+04    4.6982138867e-03    7.3273437500e-01
       210   -4.4398379188e-01    4.5716660376e-01   -1.1636288308e+00    7.1964503894e-01   -1.1636288308e+00    1.2800000000e+04    4.6958083740e-03    7.3117187500e-01
       211   -4.5537545857e-01    5.5704107541e-01   -1.1524661277e+00    6.9709066912e-01   -1.1524661277e+00    1.2800000000e+04    4.7124989014e-03    7.3664062500e-01
       212   -4.6722697198e-01    8.4204444674e-01   -1.1945632862e+00    7.2733631418e-01   -1.1945632862e+00    1.2800000000e+04    4.7169603516e-03    7.4148437500e-01
       213   -4.4913502994e-01    5.7193611164e-01   -1.1825036906e+00    7.3336866070e-01   -1.1825036906e+00    1.2800000000e+04    4.6880029785e-03    7.2945312500e-01
       214   -4.8184192352e-01    3.8978161453e+00   -1.2167036300e+00    7.3486170649e-01   -1.2167036300e+00    1.2800000000e+04    4.7109681201e-03    7.3859375000e-01
       215   -4.7152127516e-01    2.4193334560e+00   -1.2220388075e+00    7.5051753236e-01   -1.2220388075e+00    1.2800000000e+04    4.7022504883e-03    7.3234375000e-01
       216   -4.4506231604e-01    5.3367121434e-01   -1.1700586814e+00    7.2499636540e-01   -1.1700586814e+00    1.2800000000e+04    4.7148410156e-03    7.4359375000e-01
       217   -4.3756715491e-01    4.8119765336e-01   -1.1610034660e+00    7.2343631108e-01   -1.1610034660e+00    1.2800000000e+04    4.7137200781e-03    7.3906250000e-01
       218   -4.6073513325e-01    5.8738587161e-01   -1.1961290832e+00    7.3539394999e-01   -1.1961290832e+00    1.2800000000e+04    4.7098087646e-03    7.4101562500e-01
       219   -4.4722907204e-01    5.6832933399e-01   -1.1773596541e+00    7.3013058210e-01   -1.1773596541e+00    1.2800000000e+04    4.6966571240e-03    7.3023437500e-01
       220   -4.5108404460e-01    6.1104801534e-01   -1.2043548450e+00    7.5327080040e-01   -1.2043548450e+00    1.2800000000e+04    4.6880622266e-03    7.2726562500e-01
       221   -4.5672057221e-01    5.9196680901e-01   -1.1737543721e+00    7.1703379986e-01   -1.1737543721e+00    1.2800000000e+04    4.7080913037e-03    7.3632812500e-01
       222   -4.4844520166e-01    5.8042550687e-01   -1.1744014455e+00    7.2595624383e-01   -1.1744014455e+00    1.2800000000e+04    4.7051571484e-03    7.3421875000e-01
       223   -4.3064733382e-01    5.0776427464e-01   -1.1876904182e+00    7.5704308443e-01   -1.1876904182e+00    1.2800000000e+04    4.6927188379e-03    7.2726562500e-01
       224   -4.4073669011e-01    5.5621236659e-01   -1.1979864148e+00    7.5724972464e-01   -1.1979864148e+00    1.2800000000e+04    4.6948373486e-03    7.2851562500e-01
       225   -4.6236463217e-01    5.5661044218e-01   -1.1502007497e+00    6.8783611757e-01   -1.1502007497e+00    1.2800000000e+04    4.7212305859e-03    7.4210937500e-01
       226   -4.4284775271e-01    5.0954351535e-01   -1.1962137429e+00    7.5336599015e-01   -1.1962137429e+00    1.2800000000e+04    4.6943166748e-03    7.2921875000e-01
       227   -4.4686628593e-01    1.0516823848e+00   -1.1915578781e+00    7.4469159216e-01   -1.1915578781e+00    1.2800000000e+04    4.6916043896e-03    7.2968750000e-01
       228   -4.3908429473e-01    5.2349288523e-01   -1.1519999922e+00    7.1291569751e-01   -1.1519999922e+00    1.2800000000e+04    4.6991919678e-03    7.3382812500e-01
       229   -4.5142627593e-01    6.3285433017e-01   -1.1960213805e+00    7.4459510454e-01   -1.1960213805e+00    1.2800000000e+04    4.6997631250e-03    7.3476562500e-01
       230   -4.4335603101e-01    5.8659412940e-01   -1.1875855445e+00    7.4422951345e-01   -1.1875855445e+00    1.2800000000e+04    4.7153702832e-03    7.4007812500e-01
       231   -4.3640194550e-01    4.4747233411e-01   -1.1744593474e+00    7.3805740186e-01   -1.1744593474e+00    1.2800000000e+04    4.7052058350e-03    7.3554687500e-01
       232   -4.5664768605e-01    7.1144674762e-01   -1.2175210335e+00    7.6087334741e-01   -1.2175210335e+00    1.2800000000e+04    4.6897739648e-03    7.2726562500e-01
       233   -4.4578402888e-01    5.3419122544e-01   -1.1943882541e+00    7.4860422527e-01   -1.1943882541e+00    1.2800000000e+04    4.6880221777e-03    7.2679687500e-01
       234   -4.5780516958e-01    5.6003643059e-01   -1.1700072182e+00    7.1220204865e-01   -1.1700072182e+00    1.2800000000e+04    4.7042570361e-03    7.3382812500e-01
       235   -4.4121041467e-01    6.1091965429e-01   -1.1807210901e+00    7.3951067541e-01   -1.1807210901e+00    1.2800000000e+04    4.7008677734e-03    7.3179687500e-01
       236   -4.6470844751e-01    8.1263638400e-01   -1.2435453586e+00    7.7883691107e-01   -1.2435453586e+00    1.2800000000e+04    4.6900409863e-03    7.2468750000e-01
       237   -4.5794799462e-01    6.7466550930e-01   -1.2150459035e+00    7.5709790889e-01   -1.2150459035e+00    1.2800000000e+04    4.7031440918e-03    7.3117187500e-01
       238   -4.5543824792e-01    6.1846942075e-01   -1.1660049203e+00    7.1056667239e-01   -1.1660049203e+00    1.2800000000e+04    4.7096547803e-03    7.3687500000e-01
       239   -4.5187379661e-01    5.6778534343e-01   -1.1804322870e+00    7.2855849039e-01   -1.1804322870e+00    1.2800000000e+04    4.7088958838e-03    7.3796875000e-01
       240   -4.4252166289e-01    5.4997399799e-01   -1.1948327727e+00    7.5231110984e-01   -1.1948327727e+00    1.2800000000e+04    4.7029091602e-03    7.3351562500e-01
       241   -4.6434771682e-01    1.2969832314e+00   -1.2051575490e+00    7.4080983222e-01   -1.2051575490e+00    1.2800000000e+04    4.7076307715e-03    7.3468750000e-01
       242   -4.5754682356e-01    6.0402426234e-01   -1.1992774289e+00    7.4173060535e-01   -1.1992774289e+00    1.2800000000e+04    4.7048907324e-03    7.3226562500e-01
       243   -4.5046608022e-01    5.2316954787e-01   -1.1752525839e+00    7.2478650370e-01   -1.1752525839e+00    1.2800000000e+04    4.7065855615e-03    7.3960937500e-01
       244   -4.5401618526e-01    7.1087903325e-01   -1.1928612492e+00    7.3884506398e-01   -1.1928612492e+00    1.2800000000e+04    4.7006065723e-03    7.3437500000e-01
       245   -4.6863765230e-01    1.1742213707e+00   -1.1928876006e+00    7.2424994830e-01   -1.1928876006e+00    1.2800000000e+04    4.6956209863e-03    7.2773437500e-01
       246   -4.6818336949e-01    8.4238994108e-01   -1.2258565018e+00    7.5767313234e-01   -1.2258565018e+00    1.2800000000e+04    4.6947944678e-03    7.3015625000e-01
       247   -4.3361557454e-01    5.5874587272e-01   -1.1773411526e+00    7.4372557806e-01   -1.1773411526e+00    1.2800000000e+04    4.6962694531e-03    7.2750000000e-01
       248   -5.0088382640e-01    3.2691317446e+00   -1.2329240580e+00    7.3204023161e-01   -1.2329240580e+00    1.2800000000e+04    4.7001030176e-03    7.3429687500e-01
       249   -4.6335707496e-01    6.4009229957e-01   -1.1766282633e+00    7.1327118838e-01   -1.1766282633e+00    1.2800000000e+04    4.7096123535e-03    7.3859375000e-01
       250   -4.5611751497e-01    5.7881641682e-01   -1.1771687787e+00    7.2105126375e-01   -1.1771687787e+00    1.2800000000e+04    4.7138376660e-03    7.3945312500e-01
       251   -4.6203560518e-01    7.5654484046e-01   -1.1762589112e+00    7.1422330603e-01   -1.1762589112e+00    1.2800000000e+04    4.6993680371e-03    7.3140625000e-01
       252   -4.3983830191e-01    5.1040000675e-01   -1.1873801554e+00    7.4754185346e-01   -1.1873801554e+00    1.2800000000e+04    4.7042261914e-03    7.3257812500e-01
       253   -4.5154653792e-01    7.9963920338e-01   -1.2266549487e+00    7.7510841082e-01   -1.2266549487e+00    1.2800000000e+04    4.6915600244e-03    7.2703125000e-01
       254   -4.7556649832e-01    7.1206015974e-01   -1.2098457724e+00    7.3427927404e-01   -1.2098457724e+00    1.2800000000e+04    4.6971572217e-03    7.2992187500e-01
       255   -4.4424929563e-01    5.3123463396e-01   -1.1911272578e+00    7.4687796217e-01   -1.1911272578e+00    1.2800000000e+04    4.6930323682e-03    7.2843750000e-01
       256   -4.4176626095e-01    7.2307414900e-01   -1.1744107337e+00    7.3264447271e-01   -1.1744107337e+00    1.2800000000e+04    4.7122972363e-03    7.4015625000e-01
       257   -4.5448462483e-01    7.1502219344e-01   -1.1839585311e+00    7.2947390624e-01   -1.1839585311e+00    1.2800000000e+04    4.6988863037e-03    7.3281250000e-01
       258   -4.9066332728e-01    3.1668624330e+00   -1.2136150574e+00    7.2295173017e-01   -1.2136150574e+00    1.2800000000e+04    4.6990517627e-03    7.3187500000e-01
       259   -4.5177072489e-01    5.5710399504e-01   -1.1900855610e+00    7.3831483612e-01   -1.1900855610e+00    1.2800000000e+04    4.6980783838e-03    7.3460937500e-01
       260   -4.5428018361e-01    5.6467496267e-01   -1.1801999736e+00    7.2591978996e-01   -1.1801999736e+00    1.2800000000e+04    4.6914007129e-03    7.2890625000e-01
       261   -4.2565552952e-01    4.6310667160e-01   -1.1734993761e+00    7.4784384659e-01   -1.1734993761e+00    1.2800000000e+04    4.7052280469e-03    7.3257812500e-01
       262   -4.6621276949e-01    6.1382270520e-01   -1.1855273381e+00    7.1931456862e-01   -1.1855273381e+00    1.2800000000e+04    4.7079802295e-03    7.4023437500e-01
       263   -4.4125566423e-01    5.2924322354e-01   -1.1680851883e+00    7.2682952406e-01   -1.1680851883e+00    1.2800000000e+04    4.7017029395e-03    7.3515625000e-01
       264   -4.5840133164e-01    8.4843292970e-01   -1.1791211633e+00    7.2071983163e-01   -1.1791211633e+00    1.2800000000e+04    4.7049834668e-03    7.3757812500e-01
       265   -4.3767796254e-01    5.2470920486e-01   -1.2022825711e+00    7.6460460858e-01   -1.2022825711e+00    1.2800000000e+04    4.6992686475e-03    7.2453125000e-01
       266   -4.5180229794e-01    4.6087086589e-01   -1.1594797294e+00    7.0767743149e-01   -1.1594797294e+00    1.2800000000e+04    4.7115479834e-03    7.3421875000e-01
       267   -4.4779173563e-01    7.0987331460e-01   -1.1749701349e+00    7.2717839930e-01   -1.1749701349e+00    1.2800000000e+04    4.7113036768e-03    7.3671875000e-01
       268   -4.6481083668e-01    6.8315650545e-01   -1.2005789582e+00    7.3576812154e-01   -1.2005789582e+00    1.2800000000e+04    4.7003776025e-03    7.3281250000e-01
       269   -4.6079557782e-01    6.6992191117e-01   -1.1832190432e+00    7.2242346535e-01   -1.1832190432e+00    1.2800000000e+04    4.6947260596e-03    7.3570312500e-01
       270   -4.5136610522e-01    6.3911597665e-01   -1.1751531595e+00    7.2378705429e-01   -1.1751531595e+00    1.2800000000e+04    4.7104668945e-03    7.3210937500e-01
       271   -4.4169967875e-01    5.2317014450e-01   -1.1785058677e+00    7.3680618900e-01   -1.1785058677e+00    1.2800000000e+04    4.7046218506e-03    7.3281250000e-01
       272   -4.5658914768e-01    5.9708539794e-01   -1.1725071884e+00    7.1591804073e-01   -1.1725071884e+00    1.2800000000e+04    4.7128082129e-03    7.3960937500e-01
       273   -4.4900009883e-01    5.3750405345e-01   -1.2083028444e+00    7.5930274559e-01   -1.2083028444e+00    1.2800000000e+04    4.6852019092e-03    7.2437500000e-01
       274   -4.6353779738e-01    7.2803618123e-01   -1.2194929082e+00    7.5595511084e-01   -1.2194929082e+00    1.2800000000e+04    4.6807841602e-03    7.2648437500e-01
       275   -4.5090269801e-01    5.9927287345e-01   -1.1917765636e+00    7.4087386560e-01   -1.1917765636e+00    1.2800000000e+04    4.6905705371e-03    7.2835937500e-01
       276   -4.3900134110e-01    5.2714866461e-01   -1.1958733766e+00    7.5687203549e-01   -1.1958733766e+00    1.2800000000e+04    4.7070495801e-03    7.3460937500e-01
       277   -4.6082007509e-01    7.9047171579e-01   -1.1853706685e+00    7.2455059344e-01   -1.1853706685e+00    1.2800000000e+04    4.7119417725e-03    7.4031250000e-01
       278   -5.0307010608e-01    1.6811162680e+00   -1.2579582126e+00    7.5488810656e-01   -1.2579582126e+00    1.2800000000e+04    4.6933919141e-03    7.2617187500e-01
       279   -4.3878317193e-01    5.3062704199e-01   -1.1828276771e+00    7.4404450515e-01   -1.1828276771e+00    1.2800000000e+04    4.6938472412e-03    7.3453125000e-01
       280   -4.8207893705e-01    1.0802222326e+00   -1.1981023614e+00    7.1602342431e-01   -1.1981023614e+00    1.2800000000e+04    4.7065537891e-03    7.3570312500e-01
       281   -4.7159026922e-01    6.7714996855e-01   -1.2027033001e+00    7.3111303090e-01   -1.2027033001e+00    1.2800000000e+04    4.7065845410e-03    7.3515625000e-01
       282   -4.6704596195e-01    9.1860396351e-01   -1.1928657635e+00    7.2581980155e-01   -1.1928657635e+00    1.2800000000e+04    4.7001250195e-03    7.3578125000e-01
       283   -4.5015572149e-01    6.1903537215e-01   -1.2027536553e+00    7.5259793385e-01   -1.2027536553e+00    1.2800000000e+04    4.7008429395e-03    7.3015625000e-01
       284   -4.4078851860e-01    5.4971147224e-01   -1.2018752202e+00    7.6108670162e-01   -1.2018752202e+00    1.2800000000e+04    4.6899141846e-03    7.2828125000e-01
       285   -4.7150572931e-01    8.2371319507e-01   -1.2143247299e+00    7.4281900056e-01   -1.2143247299e+00    1.2800000000e+04    4.6975859863e-03    7.2742187500e-01
       286   -4.6305769585e-01    8.0537412529e-01   -1.2051143047e+00    7.4205660883e-01   -1.2051143047e+00    1.2800000000e+04    4.7047799805e-03    7.3437500000e-01
       287   -4.5108854432e-01    6.6568477157e-01   -1.2020024740e+00    7.5091392965e-01   -1.2020024740e+00    1.2800000000e+04    4.7032341699e-03    7.2968750000e-01
       288   -4.5955250929e-01    6.9705020514e-01   -1.1716328367e+00    7.1208032740e-01   -1.1716328367e+00    1.2800000000e+04    4.7220645410e-03    7.4406250000e-01
       289   -4.5016852330e-01    5.2876812695e-01   -1.1782230015e+00    7.2805447818e-01   -1.1782230015e+00    1.2800000000e+04    4.7012779004e-03    7.3570312500e-01
       290   -4.6877047336e-01    9.0365394913e-01   -1.2018191925e+00    7.3304871918e-01   -1.2018191925e+00    1.2800000000e+04    4.7044273096e-03    7.3351562500e-01
       291   -4.4766287378e-01    7.1006953172e-01   -1.2024114534e+00    7.5474857966e-01   -1.2024114534e+00    1.2800000000e+04    4.6927165234e-03    7.2750000000e-01
       292   -4.4550531983e-01    6.3082701558e-01   -1.2067118984e+00    7.6120657854e-01   -1.2067118984e+00    1.2800000000e+04    4.6925534033e-03    7.2203125000e-01
       293   -4.7069972338e-01    1.0991837234e+00   -1.1791958369e+00    7.0849611353e-01   -1.1791958369e+00    1.2800000000e+04    4.7139608789e-03    7.4148437500e-01
       294   -4.6044088808e-01    5.5342762723e-01   -1.1850146165e+00    7.2457372840e-01   -1.1850146165e+00    1.2800000000e+04    4.7020341357e-03    7.3140625000e-01
       295   -4.6293321944e-01    5.6925680756e-01   -1.1855980713e+00    7.2266485184e-01   -1.1855980713e+00    1.2800000000e+04    4.7024073584e-03    7.3171875000e-01
       296   -4.5219430819e-01    6.6811814676e-01   -1.1972914285e+00    7.4509712031e-01   -1.1972914285e+00    1.2800000000e+04    4.6998551758e-03    7.3015625000e-01
       297   -4.5579312014e-01    5.7608865508e-01   -1.1849858137e+00    7.2919269352e-01   -1.1849858137e+00    1.2800000000e+04    4.6964098242e-03    7.3023437500e-01
       298   -4.6632618622e-01    6.3725990670e-01   -1.1900030086e+00    7.2367682234e-01   -1.1900030086e+00    1.2800000000e+04    4.6906097607e-03    7.2468750000e-01
       299   -4.4725481044e-01    4.7517888808e-01   -1.1732805475e+00    7.2602573706e-01   -1.1732805475e+00    1.2800000000e+04    4.6968305176e-03    7.3132812500e-01
       300   -4.6328247199e-01    6.3704059697e-01   -1.1762405883e+00    7.1295811630e-01   -1.1762405883e+00    1.2800000000e+04    4.7056382471e-03    7.3750000000e-01
       301   -4.3385136376e-01    4.8245656787e-01   -1.1789069072e+00    7.4505554340e-01   -1.1789069072e+00    1.2800000000e+04    4.7038446680e-03    7.3234375000e-01
       302   -4.2366694434e-01    4.6740569028e-01   -1.2017857878e+00    7.7811884347e-01   -1.2017857878e+00    1.2800000000e+04    4.6786679150e-03    7.1453125000e-01
       303   -4.6625223093e-01    6.5545320281e-01   -1.2090058451e+00    7.4275361421e-01   -1.2090058451e+00    1.2800000000e+04    4.7027280371e-03    7.3648437500e-01
       304   -4.5451376868e-01    8.6873888735e-01   -1.1828624489e+00    7.2834868018e-01   -1.1828624489e+00    1.2800000000e+04    4.7071229297e-03    7.3468750000e-01
       305   -4.5097915425e-01    7.3934192331e-01   -1.1948747949e+00    7.4389564064e-01   -1.1948747949e+00    1.2800000000e+04    4.6946648535e-03    7.2820312500e-01
       306   -4.3975766853e-01    5.0875283533e-01   -1.2128167616e+00    7.7305909311e-01   -1.2128167616e+00    1.2800000000e+04    4.6881996631e-03    7.2156250000e-01
       307   -4.4964210947e-01    5.1570083164e-01   -1.1828773825e+00    7.3323527301e-01   -1.1828773825e+00    1.2800000000e+04    4.6890263086e-03    7.2796875000e-01
       308   -4.5247232257e-01    5.6337961188e-01   -1.1778791198e+00    7.2540679720e-01   -1.1778791198e+00    1.2800000000e+04    4.7026850977e-03    7.3515625000e-01
       309   -4.6734709080e-01    8.0196559476e-01   -1.2041662880e+00    7.3681919723e-01   -1.2041662880e+00    1.2800000000e+04    4.7009211328e-03    7.3250000000e-01
       310   -4.4730726609e-01    5.6499033060e-01   -1.1768456302e+00    7.2953836415e-01   -1.1768456302e+00    1.2800000000e+04    4.7107175439e-03    7.3765625000e-01
       311   -4.4843348312e-01    5.2473358918e-01   -1.1854796599e+00    7.3704617683e-01   -1.1854796599e+00    1.2800000000e+04    4.7089583252e-03    7.3453125000e-01
       312   -4.5815756906e-01    7.8860092867e-01   -1.1995723149e+00    7.4141474585e-01   -1.1995723149e+00    1.2800000000e+04    4.7017989355e-03    7.3617187500e-01
       313   -4.6157101216e-01    6.8064444325e-01   -1.1838891394e+00    7.2231812723e-01   -1.1838891394e+00    1.2800000000e+04    4.6971298242e-03    7.2703125000e-01
       314   -4.3823111862e-01    5.3121488449e-01   -1.1928548429e+00    7.5462372423e-01   -1.1928548429e+00    1.2800000000e+04    4.6760818799e-03    7.2101562500e-01
       315   -4.5150869958e-01    6.5810006502e-01   -1.1950967059e+00    7.4358800635e-01   -1.1950967059e+00    1.2800000000e+04    4.7008377441e-03    7.3000000000e-01
       316   -4.6658258584e-01    7.2817113349e-01   -1.1568852224e+00    6.9030263660e-01   -1.1568852224e+00    1.2800000000e+04    4.7264396289e-03    7.3976562500e-01
       317   -4.4194584528e-01    5.0686916052e-01   -1.1892858617e+00    7.4734001643e-01   -1.1892858617e+00    1.2800000000e+04    4.7078255273e-03    7.3242187500e-01
       318   -4.6033891256e-01    9.0297517516e-01   -1.1942734140e+00    7.3393450148e-01   -1.1942734140e+00    1.2800000000e+04    4.7038997900e-03    7.3093750000e-01
       319   -4.5890955145e-01    6.8576372151e-01   -1.2067172200e+00    7.4780766859e-01   -1.2067172200e+00    1.2800000000e+04    4.6892329102e-03    7.2601562500e-01
       320   -4.5826705735e-01    6.2235347948e-01   -1.1792279353e+00    7.2096087796e-01   -1.1792279353e+00    1.2800000000e+04    4.7085116797e-03    7.3570312500e-01
       321   -4.5392868830e-01    9.6480167453e-01   -1.1949467626e+00    7.4101807434e-01   -1.1949467626e+00    1.2800000000e+04    4.7058510352e-03    7.3382812500e-01
       322   -4.4171059194e-01    5.8572931659e-01   -1.1895198943e+00    7.4780930233e-01   -1.1895198943e+00    1.2800000000e+04    4.7063320752e-03    7.3101562500e-01
       323   -4.4596723240e-01    6.3373078057e-01   -1.1965184472e+00    7.5055121481e-01   -1.1965184472e+00    1.2800000000e+04    4.6954279736e-03    7.2937500000e-01
       324   -4.4597492777e-01    6.3999146794e-01   -1.1832747095e+00    7.3729978169e-01   -1.1832747095e+00    1.2800000000e+04    4.6979498828e-03    7.3187500000e-01
       325   -4.4164060136e-01    8.0224652543e-01   -1.2088809892e+00    7.6724038788e-01   -1.2088809892e+00    1.2800000000e+04    4.6884591309e-03    7.2625000000e-01
       326   -4.6324363533e-01    6.8547100842e-01   -1.1584019939e+00    6.9515835859e-01   -1.1584019939e+00    1.2800000000e+04    4.7188735889e-03    7.4093750000e-01
       327   -4.4649008633e-01    5.1104860012e-01   -1.1763206199e+00    7.2983053360e-01   -1.1763206199e+00    1.2800000000e+04    4.7210570898e-03    7.3992187500e-01
       328   -4.6823272851e-01    6.3225006532e-01   -1.1891067052e+00    7.2087397670e-01   -1.1891067052e+00    1.2800000000e+04    4.6973374219e-03    7.3109375000e-01
       329   -4.2806902809e-01    4.6668860329e-01   -1.1730872057e+00    7.4501817762e-01   -1.1730872057e+00    1.2800000000e+04    4.6978534668e-03    7.3203125000e-01
       330   -4.4828411510e-01    5.8323108965e-01   -1.1859540124e+00    7.3766989725e-01   -1.1859540124e+00    1.2800000000e+04    4.6983900098e-03    7.3031250000e-01
       331   -4.7280942205e-01    6.8083661547e-01   -1.1977524112e+00    7.2494298911e-01   -1.1977524112e+00    1.2800000000e+04    4.7233600000e-03    7.4445312500e-01
       332   -4.6583970951e-01    7.6235101282e-01   -1.2048702610e+00    7.3903055152e-01   -1.2048702610e+00    1.2800000000e+04    4.6996538184e-03    7.3171875000e-01
       333   -4.5395239143e-01    5.4887112414e-01   -1.1788413467e+00    7.2488895530e-01   -1.1788413467e+00    1.2800000000e+04    4.6989967139e-03    7.3593750000e-01
       334   -4.4145618130e-01    5.3837808983e-01   -1.1883751850e+00    7.4691900371e-01   -1.1883751850e+00    1.2800000000e+04    4.6978145605e-03    7.3359375000e-01
       335   -4.3326479282e-01    5.2721798081e-01   -1.1718208776e+00    7.3855608481e-01   -1.1718208776e+00    1.2800000000e+04    4.7041538623e-03    7.3625000000e-01
       336   -4.3660909819e-01    5.3356807802e-01   -1.1887974775e+00    7.5218837928e-01   -1.1887974775e+00    1.2800000000e+04    4.6888695215e-03    7.2601562500e-01
       337   -4.6403368891e-01    7.7827133856e-01   -1.1968818941e+00    7.3284820515e-01   -1.1968818941e+00    1.2800000000e+04    4.7033310254e-03    7.3031250000e-01
       338   -4.5437774620e-01    8.4157465477e-01   -1.1966280357e+00    7.4225028953e-01   -1.1966280357e+00    1.2800000000e+04    4.6938168164e-03    7.2640625000e-01
       339   -4.4065211852e-01    5.1988701445e-01   -1.2021327615e+00    7.6148064297e-01   -1.2021327615e+00    1.2800000000e+04    4.6818570020e-03    7.2445312500e-01
       340   -4.5601723200e-01    6.0268442196e-01   -1.1606827228e+00    7.0466549080e-01   -1.1606827228e+00    1.2800000000e+04    4.7005393018e-03    7.3492187500e-01
       341   -4.6064952341e-01    5.7193642413e-01   -1.1736183189e+00    7.1296879548e-01   -1.1736183189e+00    1.2800000000e+04    4.6996648389e-03    7.3406250000e-01
       342   -4.3829011066e-01    4.4801126545e-01   -1.1531565176e+00    7.1486640695e-01   -1.1531565176e+00    1.2800000000e+04    4.7096578223e-03    7.3882812500e-01
       343   -4.5260652249e-01    5.2113131597e-01   -1.1641860276e+00    7.1157950508e-01   -1.1641860276e+00    1.2800000000e+04    4.7169824902e-03    7.3882812500e-01
       344   -4.3495385399e-01    6.8010568205e-01   -1.1807986446e+00    7.4584479059e-01   -1.1807986446e+00    1.2800000000e+04    4.6991087744e-03    7.3195312500e-01
       345   -4.5364202564e-01    5.8995248416e-01   -1.1989272462e+00    7.4528522054e-01   -1.1989272462e+00    1.2800000000e+04    4.6948097803e-03    7.3187500000e-01
       346   -4.5697316411e-01    6.2891423272e-01   -1.2155414967e+00    7.5856833261e-01   -1.2155414967e+00    1.2800000000e+04    4.6810379248e-03    7.2250000000e-01
       347   -4.8169118394e-01    1.6458714662e+00   -1.2253313845e+00    7.4364020060e-01   -1.2253313845e+00    1.2800000000e+04    4.7125862598e-03    7.3882812500e-01
       348   -4.5774152807e-01    6.5357078496e-01   -1.1765172683e+00    7.1877574028e-01   -1.1765172683e+00    1.2800000000e+04    4.6960104834e-03    7.3007812500e-01
       349   -4.5649252761e-01    7.6408927272e-01   -1.1928135344e+00    7.3632100678e-01   -1.1928135344e+00    1.2800000000e+04    4.6943591602e-03    7.3125000000e-01
       350   -4.3150993635e-01    5.5367014421e-01   -1.2255570695e+00    7.9404713319e-01   -1.2255570695e+00    1.2800000000e+04    4.6753738525e-03    7.1625000000e-01
       351   -4.5242481406e-01    5.5852259507e-01   -1.1719391625e+00    7.1951434848e-01   -1.1719391625e+00    1.2800000000e+04    4.7127616162e-03    7.3835937500e-01
       352   -4.4241529761e-01    5.3974312942e-01   -1.1623151803e+00    7.1989988266e-01   -1.1623151803e+00    1.2800000000e+04    4.7050551465e-03    7.3351562500e-01
       353   -4.4008357379e-01    5.0387253099e-01   -1.1995930243e+00    7.5950945046e-01   -1.1995930243e+00    1.2800000000e+04    4.7025149023e-03    7.3210937500e-01
       354   -4.3655743789e-01    5.0216390413e-01   -1.1682582169e+00    7.3170077896e-01   -1.1682582169e+00    1.2800000000e+04    4.6958061865e-03    7.2875000000e-01
       355   -4.5024601890e-01    5.9049496207e-01   -1.1657122022e+00    7.1546618328e-01   -1.1657122022e+00    1.2800000000e+04    4.7062781006e-03    7.3414062500e-01
       356   -4.6896178444e-01    1.4791679394e+00   -1.1769055068e+00    7.0794372240e-01   -1.1769055068e+00    1.2800000000e+04    4.7200417334e-03    7.4335937500e-01
       357   -4.6123516908e-01    6.1782679909e-01   -1.1754173370e+00    7.1418216788e-01   -1.1754173370e+00    1.2800000000e+04    4.7108727393e-03    7.3617187500e-01
       358   -4.4217461078e-01    6.1660724542e-01   -1.2024703314e+00    7.6029572066e-01   -1.2024703314e+00    1.2800000000e+04    4.7058043018e-03    7.3437500000e-01
       359   -4.5070464658e-01    5.1492473991e-01   -1.1698581500e+00    7.1915350341e-01   -1.1698581500e+00    1.2800000000e+04    4.7047575000e-03    7.3664062500e-01
       360   -4.3123389100e-01    4.9237726971e-01   -1.2085803255e+00    7.7734643446e-01   -1.2085803255e+00    1.2800000000e+04    4.6922997461e-03    7.2585937500e-01
       361   -4.3501251201e-01    5.2591976887e-01   -1.1680395597e+00    7.3302704769e-01   -1.1680395597e+00    1.2800000000e+04    4.7043390576e-03    7.3148437500e-01
       362   -4.8351874275e-01    1.2648214195e+00   -1.2436263099e+00    7.6010756718e-01   -1.2436263099e+00    1.2800000000e+04    4.6969232861e-03    7.2789062500e-01
       363   -4.5947528119e-01    7.7082941555e-01   -1.1974773992e+00    7.3800211797e-01   -1.1974773992e+00    1.2800000000e+04    4.7002428516e-03    7.2953125000e-01
       364   -4.5099059174e-01    5.6861468618e-01   -1.1840941556e+00    7.3310356385e-01   -1.1840941556e+00    1.2800000000e+04    4.7019234033e-03    7.3171875000e-01
       365   -4.6567424676e-01    6.5604958936e-01   -1.1945724094e+00    7.2889816264e-01   -1.1945724094e+00    1.2800000000e+04    4.7029224658e-03    7.3359375000e-01
       366   -4.4979021812e-01    5.2915492149e-01   -1.1694636112e+00    7.1967339305e-01   -1.1694636112e+00    1.2800000000e+04    4.7057518994e-03    7.3398437500e-01
       367   -4.6195048955e-01    7.1103346003e-01   -1.1909505267e+00    7.2900003717e-01   -1.1909505267e+00    1.2800000000e+04    4.7011355273e-03    7.3585937500e-01
       368   -4.7319290268e-01    1.5988778453e+00   -1.2114883950e+00    7.3829549229e-01   -1.2114883950e+00    1.2800000000e+04    4.6882055029e-03    7.2640625000e-01
       369   -4.4969547910e-01    6.1393101405e-01   -1.2122511367e+00    7.6255565764e-01   -1.2122511367e+00    1.2800000000e+04    4.6855936572e-03    7.2968750000e-01
       370   -4.3671995912e-01    5.6772174057e-01   -1.1666157840e+00    7.2989582483e-01   -1.1666157840e+00    1.2800000000e+04    4.7043699121e-03    7.3203125000e-01
       371   -4.6260367822e-01    8.3998127539e-01   -1.1591177455e+00    6.9651406728e-01   -1.1591177455e+00    1.2800000000e+04    4.7152060205e-03    7.3976562500e-01
       372   -4.6370701959e-01    8.8141147961e-01   -1.1638340377e+00    7.0012701815e-01   -1.1638340377e+00    1.2800000000e+04    4.7168205371e-03    7.4125000000e-01
       373   -4.5292994719e-01    7.3213595052e-01   -1.1922664757e+00    7.3933652849e-01   -1.1922664757e+00    1.2800000000e+04    4.7040872949e-03    7.3515625000e-01
       374   -4.3791584749e-01    5.2802895327e-01   -1.2121005267e+00    7.7418467918e-01   -1.2121005267e+00    1.2800000000e+04    4.6741127686e-03    7.1867187500e-01
       375   -4.5146372993e-01    7.1106979584e-01   -1.2012090988e+00    7.4974536890e-01   -1.2012090988e+00    1.2800000000e+04    4.6965907959e-03    7.3070312500e-01
       376   -4.4736163244e-01    6.4100288315e-01   -1.1910355530e+00    7.4367392051e-01   -1.1910355530e+00    1.2800000000e+04    4.6937453369e-03    7.2648437500e-01
       377   -4.6338709584e-01    1.0289232249e+00   -1.1857352237e+00    7.2234812790e-01   -1.1857352237e+00    1.2800000000e+04    4.7020493066e-03    7.3140625000e-01
       378   -4.4588068495e-01    5.7681522189e-01   -1.1773740969e+00    7.3149341196e-01   -1.1773740969e+00    1.2800000000e+04    4.7012292773e-03    7.3125000000e-01
       379   -4.4309792472e-01    5.4852049300e-01   -1.1784681461e+00    7.3537022134e-01   -1.1784681461e+00    1.2800000000e+04    4.7071277246e-03    7.3398437500e-01
       380   -4.4887708129e-01    4.8513236813e-01   -1.1577466614e+00    7.0886958006e-01   -1.1577466614e+00    1.2800000000e+04    4.7172611426e-03    7.4132812500e-01
       381   -4.4676615948e-01    7.2223187045e-01   -1.1521515660e+00    7.0538540651e-01   -1.1521515660e+00    1.2800000000e+04    4.7216271777e-03    7.4171875000e-01
       382   -4.6997267899e-01    9.7426673656e-01   -1.2395398084e+00    7.6956712942e-01   -1.2395398084e+00    1.2800000000e+04    4.7024289355e-03    7.3171875000e-01
       383   -4.5346065959e-01    5.5539646580e-01   -1.1557002625e+00    7.0223960293e-01   -1.1557002625e+00    1.2800000000e+04    4.7031663477e-03    7.3468750000e-01
       384   -4.6074832349e-01    4.3023280012e+00   -1.1959752532e+00    7.3522692972e-01   -1.1959752532e+00    1.2800000000e+04    4.6983498047e-03    7.3367187500e-01
       385   -4.5837437317e-01    5.6712630798e-01   -1.1965531825e+00    7.3817880936e-01   -1.1965531825e+00    1.2800000000e+04    4.7036991895e-03    7.3062500000e-01
       386   -4.6868279666e-01    6.7538245679e-01   -1.1807209381e+00    7.1203814146e-01   -1.1807209381e+00    1.2800000000e+04    4.7214541992e-03    7.4132812500e-01
       387   -4.4957679165e-01    7.2580309397e-01   -1.1784457192e+00    7.2886892759e-01   -1.1784457192e+00    1.2800000000e+04    4.7113688037e-03    7.3992187500e-01
       388   -4.4226258734e-01    5.5080657831e-01   -1.1795082110e+00    7.3724562366e-01   -1.1795082110e+00    1.2800000000e+04    4.7018679395e-03    7.3046875000e-01
       389   -4.5019768549e-01    6.5140777310e-01   -1.1773664476e+00    7.2716876207e-01   -1.1773664476e+00    1.2800000000e+04    4.7102702393e-03    7.3710937500e-01
       390   -4.6948733804e-01    9.1222410627e-01   -1.1773223636e+00    7.0783502559e-01   -1.1773223636e+00    1.2800000000e+04    4.7189702344e-03    7.4234375000e-01
       391   -4.5771587379e-01    5.9984113433e-01   -1.1937009186e+00    7.3598504476e-01   -1.1937009186e+00    1.2800000000e+04    4.7167463916e-03    7.4109375000e-01
       392   -4.4612909658e-01    5.8686753963e-01   -1.2018655798e+00    7.5573648326e-01   -1.2018655798e+00    1.2800000000e+04    4.6940035742e-03    7.2640625000e-01
       393   -4.5201726356e-01    7.6281446106e-01   -1.2203376220e+00    7.6832035849e-01   -1.2203376220e+00    1.2800000000e+04    4.6954900928e-03    7.2757812500e-01
       394   -4.6056739032e-01    7.8923655685e-01   -1.1978044138e+00    7.3723702347e-01   -1.1978044138e+00    1.2800000000e+04    4.6940132715e-03    7.3000000000e-01
       395   -4.4851949641e-01    6.4292907612e-01   -1.1763739693e+00    7.2785447286e-01   -1.1763739693e+00    1.2800000000e+04    4.6999419482e-03    7.3218750000e-01
       396   -4.5698887131e-01    5.5676522492e-01   -1.1783521994e+00    7.2136332806e-01   -1.1783521994e+00    1.2800000000e+04    4.7131305566e-03    7.3539062500e-01
       397   -4.6748044220e-01    7.2102352193e-01   -1.2209910214e+00    7.5351057922e-01   -1.2209910214e+00    1.2800000000e+04    4.6986016992e-03    7.2984375000e-01
       398   -4.7637344780e-01    8.7552226433e-01   -1.2041259818e+00    7.2775253404e-01   -1.2041259818e+00    1.2800000000e+04    4.7011528223e-03    7.3312500000e-01
       399   -4.6486455027e-01    8.4919811199e-01   -1.2222591435e+00    7.5739459322e-01   -1.2222591435e+00    1.2800000000e+04    4.7049924512e-03    7.3687500000e-01
       400   -4.6063582964e-01    8.3203777224e-01   -1.2087194080e+00    7.4808357839e-01   -1.2087194080e+00    1.2800000000e+04    4.7040250635e-03    7.3203125000e-01
       401   -4.5457777886e-01    7.7472349774e-01   -1.2072806752e+00    7.5270289637e-01   -1.2072806752e+00    1.2800000000e+04    4.6916742871e-03    7.2632812500e-01
       402   -4.5921356734e-01    7.2008710538e-01   -1.2050019831e+00    7.4578841577e-01   -1.2050019831e+00    1.2800000000e+04    4.6958990088e-03    7.2914062500e-01
       403   -4.4937399686e-01    6.0477380649e-01   -1.2017246366e+00    7.5235063978e-01   -1.2017246366e+00    1.2800000000e+04    4.6947143848e-03    7.2929687500e-01
       404   -4.4613529221e-01    5.5402308148e-01   -1.2003576923e+00    7.5422240010e-01   -1.2003576923e+00    1.2800000000e+04    4.7004945166e-03    7.3312500000e-01
       405   -4.4247164095e-01    5.7877168933e-01   -1.1806296329e+00    7.3815799191e-01   -1.1806296329e+00    1.2800000000e+04    4.6924026270e-03    7.2851562500e-01
       406   -4.8252157448e-01    1.3547094802e+00   -1.2059119517e+00    7.2339037721e-01   -1.2059119517e+00    1.2800000000e+04    4.7046870117e-03    7.3257812500e-01
       407   -4.8138963704e-01    1.2075521825e+00   -1.2170854606e+00    7.3569582354e-01   -1.2170854606e+00    1.2800000000e+04    4.7065931738e-03    7.3203125000e-01
       408   -4.5733409177e-01    5.5113587498e-01   -1.1835970324e+00    7.2626294061e-01   -1.1835970324e+00    1.2800000000e+04    4.7014206689e-03    7.3304687500e-01
       409   -4.5350500477e-01    6.0138580091e-01   -1.2042739572e+00    7.5076895240e-01   -1.2042739572e+00    1.2800000000e+04    4.6914720508e-03    7.2906250000e-01
       410   -4.4958953498e-01    5.6056769191e-01   -1.1654477445e+00    7.1585820952e-01   -1.1654477445e+00    1.2800000000e+04    4.7080628223e-03    7.3914062500e-01
       411   -4.6349304435e-01    8.9827352874e-01   -1.2179453805e+00    7.5445233615e-01   -1.2179453805e+00    1.2800000000e+04    4.6942723535e-03    7.2953125000e-01
       412   -4.6232345795e-01    8.5814106362e-01   -1.1921457402e+00    7.2982228229e-01   -1.1921457402e+00    1.2800000000e+04    4.7147113721e-03    7.3460937500e-01
       413   -4.2650215647e-01    4.7900010018e-01   -1.1678720800e+00    7.4136992352e-01   -1.1678720800e+00    1.2800000000e+04    4.6900481299e-03    7.2343750000e-01
       414   -4.6325162592e-01    2.5159543421e+00   -1.1945470631e+00    7.3129543718e-01   -1.1945470631e+00    1.2800000000e+04    4.6945604492e-03    7.3250000000e-01
       415   -4.4917199169e-01    5.7205397360e-01   -1.1755116816e+00    7.2633968990e-01   -1.1755116816e+00    1.2800000000e+04    4.7074959521e-03    7.3796875000e-01
       416   -4.7195380854e-01    1.1395040674e+00   -1.2033881398e+00    7.3143433129e-01   -1.2033881398e+00    1.2800000000e+04    4.7038929883e-03    7.3531250000e-01
       417   -4.4601231688e-01    6.0416325294e-01   -1.1896903813e+00    7.4367806439e-01   -1.1896903813e+00    1.2800000000e+04    4.6908560400e-03    7.2640625000e-01
       418   -4.4556025427e-01    5.8429966848e-01   -1.1990855271e+00    7.5352527282e-01   -1.1990855271e+00    1.2800000000e+04    4.6862395947e-03    7.2414062500e-01
       419   -4.6103890215e-01    9.3210403993e-01   -1.2308344860e+00    7.6979558386e-01   -1.2308344860e+00    1.2800000000e+04    4.6921618506e-03    7.2507812500e-01
       420   -4.6667426000e-01    5.6093474561e-01   -1.1714630167e+00    7.0478875668e-01   -1.1714630167e+00    1.2800000000e+04    4.7111536426e-03    7.4054687500e-01
       421   -4.5990994380e-01    7.0431400297e-01   -1.1938718922e+00    7.3396194844e-01   -1.1938718922e+00    1.2800000000e+04    4.6942771533e-03    7.2695312500e-01
       422   -4.6017796225e-01    6.4898559371e-01   -1.1973920943e+00    7.3721413209e-01   -1.1973920943e+00    1.2800000000e+04    4.6963309766e-03    7.3085937500e-01
       423   -4.6274687828e-01    5.5136003009e-01   -1.1674537207e+00    7.0470684242e-01   -1.1674537207e+00    1.2800000000e+04    4.7136323730e-03    7.3664062500e-01
       424   -4.5723336190e-01    9.2434219565e-01   -1.2027084718e+00    7.4547510986e-01   -1.2027084718e+00    1.2800000000e+04    4.7961945508e-03    7.2984375000e-01
       425   -4.4076850623e-01    5.7888250851e-01   -1.1806945493e+00    7.3992604311e-01   -1.1806945493e+00    1.2800000000e+04    4.6922624512e-03    7.2820312500e-01
       426   -4.5077828377e-01    6.4588910772e-01   -1.1916199960e+00    7.4084171227e-01   -1.1916199960e+00    1.2800000000e+04    4.6940806641e-03    7.2609375000e-01
       427   -4.4758233990e-01    5.4931335182e-01   -1.1630662813e+00    7.1548394138e-01   -1.1630662813e+00    1.2800000000e+04    4.7021044336e-03    7.3500000000e-01
       428   -4.7430492798e-01    6.4066525638e-01   -1.1825426692e+00    7.0823774127e-01   -1.1825426692e+00    1.2800000000e+04    4.7116859814e-03    7.4039062500e-01
       429   -4.4350887483e-01    5.1413257909e-01   -1.1642677339e+00    7.2075885902e-01   -1.1642677339e+00    1.2800000000e+04    4.7018264697e-03    7.3351562500e-01
       430   -4.4996942745e-01    6.5947715458e-01   -1.2107893073e+00    7.6081987987e-01   -1.2107893073e+00    1.2800000000e+04    4.6859430225e-03    7.2453125000e-01
       431   -4.6719614697e-01    6.9620004594e-01   -1.1729018034e+00    7.0570565642e-01   -1.1729018034e+00    1.2800000000e+04    4.7149943262e-03    7.4054687500e-01
       432   -4.4122849919e-01    5.3429710048e-01   -1.1762198475e+00    7.3499134827e-01   -1.1762198475e+00    1.2800000000e+04    4.7128988867e-03    7.3234375000e-01
       433   -4.2944994219e-01    4.9242441698e-01   -1.1697739309e+00    7.4032398875e-01   -1.1697739309e+00    1.2800000000e+04    4.6985091748e-03    7.2945312500e-01
       434   -4.4848624392e-01    6.6059490922e-01   -1.2074015789e+00    7.5891533499e-01   -1.2074015789e+00    1.2800000000e+04    4.6977501465e-03    7.2773437500e-01
       435   -4.3660587614e-01    4.7729643783e-01   -1.1710884171e+00    7.3448254097e-01   -1.1710884171e+00    1.2800000000e+04    4.6947019531e-03    7.3367187500e-01
       436   -4.4697890523e-01    7.8873122069e-01   -1.2240413463e+00    7.7706244110e-01   -1.2240413463e+00    1.2800000000e+04    4.7010530273e-03    7.2796875000e-01
       437   -4.4738134826e-01    5.3329365768e-01   -1.1837675813e+00    7.3638623299e-01   -1.1837675813e+00    1.2800000000e+04    4.7003528662e-03    7.3296875000e-01
       438   -4.5910960201e-01    6.1599507547e-01   -1.1811380770e+00    7.2202847501e-01   -1.1811380770e+00    1.2800000000e+04    4.7058656689e-03    7.3132812500e-01
       439   -4.6536813719e-01    9.4799748995e-01   -1.2178626232e+00    7.5249448599e-01   -1.2178626232e+00    1.2800000000e+04    4.6928522021e-03    7.2843750000e-01
       440   -4.4542138289e-01    7.9084074490e-01   -1.1734252437e+00    7.2800386086e-01   -1.1734252437e+00    1.2800000000e+04    4.7037498535e-03    7.3726562500e-01
       441   -4.6246395108e-01    7.8894474767e-01   -1.2038254991e+00    7.4136154804e-01   -1.2038254991e+00    1.2800000000e+04    4.7112894678e-03    7.3937500000e-01
       442   -4.5757646639e-01    5.4433574731e-01   -1.1746636774e+00    7.1708721104e-01   -1.1746636774e+00    1.2800000000e+04    4.7083181250e-03    7.3656250000e-01
       443   -4.5744343345e-01    6.9190462417e-01   -1.1977992702e+00    7.4035583675e-01   -1.1977992702e+00    1.2800000000e+04    4.7058472412e-03    7.3523437500e-01
       444   -4.4543188179e-01    7.0318042294e-01   -1.1811297959e+00    7.3569791409e-01   -1.1811297959e+00    1.2800000000e+04    4.7049880957e-03    7.3195312500e-01
       445   -4.5486649678e-01    5.3117273136e-01   -1.1626585925e+00    7.0779209568e-01   -1.1626585925e+00    1.2800000000e+04    4.6940347168e-03    7.3367187500e-01
       446   -4.4123894943e-01    6.6204410357e-01   -1.2168822683e+00    7.7564331882e-01   -1.2168822683e+00    1.2800000000e+04    4.6873900488e-03    7.2203125000e-01
       447   -4.4773704548e-01    6.0972126829e-01   -1.1769164305e+00    7.2917938503e-01   -1.1769164305e+00    1.2800000000e+04    4.7049159570e-03    7.3273437500e-01
       448   -4.4579106006e-01    5.7261600763e-01   -1.1943548179e+00    7.4856375787e-01   -1.1943548179e+00    1.2800000000e+04    4.7057357275e-03    7.3242187500e-01
       449   -4.6803032135e-01    6.2327659962e-01   -1.1936449096e+00    7.2561458820e-01   -1.1936449096e+00    1.2800000000e+04    4.7121859961e-03    7.4039062500e-01
       450   -4.7438533082e-01    1.5310524654e+00   -1.2240398243e+00    7.4965449352e-01   -1.2240398243e+00    1.2800000000e+04    4.6990668066e-03    7.3335937500e-01
       451   -4.4652388725e-01    5.8770482984e-01   -1.1537501152e+00    7.0722622792e-01   -1.1537501152e+00    1.2800000000e+04    4.7078565430e-03    7.3664062500e-01
       452   -4.6523572716e-01    6.9303720157e-01   -1.2009572064e+00    7.3572147921e-01   -1.2009572064e+00    1.2800000000e+04    4.7057094434e-03    7.3234375000e-01
       453   -4.5003195212e-01    4.8407457044e-01   -1.1679599027e+00    7.1792795058e-01   -1.1679599027e+00    1.2800000000e+04    4.7069254541e-03    7.3500000000e-01
       454   -4.7177450762e-01    7.5913502235e-01   -1.2125751555e+00    7.4080064792e-01   -1.2125751555e+00    1.2800000000e+04    4.6918995947e-03    7.2515625000e-01
       455   -4.4456241959e-01    5.8448257180e-01   -1.1730346525e+00    7.2847223295e-01   -1.1730346525e+00    1.2800000000e+04    4.6961773389e-03    7.3406250000e-01
       456   -4.6462497102e-01    8.0432034553e-01   -1.2047065621e+00    7.4008159106e-01   -1.2047065621e+00    1.2800000000e+04    4.7036024707e-03    7.3398437500e-01
       457   -4.6966385447e-01    8.4057972254e-01   -1.1932101788e+00    7.2354632430e-01   -1.1932101788e+00    1.2800000000e+04    4.6957542529e-03    7.3031250000e-01
       458   -4.7681229202e-01    1.1323245310e+00   -1.1982722834e+00    7.2145999133e-01   -1.1982722834e+00    1.2800000000e+04    4.6982341162e-03    7.2734375000e-01
       459   -4.4889759386e-01    6.8128345269e-01   -1.2019778572e+00    7.5308026333e-01   -1.2019778572e+00    1.2800000000e+04    4.6829491064e-03    7.2664062500e-01
       460   -4.5347845221e-01    6.1465122246e-01   -1.2018469251e+00    7.4836847289e-01   -1.2018469251e+00    1.2800000000e+04    4.6844165088e-03    7.2250000000e-01
       461   -4.5440560207e-01    5.6506374524e-01   -1.1746350224e+00    7.2022942034e-01   -1.1746350224e+00    1.2800000000e+04    4.7027504443e-03    7.3242187500e-01
       462   -4.4477091451e-01    5.8980014862e-01   -1.1942085915e+00    7.4943767696e-01   -1.1942085915e+00    1.2800000000e+04    4.7015882959e-03    7.2945312500e-01
       463   -4.4845057384e-01    5.7923428472e-01   -1.1993272336e+00    7.5087665971e-01   -1.1993272336e+00    1.2800000000e+04    4.7059878418e-03    7.3054687500e-01
       464   -4.3479315182e-01    4.5752975065e-01   -1.1410160111e+00    7.0622285933e-01   -1.1410160111e+00    1.2800000000e+04    4.7160490967e-03    7.4171875000e-01
       465   -4.5026827413e-01    5.7679349595e-01   -1.1849693513e+00    7.3470107718e-01   -1.1849693513e+00    1.2800000000e+04    4.7012659229e-03    7.3367187500e-01
       466   -4.7272571061e-01    5.4947571403e+00   -1.2381104084e+00    7.6538469776e-01   -1.2381104084e+00    1.2800000000e+04    4.6908958350e-03    7.2781250000e-01
       467   -4.4056155578e-01    5.6420641869e-01   -1.2083820251e+00    7.6782046928e-01   -1.2083820251e+00    1.2800000000e+04    4.6988182666e-03    7.2953125000e-01
       468   -4.4907453783e-01    6.7482991216e-01   -1.1959039401e+00    7.4682940231e-01   -1.1959039401e+00    1.2800000000e+04    4.6891345801e-03    7.2445312500e-01
       469   -4.7966825163e-01    1.4649826066e+00   -1.2345643343e+00    7.5489608268e-01   -1.2345643343e+00    1.2800000000e+04    4.7032789795e-03    7.3101562500e-01
       470   -4.5309990404e-01    6.2510823194e-01   -1.1933682405e+00    7.4026833644e-01   -1.1933682405e+00    1.2800000000e+04    4.6922426611e-03    7.2976562500e-01
       471   -4.4275993932e-01    7.6243262640e-01   -1.1777650388e+00    7.3500509944e-01   -1.1777650388e+00    1.2800000000e+04    4.7052786621e-03    7.3148437500e-01
       472   -4.5144716664e-01    6.4324807273e-01   -1.1973436516e+00    7.4589648493e-01   -1.1973436516e+00    1.2800000000e+04    4.7000445947e-03    7.3304687500e-01
       473   -4.4196141877e-01    5.7529188258e-01   -1.1785243580e+00    7.3656293922e-01   -1.1785243580e+00    1.2800000000e+04    4.7196960107e-03    7.3937500000e-01
       474   -4.4011412298e-01    4.6787576308e-01   -1.1402594528e+00    7.0014532978e-01   -1.1402594528e+00    1.2800000000e+04    4.7129405713e-03    7.4039062500e-01
       475   -4.8100961770e-01    9.9387040052e-01   -1.2126912031e+00    7.3168158540e-01   -1.2126912031e+00    1.2800000000e+04    4.7021913477e-03    7.3093750000e-01
       476   -4.4492080609e-01    5.4405896949e-01   -1.1829031357e+00    7.3798232959e-01   -1.1829031357e+00    1.2800000000e+04    4.7051028320e-03    7.3242187500e-01
       477   -4.7122597277e-01    9.9956751667e-01   -1.1894318639e+00    7.1820589116e-01   -1.1894318639e+00    1.2800000000e+04    4.7098592285e-03    7.3500000000e-01
       478   -4.5215148237e-01    5.4488057586e-01   -1.1912264564e+00    7.3907497403e-01   -1.1912264564e+00    1.2800000000e+04    4.7033879834e-03    7.2992187500e-01
       479   -4.5999376029e-01    5.6234574118e-01   -1.2029407754e+00    7.4294701507e-01   -1.2029407754e+00    1.2800000000e+04    4.7055158301e-03    7.3726562500e-01
       480   -4.5577662907e-01    5.1590090189e-01   -1.1626969307e+00    7.0692030165e-01   -1.1626969307e+00    1.2800000000e+04    4.7008063330e-03    7.3445312500e-01
       481   -4.5296441425e-01    4.9150804237e-01   -1.1616713071e+00    7.0870689290e-01   -1.1616713071e+00    1.2800000000e+04    4.7200176563e-03    7.4289062500e-01
       482   -4.4839737328e-01    5.5020051141e-01   -1.1539636896e+00    7.0556631629e-01   -1.1539636896e+00    1.2800000000e+04    4.7120228125e-03    7.3718750000e-01
       483   -4.5792397806e-01    1.6951591364e+00   -1.2345994046e+00    7.7667542653e-01   -1.2345994046e+00    1.2800000000e+04    4.7011484521e-03    7.2812500000e-01
       484   -4.5256295294e-01    5.7717595873e-01   -1.1655204142e+00    7.1295746122e-01   -1.1655204142e+00    1.2800000000e+04    4.6983802588e-03    7.3375000000e-01
       485   -4.5298416073e-01    5.1616297619e-01   -1.1816467983e+00    7.2866263760e-01   -1.1816467983e+00    1.2800000000e+04    4.6981683154e-03    7.3257812500e-01
       486   -4.5391680229e-01    6.8892184910e-01   -1.2012012295e+00    7.4728442725e-01   -1.2012012295e+00    1.2800000000e+04    4.6905199121e-03    7.2742187500e-01
       487   -4.5943219797e-01    9.7196149865e-01   -1.1622087557e+00    7.0277655770e-01   -1.1622087557e+00    1.2800000000e+04    4.7175390283e-03    7.4046875000e-01
       488   -4.6778758132e-01    1.4896077693e+00   -1.2350864367e+00    7.6729885533e-01   -1.2350864367e+00    1.2800000000e+04    4.7005304492e-03    7.2781250000e-01
       489   -4.9347825977e-01    1.2980042378e+00   -1.2415760529e+00    7.4809779316e-01   -1.2415760529e+00    1.2800000000e+04    4.7042043018e-03    7.3531250000e-01
       490   -4.6336564086e-01    9.6922887793e-01   -1.2022346537e+00    7.3886901281e-01   -1.2022346537e+00    1.2800000000e+04    4.6943895801e-03    7.3265625000e-01
       491   -4.5871602671e-01    1.5356481976e+00   -1.2164897726e+00    7.5777374585e-01   -1.2164897726e+00    1.2800000000e+04    4.6950119434e-03    7.2953125000e-01
       492   -4.3329439022e-01    4.4013652784e-01   -1.1658177732e+00    7.3252338296e-01   -1.1658177732e+00    1.2800000000e+04    4.7044845996e-03    7.3484375000e-01
       493   -4.6587278667e-01    6.2849819011e-01   -1.1920335155e+00    7.2616072881e-01   -1.1920335155e+00    1.2800000000e+04    4.7169804834e-03    7.3734375000e-01
       494   -4.6865010646e-01    2.2782747406e+00   -1.2152782753e+00    7.4662816879e-01   -1.2152782753e+00    1.2800000000e+04    4.6894464160e-03    7.2554687500e-01
       495   -4.6688642887e-01    6.7649024569e-01   -1.1959636424e+00    7.2907721354e-01   -1.1959636424e+00    1.2800000000e+04    4.6979475488e-03    7.3093750000e-01
       496   -4.4564922298e-01    7.1613380932e-01   -1.1677799066e+00    7.2213068365e-01   -1.1677799066e+00    1.2800000000e+04    4.7122044238e-03    7.4007812500e-01
       497   -4.4795544028e-01    6.4673616415e-01   -1.1995197372e+00    7.5156429696e-01   -1.1995197372e+00    1.2800000000e+04    4.6864587793e-03    7.2773437500e-01
       498   -4.5617308036e-01    7.1614022885e-01   -1.2199136105e+00    7.6374053013e-01   -1.2199136105e+00    1.2800000000e+04    4.6804982520e-03    7.2351562500e-01
       499   -4.6389152496e-01    6.2193047683e-01   -1.2037021832e+00    7.3981065823e-01   -1.2037021832e+00    1.2800000000e+04    4.7032807422e-03    7.2835937500e-01
