#   index    LocalEnergy         LocalEnergy_sq      LocalPotential      Kinetic             ElecElec            LocalECP            NonLocalECP         BlockWeight         BlockCPU            AcceptRatio         
         0   -1.5852207261e+01    2.5172215029e+02   -2.7555551691e+01    1.1703344429e+01    1.0268177694e+01   -3.9773855647e+01    1.9501262620e+00    5.1200000000e+02    1.2708550352e-02    4.3717447917e-01
         1   -1.5862834246e+01    2.5210340605e+02   -2.7569309291e+01    1.1706475045e+01    1.0279532001e+01   -3.9717865778e+01    1.8690244867e+00    5.1200000000e+02    1.2982021038e-02    4.3652343750e-01
         2   -1.5854672131e+01    2.5194168762e+02   -2.8041335237e+01    1.2186663107e+01    1.0294186728e+01   -4.0218054178e+01    1.8825322130e+00    5.1200000000e+02    1.3172442483e-02    4.2805989583e-01
         3   -1.5888059857e+01    2.5299829595e+02   -2.7581743691e+01    1.1693683834e+01    1.0476332038e+01   -4.0714550515e+01    2.6564747869e+00    5.1200000000e+02    1.2850426206e-02    4.4889322917e-01
         4   -1.5891797393e+01    2.5334580222e+02   -2.8193199081e+01    1.2301401687e+01    1.0487792258e+01   -4.0497136965e+01    1.8161456265e+00    5.1200000000e+02    1.2775202100e-02    4.3619791667e-01
         5   -1.5830732141e+01    2.5124810376e+02   -2.7642688486e+01    1.1811956345e+01    1.0522190628e+01   -4.0471419014e+01    2.3065399002e+00    5.1200000000e+02    1.2609169326e-02    4.4856770833e-01
         6   -1.5944755500e+01    2.5508598455e+02   -2.8351068038e+01    1.2406312538e+01    1.0321277969e+01   -4.0267098443e+01    1.5947524372e+00    5.1200000000e+02    1.2814283220e-02    4.3098958333e-01
         7   -1.6033338346e+01    2.6267156510e+02   -2.9011528919e+01    1.2978190574e+01    1.0200640963e+01   -3.9846879376e+01    6.3470949419e-01    5.1200000000e+02    1.2748756526e-02    4.4401041667e-01
         8   -1.5924336662e+01    2.5421708411e+02   -2.7459754894e+01    1.1535418233e+01    1.0206680332e+01   -3.9861065024e+01    2.1946297980e+00    5.1200000000e+02    1.2365220986e-02    4.4303385417e-01
         9   -1.5895438427e+01    2.5334687061e+02   -2.7306420641e+01    1.1410982215e+01    1.0201944643e+01   -3.9690119373e+01    2.1817540888e+00    5.1200000000e+02    1.2824130129e-02    4.4628906250e-01
        10   -1.5932372082e+01    2.5456389921e+02   -2.7516380952e+01    1.1584008871e+01    1.0263118558e+01   -3.9802676578e+01    2.0231770677e+00    5.1200000000e+02    1.2718930579e-02    4.5475260417e-01
        11   -1.5911131868e+01    2.5396686605e+02   -2.7768738040e+01    1.1857606172e+01    1.0345206034e+01   -3.9676359041e+01    1.5624149663e+00    5.1200000000e+02    1.2687557380e-02    4.5670572917e-01
        12   -1.5843047479e+01    2.5171220161e+02   -2.7430032901e+01    1.1586985422e+01    1.0189844473e+01   -3.9524395270e+01    1.9045178966e+00    5.1200000000e+02    1.3354578992e-02    4.2838541667e-01
        13   -1.5861896455e+01    2.5210109534e+02   -2.7200133289e+01    1.1338236834e+01    1.0142528085e+01   -3.9544509201e+01    2.2018478271e+00    5.1200000000e+02    1.2894004980e-02    4.5930989583e-01
        14   -1.5894390805e+01    2.5322193859e+02   -2.7241941184e+01    1.1347550379e+01    1.0200035605e+01   -3.9734025399e+01    2.2920486109e+00    5.1200000000e+02    1.2822773257e-02    4.3717447917e-01
        15   -1.5833240569e+01    2.5134816483e+02   -2.7418893602e+01    1.1585653032e+01    1.0176153054e+01   -3.9549279932e+01    1.9542332757e+00    5.1200000000e+02    1.2784615652e-02    4.4433593750e-01
        16   -1.5840634996e+01    2.5143913732e+02   -2.7483612648e+01    1.1642977653e+01    1.0366422553e+01   -3.9813248706e+01    1.9632135044e+00    5.1200000000e+02    1.2820427827e-02    4.3880208333e-01
        17   -1.5882615194e+01    2.5289205880e+02   -2.7451882039e+01    1.1569266846e+01    1.0355387238e+01   -3.9870957086e+01    2.0636878091e+00    5.1200000000e+02    1.3095230098e-02    4.2187500000e-01
        18   -1.5836125402e+01    2.5144886825e+02   -2.7325567497e+01    1.1489442095e+01    1.0276547270e+01   -3.9783045543e+01    2.1809307762e+00    5.1200000000e+02    1.2806509336e-02    4.4498697917e-01
        19   -1.5848101467e+01    2.5184314863e+02   -2.7549202385e+01    1.1701100918e+01    1.0322554433e+01   -3.9733052358e+01    1.8612955410e+00    5.1200000000e+02    1.2658820571e-02    4.4596354167e-01
        20   -1.5909791780e+01    2.5389045419e+02   -2.7597046069e+01    1.1687254289e+01    1.0260340818e+01   -3.9737938626e+01    1.8805517384e+00    5.1200000000e+02    1.2295489497e-02    4.3587239583e-01
        21   -1.5898366902e+01    2.5345015256e+02   -2.7387290646e+01    1.1488923744e+01    1.0334399268e+01   -3.9641221681e+01    1.9195317678e+00    5.1200000000e+02    1.3053107324e-02    4.3750000000e-01
        22   -1.5866231834e+01    2.5244752850e+02   -2.7790049672e+01    1.1923817838e+01    1.0279735665e+01   -3.9937828268e+01    1.8680429314e+00    5.1200000000e+02    1.2553859617e-02    4.4433593750e-01
        23   -1.5913322654e+01    2.5409893184e+02   -2.8027135368e+01    1.2113812714e+01    1.0577723001e+01   -4.0390098590e+01    1.7852402220e+00    5.1200000000e+02    1.3072111963e-02    4.3229166667e-01
        24   -1.5886485186e+01    2.5301153877e+02   -2.8084891725e+01    1.2198406538e+01    1.0479618830e+01   -4.0350675538e+01    1.7861649835e+00    5.1200000000e+02    1.3097966357e-02    4.3164062500e-01
        25   -1.5842767234e+01    2.5176763665e+02   -2.7725621358e+01    1.1882854124e+01    1.0563417833e+01   -4.0340516309e+01    2.0514771178e+00    5.1200000000e+02    1.3465572344e-02    4.4042968750e-01
        26   -1.5829882849e+01    2.5126235658e+02   -2.7586019190e+01    1.1756136341e+01    1.0435314328e+01   -3.9981669415e+01    1.9603358961e+00    5.1200000000e+02    1.3484143601e-02    4.5312500000e-01
        27   -1.5840116270e+01    2.5155678759e+02   -2.7502462685e+01    1.1662346415e+01    1.0353894357e+01   -3.9939180778e+01    2.0828237355e+00    5.1200000000e+02    1.2997778892e-02    4.2220052083e-01
        28   -1.5935785747e+01    2.5484964790e+02   -2.8239440940e+01    1.2303655193e+01    1.0403654506e+01   -4.0977349966e+01    2.3342545196e+00    5.1200000000e+02    1.2967438394e-02    4.3977864583e-01
        29   -1.5911957510e+01    2.5403938426e+02   -2.7956579654e+01    1.2044622144e+01    1.0529057853e+01   -4.1336321002e+01    2.8506834956e+00    5.1200000000e+02    1.2847711543e-02    4.5312500000e-01
        30   -1.5952592025e+01    2.5528483107e+02   -2.7774063040e+01    1.1821471014e+01    1.0415934397e+01   -4.0717086030e+01    2.5270885931e+00    5.1200000000e+02    1.2915733962e-02    4.4238281250e-01
        31   -1.5953156422e+01    2.5538174704e+02   -2.8120334121e+01    1.2167177699e+01    1.0396237364e+01   -4.0893160801e+01    2.3765893165e+00    5.1200000000e+02    1.3262771040e-02    4.5117187500e-01
        32   -1.5896005097e+01    2.5340550269e+02   -2.7782354594e+01    1.1886349496e+01    1.0312841274e+01   -4.0302415737e+01    2.2072198694e+00    5.1200000000e+02    1.3517299910e-02    4.4238281250e-01
        33   -1.5907394193e+01    2.5377360415e+02   -2.7616278552e+01    1.1708884360e+01    1.0350814082e+01   -4.0232107450e+01    2.2650148156e+00    5.1200000000e+02    1.3045285171e-02    4.5019531250e-01
        34   -1.5861677679e+01    2.5221630391e+02   -2.7777807238e+01    1.1916129560e+01    1.0385800002e+01   -4.0489129058e+01    2.3255218172e+00    5.1200000000e+02    1.3157256042e-02    4.4661458333e-01
        35   -1.5922533910e+01    2.5415341146e+02   -2.7806907843e+01    1.1884373933e+01    1.0396630048e+01   -4.0432234936e+01    2.2286970445e+00    5.1200000000e+02    1.3074682612e-02    4.3750000000e-01
        36   -1.5865688232e+01    2.5221858615e+02   -2.7796639931e+01    1.1930951699e+01    1.0360467342e+01   -4.0075890830e+01    1.9187835575e+00    5.1200000000e+02    1.2793395999e-02    4.3750000000e-01
        37   -1.5915977190e+01    2.5395082634e+02   -2.7817527813e+01    1.1901550623e+01    1.0442646664e+01   -4.0013902140e+01    1.7537276634e+00    5.1200000000e+02    1.3612091018e-02    4.3554687500e-01
        38   -1.5920889205e+01    2.5403900372e+02   -2.7925161371e+01    1.2004272166e+01    1.0387525928e+01   -3.9836411990e+01    1.5237246913e+00    5.1200000000e+02    1.3236387131e-02    4.2903645833e-01
        39   -1.5873432966e+01    2.5259361188e+02   -2.7713874644e+01    1.1840441678e+01    1.0415796231e+01   -3.9906135487e+01    1.7764646116e+00    5.1200000000e+02    1.3274136221e-02    4.3554687500e-01
        40   -1.5894359021e+01    2.5333069804e+02   -2.7601968754e+01    1.1707609734e+01    1.0406243918e+01   -4.0012898378e+01    2.0046857059e+00    5.1200000000e+02    1.3018731338e-02    4.3522135417e-01
        41   -1.5911354064e+01    2.5377790902e+02   -2.7322220489e+01    1.1410866425e+01    1.0486349748e+01   -3.9994585473e+01    2.1860152359e+00    5.1200000000e+02    1.2716914600e-02    4.3717447917e-01
        42   -1.5862927345e+01    2.5227711613e+02   -2.7314180525e+01    1.1451253180e+01    1.0529467715e+01   -4.0053534415e+01    2.2098861745e+00    5.1200000000e+02    1.3095478171e-02    4.4270833333e-01
        43   -1.5858709347e+01    2.5213103099e+02   -2.7482147181e+01    1.1623437834e+01    1.0499278451e+01   -4.0177516331e+01    2.1960906984e+00    5.1200000000e+02    1.3580526943e-02    4.3945312500e-01
        44   -1.5893944675e+01    2.5334967557e+02   -2.7534102147e+01    1.1640157472e+01    1.0490379573e+01   -4.0015816454e+01    1.9913347340e+00    5.1200000000e+02    1.3010036086e-02    4.4075520833e-01
        45   -1.5885914993e+01    2.5294683214e+02   -2.7544606426e+01    1.1658691434e+01    1.0518303985e+01   -4.0163781748e+01    2.1008713369e+00    5.1200000000e+02    1.3122936606e-02    4.5279947917e-01
        46   -1.5806446117e+01    2.5039591676e+02   -2.7154987218e+01    1.1348541101e+01    1.0532489842e+01   -3.9901624786e+01    2.2141477268e+00    5.1200000000e+02    1.3434394143e-02    4.3619791667e-01
        47   -1.5812378653e+01    2.5054214553e+02   -2.7118331288e+01    1.1305952634e+01    1.0421088370e+01   -3.9532047297e+01    1.9926276396e+00    5.1200000000e+02    1.2964618003e-02    4.3457031250e-01
        48   -1.5826478182e+01    2.5093830139e+02   -2.7170914232e+01    1.1344436049e+01    1.0376966887e+01   -3.9422711208e+01    1.8748300894e+00    5.1200000000e+02    1.3603281165e-02    4.3587239583e-01
        49   -1.5838754358e+01    2.5140790370e+02   -2.7570083678e+01    1.1731329320e+01    1.0354514254e+01   -3.9895884068e+01    1.9712861359e+00    5.1200000000e+02    1.3477670452e-02    4.2805989583e-01
        50   -1.5857361204e+01    2.5204709857e+02   -2.7687906063e+01    1.1830544858e+01    1.0463551475e+01   -4.0322428764e+01    2.1709712265e+00    5.1200000000e+02    1.3087779348e-02    4.3945312500e-01
        51   -1.5877195677e+01    2.5262700252e+02   -2.7731607473e+01    1.1854411796e+01    1.0484563373e+01   -4.0461063455e+01    2.2448926086e+00    5.1200000000e+02    1.3287176333e-02    4.4140625000e-01
        52   -1.5832343771e+01    2.5129017495e+02   -2.7504082746e+01    1.1671738975e+01    1.0507160284e+01   -4.0120891596e+01    2.1096485652e+00    5.1200000000e+02    1.3018927502e-02    4.5149739583e-01
        53   -1.5839153190e+01    2.5173039537e+02   -2.7776923053e+01    1.1937769863e+01    1.0566480826e+01   -4.0436847290e+01    2.0934434109e+00    5.1200000000e+02    1.3296640015e-02    4.4661458333e-01
        54   -1.5831580490e+01    2.5118503799e+02   -2.7979060464e+01    1.2147479975e+01    1.0585948853e+01   -4.0671039127e+01    2.1060298095e+00    5.1200000000e+02    1.3631832510e-02    4.4563802083e-01
        55   -1.5846391653e+01    2.5183879397e+02   -2.8131242467e+01    1.2284850814e+01    1.0541988578e+01   -4.0504023403e+01    1.8307923578e+00    5.1200000000e+02    1.3520169553e-02    4.4661458333e-01
        56   -1.5830414484e+01    2.5122173757e+02   -2.7973786641e+01    1.2143372157e+01    1.0563352289e+01   -4.0259288018e+01    1.7221490886e+00    5.1200000000e+02    1.3235535588e-02    4.4531250000e-01
        57   -1.5848186732e+01    2.5181875542e+02   -2.7899253944e+01    1.2051067212e+01    1.0457561684e+01   -4.0327395409e+01    1.9705797815e+00    5.1200000000e+02    1.3306789646e-02    4.3033854167e-01
        58   -1.5870978114e+01    2.5260984408e+02   -2.7929864863e+01    1.2058886748e+01    1.0531190164e+01   -4.0696137079e+01    2.2350820524e+00    5.1200000000e+02    1.3418635374e-02    4.5019531250e-01
        59   -1.5844724986e+01    2.5174824901e+02   -2.7781795348e+01    1.1937070361e+01    1.0500243194e+01   -4.0573669549e+01    2.2916310075e+00    5.1200000000e+02    1.3274329128e-02    4.3066406250e-01
        60   -1.5856388606e+01    2.5233409589e+02   -2.7756002717e+01    1.1899614111e+01    1.0423706444e+01   -4.0113686612e+01    1.9339774503e+00    5.1200000000e+02    1.3341337205e-02    4.3717447917e-01
        61   -1.5874353000e+01    2.5263744437e+02   -2.7629686645e+01    1.1755333645e+01    1.0380207038e+01   -4.0283087713e+01    2.2731940301e+00    5.1200000000e+02    1.2899921877e-02    4.3424479167e-01
        62   -1.5915367492e+01    2.5407146078e+02   -2.7887036466e+01    1.1971668973e+01    1.0364294722e+01   -4.0326347059e+01    2.0750158711e+00    5.1200000000e+02    1.2876122527e-02    4.3750000000e-01
        63   -1.5891761068e+01    2.5315642102e+02   -2.7764431675e+01    1.1872670607e+01    1.0301160029e+01   -4.0096196207e+01    2.0306045036e+00    5.1200000000e+02    1.2857871406e-02    4.2871093750e-01
        64   -1.5875621681e+01    2.5270833097e+02   -2.7741838276e+01    1.1866216595e+01    1.0433425576e+01   -4.0284611476e+01    2.1093476244e+00    5.1200000000e+02    1.3363218406e-02    4.4368489583e-01
        65   -1.5872318897e+01    2.5253858035e+02   -2.7639255034e+01    1.1766936138e+01    1.0494963426e+01   -4.0194773685e+01    2.0605552249e+00    5.1200000000e+02    1.3311963171e-02    4.4986979167e-01
        66   -1.5881299141e+01    2.5296975660e+02   -2.8017854995e+01    1.2136555854e+01    1.0494011987e+01   -4.0568907035e+01    2.0570400530e+00    5.1200000000e+02    1.3384767749e-02    4.4726562500e-01
        67   -1.5861269580e+01    2.5225633802e+02   -2.7961485080e+01    1.2100215499e+01    1.0433549665e+01   -4.0320780995e+01    1.9257462505e+00    5.1200000000e+02    1.3053184204e-02    4.3066406250e-01
        68   -1.5878451658e+01    2.5268950476e+02   -2.8042404294e+01    1.2163952636e+01    1.0400068090e+01   -4.0260554553e+01    1.8180821691e+00    5.1200000000e+02    1.2939717258e-02    4.5833333333e-01
        69   -1.5844155299e+01    2.5167112093e+02   -2.7619211202e+01    1.1775055903e+01    1.0293195945e+01   -3.9629695808e+01    1.7172886609e+00    5.1200000000e+02    1.3184462114e-02    4.5182291667e-01
        70   -1.5845004294e+01    2.5156771908e+02   -2.7855462413e+01    1.2010458119e+01    1.0350711909e+01   -4.0236432012e+01    2.0302576903e+00    5.1200000000e+02    1.2903056099e-02    4.4726562500e-01
        71   -1.5822366833e+01    2.5097874887e+02   -2.8135315536e+01    1.2312948703e+01    1.0304428957e+01   -4.0551003671e+01    2.1112591779e+00    5.1200000000e+02    1.2852685139e-02    4.2871093750e-01
        72   -1.5813949569e+01    2.5063703246e+02   -2.7981424886e+01    1.2167475317e+01    1.0289820422e+01   -4.0497683051e+01    2.2264377428e+00    5.1200000000e+02    1.2961604827e-02    4.4335937500e-01
        73   -1.5840046895e+01    2.5144180534e+02   -2.7866246194e+01    1.2026199299e+01    1.0321382460e+01   -4.0419495559e+01    2.2318669049e+00    5.1200000000e+02    1.2866855496e-02    4.4726562500e-01
        74   -1.5836171909e+01    2.5151061537e+02   -2.7797762349e+01    1.1961590440e+01    1.0295006565e+01   -4.0172667615e+01    2.0798987014e+00    5.1200000000e+02    1.3249197661e-02    4.5182291667e-01
        75   -1.5817152169e+01    2.5069907637e+02   -2.7666570498e+01    1.1849418330e+01    1.0290236053e+01   -4.0262443165e+01    2.3056366142e+00    5.1200000000e+02    1.3104379172e-02    4.4921875000e-01
        76   -1.5844148368e+01    2.5169756247e+02   -2.8029678252e+01    1.2185529884e+01    1.0366571697e+01   -4.0667693629e+01    2.2714436805e+00    5.1200000000e+02    1.3081977622e-02    4.4791666667e-01
        77   -1.5851783186e+01    2.5193943661e+02   -2.7885374593e+01    1.2033591407e+01    1.0399955204e+01   -4.0203422379e+01    1.9180925813e+00    5.1200000000e+02    1.2842154492e-02    4.3164062500e-01
        78   -1.5880663226e+01    2.5289526329e+02   -2.8155534448e+01    1.2274871222e+01    1.0352690009e+01   -4.0647936646e+01    2.1397121892e+00    5.1200000000e+02    1.2948123418e-02    4.3522135417e-01
        79   -1.5801892270e+01    2.5125225949e+02   -2.8436013719e+01    1.2634121449e+01    1.0406485141e+01   -4.0732082550e+01    1.8895836909e+00    5.1200000000e+02    1.3001758276e-02    4.3229166667e-01
        80   -1.5829411820e+01    2.5140894448e+02   -2.8005856277e+01    1.2176444457e+01    1.0377807117e+01   -4.0413183092e+01    2.0295196988e+00    5.1200000000e+02    1.2697033564e-02    4.5084635417e-01
        81   -1.5827007318e+01    2.5145928416e+02   -2.8115036800e+01    1.2288029482e+01    1.0367472086e+01   -4.0432645853e+01    1.9501369674e+00    5.1200000000e+02    1.2704355059e-02    4.6126302083e-01
        82   -1.5862128273e+01    2.5237643497e+02   -2.7818166785e+01    1.1956038512e+01    1.0487887168e+01   -4.0149425735e+01    1.8433717819e+00    5.1200000000e+02    1.2904593085e-02    4.3424479167e-01
        83   -1.5942044288e+01    2.5498835765e+02   -2.7785453462e+01    1.1843409174e+01    1.0406152674e+01   -4.0013728361e+01    1.8221222255e+00    5.1200000000e+02    1.2795514255e-02    4.4335937500e-01
        84   -1.5924733689e+01    2.5421089636e+02   -2.7765800988e+01    1.1841067299e+01    1.0293146347e+01   -4.0137612893e+01    2.0786655590e+00    5.1200000000e+02    1.2783284087e-02    4.3652343750e-01
        85   -1.5924368871e+01    2.5431791452e+02   -2.7855238884e+01    1.1930870013e+01    1.0286703785e+01   -4.0163167849e+01    2.0212251808e+00    5.1200000000e+02    1.2710317581e-02    4.4954427083e-01
        86   -1.5868972607e+01    2.5251257122e+02   -2.7838299325e+01    1.1969326717e+01    1.0348973688e+01   -4.0002747392e+01    1.8154743797e+00    5.1200000000e+02    1.3144348486e-02    4.4856770833e-01
        87   -1.5836369543e+01    2.5152966613e+02   -2.7696589651e+01    1.1860220108e+01    1.0416735981e+01   -4.0301616355e+01    2.1882907235e+00    5.1200000000e+02    1.3053875251e-02    4.4010416667e-01
        88   -1.5859464507e+01    2.5222755472e+02   -2.7514493024e+01    1.1655028517e+01    1.0340464596e+01   -4.0011027086e+01    2.1560694661e+00    5.1200000000e+02    1.3088163979e-02    4.3684895833e-01
        89   -1.5863665612e+01    2.5236267669e+02   -2.7980690853e+01    1.2117025241e+01    1.0296250227e+01   -4.0316537402e+01    2.0395963218e+00    5.1200000000e+02    1.2835886904e-02    4.6126302083e-01
        90   -1.5900945085e+01    2.5355842604e+02   -2.7784597861e+01    1.1883652776e+01    1.0301979822e+01   -4.0403385664e+01    2.3168079805e+00    5.1200000000e+02    1.3378556956e-02    4.4889322917e-01
        91   -1.5891041802e+01    2.5325942107e+02   -2.7390889656e+01    1.1499847854e+01    1.0267920865e+01   -4.0062482030e+01    2.4036715079e+00    5.1200000000e+02    1.2828173474e-02    4.5149739583e-01
        92   -1.5858965091e+01    2.5203378464e+02   -2.7386981292e+01    1.1528016201e+01    1.0230864414e+01   -3.9703527462e+01    2.0856817560e+00    5.1200000000e+02    1.3068006079e-02    4.3457031250e-01
        93   -1.5920861210e+01    2.5414653684e+02   -2.7797763970e+01    1.1876902759e+01    1.0233304764e+01   -3.9897157638e+01    1.8660889041e+00    5.1200000000e+02    1.2884186147e-02    4.3033854167e-01
        94   -1.5923993283e+01    2.5430572626e+02   -2.7201293289e+01    1.1277300006e+01    1.0191426428e+01   -3.9268634356e+01    1.8759146386e+00    5.1200000000e+02    1.3211156169e-02    4.5117187500e-01
        95   -1.5836240926e+01    2.5167726348e+02   -2.7075980461e+01    1.1239739535e+01    1.0148490427e+01   -3.9296767108e+01    2.0722962192e+00    5.1200000000e+02    1.2800570913e-02    4.3945312500e-01
        96   -1.5890075425e+01    2.5314170730e+02   -2.7534180438e+01    1.1644105013e+01    1.0153706044e+01   -3.9268729112e+01    1.5808426299e+00    5.1200000000e+02    1.3078303647e-02    4.3587239583e-01
        97   -1.5880495451e+01    2.5284288175e+02   -2.7534244267e+01    1.1653748816e+01    1.0116944537e+01   -3.9534585504e+01    1.8833966989e+00    5.1200000000e+02    1.2655759302e-02    4.4661458333e-01
        98   -1.5842103927e+01    2.5170641052e+02   -2.7789820304e+01    1.1947716376e+01    1.0097364991e+01   -3.9603970736e+01    1.7167854415e+00    5.1200000000e+02    1.2812315022e-02    4.4173177083e-01
        99   -1.5919554092e+01    2.5411867610e+02   -2.7686630113e+01    1.1767076021e+01    1.0148453466e+01   -3.9701003093e+01    1.8659195132e+00    5.1200000000e+02    1.3609248181e-02    4.4075520833e-01
       100   -1.5973649351e+01    2.5583218152e+02   -2.7614777222e+01    1.1641127870e+01    1.0250161171e+01   -3.9667876941e+01    1.8029385483e+00    5.1200000000e+02    1.2601849026e-02    4.3750000000e-01
       101   -1.5942681227e+01    2.5467484211e+02   -2.7254726122e+01    1.1312044895e+01    1.0215273181e+01   -3.9442584712e+01    1.9725854103e+00    5.1200000000e+02    1.2852101179e-02    4.2708333333e-01
       102   -1.5897305360e+01    2.5327934335e+02   -2.7359633817e+01    1.1462328457e+01    1.0192265567e+01   -3.9135905666e+01    1.5840062813e+00    5.1200000000e+02    1.2986863428e-02    4.4954427083e-01
       103   -1.5966873361e+01    2.5548064135e+02   -2.7429087972e+01    1.1462214611e+01    1.0187038536e+01   -3.9475481892e+01    1.8593553837e+00    5.1200000000e+02    1.2908135518e-02    4.4140625000e-01
       104   -1.5930911149e+01    2.5437855115e+02   -2.7103013995e+01    1.1172102846e+01    1.0178310058e+01   -3.9248675426e+01    1.9673513734e+00    5.1200000000e+02    1.3263781963e-02    4.2610677083e-01
       105   -1.5861035076e+01    2.5204849163e+02   -2.6869404355e+01    1.1008369278e+01    1.0147253772e+01   -3.8805056532e+01    1.7883984058e+00    5.1200000000e+02    1.3248004470e-02    4.4270833333e-01
       106   -1.5876386510e+01    2.5260473762e+02   -2.7341988179e+01    1.1465601670e+01    1.0255813522e+01   -3.9382033259e+01    1.7842315575e+00    5.1200000000e+02    1.2808705872e-02    4.4303385417e-01
       107   -1.5858215467e+01    2.5207490934e+02   -2.7595908650e+01    1.1737693182e+01    1.0323305870e+01   -3.9916431245e+01    1.9972167254e+00    5.1200000000e+02    1.3114160303e-02    4.4433593750e-01
       108   -1.5860556379e+01    2.5215899827e+02   -2.7273682383e+01    1.1413126003e+01    1.0221637697e+01   -3.9415983951e+01    1.9206638710e+00    5.1200000000e+02    1.2720620574e-02    4.3880208333e-01
       109   -1.5860625394e+01    2.5217302404e+02   -2.7076423235e+01    1.1215797841e+01    1.0217295856e+01   -3.9347342821e+01    2.0536237302e+00    5.1200000000e+02    1.3215882451e-02    4.4270833333e-01
       110   -1.5863100200e+01    2.5221400208e+02   -2.7046537720e+01    1.1183437520e+01    1.0231158027e+01   -3.9091542721e+01    1.8138469737e+00    5.1200000000e+02    1.3071590210e-02    4.4628906250e-01
       111   -1.5894546107e+01    2.5331627751e+02   -2.7563318920e+01    1.1668772813e+01    1.0303642757e+01   -3.9438294575e+01    1.5713328979e+00    5.1200000000e+02    1.2407912493e-02    4.4108072917e-01
       112   -1.5847057432e+01    2.5169167028e+02   -2.7210840164e+01    1.1363782732e+01    1.0324816352e+01   -3.9412287649e+01    1.8766311330e+00    5.1200000000e+02    1.2936288132e-02    4.5214843750e-01
       113   -1.5903955468e+01    2.5355569841e+02   -2.7349011663e+01    1.1445056195e+01    1.0343089380e+01   -3.9680222254e+01    1.9881212104e+00    5.1200000000e+02    1.2975865999e-02    4.5833333333e-01
       114   -1.5883438212e+01    2.5282708040e+02   -2.7042878104e+01    1.1159439892e+01    1.0348901014e+01   -3.9393626526e+01    2.0018474080e+00    5.1200000000e+02    1.2934425911e-02    4.4368489583e-01
       115   -1.5895360031e+01    2.5327725097e+02   -2.7326616744e+01    1.1431256713e+01    1.0362821949e+01   -3.9717530891e+01    2.0280921978e+00    5.1200000000e+02    1.3047651643e-02    4.5865885417e-01
       116   -1.5877732130e+01    2.5272995989e+02   -2.7188649415e+01    1.1310917284e+01    1.0315753065e+01   -3.9325860516e+01    1.8214580363e+00    5.1200000000e+02    1.2908179316e-02    4.4238281250e-01
       117   -1.5885675252e+01    2.5310511647e+02   -2.7638878107e+01    1.1753202855e+01    1.0354652109e+01   -4.0192425634e+01    2.1988954176e+00    5.1200000000e+02    1.2774780791e-02    4.3554687500e-01
       118   -1.5896849275e+01    2.5335011907e+02   -2.6997977332e+01    1.1101128057e+01    1.0276575419e+01   -3.9649965368e+01    2.3754126168e+00    5.1200000000e+02    1.2705625618e-02    4.4401041667e-01
       119   -1.5935912045e+01    2.5458061096e+02   -2.7340332431e+01    1.1404420385e+01    1.0232100516e+01   -3.9950101367e+01    2.3776684199e+00    5.1200000000e+02    1.3199828347e-02    4.3457031250e-01
       120   -1.5881007301e+01    2.5275617830e+02   -2.7543935241e+01    1.1662927940e+01    1.0230282433e+01   -3.9608637121e+01    1.8344194476e+00    5.1200000000e+02    1.3064008140e-02    4.4238281250e-01
       121   -1.5889965092e+01    2.5320983719e+02   -2.7638890671e+01    1.1748925578e+01    1.0186471919e+01   -3.9558868332e+01    1.7335057422e+00    5.1200000000e+02    1.2745174756e-02    4.3261718750e-01
       122   -1.5879330345e+01    2.5266858851e+02   -2.7348280459e+01    1.1468950115e+01    1.0344378340e+01   -3.9478372953e+01    1.7857141538e+00    5.1200000000e+02    1.3384764692e-02    4.4173177083e-01
       123   -1.5902092228e+01    2.5359994898e+02   -2.7694968087e+01    1.1792875859e+01    1.0361049628e+01   -4.0108658209e+01    2.0526404942e+00    5.1200000000e+02    1.2761420022e-02    4.4661458333e-01
       124   -1.5868992741e+01    2.5248493717e+02   -2.7382936713e+01    1.1513943972e+01    1.0389980917e+01   -3.9834906175e+01    2.0619885453e+00    5.1200000000e+02    1.2800456396e-02    4.5638020833e-01
       125   -1.5881868963e+01    2.5279407566e+02   -2.7446782564e+01    1.1564913601e+01    1.0359982173e+01   -3.9810782114e+01    2.0040173770e+00    5.1200000000e+02    1.2778933784e-02    4.4628906250e-01
       126   -1.5869294963e+01    2.5235639413e+02   -2.6923931477e+01    1.1054636513e+01    1.0324861221e+01   -3.9365018688e+01    2.1162259903e+00    5.1200000000e+02    1.3138323303e-02    4.5572916667e-01
       127   -1.5850199424e+01    2.5178075651e+02   -2.6858860586e+01    1.1008661162e+01    1.0145904314e+01   -3.8734577618e+01    1.7298127189e+00    5.1200000000e+02    1.3186437207e-02    4.4856770833e-01
       128   -1.5777709227e+01    2.4937375042e+02   -2.6841500006e+01    1.1063790779e+01    1.0091109890e+01   -3.8546835414e+01    1.6142255174e+00    5.1200000000e+02    1.2821921226e-02    4.3131510417e-01
       129   -1.5815071886e+01    2.5069752365e+02   -2.7111072347e+01    1.1296000462e+01    1.0118128644e+01   -3.9132332923e+01    1.9031319319e+00    5.1200000000e+02    1.2587037158e-02    4.5345052083e-01
       130   -1.5845210139e+01    2.5180441157e+02   -2.6998318415e+01    1.1153108276e+01    1.0199290210e+01   -3.9328689164e+01    2.1310805400e+00    5.1200000000e+02    1.2587281992e-02    4.6809895833e-01
       131   -1.5842546862e+01    2.5150688261e+02   -2.6945614836e+01    1.1103067974e+01    1.0232427289e+01   -3.9293020813e+01    2.1149786886e+00    5.1200000000e+02    1.2851443789e-02    4.3977864583e-01
       132   -1.5876416784e+01    2.5269147569e+02   -2.7097696785e+01    1.1221280002e+01    1.0334362952e+01   -3.9184746571e+01    1.7526868334e+00    5.1200000000e+02    1.2780764568e-02    4.4726562500e-01
       133   -1.5860006982e+01    2.5202788726e+02   -2.7366397792e+01    1.1506390810e+01    1.0238741618e+01   -3.9493345344e+01    1.8882059328e+00    5.1200000000e+02    1.2864278511e-02    4.3229166667e-01
       134   -1.5875174244e+01    2.5259421244e+02   -2.7225076486e+01    1.1349902242e+01    1.0224305486e+01   -3.9648773020e+01    2.1993910475e+00    5.1200000000e+02    1.2565964468e-02    4.3912760417e-01
       135   -1.5886205429e+01    2.5304370476e+02   -2.7806511705e+01    1.1920306276e+01    1.0259534474e+01   -4.0171103139e+01    2.1050569604e+00    5.1200000000e+02    1.3144418579e-02    4.4335937500e-01
       136   -1.5875838028e+01    2.5288107182e+02   -2.7868586036e+01    1.1992748009e+01    1.0289535089e+01   -4.0345100777e+01    2.1869796515e+00    5.1200000000e+02    1.3132143518e-02    4.4856770833e-01
       137   -1.5804934345e+01    2.5052794221e+02   -2.7905549020e+01    1.2100614674e+01    1.0410193100e+01   -4.0316282624e+01    2.0005405038e+00    5.1200000000e+02    1.2744719204e-02    4.5703125000e-01
       138   -1.5826764668e+01    2.5108370516e+02   -2.7798216356e+01    1.1971451688e+01    1.0336298214e+01   -4.0064549228e+01    1.9300346580e+00    5.1200000000e+02    1.2685400820e-02    4.5084635417e-01
       139   -1.5895625398e+01    2.5335746054e+02   -2.7495894941e+01    1.1600269544e+01    1.0430564741e+01   -4.0343343622e+01    2.4168839400e+00    5.1200000000e+02    1.2851886455e-02    4.4986979167e-01
       140   -1.5847618983e+01    2.5171305160e+02   -2.7598970523e+01    1.1751351540e+01    1.0445269699e+01   -4.0397386683e+01    2.3531464616e+00    5.1200000000e+02    1.3231799697e-02    4.5052083333e-01
       141   -1.5842397431e+01    2.5164062235e+02   -2.7899586332e+01    1.2057188901e+01    1.0353022250e+01   -4.0440182355e+01    2.1875737734e+00    5.1200000000e+02    1.2770451816e-02    4.4954427083e-01
       142   -1.5801242021e+01    2.5024404982e+02   -2.7372237466e+01    1.1570995445e+01    1.0254308639e+01   -3.9940618829e+01    2.3140727227e+00    5.1200000000e+02    1.2689434956e-02    4.4140625000e-01
       143   -1.5803928823e+01    2.5033315249e+02   -2.7247054815e+01    1.1443125992e+01    1.0253844735e+01   -3.9866845120e+01    2.3659455703e+00    5.1200000000e+02    1.2672347815e-02    4.4986979167e-01
       144   -1.5833511342e+01    2.5125259440e+02   -2.7004307059e+01    1.1170795717e+01    1.0163243110e+01   -3.9369438770e+01    2.2018886010e+00    5.1200000000e+02    1.2775829231e-02    4.4205729167e-01
       145   -1.5838144556e+01    2.5145682955e+02   -2.7361255049e+01    1.1523110492e+01    1.0151910526e+01   -3.9867923111e+01    2.3547575362e+00    5.1200000000e+02    1.3201964902e-02    4.5182291667e-01
       146   -1.5865248469e+01    2.5238005030e+02   -2.7403626050e+01    1.1538377581e+01    1.0215105735e+01   -3.9739623315e+01    2.1208915302e+00    5.1200000000e+02    1.2883616772e-02    4.5540364583e-01
       147   -1.5851366845e+01    2.5181554468e+02   -2.7182921593e+01    1.1331554748e+01    1.0200313052e+01   -3.9484645471e+01    2.1014108261e+00    5.1200000000e+02    1.2854005815e-02    4.3847656250e-01
       148   -1.5904473802e+01    2.5361309647e+02   -2.7173588313e+01    1.1269114511e+01    1.0135294302e+01   -3.9311095727e+01    2.0022131125e+00    5.1200000000e+02    1.2697393506e-02    4.4563802083e-01
       149   -1.5948504079e+01    2.5503525794e+02   -2.7200705674e+01    1.1252201595e+01    1.0197833204e+01   -3.9671287554e+01    2.2727486755e+00    5.1200000000e+02    1.3211116047e-02    4.5442708333e-01
       150   -1.5921581612e+01    2.5404541306e+02   -2.6879359637e+01    1.0957778025e+01    1.0183662828e+01   -3.8951517235e+01    1.8884947702e+00    5.1200000000e+02    1.2864111313e-02    4.5833333333e-01
       151   -1.5878451013e+01    2.5292605371e+02   -2.7543244809e+01    1.1664793795e+01    1.0205667797e+01   -3.9551790017e+01    1.8028774116e+00    5.1200000000e+02    1.3037412991e-02    4.6256510417e-01
       152   -1.5843340362e+01    2.5169456201e+02   -2.7265772338e+01    1.1422431976e+01    1.0238409449e+01   -3.9751418595e+01    2.2472368081e+00    5.1200000000e+02    1.2879085735e-02    4.4628906250e-01
       153   -1.5901025683e+01    2.5350923548e+02   -2.7260776204e+01    1.1359750521e+01    1.0283441373e+01   -3.9785368118e+01    2.2411505415e+00    5.1200000000e+02    1.2906449229e-02    4.4759114583e-01
       154   -1.5880864175e+01    2.5288514088e+02   -2.7389875349e+01    1.1509011173e+01    1.0311831548e+01   -3.9843039745e+01    2.1413328480e+00    5.1200000000e+02    1.2883819741e-02    4.4726562500e-01
       155   -1.5823173307e+01    2.5124130913e+02   -2.8065104623e+01    1.2241931315e+01    1.0413838910e+01   -4.0433735450e+01    1.9547919172e+00    5.1200000000e+02    1.2715396653e-02    4.5149739583e-01
       156   -1.5787669229e+01    2.4991148166e+02   -2.7237143227e+01    1.1449473997e+01    1.0343020851e+01   -4.0144029141e+01    2.5638650634e+00    5.1200000000e+02    1.2666830740e-02    4.5279947917e-01
       157   -1.5819735403e+01    2.5097291420e+02   -2.7679955442e+01    1.1860220040e+01    1.0193352455e+01   -3.9826871537e+01    1.9535636398e+00    5.1200000000e+02    1.2578299858e-02    4.4173177083e-01
       158   -1.5855192151e+01    2.5212576447e+02   -2.7575058830e+01    1.1719866678e+01    1.0254969782e+01   -4.0414357318e+01    2.5843287070e+00    5.1200000000e+02    1.3280031479e-02    4.3326822917e-01
       159   -1.5878173680e+01    2.5284735348e+02   -2.7817507924e+01    1.1939334244e+01    1.0270301957e+01   -4.0462489326e+01    2.3746794455e+00    5.1200000000e+02    1.2811723455e-02    4.4661458333e-01
       160   -1.5845739868e+01    2.5176966596e+02   -2.7665818085e+01    1.1820078217e+01    1.0242907675e+01   -4.0109232641e+01    2.2005068823e+00    5.1200000000e+02    1.2983034160e-02    4.5703125000e-01
       161   -1.5849683693e+01    2.5180572552e+02   -2.7459133579e+01    1.1609449886e+01    1.0326223115e+01   -4.0118844382e+01    2.3334876883e+00    5.1200000000e+02    1.2707273855e-02    4.4531250000e-01
       162   -1.5838993175e+01    2.5163321303e+02   -2.7596582124e+01    1.1757588948e+01    1.0270156379e+01   -4.0131246842e+01    2.2645083394e+00    5.1200000000e+02    1.3181142097e-02    4.4954427083e-01
       163   -1.5853924994e+01    2.5273667200e+02   -2.7596811415e+01    1.1742886421e+01    1.0258494300e+01   -4.0106746875e+01    2.2514411603e+00    5.1200000000e+02    1.2799361543e-02    4.2708333333e-01
       164   -1.5810389000e+01    2.5065412111e+02   -2.7391672815e+01    1.1581283815e+01    1.0383333452e+01   -4.0183317087e+01    2.4083108208e+00    5.1200000000e+02    1.2993083257e-02    4.3522135417e-01
       165   -1.5851848120e+01    2.5194864520e+02   -2.7727908978e+01    1.1876060858e+01    1.0321292007e+01   -4.0275097885e+01    2.2258969005e+00    5.1200000000e+02    1.3375797209e-02    4.3164062500e-01
       166   -1.5849108548e+01    2.5207308849e+02   -2.7845768751e+01    1.1996660203e+01    1.0310912663e+01   -4.0350069845e+01    2.1933884304e+00    5.1200000000e+02    1.3157851091e-02    4.3912760417e-01
       167   -1.5846194494e+01    2.5202711607e+02   -2.7804088286e+01    1.1957893791e+01    1.0350282598e+01   -4.0157585759e+01    2.0032148755e+00    5.1200000000e+02    1.2837150591e-02    4.3815104167e-01
       168   -1.5804168984e+01    2.5056018057e+02   -2.7518326042e+01    1.1714157057e+01    1.0444449352e+01   -3.9900033165e+01    1.9372577719e+00    5.1200000000e+02    1.3061988191e-02    4.3847656250e-01
       169   -1.5829409765e+01    2.5137362169e+02   -2.7783088838e+01    1.1953679072e+01    1.0365108820e+01   -3.9991299581e+01    1.8431019234e+00    5.1200000000e+02    1.3103081516e-02    4.3554687500e-01
       170   -1.5826796120e+01    2.5105178240e+02   -2.7242093525e+01    1.1415297405e+01    1.0347473460e+01   -3.9532296958e+01    1.9427299738e+00    5.1200000000e+02    1.3456612346e-02    4.3880208333e-01
       171   -1.5819357859e+01    2.5094670692e+02   -2.7399565287e+01    1.1580207428e+01    1.0530111703e+01   -4.0048202882e+01    2.1185258921e+00    5.1200000000e+02    1.3865028308e-02    4.4498697917e-01
       172   -1.5842476328e+01    2.5167215346e+02   -2.7390900824e+01    1.1548424495e+01    1.0343669683e+01   -3.9942903546e+01    2.2083330390e+00    5.1200000000e+02    1.3433351917e-02    4.3847656250e-01
       173   -1.5819744755e+01    2.5082606197e+02   -2.7292992841e+01    1.1473248086e+01    1.0325478689e+01   -3.9968959957e+01    2.3504884269e+00    5.1200000000e+02    1.3052697334e-02    4.5019531250e-01
       174   -1.5829251962e+01    2.5117842926e+02   -2.7535102009e+01    1.1705850048e+01    1.0319909524e+01   -3.9572239136e+01    1.7172276029e+00    5.1200000000e+02    1.2921826033e-02    4.2578125000e-01
       175   -1.5854659990e+01    2.5210544062e+02   -2.7391366717e+01    1.1536706727e+01    1.0297601014e+01   -3.9544153594e+01    1.8551858634e+00    5.1200000000e+02    1.3537736975e-02    4.3912760417e-01
       176   -1.5847973492e+01    2.5174994376e+02   -2.7465073944e+01    1.1617100451e+01    1.0292663737e+01   -3.9394777720e+01    1.6370400396e+00    5.1200000000e+02    1.3165758640e-02    4.3815104167e-01
       177   -1.5836033565e+01    2.5141767166e+02   -2.7426996950e+01    1.1590963385e+01    1.0297848246e+01   -3.9397593578e+01    1.6727483824e+00    5.1200000000e+02    1.3311469263e-02    4.3033854167e-01
       178   -1.5853536788e+01    2.5192066047e+02   -2.7510665039e+01    1.1657128251e+01    1.0363034223e+01   -3.9890384346e+01    2.0166850838e+00    5.1200000000e+02    1.3041880410e-02    4.5052083333e-01
       179   -1.5821901279e+01    2.5091722028e+02   -2.7851737611e+01    1.2029836332e+01    1.0408348501e+01   -3.9991404466e+01    1.7313183541e+00    5.1200000000e+02    1.3209298020e-02    4.4140625000e-01
       180   -1.5812409626e+01    2.5063761169e+02   -2.7767217382e+01    1.1954807756e+01    1.0430778017e+01   -4.0054215911e+01    1.8562205124e+00    5.1200000000e+02    1.3053345896e-02    4.4889322917e-01
       181   -1.5873249872e+01    2.5270555526e+02   -2.7935874337e+01    1.2062624465e+01    1.0357638500e+01   -4.0331012093e+01    2.0374992556e+00    5.1200000000e+02    1.2883861746e-02    4.4628906250e-01
       182   -1.5850741473e+01    2.5190886692e+02   -2.7441291475e+01    1.1590550002e+01    1.0209397087e+01   -3.9794348799e+01    2.1436602372e+00    5.1200000000e+02    1.2445404016e-02    4.4303385417e-01
       183   -1.5890384542e+01    2.5307165860e+02   -2.7660964364e+01    1.1770579822e+01    1.0191762713e+01   -3.9714470467e+01    1.8617433892e+00    5.1200000000e+02    1.2916759521e-02    4.3750000000e-01
       184   -1.5916416086e+01    2.5387895787e+02   -2.7531589408e+01    1.1615173322e+01    1.0264572872e+01   -3.9715263484e+01    1.9191012042e+00    5.1200000000e+02    1.2926905405e-02    4.5345052083e-01
       185   -1.5901466157e+01    2.5333677617e+02   -2.7450543302e+01    1.1549077145e+01    1.0221148541e+01   -3.9464933276e+01    1.7932414326e+00    5.1200000000e+02    1.3024415754e-02    4.4596354167e-01
       186   -1.5833071686e+01    2.5204648883e+02   -2.6845888565e+01    1.1012816879e+01    1.0259740760e+01   -3.9537079451e+01    2.4314501256e+00    5.1200000000e+02    1.3266514490e-02    4.4173177083e-01
       187   -1.5930213443e+01    2.5443410177e+02   -2.7467381223e+01    1.1537167780e+01    1.0272012406e+01   -3.9718143979e+01    1.9787503496e+00    5.1200000000e+02    1.2444180251e-02    4.5052083333e-01
       188   -1.5906401800e+01    2.5376483928e+02   -2.7417488613e+01    1.1511086813e+01    1.0216233972e+01   -3.9810910179e+01    2.1771875942e+00    5.1200000000e+02    1.2812221599e-02    4.5312500000e-01
       189   -1.5872125642e+01    2.5259578001e+02   -2.7308623455e+01    1.1436497812e+01    1.0195416262e+01   -3.9503840541e+01    1.9998008242e+00    5.1200000000e+02    1.2504266145e-02    4.4986979167e-01
       190   -1.5838212229e+01    2.5141155558e+02   -2.7498097873e+01    1.1659885644e+01    1.0134627595e+01   -3.9754034043e+01    2.1213085757e+00    5.1200000000e+02    1.2832707107e-02    4.5312500000e-01
       191   -1.5861843837e+01    2.5225222445e+02   -2.7645999976e+01    1.1784156139e+01    1.0176542015e+01   -3.9909876514e+01    2.0873345227e+00    5.1200000000e+02    1.2856345918e-02    4.4759114583e-01
       192   -1.5867276965e+01    2.5242066863e+02   -2.7680240578e+01    1.1812963613e+01    1.0194622214e+01   -4.0052085210e+01    2.1772224181e+00    5.1200000000e+02    1.2652722251e-02    4.4238281250e-01
       193   -1.5846585215e+01    2.5174546933e+02   -2.7532914242e+01    1.1686329027e+01    1.0250939193e+01   -3.9978642525e+01    2.1947890903e+00    5.1200000000e+02    1.2648007578e-02    4.5638020833e-01
       194   -1.5819381452e+01    2.5086410777e+02   -2.7666546699e+01    1.1847165247e+01    1.0150421946e+01   -3.9946442349e+01    2.1294737044e+00    5.1200000000e+02    1.2911958760e-02    4.4401041667e-01
       195   -1.5848379346e+01    2.5177915883e+02   -2.7366883460e+01    1.1518504114e+01    1.0218007515e+01   -3.9891513400e+01    2.3066224250e+00    5.1200000000e+02    1.2433084006e-02    4.3587239583e-01
       196   -1.5797513352e+01    2.5019442417e+02   -2.7275109905e+01    1.1477596553e+01    1.0339193106e+01   -3.9673667316e+01    2.0593643052e+00    5.1200000000e+02    1.2489760269e-02    4.3652343750e-01
       197   -1.5840678550e+01    2.5154046159e+02   -2.6904440268e+01    1.1063761718e+01    1.0410986901e+01   -3.9719780613e+01    2.4043534439e+00    5.1200000000e+02    1.2627027329e-02    4.4498697917e-01
       198   -1.5804737684e+01    2.5039006517e+02   -2.6923331138e+01    1.1118593454e+01    1.0355307652e+01   -3.9473367991e+01    2.1947292009e+00    5.1200000000e+02    1.2969343223e-02    4.5377604167e-01
       199   -1.5897702644e+01    2.5337988630e+02   -2.6959894206e+01    1.1062191563e+01    1.0323708635e+01   -3.9549729345e+01    2.2661265027e+00    5.1200000000e+02    1.2919900437e-02    4.3359375000e-01
