#   index    LocalEnergy         LocalEnergy_sq      LocalPotential      Kinetic             ElecElec            LocalECP            NonLocalECP         BlockWeight         BlockCPU            AcceptRatio         
         0   -1.5903605927e+01    2.5359401312e+02   -2.7480136046e+01    1.1576530120e+01    1.0270679316e+01   -3.9907894104e+01    2.1570787421e+00    6.6391000000e+04    1.4627818834e-01    9.9681976501e-01
         1   -1.5903309232e+01    2.5364898055e+02   -2.7588819821e+01    1.1685510589e+01    1.0333544066e+01   -4.0064459755e+01    2.1420958678e+00    6.6230000000e+04    1.4185287586e-01    9.9703394879e-01
         2   -1.5884483602e+01    2.5299508019e+02   -2.7478899252e+01    1.1594415650e+01    1.0305942618e+01   -3.9883953315e+01    2.0991114451e+00    6.5906000000e+04    1.3901152609e-01    9.9692147755e-01
         3   -1.5891916376e+01    2.5326305994e+02   -2.7677733515e+01    1.1785817140e+01    1.0344511619e+01   -4.0135475952e+01    2.1132308180e+00    6.5571000000e+04    1.3985686379e-01    9.9691714163e-01
         4   -1.5886773842e+01    2.5303023198e+02   -2.7692815543e+01    1.1806041701e+01    1.0375515399e+01   -4.0244842199e+01    2.1765112572e+00    6.6107000000e+04    1.3974971070e-01    9.9701391870e-01
         5   -1.5893165242e+01    2.5326698729e+02   -2.7774630559e+01    1.1881465317e+01    1.0362605472e+01   -4.0216358477e+01    2.0791224454e+00    6.6363000000e+04    1.3655912918e-01    9.9698307426e-01
         6   -1.5891688516e+01    2.5321537334e+02   -2.7727704017e+01    1.1836015501e+01    1.0320428749e+01   -4.0202863356e+01    2.1547305911e+00    6.6324000000e+04    1.3781931000e-01    9.9698949033e-01
         7   -1.5896108880e+01    2.5340901168e+02   -2.7729609229e+01    1.1833500350e+01    1.0296289271e+01   -4.0154671595e+01    2.1287730943e+00    6.6650000000e+04    1.4674261074e-01    9.9691353987e-01
         8   -1.5908607100e+01    2.5381747193e+02   -2.7696634406e+01    1.1788027306e+01    1.0331569208e+01   -4.0074064150e+01    2.0458605372e+00    6.7122000000e+04    1.4627702699e-01    9.9690254951e-01
         9   -1.5910741896e+01    2.5389949048e+02   -2.7753690667e+01    1.1842948772e+01    1.0322685390e+01   -4.0206477078e+01    2.1301010210e+00    6.6910000000e+04    1.4946381484e-01    9.9688952758e-01
        10   -1.5880155384e+01    2.5286272808e+02   -2.7449545251e+01    1.1569389867e+01    1.0286583125e+01   -3.9817206852e+01    2.0810784761e+00    6.6181000000e+04    1.3583618180e-01    9.9691516348e-01
        11   -1.5881860855e+01    2.5293936686e+02   -2.7434272823e+01    1.1552411969e+01    1.0279009509e+01   -3.9780621085e+01    2.0673387519e+00    6.5924000000e+04    1.3678771551e-01    9.9709031662e-01
        12   -1.5875908986e+01    2.5268819256e+02   -2.7512118480e+01    1.1636209493e+01    1.0264038804e+01   -3.9671669555e+01    1.8955122715e+00    6.5770000000e+04    1.3600372699e-01    9.9702598972e-01
        13   -1.5888298726e+01    2.5310555557e+02   -2.7708445619e+01    1.1820146893e+01    1.0261376246e+01   -3.9960668178e+01    1.9908463131e+00    6.5322000000e+04    1.3573650250e-01    9.9684736006e-01
        14   -1.5888192144e+01    2.5313320471e+02   -2.7586817282e+01    1.1698625138e+01    1.0252909443e+01   -3.9874489773e+01    2.0347630487e+00    6.4726000000e+04    1.3754272504e-01    9.9709396091e-01
        15   -1.5898037617e+01    2.5339463593e+02   -2.7505574400e+01    1.1607536783e+01    1.0243220933e+01   -3.9747560236e+01    1.9987649030e+00    6.4673000000e+04    1.3511545996e-01    9.9705026337e-01
        16   -1.5885124481e+01    2.5295898712e+02   -2.7244014189e+01    1.1358889708e+01    1.0236639961e+01   -3.9535372444e+01    2.0547182947e+00    6.5036000000e+04    1.3312670367e-01    9.9710481880e-01
        17   -1.5893922997e+01    2.5324646559e+02   -2.7333369584e+01    1.1439446586e+01    1.0191719797e+01   -3.9589467979e+01    2.0643785975e+00    6.5083000000e+04    1.3398360012e-01    9.9699815894e-01
        18   -1.5903056900e+01    2.5358667390e+02   -2.7385675577e+01    1.1482618678e+01    1.0204101102e+01   -3.9576815566e+01    1.9870388864e+00    6.5381000000e+04    1.3313917883e-01    9.9698543270e-01
        19   -1.5910121270e+01    2.5383423702e+02   -2.7654377711e+01    1.1744256440e+01    1.0271387160e+01   -3.9960028465e+01    2.0342635936e+00    6.5663000000e+04    1.3828094723e-01    9.9695151449e-01
        20   -1.5895945314e+01    2.5333423473e+02   -2.7565137898e+01    1.1669192584e+01    1.0297983092e+01   -3.9926112146e+01    2.0629911555e+00    6.5911000000e+04    1.4040479535e-01    9.9709684258e-01
        21   -1.5879849092e+01    2.5281772197e+02   -2.7436571041e+01    1.1556721949e+01    1.0294572402e+01   -3.9715526116e+01    1.9843826730e+00    6.5713000000e+04    1.3967918930e-01    9.9693653782e-01
        22   -1.5869796497e+01    2.5249962808e+02   -2.7604541465e+01    1.1734744968e+01    1.0290404369e+01   -3.9855164712e+01    1.9602188782e+00    6.5858000000e+04    1.3492569512e-01    9.9693128280e-01
        23   -1.5880959933e+01    2.5290180997e+02   -2.7553158828e+01    1.1672198895e+01    1.0288404027e+01   -3.9926012333e+01    2.0844494774e+00    6.5456000000e+04    1.3631923012e-01    9.9698312595e-01
        24   -1.5888019591e+01    2.5311107310e+02   -2.7611450100e+01    1.1723430509e+01    1.0346824335e+01   -4.0140766720e+01    2.1824922848e+00    6.5301000000e+04    1.3955423121e-01    9.9682426653e-01
        25   -1.5886429919e+01    2.5301981445e+02   -2.7697329539e+01    1.1810899620e+01    1.0388200828e+01   -4.0159195807e+01    2.0736654401e+00    6.5222000000e+04    1.4257074844e-01    9.9695656955e-01
        26   -1.5886703232e+01    2.5307489208e+02   -2.7577616169e+01    1.1690912937e+01    1.0327672077e+01   -4.0014735108e+01    2.1094468616e+00    6.5168000000e+04    1.3691568758e-01    9.9708547271e-01
        27   -1.5892744982e+01    2.5323720730e+02   -2.7552554374e+01    1.1659809392e+01    1.0310301199e+01   -3.9842534488e+01    1.9796789153e+00    6.4903000000e+04    1.3777226840e-01    9.9689811304e-01
        28   -1.5891619588e+01    2.5322925675e+02   -2.7709499112e+01    1.1817879524e+01    1.0414523911e+01   -4.0192245820e+01    2.0682227970e+00    6.5590000000e+04    1.3938955578e-01    9.9686660213e-01
        29   -1.5882557975e+01    2.5290571099e+02   -2.7715102053e+01    1.1832544078e+01    1.0325516009e+01   -4.0092071882e+01    2.0514538202e+00    6.5651000000e+04    1.3876702543e-01    9.9694859368e-01
        30   -1.5898745120e+01    2.5346428306e+02   -2.7682853931e+01    1.1784108811e+01    1.0291615038e+01   -3.9997181003e+01    2.0227120341e+00    6.5980000000e+04    1.3810532316e-01    9.9686394512e-01
        31   -1.5890924022e+01    2.5319437113e+02   -2.7530078181e+01    1.1639154159e+01    1.0277428818e+01   -3.9863780892e+01    2.0562738926e+00    6.6098000000e+04    1.4065156109e-01    9.9692224662e-01
        32   -1.5888975276e+01    2.5317090023e+02   -2.7608436141e+01    1.1719460864e+01    1.0231375402e+01   -3.9797642063e+01    1.9578305197e+00    6.6014000000e+04    1.3599352082e-01    9.9684449086e-01
        33   -1.5897959471e+01    2.5355247910e+02   -2.7628012829e+01    1.1730053357e+01    1.0267682509e+01   -3.9926359954e+01    2.0306646160e+00    6.5891000000e+04    1.3530086074e-01    9.9681450871e-01
        34   -1.5899216609e+01    2.5346876248e+02   -2.7501431270e+01    1.1602214661e+01    1.0276242858e+01   -3.9915390558e+01    2.1377164306e+00    6.5941000000e+04    1.3729811879e-01    9.9686864647e-01
        35   -1.5894723717e+01    2.5328333698e+02   -2.7506509171e+01    1.1611785455e+01    1.0251914590e+01   -3.9789299684e+01    2.0308759228e+00    6.5728000000e+04    1.3598930242e-01    9.9691601187e-01
        36   -1.5894547720e+01    2.5337433847e+02   -2.7614591420e+01    1.1720043700e+01    1.0281871374e+01   -3.9993064989e+01    2.0966021950e+00    6.6192000000e+04    1.3821504961e-01    9.9689487818e-01
        37   -1.5896155980e+01    2.5333510769e+02   -2.7550919709e+01    1.1654763730e+01    1.0287496681e+01   -3.9810726365e+01    1.9723099741e+00    6.6122000000e+04    1.3923636262e-01    9.9689172842e-01
        38   -1.5894409087e+01    2.5329701903e+02   -2.7576849956e+01    1.1682440868e+01    1.0318109122e+01   -3.9987981874e+01    2.0930227965e+00    6.6178000000e+04    1.3695652445e-01    9.9690634664e-01
        39   -1.5890528109e+01    2.5316191026e+02   -2.7665407416e+01    1.1774879307e+01    1.0345745288e+01   -4.0171719712e+01    2.1605670077e+00    6.6188000000e+04    1.3824982258e-01    9.9705625802e-01
        40   -1.5895771049e+01    2.5340388839e+02   -2.7774745812e+01    1.1878974763e+01    1.0363526897e+01   -4.0185250948e+01    2.0469782387e+00    6.6143000000e+04    1.3540979988e-01    9.9678764063e-01
        41   -1.5888151245e+01    2.5308886577e+02   -2.7661848142e+01    1.1773696898e+01    1.0360180221e+01   -4.0088499854e+01    2.0664714899e+00    6.6182000000e+04    1.3946071379e-01    9.9684629725e-01
        42   -1.5888765796e+01    2.5317749017e+02   -2.7767297186e+01    1.1878531390e+01    1.0397670553e+01   -4.0299346806e+01    2.1343790673e+00    6.6234000000e+04    1.3746831086e-01    9.9673771143e-01
        43   -1.5896568516e+01    2.5343486469e+02   -2.7795755393e+01    1.1899186877e+01    1.0396825998e+01   -4.0303485119e+01    2.1109037278e+00    6.6219000000e+04    1.3756627711e-01    9.9703120314e-01
        44   -1.5894363406e+01    2.5330166288e+02   -2.7521086285e+01    1.1626722879e+01    1.0346418821e+01   -4.0019974669e+01    2.1524695619e+00    6.6252000000e+04    1.3925489988e-01    9.9692809440e-01
        45   -1.5899842015e+01    2.5349872135e+02   -2.7573464845e+01    1.1673622830e+01    1.0307301560e+01   -4.0021478730e+01    2.1407123248e+00    6.5855000000e+04    1.3772638902e-01    9.9697920562e-01
        46   -1.5891526942e+01    2.5318229824e+02   -2.7560199377e+01    1.1668672434e+01    1.0314280562e+01   -3.9865035666e+01    1.9905557274e+00    6.5971000000e+04    1.3853462641e-01    9.9706119815e-01
        47   -1.5890827125e+01    2.5319486827e+02   -2.7577270678e+01    1.1686443553e+01    1.0296328598e+01   -3.9910156885e+01    2.0365576086e+00    6.5944000000e+04    1.3544707484e-01    9.9686713131e-01
        48   -1.5895208890e+01    2.5331373457e+02   -2.7610237092e+01    1.1715028201e+01    1.0284084040e+01   -4.0015448878e+01    2.1211277455e+00    6.5817000000e+04    1.3628895125e-01    9.9704633908e-01
        49   -1.5885163932e+01    2.5299334904e+02   -2.7606549621e+01    1.1721385689e+01    1.0278237609e+01   -4.0014937612e+01    2.1301503822e+00    6.5218000000e+04    1.3485784605e-01    9.9702161222e-01
        50   -1.5881952007e+01    2.5287901582e+02   -2.7685493230e+01    1.1803541223e+01    1.0293767506e+01   -3.9953452047e+01    1.9741913116e+00    6.4356000000e+04    1.3560324457e-01    9.9705820464e-01
        51   -1.5876800834e+01    2.5275848214e+02   -2.7784149322e+01    1.1907348488e+01    1.0334796414e+01   -4.0162838358e+01    2.0438926216e+00    6.4352000000e+04    1.3693642742e-01    9.9683755611e-01
        52   -1.5888072850e+01    2.5310809131e+02   -2.7540177196e+01    1.1652104346e+01    1.0271049496e+01   -3.9806503493e+01    1.9952768013e+00    6.4517000000e+04    1.3859270523e-01    9.9696000679e-01
        53   -1.5900251061e+01    2.5353114240e+02   -2.7507943723e+01    1.1607692662e+01    1.0268550635e+01   -3.9778552316e+01    2.0020579579e+00    6.4594000000e+04    1.4314092168e-01    9.9673090731e-01
        54   -1.5884924472e+01    2.5301804892e+02   -2.7497815148e+01    1.1612890676e+01    1.0273154159e+01   -3.9895272589e+01    2.1243032817e+00    6.4588000000e+04    1.3941545230e-01    9.9688044483e-01
        55   -1.5888971886e+01    2.5313325232e+02   -2.7581589662e+01    1.1692617776e+01    1.0306710074e+01   -4.0069769799e+01    2.1814700630e+00    6.4723000000e+04    1.3602956988e-01    9.9683548443e-01
        56   -1.5896977897e+01    2.5337467282e+02   -2.7639984230e+01    1.1743006333e+01    1.0304675562e+01   -4.0078203095e+01    2.1335433032e+00    6.5117000000e+04    1.3730062891e-01    9.9706096032e-01
        57   -1.5886059921e+01    2.5304865686e+02   -2.7666636034e+01    1.1780576112e+01    1.0298175673e+01   -3.9942313856e+01    1.9775021502e+00    6.4731000000e+04    1.3722836531e-01    9.9695721149e-01
        58   -1.5898193390e+01    2.5345362552e+02   -2.7730419005e+01    1.1832225615e+01    1.0304030784e+01   -4.0087583088e+01    2.0531332992e+00    6.4553000000e+04    1.3354257098e-01    9.9691116695e-01
        59   -1.5898801711e+01    2.5339306843e+02   -2.7402037041e+01    1.1503235330e+01    1.0239069075e+01   -3.9683635798e+01    2.0425296819e+00    6.5058000000e+04    1.3803726785e-01    9.9701643833e-01
        60   -1.5904204826e+01    2.5358583533e+02   -2.7404390876e+01    1.1500186050e+01    1.0243176987e+01   -3.9687135553e+01    2.0395676901e+00    6.5586000000e+04    1.3668961402e-01    9.9706944913e-01
        61   -1.5912126646e+01    2.5384647238e+02   -2.7608114376e+01    1.1695987730e+01    1.0259362434e+01   -3.9927048648e+01    2.0595718383e+00    6.6081000000e+04    1.3965974195e-01    9.9678829718e-01
        62   -1.5893076526e+01    2.5324500526e+02   -2.7656553026e+01    1.1763476500e+01    1.0329146773e+01   -4.0072207825e+01    2.0865080258e+00    6.5893000000e+04    1.4042219812e-01    9.9698249083e-01
        63   -1.5888216397e+01    2.5308923014e+02   -2.7756046294e+01    1.1867829897e+01    1.0326387951e+01   -4.0161510689e+01    2.0790764438e+00    6.5608000000e+04    1.3657726348e-01    9.9672819826e-01
        64   -1.5900038818e+01    2.5349610337e+02   -2.7472655915e+01    1.1572617097e+01    1.0288765524e+01   -3.9785342626e+01    2.0239211868e+00    6.5520000000e+04    1.3671608977e-01    9.9688455073e-01
        65   -1.5886931555e+01    2.5309709820e+02   -2.7472284212e+01    1.1585352657e+01    1.0355472473e+01   -3.9947352954e+01    2.1195962696e+00    6.5589000000e+04    1.3863903375e-01    9.9704888774e-01
        66   -1.5906507917e+01    2.5372547174e+02   -2.7480296811e+01    1.1573788894e+01    1.0349238283e+01   -4.0063029983e+01    2.2334948888e+00    6.6251000000e+04    1.5729392680e-01    9.9703394237e-01
        67   -1.5895285806e+01    2.5334803204e+02   -2.7498572901e+01    1.1603287095e+01    1.0318477450e+01   -4.0051724703e+01    2.2346743521e+00    6.6308000000e+04    1.5997231660e-01    9.9694833303e-01
        68   -1.5877145867e+01    2.5279132358e+02   -2.7660974979e+01    1.1783829112e+01    1.0347091340e+01   -3.9994896287e+01    1.9868299681e+00    6.6654000000e+04    2.0078912000e-01    9.9698717893e-01
        69   -1.5889555911e+01    2.5326902980e+02   -2.7701916238e+01    1.1812360327e+01    1.0342270562e+01   -4.0104377081e+01    2.0601902814e+00    6.6381000000e+04    1.7652556203e-01    9.9698581516e-01
        70   -1.5886225465e+01    2.5310117121e+02   -2.7669560516e+01    1.1783335052e+01    1.0385610896e+01   -4.0244556334e+01    2.1893849219e+00    6.6559000000e+04    1.6303149137e-01    9.9676447425e-01
        71   -1.5878864605e+01    2.5283551943e+02   -2.7729098013e+01    1.1850233408e+01    1.0383516557e+01   -4.0293594762e+01    2.1809801924e+00    6.6483000000e+04    1.6350789688e-01    9.9688945131e-01
        72   -1.5890734226e+01    2.5321287488e+02   -2.7735466046e+01    1.1844731820e+01    1.0401894650e+01   -4.0162956707e+01    2.0255960106e+00    6.6212000000e+04    1.6001186285e-01    9.9678867094e-01
        73   -1.5893178509e+01    2.5328591246e+02   -2.7588171841e+01    1.1694993333e+01    1.0372942061e+01   -4.0033475040e+01    2.0723611374e+00    6.6578000000e+04    1.6851469293e-01    9.9698775178e-01
        74   -1.5899373603e+01    2.5348768697e+02   -2.7676278510e+01    1.1776904906e+01    1.0350681276e+01   -4.0136480052e+01    2.1095202662e+00    6.7135000000e+04    1.6446338945e-01    9.9688603181e-01
        75   -1.5888707367e+01    2.5313450222e+02   -2.7813424801e+01    1.1924717434e+01    1.0415937331e+01   -4.0284793060e+01    2.0554309284e+00    6.7378000000e+04    1.7332794320e-01    9.9692559982e-01
        76   -1.5895424120e+01    2.5335815047e+02   -2.7664894355e+01    1.1769470235e+01    1.0393857883e+01   -4.0187164817e+01    2.1284125791e+00    6.7282000000e+04    1.7376656852e-01    9.9682286455e-01
        77   -1.5888708262e+01    2.5317934572e+02   -2.7768711360e+01    1.1880003099e+01    1.0405912447e+01   -4.0336401016e+01    2.1617772084e+00    6.7353000000e+04    1.7435013746e-01    9.9694777331e-01
        78   -1.5893126960e+01    2.5329664571e+02   -2.7547065348e+01    1.1653938388e+01    1.0339322522e+01   -3.9893083343e+01    2.0066954719e+00    6.6804000000e+04    1.7172955578e-01    9.9703071312e-01
        79   -1.5887229368e+01    2.5316179304e+02   -2.7606321404e+01    1.1719092036e+01    1.0312041245e+01   -3.9958874715e+01    2.0405120655e+00    6.6853000000e+04    1.7108438086e-01    9.9711650874e-01
        80   -1.5893092888e+01    2.5335517946e+02   -2.7748709508e+01    1.1855616620e+01    1.0321043797e+01   -4.0187355099e+01    2.1176017940e+00    6.6837000000e+04    1.6955917305e-01    9.9700641461e-01
        81   -1.5894687795e+01    2.5331076173e+02   -2.7618419902e+01    1.1723732107e+01    1.0327767512e+01   -4.0025280135e+01    2.0790927206e+00    6.6938000000e+04    1.6511596258e-01    9.9692233390e-01
        82   -1.5906407721e+01    2.5372474241e+02   -2.7779315393e+01    1.1872907671e+01    1.0300844176e+01   -4.0105035947e+01    2.0248763791e+00    6.7138000000e+04    1.7005354152e-01    9.9680550004e-01
        83   -1.5893943708e+01    2.5329630227e+02   -2.7720025134e+01    1.1826081425e+01    1.0277991537e+01   -3.9971762323e+01    1.9737456514e+00    6.6797000000e+04    1.6825496570e-01    9.9696648600e-01
        84   -1.5897356434e+01    2.5343722531e+02   -2.7674895744e+01    1.1777539310e+01    1.0304542390e+01   -4.0067608729e+01    2.0881705951e+00    6.6624000000e+04    1.6818487145e-01    9.9673540526e-01
        85   -1.5893388235e+01    2.5327724670e+02   -2.7748433990e+01    1.1855045755e+01    1.0315350866e+01   -4.0083635251e+01    2.0198503948e+00    6.7047000000e+04    1.7286516504e-01    9.9701979683e-01
        86   -1.5896138015e+01    2.5336088421e+02   -2.7562617470e+01    1.1666479455e+01    1.0271250202e+01   -3.9920901601e+01    2.0870339295e+00    6.7472000000e+04    1.7133421742e-01    9.9695390518e-01
        87   -1.5893856653e+01    2.5327954487e+02   -2.7554431472e+01    1.1660574820e+01    1.0259511487e+01   -3.9870709734e+01    2.0567667746e+00    6.7036000000e+04    1.7208831715e-01    9.9680932138e-01
        88   -1.5883608968e+01    2.5292761285e+02   -2.7616993092e+01    1.1733384124e+01    1.0248880700e+01   -4.0015070280e+01    2.1491964870e+00    6.7276000000e+04    1.6764201172e-01    9.9695988654e-01
        89   -1.5888055694e+01    2.5311770447e+02   -2.7691174695e+01    1.1803119000e+01    1.0332325035e+01   -4.0037946982e+01    2.0144472524e+00    6.7861000000e+04    1.7499830430e-01    9.9695964961e-01
        90   -1.5889130301e+01    2.5315795018e+02   -2.7604126555e+01    1.1714996253e+01    1.0340686000e+01   -4.0059223164e+01    2.1144106099e+00    6.7453000000e+04    1.7046784457e-01    9.9690648803e-01
        91   -1.5888331105e+01    2.5314068170e+02   -2.7632907917e+01    1.1744576812e+01    1.0338843827e+01   -4.0091369059e+01    2.1196173154e+00    6.7315000000e+04    1.6836489422e-01    9.9691544640e-01
        92   -1.5889007924e+01    2.5314450781e+02   -2.7599429105e+01    1.1710421181e+01    1.0333919754e+01   -4.0005624490e+01    2.0722756318e+00    6.6993000000e+04    1.7276713543e-01    9.9695444817e-01
        93   -1.5884822549e+01    2.5303060462e+02   -2.7639892456e+01    1.1755069907e+01    1.0351205904e+01   -3.9986834544e+01    1.9957361838e+00    6.7243000000e+04    1.7016656176e-01    9.9703884978e-01
        94   -1.5896241033e+01    2.5338472459e+02   -2.7765825844e+01    1.1869584811e+01    1.0359569640e+01   -4.0205652796e+01    2.0802573123e+00    6.6955000000e+04    1.7059347035e-01    9.9679271005e-01
        95   -1.5893009882e+01    2.5337133068e+02   -2.7829859045e+01    1.1936849163e+01    1.0317218261e+01   -4.0211417043e+01    2.0643397370e+00    6.6602000000e+04    1.6791977988e-01    9.9671658700e-01
        96   -1.5910045279e+01    2.5379642159e+02   -2.7640037849e+01    1.1729992569e+01    1.0254027922e+01   -3.9883485200e+01    1.9894194292e+00    6.6492000000e+04    1.6595606559e-01    9.9704934020e-01
        97   -1.5890284707e+01    2.5315291874e+02   -2.7659542383e+01    1.1769257676e+01    1.0249998327e+01   -3.9848102840e+01    1.9385621297e+00    6.6306000000e+04    1.5913257160e-01    9.9691383165e-01
        98   -1.5904277870e+01    2.5360939665e+02   -2.7510259820e+01    1.1605981950e+01    1.0288376995e+01   -3.9820086690e+01    2.0214498753e+00    6.6238000000e+04    1.5996176344e-01    9.9698745545e-01
        99   -1.5892607269e+01    2.5321739346e+02   -2.7482009687e+01    1.1589402418e+01    1.0292306653e+01   -3.9814215516e+01    2.0398991767e+00    6.6442000000e+04    1.6488942355e-01    9.9693522328e-01
       100   -1.5905127303e+01    2.5366051666e+02   -2.7625982312e+01    1.1720855009e+01    1.0313791251e+01   -4.0003657551e+01    2.0638839883e+00    6.6140000000e+04    1.6207902820e-01    9.9687140984e-01
       101   -1.5903065069e+01    2.5360713283e+02   -2.7680691207e+01    1.1777626138e+01    1.0375763177e+01   -4.0182596052e+01    2.1261416672e+00    6.6186000000e+04    1.6213472293e-01    9.9684471594e-01
       102   -1.5905940112e+01    2.5371597302e+02   -2.7798717627e+01    1.1892777515e+01    1.0357485069e+01   -4.0194229277e+01    2.0380265806e+00    6.6490000000e+04    1.6347237398e-01    9.9688640619e-01
       103   -1.5913862841e+01    2.5392816134e+02   -2.7792932200e+01    1.1879069359e+01    1.0366779164e+01   -4.0332603775e+01    2.1728924108e+00    6.6782000000e+04    1.7162599926e-01    9.9683541353e-01
       104   -1.5895469143e+01    2.5334890999e+02   -2.7665532010e+01    1.1770062867e+01    1.0344016028e+01   -4.0087808856e+01    2.0782608184e+00    6.6719000000e+04    1.6425863762e-01    9.9683771964e-01
       105   -1.5900625876e+01    2.5351990327e+02   -2.7622719646e+01    1.1722093770e+01    1.0273352318e+01   -3.9909577811e+01    2.0135058471e+00    6.6501000000e+04    1.6138537762e-01    9.9686741182e-01
       106   -1.5886343232e+01    2.5305473185e+02   -2.7574420624e+01    1.1688077392e+01    1.0281628911e+01   -3.9920580174e+01    2.0645306385e+00    6.6941000000e+04    1.6792187410e-01    9.9701663318e-01
       107   -1.5892973694e+01    2.5324724369e+02   -2.7547000735e+01    1.1654027041e+01    1.0292837291e+01   -3.9933387059e+01    2.0935490327e+00    6.6696000000e+04    1.6852926848e-01    9.9683062748e-01
       108   -1.5887869284e+01    2.5308414209e+02   -2.7392071233e+01    1.1504201949e+01    1.0327885865e+01   -3.9866926539e+01    2.1469694410e+00    6.6524000000e+04    1.6471727996e-01    9.9701662337e-01
       109   -1.5897067986e+01    2.5339935129e+02   -2.7629462356e+01    1.1732394370e+01    1.0349112721e+01   -3.9983164519e+01    2.0045894419e+00    6.6473000000e+04    1.6723873789e-01    9.9707422518e-01
       110   -1.5898616790e+01    2.5339772744e+02   -2.7631062455e+01    1.1732445665e+01    1.0312080072e+01   -3.9979593050e+01    2.0364505224e+00    6.5817000000e+04    1.6066047234e-01    9.9682317567e-01
       111   -1.5908275585e+01    2.5380293118e+02   -2.7676275229e+01    1.1767999644e+01    1.0347988460e+01   -4.0173977395e+01    2.1497137057e+00    6.5323000000e+04    1.5938476508e-01    9.9700642920e-01
       112   -1.5898363631e+01    2.5345668446e+02   -2.7608766623e+01    1.1710402992e+01    1.0337207624e+01   -4.0080000676e+01    2.1340264290e+00    6.5150000000e+04    1.5934900406e-01    9.9696339841e-01
       113   -1.5881874395e+01    2.5289571041e+02   -2.7431697861e+01    1.1549823466e+01    1.0315455175e+01   -3.9820448640e+01    2.0732956040e+00    6.4956000000e+04    1.6209974094e-01    9.9694645686e-01
       114   -1.5876485180e+01    2.5273317449e+02   -2.7685405257e+01    1.1808920076e+01    1.0355107661e+01   -4.0140014243e+01    2.0995013260e+00    6.4496000000e+04    1.6141304660e-01    9.9683270319e-01
       115   -1.5890037513e+01    2.5316543587e+02   -2.7621134030e+01    1.1731096517e+01    1.0320232479e+01   -3.9998428998e+01    2.0570624892e+00    6.4446000000e+04    1.6159580871e-01    9.9695691094e-01
       116   -1.5891151425e+01    2.5318289167e+02   -2.7588386008e+01    1.1697234583e+01    1.0302001793e+01   -3.9970683802e+01    2.0802960021e+00    6.4206000000e+04    1.5887940480e-01    9.9712855170e-01
       117   -1.5891949887e+01    2.5319458632e+02   -2.7394735707e+01    1.1502785819e+01    1.0265299675e+01   -3.9740265405e+01    2.0802300236e+00    6.4159000000e+04    1.6180785438e-01    9.9716347512e-01
       118   -1.5896224218e+01    2.5334320952e+02   -2.7629336642e+01    1.1733112423e+01    1.0312896792e+01   -4.0082260827e+01    2.1400273933e+00    6.4093000000e+04    1.6583856504e-01    9.9690149277e-01
       119   -1.5909173766e+01    2.5378111728e+02   -2.7722768956e+01    1.1813595190e+01    1.0317062503e+01   -4.0256161014e+01    2.2163295541e+00    6.3752000000e+04    1.6155124457e-01    9.9699386645e-01
       120   -1.5900276561e+01    2.5347202598e+02   -2.7657053925e+01    1.1756777365e+01    1.0325272020e+01   -4.0092775468e+01    2.1104495235e+00    6.4093000000e+04    1.6134567266e-01    9.9691892678e-01
       121   -1.5890358606e+01    2.5318409066e+02   -2.7604691468e+01    1.1714332862e+01    1.0343109447e+01   -4.0083297750e+01    2.1354968345e+00    6.4270000000e+04    1.5715228070e-01    9.9681708148e-01
       122   -1.5908594671e+01    2.5371804057e+02   -2.7592067766e+01    1.1683473095e+01    1.0350694734e+01   -4.0178175453e+01    2.2354129528e+00    6.4729000000e+04    1.6144985527e-01    9.9697409044e-01
       123   -1.5908055741e+01    2.5371721970e+02   -2.7549375843e+01    1.1641320102e+01    1.0319921120e+01   -4.0003912161e+01    2.1346151983e+00    6.5041000000e+04    1.5235626473e-01    9.9701173947e-01
       124   -1.5912346148e+01    2.5387676156e+02   -2.7521434923e+01    1.1609088775e+01    1.0331079585e+01   -3.9960937142e+01    2.1084226346e+00    6.5102000000e+04    1.5225266781e-01    9.9694367230e-01
       125   -1.5890398974e+01    2.5318844922e+02   -2.7707114487e+01    1.1816715513e+01    1.0342185362e+01   -4.0118166480e+01    2.0688666303e+00    6.5320000000e+04    1.5507326437e-01    9.9702825469e-01
       126   -1.5904880381e+01    2.5370618185e+02   -2.7847893411e+01    1.1943013030e+01    1.0330457065e+01   -4.0305748502e+01    2.1273980260e+00    6.4890000000e+04    1.5093209762e-01    9.9699285049e-01
       127   -1.5894496686e+01    2.5335856967e+02   -2.7871697721e+01    1.1977201035e+01    1.0365857786e+01   -4.0396286848e+01    2.1587313419e+00    6.4816000000e+04    1.4912592211e-01    9.9679546240e-01
       128   -1.5885733906e+01    2.5308071311e+02   -2.7973865839e+01    1.2088131933e+01    1.0400777569e+01   -4.0592603656e+01    2.2179602480e+00    6.5038000000e+04    1.4946464781e-01    9.9666159756e-01
       129   -1.5881200242e+01    2.5293495709e+02   -2.7944461866e+01    1.2063261624e+01    1.0395458183e+01   -4.0432584628e+01    2.0926645782e+00    6.4387000000e+04    1.4446448082e-01    9.9692542832e-01
       130   -1.5884455825e+01    2.5304590975e+02   -2.7821831723e+01    1.1937375899e+01    1.0386548337e+01   -4.0293914114e+01    2.0855340545e+00    6.4053000000e+04    1.4630193223e-01    9.9683827468e-01
       131   -1.5900059399e+01    2.5358568794e+02   -2.7926336112e+01    1.2026276713e+01    1.0413476020e+01   -4.0530099068e+01    2.1902869361e+00    6.3743000000e+04    1.4773846113e-01    9.9692334158e-01
       132   -1.5899209195e+01    2.5357905313e+02   -2.7741327468e+01    1.1842118273e+01    1.0372378274e+01   -4.0222535433e+01    2.1088296908e+00    6.3823000000e+04    1.4898375652e-01    9.9683400088e-01
       133   -1.5869163254e+01    2.5253539198e+02   -2.7609545100e+01    1.1740381847e+01    1.0378881852e+01   -3.9983184202e+01    1.9947572489e+00    6.4012000000e+04    1.4913186215e-01    9.9699833354e-01
       134   -1.5886281864e+01    2.5313256304e+02   -2.7703170115e+01    1.1816888250e+01    1.0335687211e+01   -4.0067089533e+01    2.0282322067e+00    6.3976000000e+04    1.4846950684e-01    9.9679834674e-01
       135   -1.5881675487e+01    2.5300492815e+02   -2.7556998660e+01    1.1675323173e+01    1.0318950995e+01   -3.9786932401e+01    1.9109827458e+00    6.4536000000e+04    1.4725155445e-01    9.9681789385e-01
       136   -1.5893111477e+01    2.5330702194e+02   -2.7589802797e+01    1.1696691320e+01    1.0313354311e+01   -4.0047148889e+01    2.1439917810e+00    6.4719000000e+04    1.4695081926e-01    9.9696585796e-01
       137   -1.5893518918e+01    2.5330499825e+02   -2.7568894128e+01    1.1675375210e+01    1.0286505593e+01   -3.9902862197e+01    2.0474624772e+00    6.5270000000e+04    1.4784086516e-01    9.9673737689e-01
       138   -1.5898420408e+01    2.5336941749e+02   -2.7444393968e+01    1.1545973560e+01    1.0274636675e+01   -3.9860833319e+01    2.1418026762e+00    6.5212000000e+04    1.4831084152e-01    9.9690257665e-01
       139   -1.5888944749e+01    2.5316198862e+02   -2.7564373334e+01    1.1675428584e+01    1.0277012160e+01   -3.9986024388e+01    2.1446388937e+00    6.5120000000e+04    1.4670952219e-01    9.9676446220e-01
       140   -1.5891445951e+01    2.5323079859e+02   -2.7632643236e+01    1.1741197285e+01    1.0291622563e+01   -4.0030430891e+01    2.1061650922e+00    6.4976000000e+04    1.4978276656e-01    9.9702311163e-01
       141   -1.5877167303e+01    2.5275653922e+02   -2.7639353169e+01    1.1762185866e+01    1.0320614951e+01   -3.9989332077e+01    2.0293639574e+00    6.5072000000e+04    1.4513944945e-01    9.9696133726e-01
       142   -1.5894826801e+01    2.5331363842e+02   -2.7522881757e+01    1.1628054956e+01    1.0295201145e+01   -3.9881740724e+01    2.0636578215e+00    6.5027000000e+04    1.4749299937e-01    9.9696278890e-01
       143   -1.5886954390e+01    2.5304154286e+02   -2.7454931009e+01    1.1567976619e+01    1.0240395596e+01   -3.9765850743e+01    2.0705241382e+00    6.4885000000e+04    1.4800285238e-01    9.9694252595e-01
       144   -1.5885178787e+01    2.5303309208e+02   -2.7528497638e+01    1.1643318851e+01    1.0308278353e+01   -3.9940769507e+01    2.1039935152e+00    6.5162000000e+04    1.4763601391e-01    9.9695294263e-01
       145   -1.5882729601e+01    2.5293434992e+02   -2.7415868312e+01    1.1533138711e+01    1.0248426046e+01   -3.9772800439e+01    2.1085060812e+00    6.4586000000e+04    1.4817239152e-01    9.9695352323e-01
       146   -1.5897040915e+01    2.5342233973e+02   -2.7247940713e+01    1.1350899798e+01    1.0233531314e+01   -3.9538571231e+01    2.0570992033e+00    6.4659000000e+04    1.4814396988e-01    9.9691393994e-01
       147   -1.5900884702e+01    2.5354498505e+02   -2.7326424947e+01    1.1425540244e+01    1.0206631515e+01   -3.9644670662e+01    2.1116142003e+00    6.5102000000e+04    1.4827143121e-01    9.9688168074e-01
       148   -1.5891148298e+01    2.5321520550e+02   -2.7473592102e+01    1.1582443804e+01    1.0227812845e+01   -3.9753565987e+01    2.0521610397e+00    6.4887000000e+04    1.4906328027e-01    9.9693780346e-01
       149   -1.5900602111e+01    2.5355798621e+02   -2.7702519781e+01    1.1801917670e+01    1.0273644867e+01   -4.0060548105e+01    2.0843834565e+00    6.5676000000e+04    1.4938685895e-01    9.9669849005e-01
       150   -1.5894210953e+01    2.5331185194e+02   -2.7615608510e+01    1.1721397557e+01    1.0297046821e+01   -4.0015034308e+01    2.1023789767e+00    6.5207000000e+04    1.5273083109e-01    9.9680068470e-01
       151   -1.5902900197e+01    2.5362222295e+02   -2.7722003323e+01    1.1819103126e+01    1.0332267911e+01   -4.0086034327e+01    2.0317630931e+00    6.4949000000e+04    1.4820406648e-01    9.9683294143e-01
       152   -1.5898871661e+01    2.5342128541e+02   -2.7602508807e+01    1.1703637146e+01    1.0300984947e+01   -3.9959427556e+01    2.0559338023e+00    6.5375000000e+04    1.5061696559e-01    9.9684018400e-01
       153   -1.5896625321e+01    2.5335387038e+02   -2.7591934385e+01    1.1695309064e+01    1.0295171639e+01   -3.9926322351e+01    2.0392163273e+00    6.6088000000e+04    1.4945514660e-01    9.9697478587e-01
       154   -1.5910287431e+01    2.5377006663e+02   -2.7474475829e+01    1.1564188398e+01    1.0256822249e+01   -3.9769201614e+01    2.0379035362e+00    6.6256000000e+04    1.5034243117e-01    9.9699496539e-01
       155   -1.5900200459e+01    2.5351890176e+02   -2.7593392837e+01    1.1693192378e+01    1.0294760797e+01   -3.9919363845e+01    2.0312102108e+00    6.6450000000e+04    1.5401653922e-01    9.9683141186e-01
       156   -1.5890182933e+01    2.5316668369e+02   -2.7514347857e+01    1.1624164924e+01    1.0272056375e+01   -3.9800476209e+01    2.0140719774e+00    6.6408000000e+04    1.5409494402e-01    9.9696712409e-01
       157   -1.5897743498e+01    2.5341056172e+02   -2.7647585314e+01    1.1749841815e+01    1.0274802239e+01   -4.0038771280e+01    2.1163837272e+00    6.5849000000e+04    1.5008813648e-01    9.9679869045e-01
       158   -1.5903494854e+01    2.5358937134e+02   -2.7697970270e+01    1.1794475416e+01    1.0336840489e+01   -4.0147506676e+01    2.1126959166e+00    6.5888000000e+04    1.4935599711e-01    9.9705865180e-01
       159   -1.5874817929e+01    2.5270684258e+02   -2.7691441936e+01    1.1816624007e+01    1.0377021149e+01   -4.0114445723e+01    2.0459826381e+00    6.5840000000e+04    1.4998200984e-01    9.9684273833e-01
       160   -1.5881708501e+01    2.5285239996e+02   -2.7622117403e+01    1.1740408902e+01    1.0364767919e+01   -4.0067327787e+01    2.0804424643e+00    6.5284000000e+04    1.4858506098e-01    9.9707263612e-01
       161   -1.5894681706e+01    2.5327813621e+02   -2.7622807496e+01    1.1728125790e+01    1.0347142860e+01   -4.0081555395e+01    2.1116050386e+00    6.5408000000e+04    1.4630911762e-01    9.9679828110e-01
       162   -1.5905243050e+01    2.5366547732e+02   -2.7560768668e+01    1.1655525618e+01    1.0312611034e+01   -4.0051482497e+01    2.1781027955e+00    6.5851000000e+04    1.4861810957e-01    9.9707442496e-01
       163   -1.5903457912e+01    2.5360838076e+02   -2.7521507372e+01    1.1618049460e+01    1.0293465089e+01   -3.9965103137e+01    2.1501306760e+00    6.5611000000e+04    1.4733902168e-01    9.9687864555e-01
       164   -1.5897963981e+01    2.5344445224e+02   -2.7510156828e+01    1.1612192847e+01    1.0290144291e+01   -3.9946359984e+01    2.1460588647e+00    6.5396000000e+04    1.4858649316e-01    9.9691397507e-01
       165   -1.5895936769e+01    2.5333701876e+02   -2.7760922991e+01    1.1864986222e+01    1.0313509567e+01   -4.0214924861e+01    2.1404923035e+00    6.5578000000e+04    1.4918472074e-01    9.9699373752e-01
       166   -1.5891116426e+01    2.5321988157e+02   -2.7997938425e+01    1.2106821998e+01    1.0384356651e+01   -4.0478074069e+01    2.0957789933e+00    6.5940000000e+04    1.5213612770e-01    9.9687756614e-01
       167   -1.5897890999e+01    2.5352597044e+02   -2.7905151350e+01    1.2007260351e+01    1.0379763892e+01   -4.0435929073e+01    2.1510138310e+00    6.5338000000e+04    1.5137045117e-01    9.9692235089e-01
       168   -1.5894665945e+01    2.5328729737e+02   -2.7730803375e+01    1.1836137430e+01    1.0331993266e+01   -4.0160903342e+01    2.0981067019e+00    6.5221000000e+04    1.5098063875e-01    9.9694280637e-01
       169   -1.5897656240e+01    2.5339031556e+02   -2.7455202122e+01    1.1557545881e+01    1.0350801569e+01   -3.9929704841e+01    2.1237011505e+00    6.5555000000e+04    1.5234298070e-01    9.9714794416e-01
       170   -1.5907652640e+01    2.5373039609e+02   -2.7725349156e+01    1.1817696516e+01    1.0375147856e+01   -4.0274121125e+01    2.1736241125e+00    6.5188000000e+04    1.5388489625e-01    9.9694723652e-01
       171   -1.5889509952e+01    2.5315374924e+02   -2.7666841723e+01    1.1777331772e+01    1.0394336877e+01   -4.0136718564e+01    2.0755399632e+00    6.4900000000e+04    1.5127459105e-01    9.9686187489e-01
       172   -1.5878334421e+01    2.5278540918e+02   -2.7596428263e+01    1.1718093841e+01    1.0353643817e+01   -4.0002917842e+01    2.0528457626e+00    6.4865000000e+04    1.5005558711e-01    9.9691654329e-01
       173   -1.5894456569e+01    2.5335972898e+02   -2.7734956205e+01    1.1840499636e+01    1.0340246454e+01   -4.0131694718e+01    2.0564920590e+00    6.4544000000e+04    1.4875001043e-01    9.9693995157e-01
       174   -1.5881266455e+01    2.5290779004e+02   -2.7764988183e+01    1.1883721729e+01    1.0349192488e+01   -4.0228589837e+01    2.1144091653e+00    6.5291000000e+04    1.4857223500e-01    9.9699253643e-01
       175   -1.5883189848e+01    2.5294428303e+02   -2.7744886710e+01    1.1861696862e+01    1.0302827458e+01   -4.0151454413e+01    2.1037402452e+00    6.5244000000e+04    1.4809571418e-01    9.9689707022e-01
       176   -1.5904889838e+01    2.5367832641e+02   -2.7698646029e+01    1.1793756191e+01    1.0248689080e+01   -3.9996165673e+01    2.0488305643e+00    6.5299000000e+04    1.5050265453e-01    9.9679139173e-01
       177   -1.5900527292e+01    2.5352816306e+02   -2.7596891611e+01    1.1696364319e+01    1.0226163142e+01   -3.9735034533e+01    1.9119797807e+00    6.5640000000e+04    1.5216957234e-01    9.9689692940e-01
       178   -1.5910065113e+01    2.5381762923e+02   -2.7711434242e+01    1.1801369130e+01    1.0259464190e+01   -3.9999593740e+01    2.0286953082e+00    6.6151000000e+04    1.5051808203e-01    9.9695714555e-01
       179   -1.5897471984e+01    2.5339455242e+02   -2.7630506989e+01    1.1733035005e+01    1.0284985028e+01   -3.9991460834e+01    2.0759688176e+00    6.6047000000e+04    1.5320123891e-01    9.9712972208e-01
       180   -1.5905391151e+01    2.5366259242e+02   -2.7636717629e+01    1.1731326478e+01    1.0317983771e+01   -4.0059827323e+01    2.1051259223e+00    6.6026000000e+04    1.5346870219e-01    9.9689486787e-01
       181   -1.5908700834e+01    2.5374483651e+02   -2.7680386909e+01    1.1771686074e+01    1.0281636941e+01   -4.0064678478e+01    2.1026546286e+00    6.6146000000e+04    1.5472870422e-01    9.9685567504e-01
       182   -1.5897718425e+01    2.5339401336e+02   -2.7534507358e+01    1.1636788933e+01    1.0301107333e+01   -3.9898563882e+01    2.0629491909e+00    6.6337000000e+04    1.5243955859e-01    9.9695791883e-01
       183   -1.5893911890e+01    2.5324281688e+02   -2.7600681805e+01    1.1706769915e+01    1.0315143535e+01   -4.0105485881e+01    2.1896605412e+00    6.6145000000e+04    1.5301714387e-01    9.9702674118e-01
       184   -1.5907695223e+01    2.5371115259e+02   -2.7695826994e+01    1.1788131771e+01    1.0366292796e+01   -4.0249526696e+01    2.1874069061e+00    6.5998000000e+04    1.5078885035e-01    9.9693252697e-01
       185   -1.5898942120e+01    2.5344759265e+02   -2.7702556268e+01    1.1803614148e+01    1.0345106238e+01   -4.0196977379e+01    2.1493148731e+00    6.5978000000e+04    1.5169828688e-01    9.9708673166e-01
       186   -1.5888108098e+01    2.5315059406e+02   -2.7883776105e+01    1.1995668007e+01    1.0380235999e+01   -4.0429906332e+01    2.1658942282e+00    6.6270000000e+04    1.5053952207e-01    9.9686339388e-01
       187   -1.5888184163e+01    2.5314373023e+02   -2.7830934017e+01    1.1942749854e+01    1.0403733364e+01   -4.0258478303e+01    2.0238109226e+00    6.6312000000e+04    1.4917291629e-01    9.9697131230e-01
       188   -1.5884404300e+01    2.5299525235e+02   -2.7823769881e+01    1.1939365581e+01    1.0379913937e+01   -4.0322714094e+01    2.1190302753e+00    6.6130000000e+04    1.4969738957e-01    9.9695538239e-01
       189   -1.5896128911e+01    2.5338974231e+02   -2.7688719210e+01    1.1792590299e+01    1.0367533706e+01   -4.0138203890e+01    2.0819509738e+00    6.6109000000e+04    1.4800151008e-01    9.9686765564e-01
       190   -1.5892423523e+01    2.5324398919e+02   -2.7644246042e+01    1.1751822519e+01    1.0312644645e+01   -3.9930497210e+01    1.9736065228e+00    6.6543000000e+04    1.5582965766e-01    9.9689903884e-01
       191   -1.5900578636e+01    2.5352097140e+02   -2.7587678213e+01    1.1687099577e+01    1.0304854220e+01   -3.9964837190e+01    2.0723047576e+00    6.6462000000e+04    1.5400863004e-01    9.9699362260e-01
       192   -1.5888319823e+01    2.5316800528e+02   -2.7816742896e+01    1.1928423073e+01    1.0353097604e+01   -4.0275791068e+01    2.1059505683e+00    6.6372000000e+04    1.5168381691e-01    9.9695644035e-01
       193   -1.5886431380e+01    2.5306955476e+02   -2.7935461483e+01    1.2049030103e+01    1.0382463524e+01   -4.0463946464e+01    2.1460214571e+00    6.6286000000e+04    1.4961110363e-01    9.9705411352e-01
       194   -1.5871546708e+01    2.5261534529e+02   -2.7906996874e+01    1.2035450166e+01    1.0385052861e+01   -4.0355502476e+01    2.0634527405e+00    6.6122000000e+04    1.4929477754e-01    9.9672334660e-01
       195   -1.5886684955e+01    2.5307054822e+02   -2.7707305692e+01    1.1820620737e+01    1.0410228855e+01   -4.0263301333e+01    2.1457667855e+00    6.6375000000e+04    1.5370378875e-01    9.9673823655e-01
       196   -1.5894044539e+01    2.5328691975e+02   -2.7739912562e+01    1.1845868023e+01    1.0383399569e+01   -4.0152975709e+01    2.0296635777e+00    6.6047000000e+04    1.5084203207e-01    9.9678338842e-01
       197   -1.5896064317e+01    2.5339577716e+02   -2.7636034777e+01    1.1739970460e+01    1.0324160749e+01   -4.0020183226e+01    2.0599877002e+00    6.6207000000e+04    1.5177006883e-01    9.9688702219e-01
       198   -1.5897980777e+01    2.5335031054e+02   -2.7462332954e+01    1.1564352177e+01    1.0315417423e+01   -3.9911059592e+01    2.1333092143e+00    6.6356000000e+04    1.5423853801e-01    9.9689270827e-01
       199   -1.5905755709e+01    2.5369088557e+02   -2.7700116918e+01    1.1794361208e+01    1.0334926601e+01   -4.0190988873e+01    2.1559453540e+00    6.6271000000e+04    1.5196339668e-01    9.9700646817e-01
       200   -1.5905070621e+01    2.5363694278e+02   -2.7765556271e+01    1.1860485650e+01    1.0340102870e+01   -4.0166290742e+01    2.0606316008e+00    6.5807000000e+04    1.4998259836e-01    9.9688178386e-01
       201   -1.5910429967e+01    2.5385073231e+02   -2.7642144766e+01    1.1731714799e+01    1.0364607537e+01   -4.0169738986e+01    2.1629866834e+00    6.5821000000e+04    1.5042019570e-01    9.9687504296e-01
       202   -1.5902127344e+01    2.5357488109e+02   -2.7715270358e+01    1.1813143014e+01    1.0330206250e+01   -4.0071245254e+01    2.0257686468e+00    6.5872000000e+04    1.5033960609e-01    9.9716336465e-01
       203   -1.5891354571e+01    2.5320304562e+02   -2.7664550383e+01    1.1773195813e+01    1.0333196484e+01   -4.0024995637e+01    2.0272487698e+00    6.6117000000e+04    1.5154481809e-01    9.9696426566e-01
       204   -1.5876798949e+01    2.5277649509e+02   -2.7594287399e+01    1.1717488450e+01    1.0311019921e+01   -3.9904845013e+01    1.9995376927e+00    6.5960000000e+04    1.5625639457e-01    9.9708504940e-01
       205   -1.5872039262e+01    2.5261730959e+02   -2.7570605705e+01    1.1698566443e+01    1.0287815323e+01   -3.9976780099e+01    2.1183590704e+00    6.5340000000e+04    1.5121433465e-01    9.9690110423e-01
       206   -1.5880083606e+01    2.5286355748e+02   -2.7590683004e+01    1.1710599398e+01    1.0282608492e+01   -3.9911382499e+01    2.0380910027e+00    6.4999000000e+04    1.5480459551e-01    9.9699184811e-01
       207   -1.5883235994e+01    2.5295268161e+02   -2.7591394310e+01    1.1708158315e+01    1.0318869278e+01   -4.0005874744e+01    2.0956111568e+00    6.4835000000e+04    1.4850229879e-01    9.9699171073e-01
       208   -1.5882619671e+01    2.5290762277e+02   -2.7591311249e+01    1.1708691578e+01    1.0335788817e+01   -4.0005874338e+01    2.0787742716e+00    6.5122000000e+04    1.5323343492e-01    9.9701707395e-01
       209   -1.5887921177e+01    2.5308203488e+02   -2.7595514510e+01    1.1707593333e+01    1.0309352325e+01   -4.0097244503e+01    2.1923776681e+00    6.4679000000e+04    1.5147144105e-01    9.9695800930e-01
       210   -1.5880305608e+01    2.5286074862e+02   -2.7468055506e+01    1.1587749898e+01    1.0263510905e+01   -3.9956548559e+01    2.2249821477e+00    6.4307000000e+04    1.4906200695e-01    9.9692977880e-01
       211   -1.5861034849e+01    2.5222423977e+02   -2.7430549021e+01    1.1569514172e+01    1.0261212433e+01   -3.9733559948e+01    2.0417984935e+00    6.4013000000e+04    1.4786748496e-01    9.9708588680e-01
       212   -1.5869356067e+01    2.5254467913e+02   -2.7564667687e+01    1.1695311619e+01    1.0329407255e+01   -4.0007365741e+01    2.1132907991e+00    6.4040000000e+04    1.5638222637e-01    9.9692847927e-01
       213   -1.5878630044e+01    2.5278437537e+02   -2.7623055045e+01    1.1744425000e+01    1.0331589517e+01   -4.0013971216e+01    2.0593266545e+00    6.4179000000e+04    1.5048673816e-01    9.9713926377e-01
       214   -1.5892749707e+01    2.5326803843e+02   -2.7566429231e+01    1.1673679524e+01    1.0357045273e+01   -4.0026766948e+01    2.1032924440e+00    6.3950000000e+04    1.5368881559e-01    9.9704743384e-01
       215   -1.5892272554e+01    2.5323926317e+02   -2.7463052163e+01    1.1570779609e+01    1.0368867027e+01   -3.9957139102e+01    2.1252199118e+00    6.4039000000e+04    1.5131254086e-01    9.9700188571e-01
       216   -1.5896237226e+01    2.5343505373e+02   -2.7588155946e+01    1.1691918721e+01    1.0330033805e+01   -4.0012990613e+01    2.0948008613e+00    6.4573000000e+04    1.4949975625e-01    9.9692925507e-01
       217   -1.5875619346e+01    2.5273912675e+02   -2.7535833207e+01    1.1660213861e+01    1.0360620165e+01   -4.0012059003e+01    2.1156056303e+00    6.4991000000e+04    1.4924613457e-01    9.9693756242e-01
       218   -1.5887098431e+01    2.5306543724e+02   -2.7426717869e+01    1.1539619438e+01    1.0301439882e+01   -3.9801418027e+01    2.0732602762e+00    6.4850000000e+04    1.5030553148e-01    9.9707161581e-01
       219   -1.5897924844e+01    2.5340786172e+02   -2.7613493682e+01    1.1715568838e+01    1.0258970141e+01   -3.9908304647e+01    2.0358408235e+00    6.4557000000e+04    1.5082459937e-01    9.9682534329e-01
       220   -1.5887106701e+01    2.5316845684e+02   -2.7613245938e+01    1.1726139237e+01    1.0258398856e+01   -3.9983585925e+01    2.1119411305e+00    6.4277000000e+04    1.4927005820e-01    9.9697199409e-01
       221   -1.5900991236e+01    2.5381876545e+02   -2.7661302139e+01    1.1760310903e+01    1.0267994650e+01   -4.0069617865e+01    2.1403210763e+00    6.3789000000e+04    1.4889592363e-01    9.9665302807e-01
       222   -1.5896321095e+01    2.5339076597e+02   -2.7639787304e+01    1.1743466209e+01    1.0273262400e+01   -3.9979767896e+01    2.0667181920e+00    6.3591000000e+04    1.4770856344e-01    9.9689963306e-01
       223   -1.5900436384e+01    2.5352694328e+02   -2.7654264188e+01    1.1753827804e+01    1.0296715432e+01   -4.0081920436e+01    2.1309408171e+00    6.3737000000e+04    1.4829218000e-01    9.9680654823e-01
       224   -1.5888863087e+01    2.5313264455e+02   -2.7657557412e+01    1.1768694325e+01    1.0246441421e+01   -3.9933208592e+01    2.0292097590e+00    6.4008000000e+04    1.4780468141e-01    9.9691118840e-01
       225   -1.5904536250e+01    2.5364188771e+02   -2.7661490517e+01    1.1756954267e+01    1.0222618154e+01   -3.9939677236e+01    2.0555685646e+00    6.4397000000e+04    1.5037846426e-01    9.9698534751e-01
       226   -1.5901877161e+01    2.5351756799e+02   -2.7618297898e+01    1.1716420737e+01    1.0253329866e+01   -3.9962288988e+01    2.0906612239e+00    6.4278000000e+04    1.5481112398e-01    9.9696681818e-01
       227   -1.5893002258e+01    2.5326040057e+02   -2.7653643144e+01    1.1760640887e+01    1.0267296497e+01   -4.0056794435e+01    2.1358547934e+00    6.4588000000e+04    1.5299007570e-01    9.9703973516e-01
       228   -1.5905164197e+01    2.5369877195e+02   -2.7546712968e+01    1.1641548771e+01    1.0244358966e+01   -3.9858668166e+01    2.0675962318e+00    6.4941000000e+04    1.5411593098e-01    9.9693744856e-01
       229   -1.5888298318e+01    2.5309076139e+02   -2.7361663530e+01    1.1473365212e+01    1.0207632058e+01   -3.9709474252e+01    2.1401786645e+00    6.5518000000e+04    1.4950856707e-01    9.9701242770e-01
       230   -1.5896964914e+01    2.5336872315e+02   -2.7504397916e+01    1.1607433002e+01    1.0204665786e+01   -3.9855485013e+01    2.1464213113e+00    6.5835000000e+04    1.5126821223e-01    9.9701978511e-01
       231   -1.5906892527e+01    2.5374694428e+02   -2.7556912420e+01    1.1650019894e+01    1.0259051326e+01   -3.9894409928e+01    2.0784461814e+00    6.5872000000e+04    1.5255297371e-01    9.9677674359e-01
       232   -1.5902190863e+01    2.5360833015e+02   -2.7638937317e+01    1.1736746454e+01    1.0270389632e+01   -3.9967982017e+01    2.0586550681e+00    6.6201000000e+04    1.5066060863e-01    9.9696814288e-01
       233   -1.5896922247e+01    2.5337234545e+02   -2.7572904816e+01    1.1675982569e+01    1.0285882972e+01   -4.0052577743e+01    2.1937899543e+00    6.6132000000e+04    1.5158509164e-01    9.9694357226e-01
       234   -1.5894147511e+01    2.5330256416e+02   -2.7685026136e+01    1.1790878624e+01    1.0283694302e+01   -4.0125858923e+01    2.1571384856e+00    6.5592000000e+04    1.5097429648e-01    9.9684174237e-01
       235   -1.5895545786e+01    2.5342828382e+02   -2.7782477781e+01    1.1886931996e+01    1.0310434771e+01   -4.0145790938e+01    2.0528783854e+00    6.5883000000e+04    1.4829112355e-01    9.9679919901e-01
       236   -1.5878547482e+01    2.5289773893e+02   -2.7651904981e+01    1.1773357498e+01    1.0317184729e+01   -4.0150647527e+01    2.1815578180e+00    6.5788000000e+04    1.5480332324e-01    9.9692883726e-01
       237   -1.5875786718e+01    2.5271946321e+02   -2.7631471682e+01    1.1755684964e+01    1.0301978963e+01   -4.0138447732e+01    2.2049970867e+00    6.5819000000e+04    1.5144394754e-01    9.9698898664e-01
       238   -1.5885927559e+01    2.5308126580e+02   -2.7525754968e+01    1.1639827410e+01    1.0284834962e+01   -3.9953501634e+01    2.1429117037e+00    6.5740000000e+04    1.5065985988e-01    9.9688632636e-01
       239   -1.5872579398e+01    2.5258883128e+02   -2.7279718443e+01    1.1407139045e+01    1.0197077003e+01   -3.9536195085e+01    2.0593996383e+00    6.5717000000e+04    1.5086397281e-01    9.9712322630e-01
       240   -1.5895775012e+01    2.5335725094e+02   -2.7376898621e+01    1.1481123609e+01    1.0182274907e+01   -3.9618349581e+01    2.0591760532e+00    6.5600000000e+04    1.5386604820e-01    9.9710920448e-01
       241   -1.5888919149e+01    2.5317255361e+02   -2.7506455390e+01    1.1617536241e+01    1.0267109870e+01   -3.9776887115e+01    2.0033218543e+00    6.5247000000e+04    1.4763807289e-01    9.9696641092e-01
       242   -1.5899528692e+01    2.5349301248e+02   -2.7486065041e+01    1.1586536349e+01    1.0299254350e+01   -3.9808240546e+01    2.0229211552e+00    6.5590000000e+04    1.5050289137e-01    9.9674459561e-01
       243   -1.5889582634e+01    2.5317044639e+02   -2.7593105517e+01    1.1703522883e+01    1.0316307228e+01   -3.9944389890e+01    2.0349771455e+00    6.5645000000e+04    1.5210075922e-01    9.9690832887e-01
       244   -1.5885368495e+01    2.5303019044e+02   -2.7679450198e+01    1.1794081702e+01    1.0322157068e+01   -4.0161933407e+01    2.1603261418e+00    6.5488000000e+04    1.5143787566e-01    9.9693578832e-01
       245   -1.5892422129e+01    2.5322428024e+02   -2.7475877541e+01    1.1583455412e+01    1.0262658265e+01   -3.9910682698e+01    2.1721468926e+00    6.5881000000e+04    1.4885446047e-01    9.9683209473e-01
       246   -1.5882387341e+01    2.5292910631e+02   -2.7658557315e+01    1.1776169974e+01    1.0250278602e+01   -3.9946325861e+01    2.0374899452e+00    6.6114000000e+04    1.4807610332e-01    9.9708561186e-01
       247   -1.5897401417e+01    2.5340289568e+02   -2.7660169759e+01    1.1762768342e+01    1.0348556696e+01   -4.0053592589e+01    2.0448661333e+00    6.6130000000e+04    1.5185329621e-01    9.9705364187e-01
       248   -1.5908370857e+01    2.5380263670e+02   -2.7678947757e+01    1.1770576901e+01    1.0340098835e+01   -4.0133810101e+01    2.1147635084e+00    6.6409000000e+04    1.5583586527e-01    9.9676279587e-01
       249   -1.5884126619e+01    2.5294379579e+02   -2.7565762869e+01    1.1681636250e+01    1.0275226622e+01   -3.9846567178e+01    2.0055776862e+00    6.5964000000e+04    1.4893218703e-01    9.9694775922e-01
       250   -1.5912165987e+01    2.5390034550e+02   -2.7645336232e+01    1.1733170244e+01    1.0270364131e+01   -4.0056052098e+01    2.1403517352e+00    6.6001000000e+04    1.5399371824e-01    9.9700799291e-01
       251   -1.5904300360e+01    2.5358277004e+02   -2.7656915000e+01    1.1752614640e+01    1.0275198983e+01   -4.0014556157e+01    2.0824421729e+00    6.6171000000e+04    1.5239409680e-01    9.9701632541e-01
       252   -1.5902660501e+01    2.5357922182e+02   -2.7542104323e+01    1.1639443822e+01    1.0264286284e+01   -3.9938411979e+01    2.1320213716e+00    6.6360000000e+04    1.5151912848e-01    9.9690563365e-01
       253   -1.5890665016e+01    2.5317343107e+02   -2.7544108743e+01    1.1653443728e+01    1.0256786412e+01   -3.9872775114e+01    2.0718799591e+00    6.6259000000e+04    1.5029694687e-01    9.9691143480e-01
       254   -1.5890942444e+01    2.5318157029e+02   -2.7433522689e+01    1.1542580245e+01    1.0252352556e+01   -3.9800660279e+01    2.1147850332e+00    6.6017000000e+04    1.5307747371e-01    9.9704886783e-01
       255   -1.5892530259e+01    2.5326798544e+02   -2.7638944018e+01    1.1746413759e+01    1.0296619053e+01   -4.0030991429e+01    2.0954283579e+00    6.6192000000e+04    1.5177513273e-01    9.9678097655e-01
       256   -1.5911470933e+01    2.5385652322e+02   -2.7661474163e+01    1.1750003231e+01    1.0289357064e+01   -4.0036406791e+01    2.0855755638e+00    6.6796000000e+04    1.5629834477e-01    9.9692715774e-01
       257   -1.5893191548e+01    2.5327067795e+02   -2.7745443192e+01    1.1852251644e+01    1.0299590914e+01   -4.0012436988e+01    1.9674028824e+00    6.6635000000e+04    1.5451159891e-01    9.9699631233e-01
       258   -1.5904948993e+01    2.5368271838e+02   -2.7846680379e+01    1.1941731385e+01    1.0364450091e+01   -4.0338001528e+01    2.1268710579e+00    6.6690000000e+04    1.5394273543e-01    9.9684133740e-01
       259   -1.5892327670e+01    2.5332533980e+02   -2.7879349827e+01    1.1987022157e+01    1.0296767437e+01   -4.0197200304e+01    2.0210830398e+00    6.6304000000e+04    1.5431840090e-01    9.9694984758e-01
       260   -1.5890477174e+01    2.5330762160e+02   -2.7772131876e+01    1.1881654702e+01    1.0286512268e+01   -4.0142130467e+01    2.0834863224e+00    6.5625000000e+04    1.5199397527e-01    9.9688581045e-01
       261   -1.5906259905e+01    2.5376392138e+02   -2.7525298969e+01    1.1619039064e+01    1.0267050078e+01   -3.9856660842e+01    2.0643117950e+00    6.5565000000e+04    1.5004178699e-01    9.9692927152e-01
       262   -1.5896797958e+01    2.5341557832e+02   -2.7513377141e+01    1.1616579184e+01    1.0270488132e+01   -3.9898628529e+01    2.1147632550e+00    6.5298000000e+04    1.5017083566e-01    9.9695006446e-01
       263   -1.5887362443e+01    2.5315107191e+02   -2.7707355598e+01    1.1819993156e+01    1.0334223194e+01   -4.0196291116e+01    2.1547123232e+00    6.5160000000e+04    1.4915868789e-01    9.9684694435e-01
       264   -1.5900928671e+01    2.5356608746e+02   -2.7823863827e+01    1.1922935156e+01    1.0325747335e+01   -4.0107180923e+01    1.9575697614e+00    6.5268000000e+04    1.5207394719e-01    9.9701659405e-01
       265   -1.5885785165e+01    2.5315328425e+02   -2.7739085821e+01    1.1853300656e+01    1.0332522645e+01   -4.0186416784e+01    2.1148083186e+00    6.4960000000e+04    1.4984697438e-01    9.9694356263e-01
       266   -1.5887722798e+01    2.5319253586e+02   -2.7568918847e+01    1.1681196049e+01    1.0321648525e+01   -4.0050339787e+01    2.1597724139e+00    6.5014000000e+04    1.4940696348e-01    9.9682167644e-01
       267   -1.5884888594e+01    2.5308307883e+02   -2.7450511521e+01    1.1565622927e+01    1.0273335014e+01   -3.9795771591e+01    2.0719250559e+00    6.4317000000e+04    1.5045603418e-01    9.9694819559e-01
       268   -1.5905677594e+01    2.5371953444e+02   -2.7565585023e+01    1.1659907429e+01    1.0290993958e+01   -3.9910723650e+01    2.0541446693e+00    6.4440000000e+04    1.5083327773e-01    9.9690421085e-01
       269   -1.5908232521e+01    2.5376927079e+02   -2.7637904284e+01    1.1729671763e+01    1.0268262012e+01   -3.9909614455e+01    2.0034481585e+00    6.4257000000e+04    1.5184655621e-01    9.9701552445e-01
       270   -1.5896105717e+01    2.5333733582e+02   -2.7513384117e+01    1.1617278400e+01    1.0284535556e+01   -3.9909719635e+01    2.1117999619e+00    6.4308000000e+04    1.4979628684e-01    9.9715817632e-01
       271   -1.5893765148e+01    2.5329365159e+02   -2.7681656094e+01    1.1787890946e+01    1.0332328754e+01   -4.0161672876e+01    2.1476880279e+00    6.4600000000e+04    1.5034818277e-01    9.9686959558e-01
       272   -1.5908095762e+01    2.5381026462e+02   -2.7766321944e+01    1.1858226182e+01    1.0342128154e+01   -4.0297836853e+01    2.1893867549e+00    6.5080000000e+04    1.5123394230e-01    9.9685651874e-01
       273   -1.5904175420e+01    2.5364610750e+02   -2.7791146709e+01    1.1886971289e+01    1.0347117213e+01   -4.0270944998e+01    2.1326810758e+00    6.4526000000e+04    1.5147355969e-01    9.9700161876e-01
       274   -1.5909663210e+01    2.5378027215e+02   -2.7853440715e+01    1.1943777504e+01    1.0319123626e+01   -4.0204962301e+01    2.0323979602e+00    6.4672000000e+04    1.4987255293e-01    9.9660460833e-01
       275   -1.5903631898e+01    2.5361286388e+02   -2.7604812608e+01    1.1701180711e+01    1.0339102215e+01   -4.0093214736e+01    2.1492999134e+00    6.4756000000e+04    1.5136479367e-01    9.9713026394e-01
       276   -1.5906116943e+01    2.5368245310e+02   -2.7577012306e+01    1.1670895363e+01    1.0291360382e+01   -3.9846922509e+01    1.9785498212e+00    6.4583000000e+04    1.5136550449e-01    9.9692399301e-01
       277   -1.5893777812e+01    2.5327323791e+02   -2.7500228075e+01    1.1606450262e+01    1.0260109448e+01   -3.9785074482e+01    2.0247369585e+00    6.5141000000e+04    1.5006641137e-01    9.9680413962e-01
       278   -1.5899541258e+01    2.5343328893e+02   -2.7485053818e+01    1.1585512560e+01    1.0214313448e+01   -3.9585391544e+01    1.8860242776e+00    6.5355000000e+04    1.5107494367e-01    9.9693761601e-01
       279   -1.5896862853e+01    2.5340054214e+02   -2.7479209764e+01    1.1582346911e+01    1.0250047083e+01   -3.9782522559e+01    2.0532657114e+00    6.5389000000e+04    1.4812069434e-01    9.9712000954e-01
       280   -1.5890194455e+01    2.5317899488e+02   -2.7682110248e+01    1.1791915793e+01    1.0288092104e+01   -3.9983650606e+01    2.0134482540e+00    6.5095000000e+04    1.5162331074e-01    9.9678752446e-01
       281   -1.5904886945e+01    2.5367204297e+02   -2.7769434899e+01    1.1864547955e+01    1.0342008299e+01   -4.0200961132e+01    2.0895179334e+00    6.4677000000e+04    1.5136908629e-01    9.9684572590e-01
       282   -1.5882899084e+01    2.5299073021e+02   -2.7791620223e+01    1.1908721139e+01    1.0320572843e+01   -4.0130836989e+01    2.0186439232e+00    6.4723000000e+04    1.4923616324e-01    9.9687087596e-01
       283   -1.5894572172e+01    2.5337585930e+02   -2.7702976573e+01    1.1808404400e+01    1.0281924231e+01   -3.9988514788e+01    2.0036139840e+00    6.3976000000e+04    1.5005077219e-01    9.9688796871e-01
       284   -1.5899699001e+01    2.5349869421e+02   -2.7574837422e+01    1.1675138421e+01    1.0307312350e+01   -3.9915397996e+01    2.0332482243e+00    6.4100000000e+04    1.5233703781e-01    9.9706294880e-01
       285   -1.5895200473e+01    2.5334877393e+02   -2.7754110708e+01    1.1858910235e+01    1.0266198870e+01   -4.0130847549e+01    2.1105379714e+00    6.5000000000e+04    1.5481853336e-01    9.9698102498e-01
       286   -1.5895342706e+01    2.5338628558e+02   -2.7598078541e+01    1.1702735835e+01    1.0283406798e+01   -3.9935768714e+01    2.0542833747e+00    6.5735000000e+04    1.5358709797e-01    9.9714001437e-01
       287   -1.5891681227e+01    2.5319566062e+02   -2.7517909380e+01    1.1626228153e+01    1.0303804594e+01   -3.9892279438e+01    2.0705654638e+00    6.5880000000e+04    1.5324562422e-01    9.9704893099e-01
       288   -1.5899675291e+01    2.5351770519e+02   -2.7644967371e+01    1.1745292080e+01    1.0316411266e+01   -4.0149004734e+01    2.1876260968e+00    6.6497000000e+04    1.5748709535e-01    9.9693092757e-01
       289   -1.5881015912e+01    2.5289858059e+02   -2.7612619830e+01    1.1731603918e+01    1.0359542835e+01   -4.0070849022e+01    2.0986863568e+00    6.6508000000e+04    1.5839193977e-01    9.9693361286e-01
       290   -1.5898730264e+01    2.5348849014e+02   -2.7662161209e+01    1.1763430944e+01    1.0351919905e+01   -4.0106501110e+01    2.0924199965e+00    6.6189000000e+04    1.5696607730e-01    9.9698145789e-01
       291   -1.5905219308e+01    2.5363629877e+02   -2.7587030932e+01    1.1681811624e+01    1.0326443577e+01   -3.9961976235e+01    2.0485017262e+00    6.6126000000e+04    1.5429115609e-01    9.9688313483e-01
       292   -1.5899533354e+01    2.5347223001e+02   -2.7717581123e+01    1.1818047769e+01    1.0349115423e+01   -4.0184987329e+01    2.1182907832e+00    6.6795000000e+04    1.6715029453e-01    9.9680484362e-01
       293   -1.5880760213e+01    2.5288102951e+02   -2.7674584475e+01    1.1793824262e+01    1.0333227668e+01   -4.0069660408e+01    2.0618482638e+00    6.6684000000e+04    1.6705458574e-01    9.9700370890e-01
       294   -1.5888526836e+01    2.5314963581e+02   -2.7723248168e+01    1.1834721332e+01    1.0356564044e+01   -4.0167278399e+01    2.0874661866e+00    6.6501000000e+04    1.6007334871e-01    9.9702597906e-01
       295   -1.5886715762e+01    2.5304165597e+02   -2.7584246239e+01    1.1697530477e+01    1.0358224035e+01   -4.0000259872e+01    2.0577895978e+00    6.6161000000e+04    1.5299968340e-01    9.9701400290e-01
       296   -1.5878786401e+01    2.5280501224e+02   -2.7707679509e+01    1.1828893107e+01    1.0332054376e+01   -4.0048607851e+01    2.0088739662e+00    6.5829000000e+04    1.5463480719e-01    9.9705962085e-01
       297   -1.5877890322e+01    2.5275437585e+02   -2.7574514557e+01    1.1696624235e+01    1.0339330077e+01   -3.9958176902e+01    2.0443322681e+00    6.5784000000e+04    1.5042252203e-01    9.9704310463e-01
       298   -1.5890432185e+01    2.5320523788e+02   -2.7616095976e+01    1.1725663791e+01    1.0368542017e+01   -4.0002811967e+01    2.0181739741e+00    6.5658000000e+04    1.5229546031e-01    9.9697245128e-01
       299   -1.5887002233e+01    2.5307916468e+02   -2.7592452651e+01    1.1705450418e+01    1.0362938846e+01   -3.9968373309e+01    2.0129818121e+00    6.5153000000e+04    1.4809407211e-01    9.9702778542e-01
       300   -1.5884544157e+01    2.5301209659e+02   -2.7662961923e+01    1.1778417766e+01    1.0379720548e+01   -4.0061487122e+01    2.0188046509e+00    6.5499000000e+04    1.5108566684e-01    9.9691538572e-01
       301   -1.5891230494e+01    2.5321215217e+02   -2.7381762896e+01    1.1490532402e+01    1.0286257205e+01   -3.9723890561e+01    2.0558704601e+00    6.5505000000e+04    1.5384625902e-01    9.9702582627e-01
       302   -1.5898344707e+01    2.5346498805e+02   -2.7410705487e+01    1.1512360780e+01    1.0284950939e+01   -3.9790718989e+01    2.0950625624e+00    6.5602000000e+04    1.5286103406e-01    9.9693822159e-01
       303   -1.5897409477e+01    2.5351900506e+02   -2.7565326404e+01    1.1667916926e+01    1.0334676072e+01   -3.9926008328e+01    2.0260058516e+00    6.6021000000e+04    1.5227048074e-01    9.9678008277e-01
       304   -1.5884594718e+01    2.5302483772e+02   -2.7582145586e+01    1.1697550868e+01    1.0332109921e+01   -3.9943982265e+01    2.0297267577e+00    6.5524000000e+04    1.5182090738e-01    9.9684926651e-01
       305   -1.5890573180e+01    2.5318701176e+02   -2.7491501413e+01    1.1600928233e+01    1.0311390060e+01   -3.9905935855e+01    2.1030443817e+00    6.4865000000e+04    1.5178310656e-01    9.9700552926e-01
       306   -1.5900539008e+01    2.5354781964e+02   -2.7712073242e+01    1.1811534235e+01    1.0324634588e+01   -4.0145240318e+01    2.1085324886e+00    6.4644000000e+04    1.5735792945e-01    9.9691259249e-01
       307   -1.5881592487e+01    2.5295826690e+02   -2.7780556851e+01    1.1898964365e+01    1.0282405614e+01   -4.0056863201e+01    1.9939007357e+00    6.5303000000e+04    1.5343141449e-01    9.9684229671e-01
       308   -1.5870665395e+01    2.5257306638e+02   -2.7774363352e+01    1.1903697958e+01    1.0326035309e+01   -4.0263179481e+01    2.1627808199e+00    6.5678000000e+04    1.5107869781e-01    9.9688863313e-01
       309   -1.5882329198e+01    2.5290631867e+02   -2.7622256624e+01    1.1739927426e+01    1.0314579457e+01   -4.0005513431e+01    2.0686773496e+00    6.5849000000e+04    1.5282918703e-01    9.9704146784e-01
       310   -1.5887473398e+01    2.5309114717e+02   -2.7707648284e+01    1.1820174885e+01    1.0332768908e+01   -4.0126216196e+01    2.0857990042e+00    6.5856000000e+04    1.5063765559e-01    9.9698767626e-01
       311   -1.5889301937e+01    2.5313809506e+02   -2.7634802581e+01    1.1745500645e+01    1.0312667842e+01   -3.9863405253e+01    1.9159348297e+00    6.6277000000e+04    1.5177921355e-01    9.9687702732e-01
       312   -1.5895365906e+01    2.5329420625e+02   -2.7552971170e+01    1.1657605264e+01    1.0288417060e+01   -3.9830944787e+01    1.9895565569e+00    6.5991000000e+04    1.5450328266e-01    9.9709949709e-01
       313   -1.5897499343e+01    2.5346333363e+02   -2.7452239062e+01    1.1554739719e+01    1.0304693221e+01   -3.9843876266e+01    2.0869439835e+00    6.5525000000e+04    1.5149010855e-01    9.9668462096e-01
       314   -1.5899160297e+01    2.5347225447e+02   -2.7573061261e+01    1.1673900965e+01    1.0294752818e+01   -3.9961859977e+01    2.0940458980e+00    6.4585000000e+04    1.5440485711e-01    9.9685209610e-01
       315   -1.5892651951e+01    2.5326140040e+02   -2.7625382131e+01    1.1732730180e+01    1.0330593146e+01   -3.9956736357e+01    2.0007610804e+00    6.5141000000e+04    1.5439500719e-01    9.9662396531e-01
       316   -1.5897224247e+01    2.5340581855e+02   -2.7792366150e+01    1.1895141903e+01    1.0307177945e+01   -4.0152203493e+01    2.0526593986e+00    6.5119000000e+04    1.5298000508e-01    9.9691511565e-01
       317   -1.5888117903e+01    2.5315146466e+02   -2.7756399925e+01    1.1868282022e+01    1.0376565106e+01   -4.0263653128e+01    2.1306880970e+00    6.5173000000e+04    1.5359633629e-01    9.9692352812e-01
       318   -1.5881985286e+01    2.5290656177e+02   -2.7689113433e+01    1.1807128147e+01    1.0339974860e+01   -4.0119704254e+01    2.0906159612e+00    6.5073000000e+04    1.5527053031e-01    9.9693580822e-01
       319   -1.5895566271e+01    2.5332530049e+02   -2.7439061445e+01    1.1543495173e+01    1.0266034491e+01   -3.9776405646e+01    2.0713097105e+00    6.5046000000e+04    1.5388711277e-01    9.9699297923e-01
       320   -1.5901789583e+01    2.5356756560e+02   -2.7561226679e+01    1.1659437096e+01    1.0261760327e+01   -3.9957562260e+01    2.1345752545e+00    6.5320000000e+04    1.5683709035e-01    9.9709129110e-01
       321   -1.5898739083e+01    2.5343079649e+02   -2.7286834745e+01    1.1388095661e+01    1.0265864650e+01   -3.9547523346e+01    1.9948239506e+00    6.4990000000e+04    1.5860554590e-01    9.9701248765e-01
       322   -1.5897512747e+01    2.5341720067e+02   -2.7244609982e+01    1.1347097235e+01    1.0253342855e+01   -3.9579035143e+01    2.0810823054e+00    6.5328000000e+04    1.6038184637e-01    9.9691190858e-01
       323   -1.5892801622e+01    2.5324753266e+02   -2.7460663458e+01    1.1567861836e+01    1.0286616062e+01   -3.9811257413e+01    2.0639778933e+00    6.5084000000e+04    1.5542543641e-01    9.9686675793e-01
       324   -1.5903440125e+01    2.5359320887e+02   -2.7459557893e+01    1.1556117768e+01    1.0238332542e+01   -3.9736209248e+01    2.0383188132e+00    6.5253000000e+04    1.5713439199e-01    9.9715114120e-01
       325   -1.5892097762e+01    2.5325873012e+02   -2.7400964589e+01    1.1508866828e+01    1.0236274011e+01   -3.9657317076e+01    2.0200784763e+00    6.4941000000e+04    1.5307871461e-01    9.9674685454e-01
       326   -1.5914496874e+01    2.5404355739e+02   -2.7601074987e+01    1.1686578113e+01    1.0302635705e+01   -4.0083598887e+01    2.1798881948e+00    6.4812000000e+04    1.5050020633e-01    9.9689611796e-01
       327   -1.5894552490e+01    2.5343844162e+02   -2.7631866933e+01    1.1737314443e+01    1.0316892094e+01   -4.0068393179e+01    2.1196341530e+00    6.4918000000e+04    1.5074028242e-01    9.9685166066e-01
       328   -1.5882699491e+01    2.5290078039e+02   -2.7624732765e+01    1.1742033274e+01    1.0336872099e+01   -3.9968799938e+01    2.0071950740e+00    6.5021000000e+04    1.5212236738e-01    9.9692002119e-01
       329   -1.5881728668e+01    2.5289800378e+02   -2.7816676283e+01    1.1934947615e+01    1.0361484427e+01   -4.0225854852e+01    2.0476941418e+00    6.4758000000e+04    1.5208370777e-01    9.9698223031e-01
       330   -1.5901895013e+01    2.5354352405e+02   -2.7674836432e+01    1.1772941419e+01    1.0403840057e+01   -4.0283118088e+01    2.2044415996e+00    6.4750000000e+04    1.5267159910e-01    9.9690309406e-01
       331   -1.5910092153e+01    2.5381281899e+02   -2.7626050618e+01    1.1715958465e+01    1.0359926041e+01   -4.0132582004e+01    2.1466053450e+00    6.5319000000e+04    1.5315951738e-01    9.9691853868e-01
       332   -1.5903485012e+01    2.5361591727e+02   -2.7658583086e+01    1.1755098073e+01    1.0315655018e+01   -4.0078223337e+01    2.1039852332e+00    6.5772000000e+04    1.5262741039e-01    9.9667952881e-01
       333   -1.5903083130e+01    2.5354473646e+02   -2.7300828588e+01    1.1397745457e+01    1.0231780870e+01   -3.9604134587e+01    2.0715251292e+00    6.6046000000e+04    1.5103959324e-01    9.9704092585e-01
       334   -1.5909071925e+01    2.5381828594e+02   -2.7661483125e+01    1.1752411200e+01    1.0296446483e+01   -4.0070926354e+01    2.1129967463e+00    6.6263000000e+04    1.5580244348e-01    9.9698075781e-01
       335   -1.5889229406e+01    2.5313914821e+02   -2.7785132828e+01    1.1895903421e+01    1.0351987085e+01   -4.0260795321e+01    2.1236754085e+00    6.6596000000e+04    1.5886376430e-01    9.9696956886e-01
       336   -1.5900931670e+01    2.5358789912e+02   -2.7911420787e+01    1.2010489117e+01    1.0365039578e+01   -4.0402352710e+01    2.1258923443e+00    6.6551000000e+04    1.5821342332e-01    9.9652899952e-01
       337   -1.5900219474e+01    2.5351050604e+02   -2.7556778894e+01    1.1656559420e+01    1.0320342489e+01   -4.0050831915e+01    2.1737105319e+00    6.6061000000e+04    1.5824999156e-01    9.9696261255e-01
       338   -1.5904627002e+01    2.5364654289e+02   -2.7599087713e+01    1.1694460711e+01    1.0291334909e+01   -3.9900140468e+01    2.0097178454e+00    6.5888000000e+04    1.5222368832e-01    9.9694531497e-01
       339   -1.5889053220e+01    2.5311388685e+02   -2.7587696581e+01    1.1698643361e+01    1.0288457341e+01   -3.9933000676e+01    2.0568467540e+00    6.5901000000e+04    1.5126367621e-01    9.9700069735e-01
       340   -1.5896873134e+01    2.5420324314e+02   -2.7860720420e+01    1.1963847287e+01    1.0346981006e+01   -4.0219265049e+01    2.0115636227e+00    6.5921000000e+04    1.5158829035e-01    9.9674408787e-01
       341   -1.5896741329e+01    2.5344311232e+02   -2.7830256319e+01    1.1933514991e+01    1.0301952273e+01   -4.0205893431e+01    2.0736848390e+00    6.5823000000e+04    1.5268247234e-01    9.9694159256e-01
       342   -1.5893520639e+01    2.5330741385e+02   -2.7767995707e+01    1.1874475068e+01    1.0295941068e+01   -4.0222776047e+01    2.1588392727e+00    6.5880000000e+04    1.5400997348e-01    9.9684781119e-01
       343   -1.5887169700e+01    2.5308613624e+02   -2.7589784059e+01    1.1702614359e+01    1.0266432315e+01   -3.9921820531e+01    2.0656041574e+00    6.5331000000e+04    1.5522203336e-01    9.9696959969e-01
       344   -1.5894809660e+01    2.5332849918e+02   -2.7582579665e+01    1.1687770005e+01    1.0269344616e+01   -3.9960306841e+01    2.1083825596e+00    6.5418000000e+04    1.5476172973e-01    9.9692406986e-01
       345   -1.5894229888e+01    2.5329609087e+02   -2.7422061885e+01    1.1527831997e+01    1.0222642688e+01   -3.9778152987e+01    2.1334484141e+00    6.5590000000e+04    1.5183275539e-01    9.9698944142e-01
       346   -1.5902589639e+01    2.5358025874e+02   -2.7493824726e+01    1.1591235087e+01    1.0240647231e+01   -3.9846953367e+01    2.1124814098e+00    6.5436000000e+04    1.5102064809e-01    9.9697895432e-01
       347   -1.5885727970e+01    2.5306318887e+02   -2.7601896297e+01    1.1716168328e+01    1.0254927829e+01   -3.9954068893e+01    2.0972447670e+00    6.6079000000e+04    1.5410072984e-01    9.9701531030e-01
       348   -1.5887277912e+01    2.5308971374e+02   -2.7620500102e+01    1.1733222191e+01    1.0261141238e+01   -3.9933839261e+01    2.0521979200e+00    6.6078000000e+04    1.5144594406e-01    9.9695843602e-01
       349   -1.5888888125e+01    2.5317559477e+02   -2.7695801245e+01    1.1806913119e+01    1.0297174114e+01   -4.0118628892e+01    2.1256535339e+00    6.6379000000e+04    1.5250858672e-01    9.9679848496e-01
       350   -1.5890462302e+01    2.5320310348e+02   -2.7771743489e+01    1.1881281187e+01    1.0317158352e+01   -4.0201864261e+01    2.1129624196e+00    6.6425000000e+04    1.5868346063e-01    9.9683518046e-01
       351   -1.5893404903e+01    2.5326291782e+02   -2.7784532400e+01    1.1891127497e+01    1.0315936093e+01   -4.0197835431e+01    2.0973669384e+00    6.6438000000e+04    1.5712431793e-01    9.9672336786e-01
       352   -1.5885267555e+01    2.5302439265e+02   -2.7910783374e+01    1.2025515818e+01    1.0296858680e+01   -4.0275121896e+01    2.0674798427e+00    6.6228000000e+04    1.5737387641e-01    9.9677470225e-01
       353   -1.5880862615e+01    2.5287957398e+02   -2.7702422863e+01    1.1821560248e+01    1.0350542053e+01   -4.0202803096e+01    2.1498381796e+00    6.5344000000e+04    1.5286830148e-01    9.9678694737e-01
       354   -1.5879156762e+01    2.5285011227e+02   -2.7725930952e+01    1.1846774191e+01    1.0363048863e+01   -4.0232725311e+01    2.1437454956e+00    6.4787000000e+04    1.5015204176e-01    9.9681064960e-01
       355   -1.5893913096e+01    2.5332711256e+02   -2.7868002914e+01    1.1974089818e+01    1.0421911682e+01   -4.0494577557e+01    2.2046629618e+00    6.4579000000e+04    1.5495643645e-01    9.9677354625e-01
       356   -1.5894485686e+01    2.5333421748e+02   -2.7834581693e+01    1.1940096006e+01    1.0437000809e+01   -4.0438856270e+01    2.1672737684e+00    6.4824000000e+04    1.5341678016e-01    9.9687052133e-01
       357   -1.5903397686e+01    2.5361208575e+02   -2.7823543078e+01    1.1920145392e+01    1.0417123781e+01   -4.0427045888e+01    2.1863790283e+00    6.5284000000e+04    1.5282875898e-01    9.9687958048e-01
       358   -1.5884843437e+01    2.5301269778e+02   -2.7560088448e+01    1.1675245011e+01    1.0346352319e+01   -4.0108051041e+01    2.2016102738e+00    6.5082000000e+04    1.5051405301e-01    9.9716337837e-01
       359   -1.5890012863e+01    2.5314641005e+02   -2.7492562974e+01    1.1602550111e+01    1.0298967441e+01   -3.9898417563e+01    2.1068871484e+00    6.5872000000e+04    1.5271972609e-01    9.9696716262e-01
       360   -1.5876372564e+01    2.5274488541e+02   -2.7552053404e+01    1.1675680839e+01    1.0347756082e+01   -4.0047729141e+01    2.1479196560e+00    6.6536000000e+04    1.5634552723e-01    9.9699395975e-01
       361   -1.5886628573e+01    2.5305394667e+02   -2.7735111272e+01    1.1848482699e+01    1.0310905229e+01   -4.0108141460e+01    2.0621249592e+00    6.6243000000e+04    1.5172689336e-01    9.9711738604e-01
       362   -1.5879755630e+01    2.5288230049e+02   -2.7769813928e+01    1.1890058298e+01    1.0254897142e+01   -3.9948586079e+01    1.9238750090e+00    6.5886000000e+04    1.5332642551e-01    9.9686267573e-01
       363   -1.5889677370e+01    2.5315357705e+02   -2.7463546420e+01    1.1573869050e+01    1.0251379322e+01   -3.9762298493e+01    2.0473727511e+00    6.5532000000e+04    1.5263414480e-01    9.9696082483e-01
       364   -1.5887277224e+01    2.5307883094e+02   -2.7417499131e+01    1.1530221908e+01    1.0258304082e+01   -3.9686815801e+01    2.0110125875e+00    6.5327000000e+04    1.4943281023e-01    9.9712755218e-01
       365   -1.5891776032e+01    2.5324116227e+02   -2.7639304205e+01    1.1747528174e+01    1.0312375288e+01   -4.0041728278e+01    2.0900487848e+00    6.5494000000e+04    1.5222566742e-01    9.9684681392e-01
       366   -1.5891671206e+01    2.5322259988e+02   -2.7527929602e+01    1.1636258396e+01    1.0304809549e+01   -3.9917724243e+01    2.0849850916e+00    6.5924000000e+04    1.5161930996e-01    9.9711360151e-01
       367   -1.5883688791e+01    2.5292033567e+02   -2.7540956185e+01    1.1657267395e+01    1.0318771258e+01   -3.9878636042e+01    2.0189085983e+00    6.6065000000e+04    1.5113635203e-01    9.9709357219e-01
       368   -1.5898217511e+01    2.5339564092e+02   -2.7588002528e+01    1.1689785018e+01    1.0339408657e+01   -4.0002824061e+01    2.0754128761e+00    6.5591000000e+04    1.5408701703e-01    9.9703553082e-01
       369   -1.5893674846e+01    2.5327473756e+02   -2.7657932812e+01    1.1764257967e+01    1.0400701802e+01   -4.0175634601e+01    2.1169999864e+00    6.5173000000e+04    1.5097627961e-01    9.9695460089e-01
       370   -1.5891454158e+01    2.5330286874e+02   -2.7818337610e+01    1.1926883452e+01    1.0378666148e+01   -4.0307529884e+01    2.1105261262e+00    6.5356000000e+04    1.5464777047e-01    9.9677838724e-01
       371   -1.5899036195e+01    2.5349527812e+02   -2.7701166308e+01    1.1802130113e+01    1.0339239540e+01   -4.0036723223e+01    1.9963173743e+00    6.5405000000e+04    1.5564054574e-01    9.9690439100e-01
       372   -1.5898535607e+01    2.5344783984e+02   -2.7540134466e+01    1.1641598859e+01    1.0263041288e+01   -3.9759151962e+01    1.9559762086e+00    6.4969000000e+04    1.5364140375e-01    9.9700135946e-01
       373   -1.5890121723e+01    2.5321051892e+02   -2.7496424952e+01    1.1606303229e+01    1.0266461827e+01   -3.9730429307e+01    1.9675425278e+00    6.4817000000e+04    1.5234648883e-01    9.9689724018e-01
       374   -1.5888623617e+01    2.5317306770e+02   -2.7610289025e+01    1.1721665408e+01    1.0285633697e+01   -3.9996341523e+01    2.1004188010e+00    6.5006000000e+04    1.5230487676e-01    9.9694633590e-01
       375   -1.5884903123e+01    2.5306368532e+02   -2.7797334846e+01    1.1912431724e+01    1.0370951110e+01   -4.0337377179e+01    2.1690912224e+00    6.5148000000e+04    1.5313605965e-01    9.9683150239e-01
       376   -1.5880003650e+01    2.5286443252e+02   -2.7848312891e+01    1.1968309241e+01    1.0370708811e+01   -4.0386901462e+01    2.1678797595e+00    6.5406000000e+04    1.5360507508e-01    9.9675181582e-01
       377   -1.5901426944e+01    2.5352849842e+02   -2.7630047661e+01    1.1728620716e+01    1.0337069007e+01   -4.0131203252e+01    2.1640865845e+00    6.4445000000e+04    1.5277126613e-01    9.9692060531e-01
       378   -1.5902758330e+01    2.5362664504e+02   -2.7639670798e+01    1.1736912469e+01    1.0275570102e+01   -3.9991483971e+01    2.0762430703e+00    6.4380000000e+04    1.5418694426e-01    9.9695541529e-01
       379   -1.5891045068e+01    2.5322560177e+02   -2.7503485241e+01    1.1612440173e+01    1.0314582623e+01   -3.9880938886e+01    2.0628710216e+00    6.4764000000e+04    1.5407100305e-01    9.9710418836e-01
       380   -1.5889375220e+01    2.5315945706e+02   -2.7495645077e+01    1.1606269856e+01    1.0320257170e+01   -4.0001951714e+01    2.1860494677e+00    6.4636000000e+04    1.5194689711e-01    9.9688354225e-01
       381   -1.5876682710e+01    2.5276324106e+02   -2.7546189280e+01    1.1669506569e+01    1.0313861854e+01   -3.9967390131e+01    2.1073389973e+00    6.4782000000e+04    1.5343676473e-01    9.9700396510e-01
       382   -1.5880260273e+01    2.5289983963e+02   -2.7737944105e+01    1.1857683832e+01    1.0354658411e+01   -4.0130057930e+01    2.0374554144e+00    6.4312000000e+04    1.5111670098e-01    9.9687533902e-01
       383   -1.5889287241e+01    2.5316183980e+02   -2.7772761574e+01    1.1883474333e+01    1.0340861513e+01   -4.0159345616e+01    2.0457225291e+00    6.4217000000e+04    1.5211830250e-01    9.9682601615e-01
       384   -1.5883278959e+01    2.5292995089e+02   -2.7839335312e+01    1.1956056353e+01    1.0355476231e+01   -4.0285382679e+01    2.0905711362e+00    6.4461000000e+04    1.5325835789e-01    9.9679903744e-01
       385   -1.5901778613e+01    2.5357537005e+02   -2.7824845507e+01    1.1923066894e+01    1.0348933515e+01   -4.0241849084e+01    2.0680700619e+00    6.4776000000e+04    1.5404053711e-01    9.9684657151e-01
       386   -1.5905154080e+01    2.5361992583e+02   -2.7583324128e+01    1.1678170048e+01    1.0328567876e+01   -3.9952533545e+01    2.0406415401e+00    6.5014000000e+04    1.5329984582e-01    9.9699458929e-01
       387   -1.5889242729e+01    2.5314582554e+02   -2.7740511486e+01    1.1851268757e+01    1.0352388636e+01   -4.0128406635e+01    2.0355065126e+00    6.5435000000e+04    1.5246012742e-01    9.9694815624e-01
       388   -1.5902253308e+01    2.5357944075e+02   -2.7806667571e+01    1.1904414263e+01    1.0295421593e+01   -4.0217851223e+01    2.1157620586e+00    6.5526000000e+04    1.5740966242e-01    9.9671508758e-01
       389   -1.5891360964e+01    2.5326802853e+02   -2.7717844269e+01    1.1826483305e+01    1.0277528096e+01   -4.0199157947e+01    2.2037855823e+00    6.5907000000e+04    1.5481948027e-01    9.9697918543e-01
       390   -1.5897523554e+01    2.5342505613e+02   -2.7630297604e+01    1.1732774050e+01    1.0252157585e+01   -3.9940358627e+01    2.0579034376e+00    6.5654000000e+04    1.5245271676e-01    9.9715200878e-01
       391   -1.5901679664e+01    2.5349398177e+02   -2.7492676434e+01    1.1590996770e+01    1.0206448988e+01   -3.9663643795e+01    1.9645183738e+00    6.5499000000e+04    1.5279652453e-01    9.9703464776e-01
       392   -1.5901818952e+01    2.5352448311e+02   -2.7498642286e+01    1.1596823333e+01    1.0225422831e+01   -3.9727660652e+01    2.0035955359e+00    6.6331000000e+04    1.6043887848e-01    9.9680521172e-01
       393   -1.5887717972e+01    2.5310907279e+02   -2.7626147907e+01    1.1738429935e+01    1.0263408465e+01   -3.9949902147e+01    2.0603457748e+00    6.6815000000e+04    1.6080143234e-01    9.9695902267e-01
       394   -1.5887197154e+01    2.5308093693e+02   -2.7621816062e+01    1.1734618907e+01    1.0273585195e+01   -3.9970613294e+01    2.0752120374e+00    6.6571000000e+04    1.5788913563e-01    9.9693356514e-01
       395   -1.5903707865e+01    2.5359071334e+02   -2.7569660884e+01    1.1665953018e+01    1.0217092070e+01   -3.9876879683e+01    2.0901267297e+00    6.5913000000e+04    1.5641302086e-01    9.9702158695e-01
       396   -1.5898236818e+01    2.5344660871e+02   -2.7459407662e+01    1.1561170844e+01    1.0195059532e+01   -3.9636044364e+01    1.9815771691e+00    6.6123000000e+04    1.5708428410e-01    9.9701051908e-01
       397   -1.5887848688e+01    2.5312942825e+02   -2.7501662230e+01    1.1613813541e+01    1.0228496848e+01   -3.9707062299e+01    1.9769032207e+00    6.6029000000e+04    1.5305739203e-01    9.9692223081e-01
       398   -1.5906413357e+01    2.5366610812e+02   -2.7389713619e+01    1.1483300263e+01    1.0185331526e+01   -3.9662922533e+01    2.0878773881e+00    6.6370000000e+04    1.5827710086e-01    9.9704351094e-01
       399   -1.5878430855e+01    2.5278803467e+02   -2.7582772190e+01    1.1704341336e+01    1.0246000080e+01   -4.0015284590e+01    2.1865123194e+00    6.6342000000e+04    1.5879777914e-01    9.9707656207e-01
