#   index    LocalEnergy         LocalEnergy_sq      LocalPotential      Kinetic             ElecElec            LocalECP            NonLocalECP         BlockWeight         BlockCPU            AcceptRatio         
         0   -1.5733464323e+01    2.4883636434e+02   -2.6781334119e+01    1.1047869796e+01    1.0187267910e+01   -3.8845698870e+01    1.8770968412e+00    5.1200000000e+02    6.0309983154e-04    4.5052083333e-01
         1   -1.5711577203e+01    2.4810701016e+02   -2.6859731862e+01    1.1148154659e+01    1.0329255353e+01   -3.9299331414e+01    2.1103441980e+00    5.1200000000e+02    6.0289742676e-04    4.5996093750e-01
         2   -1.5715684384e+01    2.4820349388e+02   -2.7301932167e+01    1.1586247783e+01    1.0285614365e+01   -3.9218948010e+01    1.6314014777e+00    5.1200000000e+02    6.0320565918e-04    4.6061197917e-01
         3   -1.5787872381e+01    2.5059584292e+02   -2.6851208771e+01    1.1063336390e+01    1.0119549544e+01   -3.8907755543e+01    1.9369972280e+00    5.1200000000e+02    6.0162689941e-04    4.5605468750e-01
         4   -1.5803110178e+01    2.5097619121e+02   -2.6514226077e+01    1.0711115899e+01    1.0103857537e+01   -3.8760412214e+01    2.1423286007e+00    5.1200000000e+02    6.0934234375e-04    4.5312500000e-01
         5   -1.5748518034e+01    2.4934973598e+02   -2.6864120728e+01    1.1115602694e+01    1.0230008030e+01   -3.8818093270e+01    1.7239645128e+00    5.1200000000e+02    6.0865668823e-04    4.5507812500e-01
         6   -1.5719702136e+01    2.4831689481e+02   -2.6725942461e+01    1.1006240325e+01    1.0223551921e+01   -3.8876966932e+01    1.9274725500e+00    5.1200000000e+02    6.0948915894e-04    4.5572916667e-01
         7   -1.5780508982e+01    2.5009879470e+02   -2.7035041471e+01    1.1254532489e+01    1.0264768272e+01   -3.9029966475e+01    1.7301567313e+00    5.1200000000e+02    6.0941245117e-04    4.4010416667e-01
         8   -1.5780485910e+01    2.5042803848e+02   -2.7072340382e+01    1.1291854472e+01    1.0339081278e+01   -3.8932153680e+01    1.5207320210e+00    5.1200000000e+02    6.0717751343e-04    4.4596354167e-01
         9   -1.5759973365e+01    2.4951219445e+02   -2.6663836468e+01    1.0903863102e+01    1.0244025521e+01   -3.8892338748e+01    1.9844767594e+00    5.1200000000e+02    6.0784071655e-04    4.4433593750e-01
        10   -1.5811551491e+01    2.5110806957e+02   -2.6871602337e+01    1.1060050846e+01    1.0266339738e+01   -3.9060799462e+01    1.9228573871e+00    5.1200000000e+02    6.0774697754e-04    4.5735677083e-01
        11   -1.5846223448e+01    2.5224204121e+02   -2.6839258266e+01    1.0993034818e+01    1.0202958448e+01   -3.9101085748e+01    2.0588690338e+00    5.1200000000e+02    6.0933677246e-04    4.4010416667e-01
        12   -1.5856480020e+01    2.5229163158e+02   -2.6554798198e+01    1.0698318178e+01    1.0124258838e+01   -3.8747933114e+01    2.0688760775e+00    5.1200000000e+02    6.0580433472e-04    4.6158854167e-01
        13   -1.5800230990e+01    2.5067766744e+02   -2.6751436095e+01    1.0951205105e+01    1.0092309242e+01   -3.8535803414e+01    1.6920580774e+00    5.1200000000e+02    6.0247658691e-04    4.6744791667e-01
        14   -1.5727111259e+01    2.4844849481e+02   -2.6373484854e+01    1.0646373596e+01    1.0150035842e+01   -3.8500931348e+01    1.9774106519e+00    5.1200000000e+02    6.0023975098e-04    4.4270833333e-01
        15   -1.5723585754e+01    2.4840701829e+02   -2.6404365030e+01    1.0680779276e+01    1.0143045323e+01   -3.8608090066e+01    2.0606797125e+00    5.1200000000e+02    5.9719972412e-04    4.6549479167e-01
        16   -1.5730025189e+01    2.4867494443e+02   -2.6541903865e+01    1.0811878677e+01    1.0069377207e+01   -3.8407679082e+01    1.7963980094e+00    5.1200000000e+02    5.8773130127e-04    4.4759114583e-01
        17   -1.5751048405e+01    2.4918726563e+02   -2.6600916144e+01    1.0849867739e+01    1.0101267412e+01   -3.8632733829e+01    1.9305502730e+00    5.1200000000e+02    5.9468669556e-04    4.5345052083e-01
        18   -1.5670375239e+01    2.4674363505e+02   -2.6468437250e+01    1.0798062010e+01    1.0241278260e+01   -3.8629756487e+01    1.9200409773e+00    5.1200000000e+02    6.0646790405e-04    4.6386718750e-01
        19   -1.5722866578e+01    2.4854047742e+02   -2.6697319060e+01    1.0974452482e+01    1.0209837836e+01   -3.8902103795e+01    1.9949468990e+00    5.1200000000e+02    6.0109431152e-04    4.4270833333e-01
        20   -1.5666010388e+01    2.4698711462e+02   -2.6970655203e+01    1.1304644815e+01    1.0338362479e+01   -3.9338356236e+01    2.0293385538e+00    5.1200000000e+02    6.0590381348e-04    4.6126302083e-01
        21   -1.5648069374e+01    2.4619614568e+02   -2.6624098916e+01    1.0976029542e+01    1.0417066949e+01   -3.8939819103e+01    1.8986532381e+00    5.1200000000e+02    6.0640415771e-04    4.5377604167e-01
        22   -1.5681558856e+01    2.4710950298e+02   -2.6278504001e+01    1.0596945145e+01    1.0335712262e+01   -3.8671670592e+01    2.0574543289e+00    5.1200000000e+02    6.0409183838e-04    4.4498697917e-01
        23   -1.5720164716e+01    2.4833654454e+02   -2.6541775015e+01    1.0821610299e+01    1.0339380954e+01   -3.8818936616e+01    1.9377806469e+00    5.1200000000e+02    6.0786316895e-04    4.7363281250e-01
        24   -1.5774696838e+01    2.5004823553e+02   -2.6858352839e+01    1.1083656001e+01    1.0313063043e+01   -3.9133674388e+01    1.9622585055e+00    5.1200000000e+02    6.0180202393e-04    4.4856770833e-01
        25   -1.5750134554e+01    2.4921655175e+02   -2.6792589190e+01    1.1042454637e+01    1.0409786157e+01   -3.9056481636e+01    1.8541062881e+00    5.1200000000e+02    6.0554623047e-04    4.5247395833e-01
        26   -1.5727835433e+01    2.4850972805e+02   -2.7073319961e+01    1.1345484528e+01    1.0372396062e+01   -3.9111149676e+01    1.6654336528e+00    5.1200000000e+02    6.0847185303e-04    4.6028645833e-01
        27   -1.5769925131e+01    2.4987497143e+02   -2.6836617157e+01    1.1066692026e+01    1.0317035288e+01   -3.8970640861e+01    1.8169884160e+00    5.1200000000e+02    6.0256854492e-04    4.4075520833e-01
        28   -1.5669602001e+01    2.4689888243e+02   -2.6641622658e+01    1.0972020657e+01    1.0403412233e+01   -3.9052456464e+01    2.0074215723e+00    5.1200000000e+02    6.0172419678e-04    4.5214843750e-01
        29   -1.5638932720e+01    2.4584006057e+02   -2.6796828359e+01    1.1157895639e+01    1.0499861977e+01   -3.9521997851e+01    2.2253075144e+00    5.1200000000e+02    6.1060019287e-04    4.6451822917e-01
        30   -1.5637088107e+01    2.4580839825e+02   -2.6574440361e+01    1.0937352254e+01    1.0314915577e+01   -3.8792636967e+01    1.9032810294e+00    5.1200000000e+02    5.9946797119e-04    4.3391927083e-01
        31   -1.5696073289e+01    2.4758711750e+02   -2.6772159003e+01    1.1076085714e+01    1.0282353121e+01   -3.9066164591e+01    2.0116524672e+00    5.1200000000e+02    6.0403385254e-04    4.5670572917e-01
        32   -1.5722272716e+01    2.4850577568e+02   -2.6750846722e+01    1.1028574006e+01    1.0383985574e+01   -3.9267212703e+01    2.1323804069e+00    5.1200000000e+02    6.0632298828e-04    4.5996093750e-01
        33   -1.5731214850e+01    2.4921649684e+02   -2.6650766688e+01    1.0919551838e+01    1.0309087698e+01   -3.9120697506e+01    2.1608431202e+00    5.1200000000e+02    6.0560170654e-04    4.6419270833e-01
        34   -1.5709504555e+01    2.4801864830e+02   -2.6589742368e+01    1.0880237813e+01    1.0220071118e+01   -3.8885517498e+01    2.0757040124e+00    5.1200000000e+02    6.0274717773e-04    4.5800781250e-01
        35   -1.5727248030e+01    2.4870388384e+02   -2.6809234223e+01    1.1081986193e+01    1.0285973557e+01   -3.9034261567e+01    1.9390537870e+00    5.1200000000e+02    6.0362793457e-04    4.5442708333e-01
        36   -1.5707062456e+01    2.4806070389e+02   -2.7075474048e+01    1.1368411592e+01    1.0323526013e+01   -3.9482210206e+01    2.0832101462e+00    5.1200000000e+02    6.0686215820e-04    4.5247395833e-01
        37   -1.5810714476e+01    2.5136819480e+02   -2.7222067511e+01    1.1411353035e+01    1.0329504826e+01   -3.9440955698e+01    1.8893833616e+00    5.1200000000e+02    6.0711813599e-04    4.5247395833e-01
        38   -1.5824283354e+01    2.5178969861e+02   -2.7399528896e+01    1.1575245542e+01    1.0287790290e+01   -3.9938617904e+01    2.2512987179e+00    5.1200000000e+02    6.0059500488e-04    4.5800781250e-01
        39   -1.5791933697e+01    2.5084994510e+02   -2.7442023460e+01    1.1650089762e+01    1.0376315721e+01   -3.9851696212e+01    2.0333570318e+00    5.1200000000e+02    6.0549077148e-04    4.7753906250e-01
        40   -1.5746817897e+01    2.4936215078e+02   -2.7230171420e+01    1.1483353523e+01    1.0421429288e+01   -3.9902612678e+01    2.2510119703e+00    5.1200000000e+02    6.0507452393e-04    4.5052083333e-01
        41   -1.5735779515e+01    2.4888871839e+02   -2.7203116070e+01    1.1467336555e+01    1.0465072700e+01   -3.9752227298e+01    2.0840385277e+00    5.1200000000e+02    6.1299229248e-04    4.5279947917e-01
        42   -1.5771955335e+01    2.4998344541e+02   -2.6976530679e+01    1.1204575344e+01    1.0320441468e+01   -3.9732937413e+01    2.4359652659e+00    5.1200000000e+02    6.0182516113e-04    4.4986979167e-01
        43   -1.5769012182e+01    2.4996042361e+02   -2.7007495317e+01    1.1238483135e+01    1.0320073068e+01   -3.9552573242e+01    2.2250048564e+00    5.1200000000e+02    6.0536176270e-04    4.5507812500e-01
        44   -1.5812560466e+01    2.5131828843e+02   -2.6998907650e+01    1.1186347184e+01    1.0259230220e+01   -3.9299336675e+01    2.0411988053e+00    5.1200000000e+02    5.9950312500e-04    4.5019531250e-01
        45   -1.5733678709e+01    2.4880180496e+02   -2.6625422346e+01    1.0891743637e+01    1.0287196430e+01   -3.8862333786e+01    1.9497150101e+00    5.1200000000e+02    6.0045757568e-04    4.6223958333e-01
        46   -1.5645252257e+01    2.4610305474e+02   -2.6455140710e+01    1.0809888453e+01    1.0371261544e+01   -3.8822087677e+01    1.9956854232e+00    5.1200000000e+02    5.9713245361e-04    4.5833333333e-01
        47   -1.5697866824e+01    2.4771005254e+02   -2.6980120690e+01    1.1282253866e+01    1.0339677297e+01   -3.9428732148e+01    2.1089341614e+00    5.1200000000e+02    6.0095077026e-04    4.5735677083e-01
        48   -1.5801219631e+01    2.5093384096e+02   -2.7000600246e+01    1.1199380615e+01    1.0311660484e+01   -3.9624248057e+01    2.3119873263e+00    5.1200000000e+02    6.0356768066e-04    4.6289062500e-01
        49   -1.5788142972e+01    2.5039439229e+02   -2.6838673160e+01    1.1050530189e+01    1.0183224668e+01   -3.8883275881e+01    1.8613780533e+00    5.1200000000e+02    6.0277629761e-04    4.5670572917e-01
        50   -1.5746982024e+01    2.4904748836e+02   -2.7042300830e+01    1.1295318806e+01    1.0254773301e+01   -3.8934049576e+01    1.6369754447e+00    5.1200000000e+02    6.0656778564e-04    4.4726562500e-01
        51   -1.5709300170e+01    2.4799010765e+02   -2.7006042170e+01    1.1296742000e+01    1.0263113469e+01   -3.8997605044e+01    1.7284494040e+00    5.1200000000e+02    6.0654698730e-04    4.6712239583e-01
        52   -1.5750166268e+01    2.4928742157e+02   -2.7077274672e+01    1.1327108405e+01    1.0335858202e+01   -3.9452293505e+01    2.0391606311e+00    5.1200000000e+02    6.0236501099e-04    4.5865885417e-01
        53   -1.5745683015e+01    2.4928143217e+02   -2.7250217539e+01    1.1504534524e+01    1.0382053742e+01   -3.9898069160e+01    2.2657978792e+00    5.1200000000e+02    6.0683858398e-04    4.3652343750e-01
        54   -1.5818206363e+01    2.5147638036e+02   -2.7303024976e+01    1.1484818613e+01    1.0384345897e+01   -3.9930487468e+01    2.2431165952e+00    5.1200000000e+02    6.0881455688e-04    4.5182291667e-01
        55   -1.5738246694e+01    2.4887809027e+02   -2.7140111788e+01    1.1401865094e+01    1.0409393553e+01   -3.9661586703e+01    2.1120813623e+00    5.1200000000e+02    6.1000776855e-04    4.4075520833e-01
        56   -1.5722127750e+01    2.4856399284e+02   -2.7235787362e+01    1.1513659612e+01    1.0403016530e+01   -3.9727497621e+01    2.0886937296e+00    5.1200000000e+02    6.0729072021e-04    4.4042968750e-01
        57   -1.5803794560e+01    2.5103423025e+02   -2.7596720579e+01    1.1792926019e+01    1.0539286335e+01   -4.0193687721e+01    2.0576808077e+00    5.1200000000e+02    6.1840708496e-04    4.6256510417e-01
        58   -1.5777663299e+01    2.5008548083e+02   -2.7311343374e+01    1.1533680075e+01    1.0545046753e+01   -3.9943798184e+01    2.0874080576e+00    5.1200000000e+02    6.1388603271e-04    4.4108072917e-01
        59   -1.5677991187e+01    2.4716911082e+02   -2.7311274343e+01    1.1633283156e+01    1.0587168856e+01   -4.0205802967e+01    2.3073597674e+00    5.1200000000e+02    6.1266118408e-04    4.6451822917e-01
        60   -1.5775017049e+01    2.5018908006e+02   -2.8092581876e+01    1.2317564827e+01    1.0583836690e+01   -4.1065524478e+01    2.3891059121e+00    5.1200000000e+02    6.1267918945e-04    4.5703125000e-01
        61   -1.5802927394e+01    2.5107961924e+02   -2.7823815685e+01    1.2020888291e+01    1.0559618709e+01   -4.0999076022e+01    2.6156416278e+00    5.1200000000e+02    6.1762949707e-04    4.6061197917e-01
        62   -1.5783111588e+01    2.5040275648e+02   -2.7763300778e+01    1.1980189190e+01    1.0405276871e+01   -4.0418324629e+01    2.2497469805e+00    5.1200000000e+02    6.0691677734e-04    4.3684895833e-01
        63   -1.5768520569e+01    2.4991794802e+02   -2.7789607898e+01    1.2021087329e+01    1.0463748028e+01   -4.0511803112e+01    2.2584471859e+00    5.1200000000e+02    6.0777255737e-04    4.4238281250e-01
        64   -1.5775975368e+01    2.5029594334e+02   -2.7500793534e+01    1.1724818166e+01    1.0369450546e+01   -4.0056513280e+01    2.1862691993e+00    5.1200000000e+02    6.1057054443e-04    4.4889322917e-01
        65   -1.5748278342e+01    2.4932802304e+02   -2.7317356533e+01    1.1569078190e+01    1.0538365466e+01   -3.9982411246e+01    2.1266892480e+00    5.1200000000e+02    6.1030592651e-04    4.4238281250e-01
        66   -1.5749092780e+01    2.4928813260e+02   -2.6954605365e+01    1.1205512586e+01    1.0487952295e+01   -3.9995229263e+01    2.5526716022e+00    5.1200000000e+02    6.1345596436e-04    4.4726562500e-01
        67   -1.5742961599e+01    2.4919085228e+02   -2.7199927198e+01    1.1456965598e+01    1.0563526410e+01   -4.0237398218e+01    2.4739446102e+00    5.1200000000e+02    6.1330623047e-04    4.5019531250e-01
        68   -1.5795964347e+01    2.5085227806e+02   -2.7570029975e+01    1.1774065629e+01    1.0470065373e+01   -4.0357473864e+01    2.3173785157e+00    5.1200000000e+02    6.1206424072e-04    4.4694010417e-01
        69   -1.5847515087e+01    2.5243156344e+02   -2.7916056122e+01    1.2068541035e+01    1.0524054419e+01   -4.0571950226e+01    2.1318396856e+00    5.1200000000e+02    6.1585783569e-04    4.5084635417e-01
        70   -1.5777898421e+01    2.5015649136e+02   -2.7899015536e+01    1.2121117115e+01    1.0471714698e+01   -4.0418513966e+01    2.0477837326e+00    5.1200000000e+02    6.1421176025e-04    4.5507812500e-01
        71   -1.5843388508e+01    2.5213646186e+02   -2.7500365506e+01    1.1656976998e+01    1.0468015451e+01   -4.0226992157e+01    2.2586111996e+00    5.1200000000e+02    6.1198472534e-04    4.4466145833e-01
        72   -1.5874629099e+01    2.5322434592e+02   -2.7808083205e+01    1.1933454106e+01    1.0451374304e+01   -4.0383634526e+01    2.1241770167e+00    5.1200000000e+02    6.2063026855e-04    4.5768229167e-01
        73   -1.5780641000e+01    2.5027404828e+02   -2.7308560946e+01    1.1527919946e+01    1.0423212991e+01   -3.9679581187e+01    1.9478072495e+00    5.1200000000e+02    6.1191462158e-04    4.4205729167e-01
        74   -1.5708204499e+01    2.4789325158e+02   -2.7108954486e+01    1.1400749987e+01    1.0475061762e+01   -3.9817245880e+01    2.2332296318e+00    5.1200000000e+02    6.0973566284e-04    4.4921875000e-01
        75   -1.5816615189e+01    2.5137594387e+02   -2.7676051850e+01    1.1859436662e+01    1.0451646069e+01   -4.0178232641e+01    2.0505347219e+00    5.1200000000e+02    6.1328527222e-04    4.4856770833e-01
        76   -1.5774691145e+01    2.5003227392e+02   -2.7409469850e+01    1.1634778704e+01    1.0516060448e+01   -4.0196190823e+01    2.2706605255e+00    5.1200000000e+02    6.1176577026e-04    4.5410156250e-01
        77   -1.5700223512e+01    2.4780256318e+02   -2.7529487065e+01    1.1829263554e+01    1.0614149246e+01   -4.0329106305e+01    2.1854699944e+00    5.1200000000e+02    6.1747126709e-04    4.5670572917e-01
        78   -1.5633573414e+01    2.4584966026e+02   -2.7118812041e+01    1.1485238627e+01    1.0599293462e+01   -3.9905672869e+01    2.1875673659e+00    5.1200000000e+02    6.1325579468e-04    4.5019531250e-01
        79   -1.5640516867e+01    2.4578072790e+02   -2.7146192444e+01    1.1505675577e+01    1.0576147746e+01   -3.9678374178e+01    1.9560339881e+00    5.1200000000e+02    6.1162895020e-04    4.3261718750e-01
        80   -1.5666441001e+01    2.4673753195e+02   -2.7728743275e+01    1.2062302274e+01    1.0608920997e+01   -4.0259366635e+01    1.9217023626e+00    5.1200000000e+02    6.1827939941e-04    4.5735677083e-01
        81   -1.5723279722e+01    2.4861331908e+02   -2.7500195210e+01    1.1776915487e+01    1.0502642344e+01   -3.9844181198e+01    1.8413436444e+00    5.1200000000e+02    6.1474887451e-04    4.4303385417e-01
        82   -1.5732024299e+01    2.4875403376e+02   -2.6981375183e+01    1.1249350884e+01    1.0457505681e+01   -3.9500751606e+01    2.0618707428e+00    5.1200000000e+02    6.1196107788e-04    4.6191406250e-01
        83   -1.5719973141e+01    2.4876681868e+02   -2.6855290130e+01    1.1135316990e+01    1.0382239203e+01   -3.9506066793e+01    2.2685374595e+00    5.1200000000e+02    6.1277880981e-04    4.6126302083e-01
        84   -1.5742204754e+01    2.4911587423e+02   -2.7443389077e+01    1.1701184322e+01    1.0439935174e+01   -4.0087650579e+01    2.2043263292e+00    5.1200000000e+02    6.0923396240e-04    4.4694010417e-01
        85   -1.5784982666e+01    2.5028415767e+02   -2.7452974489e+01    1.1667991823e+01    1.0472204981e+01   -3.9749529156e+01    1.8243496856e+00    5.1200000000e+02    6.1251837769e-04    4.4921875000e-01
        86   -1.5766124780e+01    2.4963794533e+02   -2.7321930309e+01    1.1555805529e+01    1.0524246477e+01   -3.9978340641e+01    2.1321638549e+00    5.1200000000e+02    6.1486429077e-04    4.5149739583e-01
        87   -1.5767104941e+01    2.4968283484e+02   -2.7934025920e+01    1.2166920980e+01    1.0568600245e+01   -4.0412424963e+01    1.9097987980e+00    5.1200000000e+02    6.2305087402e-04    4.4401041667e-01
        88   -1.5745142275e+01    2.4934848441e+02   -2.7208029416e+01    1.1462887141e+01    1.0532871006e+01   -4.0057700412e+01    2.3167999906e+00    5.1200000000e+02    6.1345081299e-04    4.5019531250e-01
        89   -1.5670268051e+01    2.4723735902e+02   -2.7846639050e+01    1.2176370999e+01    1.0623711341e+01   -4.0111928603e+01    1.6415782131e+00    5.1200000000e+02    6.1116040771e-04    4.5279947917e-01
        90   -1.5737586971e+01    2.4915283845e+02   -2.7370434357e+01    1.1632847386e+01    1.0502924540e+01   -4.0147739145e+01    2.2743802475e+00    5.1200000000e+02    6.1173435181e-04    4.5507812500e-01
        91   -1.5696347998e+01    2.4761717041e+02   -2.7614609191e+01    1.1918261193e+01    1.0590759022e+01   -4.0142483802e+01    1.9371155891e+00    5.1200000000e+02    6.1332585449e-04    4.6419270833e-01
        92   -1.5714497668e+01    2.4829259598e+02   -2.7250227872e+01    1.1535730204e+01    1.0635320239e+01   -4.0224291031e+01    2.3387429196e+00    5.1200000000e+02    6.0666814819e-04    4.4303385417e-01
        93   -1.5692536309e+01    2.4775997146e+02   -2.7519012959e+01    1.1826476650e+01    1.0648587671e+01   -4.0157638602e+01    1.9900379729e+00    5.1200000000e+02    6.1067072266e-04    4.5019531250e-01
        94   -1.5658039118e+01    2.4650910252e+02   -2.7365091561e+01    1.1707052444e+01    1.0662680789e+01   -4.0312770768e+01    2.2849984180e+00    5.1200000000e+02    6.1090066406e-04    4.5345052083e-01
        95   -1.5694465016e+01    2.4748212383e+02   -2.7479445289e+01    1.1784980273e+01    1.0622931929e+01   -4.0576472149e+01    2.4740949315e+00    5.1200000000e+02    6.1317127441e-04    4.5930989583e-01
        96   -1.5742733003e+01    2.4908894953e+02   -2.7320874840e+01    1.1578141838e+01    1.0536205001e+01   -4.0125195132e+01    2.2681152910e+00    5.1200000000e+02    6.0681848755e-04    4.3750000000e-01
        97   -1.5723759637e+01    2.4833407691e+02   -2.7440441382e+01    1.1716681744e+01    1.0572882675e+01   -3.9897057506e+01    1.8837334494e+00    5.1200000000e+02    6.1039549438e-04    4.6419270833e-01
        98   -1.5742425549e+01    2.4894582392e+02   -2.7162587057e+01    1.1420161508e+01    1.0615844916e+01   -3.9892336922e+01    2.1139049488e+00    5.1200000000e+02    6.1139514648e-04    4.6028645833e-01
        99   -1.5710876784e+01    2.4826329476e+02   -2.7637737572e+01    1.1926860788e+01    1.0582663151e+01   -4.0315896654e+01    2.0954959307e+00    5.1200000000e+02    6.1114078613e-04    4.5898437500e-01
       100   -1.5750261371e+01    2.4955346556e+02   -2.7382375522e+01    1.1632114152e+01    1.0471023193e+01   -4.0077732497e+01    2.2243337815e+00    5.1200000000e+02    6.0699709473e-04    4.5377604167e-01
       101   -1.5777362898e+01    2.5033875161e+02   -2.7226411267e+01    1.1449048369e+01    1.0405601622e+01   -3.9848185137e+01    2.2161722482e+00    5.1200000000e+02    6.0735769043e-04    4.6256510417e-01
       102   -1.5818399274e+01    2.5149203094e+02   -2.7361255625e+01    1.1542856351e+01    1.0327925455e+01   -3.9907761373e+01    2.2185802931e+00    5.1200000000e+02    6.1199215332e-04    4.5670572917e-01
       103   -1.5805845824e+01    2.5136678635e+02   -2.7528506801e+01    1.1722660976e+01    1.0400141166e+01   -3.9685947261e+01    1.7572992942e+00    5.1200000000e+02    6.1258589111e-04    4.4824218750e-01
       104   -1.5792735470e+01    2.5048779852e+02   -2.7130361160e+01    1.1337625690e+01    1.0370551039e+01   -3.9626618095e+01    2.1257058961e+00    5.1200000000e+02    6.1403648560e-04    4.4791666667e-01
       105   -1.5770271256e+01    2.4978965171e+02   -2.7464173545e+01    1.1693902289e+01    1.0564669418e+01   -4.0296740157e+01    2.2678971947e+00    5.1200000000e+02    6.1273790771e-04    4.5833333333e-01
       106   -1.5736929036e+01    2.4898484770e+02   -2.7763153978e+01    1.2026224942e+01    1.0676157257e+01   -4.0587396343e+01    2.1480851084e+00    5.1200000000e+02    6.1252272949e-04    4.6582031250e-01
       107   -1.5700469153e+01    2.4790441500e+02   -2.7522753040e+01    1.1822283887e+01    1.0704380761e+01   -4.0566134073e+01    2.3390002716e+00    5.1200000000e+02    6.1555188354e-04    4.5182291667e-01
       108   -1.5738117951e+01    2.4895356814e+02   -2.7206336948e+01    1.1468218997e+01    1.0529359193e+01   -3.9971461149e+01    2.2357650085e+00    5.1200000000e+02    6.1108741943e-04    4.5638020833e-01
       109   -1.5746860949e+01    2.4908899750e+02   -2.7049091454e+01    1.1302230505e+01    1.0474234785e+01   -3.9427046873e+01    1.9037206337e+00    5.1200000000e+02    6.0800703491e-04    4.4694010417e-01
       110   -1.5732382525e+01    2.4865781428e+02   -2.7326467610e+01    1.1594085085e+01    1.0588232444e+01   -4.0129526296e+01    2.2148262419e+00    5.1200000000e+02    6.2222049072e-04    4.5833333333e-01
       111   -1.5663097338e+01    2.4661257049e+02   -2.7417171298e+01    1.1754073960e+01    1.0577330446e+01   -4.0038311551e+01    2.0438098057e+00    5.1200000000e+02    6.0901847412e-04    4.3196614583e-01
       112   -1.5783582444e+01    2.5025818115e+02   -2.7059287665e+01    1.1275705221e+01    1.0452520844e+01   -3.9715718840e+01    2.2039103302e+00    5.1200000000e+02    6.1319924561e-04    4.5703125000e-01
       113   -1.5726207436e+01    2.4841751370e+02   -2.7177238130e+01    1.1451030694e+01    1.0693679604e+01   -4.0016892086e+01    2.1459743519e+00    5.1200000000e+02    6.1446305176e-04    4.4986979167e-01
       114   -1.5763306183e+01    2.4945088922e+02   -2.7074317333e+01    1.1311011150e+01    1.0583620339e+01   -3.9400304947e+01    1.7423672750e+00    5.1200000000e+02    6.1295926392e-04    4.5638020833e-01
       115   -1.5726865138e+01    2.4847781654e+02   -2.6760637684e+01    1.1033772545e+01    1.0519769294e+01   -3.8914342500e+01    1.6339355223e+00    5.1200000000e+02    6.1102198730e-04    4.4270833333e-01
       116   -1.5768469176e+01    2.4974383349e+02   -2.7187962705e+01    1.1419493528e+01    1.0483465551e+01   -3.9714725218e+01    2.0432969624e+00    5.1200000000e+02    6.0844136230e-04    4.4335937500e-01
       117   -1.5783851390e+01    2.5023286970e+02   -2.6998099840e+01    1.1214248450e+01    1.0444989864e+01   -3.9522497692e+01    2.0794079891e+00    5.1200000000e+02    6.1221904785e-04    4.4433593750e-01
       118   -1.5784308055e+01    2.5179885203e+02   -2.7180296409e+01    1.1395988354e+01    1.0551317061e+01   -3.9545993657e+01    1.8143801872e+00    5.1200000000e+02    6.1801047852e-04    4.3977864583e-01
       119   -1.5795239828e+01    2.5072719145e+02   -2.7276127054e+01    1.1480887225e+01    1.0497031803e+01   -3.9838343715e+01    2.0651848583e+00    5.1200000000e+02    6.1542975220e-04    4.5084635417e-01
       120   -1.5725940587e+01    2.4865504724e+02   -2.7313449871e+01    1.1587509284e+01    1.0552864518e+01   -4.0009174584e+01    2.1428601951e+00    5.1200000000e+02    6.1431000000e-04    4.5540364583e-01
       121   -1.5837273092e+01    2.5252831805e+02   -2.7529928383e+01    1.1692655291e+01    1.0601135448e+01   -4.0130310076e+01    1.9992462448e+00    5.1200000000e+02    6.1248683350e-04    4.5084635417e-01
       122   -1.5820710431e+01    2.5152332611e+02   -2.7495761163e+01    1.1675050731e+01    1.0549984042e+01   -3.9824854202e+01    1.7791089983e+00    5.1200000000e+02    6.1055915649e-04    4.4531250000e-01
       123   -1.5784501289e+01    2.5045401046e+02   -2.7315113709e+01    1.1530612421e+01    1.0543620601e+01   -3.9656814175e+01    1.7980798638e+00    5.1200000000e+02    6.1203842285e-04    4.4270833333e-01
       124   -1.5737301755e+01    2.4896104478e+02   -2.7273237288e+01    1.1535935533e+01    1.0538196522e+01   -3.9573425092e+01    1.7619912832e+00    5.1200000000e+02    6.1237532715e-04    4.4140625000e-01
       125   -1.5709859958e+01    2.4799405553e+02   -2.7071245607e+01    1.1361385649e+01    1.0537610030e+01   -3.9366697217e+01    1.7578415799e+00    5.1200000000e+02    6.1236920044e-04    4.5833333333e-01
       126   -1.5648674942e+01    2.4607731339e+02   -2.7100701186e+01    1.1452026243e+01    1.0509428633e+01   -3.9692256824e+01    2.0821270061e+00    5.1200000000e+02    6.1004244629e-04    4.6061197917e-01
       127   -1.5690142175e+01    2.4754183664e+02   -2.6970465927e+01    1.1280323752e+01    1.0538079788e+01   -3.9343366816e+01    1.8348211015e+00    5.1200000000e+02    6.1039964600e-04    4.4661458333e-01
       128   -1.5727616999e+01    2.4850335612e+02   -2.6768930677e+01    1.1041313679e+01    1.0470643564e+01   -3.9032834524e+01    1.7932602819e+00    5.1200000000e+02    6.1278313110e-04    4.6028645833e-01
       129   -1.5679848257e+01    2.4711316784e+02   -2.7017717197e+01    1.1337868940e+01    1.0654417057e+01   -3.9648172093e+01    1.9760378388e+00    5.1200000000e+02    6.1470604248e-04    4.5312500000e-01
       130   -1.5652138794e+01    2.4619237916e+02   -2.7139994699e+01    1.1487855905e+01    1.0658724357e+01   -3.9976910581e+01    2.1781915249e+00    5.1200000000e+02    6.0904902466e-04    4.3815104167e-01
       131   -1.5730433104e+01    2.4880427388e+02   -2.7373534839e+01    1.1643101735e+01    1.0626752048e+01   -4.0318443772e+01    2.3181568850e+00    5.1200000000e+02    6.0941772583e-04    4.4433593750e-01
       132   -1.5709107798e+01    2.4811394688e+02   -2.7542457231e+01    1.1833349433e+01    1.0559553460e+01   -4.0105556922e+01    2.0035462298e+00    5.1200000000e+02    6.0717799194e-04    4.3782552083e-01
       133   -1.5736649353e+01    2.4877716415e+02   -2.7016248438e+01    1.1279599085e+01    1.0585446874e+01   -3.9553682970e+01    1.9519876585e+00    5.1200000000e+02    6.1897988037e-04    4.4010416667e-01
       134   -1.5707639039e+01    2.4803055492e+02   -2.7138304939e+01    1.1430665900e+01    1.0610032058e+01   -3.9786267200e+01    2.0379302021e+00    5.1200000000e+02    6.1158162720e-04    4.4335937500e-01
       135   -1.5812700326e+01    2.5146009556e+02   -2.7359679383e+01    1.1546979057e+01    1.0517435459e+01   -3.9761454134e+01    1.8843392917e+00    5.1200000000e+02    6.1083245605e-04    4.2936197917e-01
       136   -1.5764489812e+01    2.4991082809e+02   -2.6868332602e+01    1.1103842789e+01    1.0555825465e+01   -3.9382808659e+01    1.9586505917e+00    5.1200000000e+02    6.1296267822e-04    4.5247395833e-01
       137   -1.5752848866e+01    2.4933752850e+02   -2.7067918681e+01    1.1315069815e+01    1.0444586276e+01   -3.9346244490e+01    1.8337395333e+00    5.1200000000e+02    6.1336474854e-04    4.5865885417e-01
       138   -1.5711389423e+01    2.4828790721e+02   -2.7295441463e+01    1.1584052040e+01    1.0458262502e+01   -3.9541683833e+01    1.7879798690e+00    5.1200000000e+02    6.1099320435e-04    4.5377604167e-01
       139   -1.5710760547e+01    2.4806550839e+02   -2.7201229671e+01    1.1490469124e+01    1.0472037052e+01   -3.9827131048e+01    2.1538643251e+00    5.1200000000e+02    6.1448372314e-04    4.5149739583e-01
       140   -1.5662388668e+01    2.4653236859e+02   -2.6981866856e+01    1.1319478188e+01    1.0525316225e+01   -3.9636571851e+01    2.1293887705e+00    5.1200000000e+02    6.1464057373e-04    4.6614583333e-01
       141   -1.5673921059e+01    2.4684654354e+02   -2.6463978180e+01    1.0790057121e+01    1.0455966654e+01   -3.8878049660e+01    1.9581048257e+00    5.1200000000e+02    6.1008508911e-04    4.5442708333e-01
       142   -1.5665612955e+01    2.4652122261e+02   -2.6478944840e+01    1.0813331884e+01    1.0462353631e+01   -3.9179870056e+01    2.2385715854e+00    5.1200000000e+02    6.0267073486e-04    4.5052083333e-01
       143   -1.5664524996e+01    2.4653850578e+02   -2.6668554326e+01    1.1004029329e+01    1.0427121135e+01   -3.8951247995e+01    1.8555725340e+00    5.1200000000e+02    5.9986249512e-04    4.5865885417e-01
       144   -1.5615998885e+01    2.4506523297e+02   -2.6837605614e+01    1.1221606729e+01    1.0453371321e+01   -3.9069407934e+01    1.7784309993e+00    5.1200000000e+02    5.9999167725e-04    4.5605468750e-01
       145   -1.5681683427e+01    2.4747654499e+02   -2.6750116958e+01    1.1068433531e+01    1.0379930784e+01   -3.8962914501e+01    1.8328667588e+00    5.1200000000e+02    6.0094634766e-04    4.5507812500e-01
       146   -1.5657907073e+01    2.4648391626e+02   -2.6678977473e+01    1.1021070401e+01    1.0400311945e+01   -3.9466543544e+01    2.3872541260e+00    5.1200000000e+02    6.0670624268e-04    4.6712239583e-01
       147   -1.5691614858e+01    2.4750373637e+02   -2.6709938847e+01    1.1018323989e+01    1.0416258646e+01   -3.9338342491e+01    2.2121449980e+00    5.1200000000e+02    6.0563665771e-04    4.6451822917e-01
       148   -1.5760907750e+01    2.4958522949e+02   -2.6926758519e+01    1.1165850770e+01    1.0337741163e+01   -3.9239675514e+01    1.9751758315e+00    5.1200000000e+02    6.0005549194e-04    4.3652343750e-01
       149   -1.5740366416e+01    2.4906275261e+02   -2.7058871314e+01    1.1318504898e+01    1.0323037681e+01   -3.9432630989e+01    2.0507219938e+00    5.1200000000e+02    6.0024046997e-04    4.3750000000e-01
       150   -1.5678689679e+01    2.4731936193e+02   -2.7310333182e+01    1.1631643503e+01    1.0389229344e+01   -3.9723763997e+01    2.0242014711e+00    5.1200000000e+02    6.0163211182e-04    4.4824218750e-01
       151   -1.5722907011e+01    2.4863546428e+02   -2.7055257776e+01    1.1332350765e+01    1.0480488959e+01   -3.9623873149e+01    2.0881264144e+00    5.1200000000e+02    6.0850571533e-04    4.7688802083e-01
       152   -1.5700880451e+01    2.4763808723e+02   -2.6914569755e+01    1.1213689304e+01    1.0389486216e+01   -3.9194293565e+01    1.8902375927e+00    5.1200000000e+02    6.0365149536e-04    4.4466145833e-01
       153   -1.5785955485e+01    2.5041327862e+02   -2.7035650662e+01    1.1249695176e+01    1.0338791478e+01   -3.9341267234e+01    1.9668250943e+00    5.1200000000e+02    6.0657765259e-04    4.4986979167e-01
       154   -1.5728328206e+01    2.4864064034e+02   -2.7145348864e+01    1.1417020658e+01    1.0350409348e+01   -3.9297152895e+01    1.8013946829e+00    5.1200000000e+02    6.1077039063e-04    4.5670572917e-01
       155   -1.5742214316e+01    2.4896353890e+02   -2.6903313831e+01    1.1161099515e+01    1.0364107692e+01   -3.9211820288e+01    1.9443987651e+00    5.1200000000e+02    6.0807194824e-04    4.3750000000e-01
       156   -1.5723645461e+01    2.4881255261e+02   -2.7068272381e+01    1.1344626919e+01    1.0494442076e+01   -3.9513597557e+01    1.9508831007e+00    5.1200000000e+02    6.1092213867e-04    4.5930989583e-01
       157   -1.5713629787e+01    2.4806934261e+02   -2.6883119663e+01    1.1169489876e+01    1.0405616321e+01   -3.9222963301e+01    1.9342273173e+00    5.1200000000e+02    6.1733798340e-04    4.4726562500e-01
       158   -1.5749674150e+01    2.4916306632e+02   -2.6829851411e+01    1.1080177261e+01    1.0450335912e+01   -3.9418823028e+01    2.1386357060e+00    5.1200000000e+02    6.0706459595e-04    4.5247395833e-01
       159   -1.5668607035e+01    2.4671848541e+02   -2.6855589591e+01    1.1186982556e+01    1.0465284710e+01   -3.9439042184e+01    2.1181678835e+00    5.1200000000e+02    6.0828213135e-04    4.4010416667e-01
       160   -1.5722892774e+01    2.4835298511e+02   -2.6854946292e+01    1.1132053518e+01    1.0518441769e+01   -3.9376964638e+01    2.0035765767e+00    5.1200000000e+02    6.0830084961e-04    4.5898437500e-01
       161   -1.5715639462e+01    2.4815885864e+02   -2.6910122778e+01    1.1194483316e+01    1.0506638803e+01   -3.9432968589e+01    2.0162070076e+00    5.1200000000e+02    6.1111144775e-04    4.5377604167e-01
       162   -1.5748759105e+01    2.4929028986e+02   -2.6479769792e+01    1.0731010687e+01    1.0376617956e+01   -3.9273449575e+01    2.4170618269e+00    5.1200000000e+02    6.0685297607e-04    4.5996093750e-01
       163   -1.5742872977e+01    2.4916515159e+02   -2.6375450170e+01    1.0632577193e+01    1.0274221565e+01   -3.9072187487e+01    2.4225157515e+00    5.1200000000e+02    5.9904521973e-04    4.6321614583e-01
       164   -1.5716175638e+01    2.4838520458e+02   -2.6822650340e+01    1.1106474703e+01    1.0327711859e+01   -3.9457015794e+01    2.3066535942e+00    5.1200000000e+02    6.0039893188e-04    4.5833333333e-01
       165   -1.5666137950e+01    2.4652546720e+02   -2.7017182771e+01    1.1351044821e+01    1.0393395725e+01   -3.9452615410e+01    2.0420369140e+00    5.1200000000e+02    6.0020724121e-04    4.4726562500e-01
       166   -1.5658478333e+01    2.4646761043e+02   -2.6534938623e+01    1.0876460290e+01    1.0387444697e+01   -3.9052006325e+01    2.1296230041e+00    5.1200000000e+02    5.9611855225e-04    4.3847656250e-01
       167   -1.5631516018e+01    2.4558857627e+02   -2.6738655693e+01    1.1107139675e+01    1.0425086724e+01   -3.9066840521e+01    1.9030981032e+00    5.1200000000e+02    6.0657430420e-04    4.6223958333e-01
       168   -1.5660023981e+01    2.4649812759e+02   -2.6745299673e+01    1.1085275692e+01    1.0421646980e+01   -3.9156656995e+01    1.9897103422e+00    5.1200000000e+02    6.0527234375e-04    4.7200520833e-01
       169   -1.5735845725e+01    2.4883420337e+02   -2.6816064069e+01    1.1080218344e+01    1.0446489785e+01   -3.9877185632e+01    2.6146317788e+00    5.1200000000e+02    6.0314249268e-04    4.4140625000e-01
       170   -1.5807325726e+01    2.5115571322e+02   -2.7076947628e+01    1.1269621902e+01    1.0396535795e+01   -3.9597520766e+01    2.1240373426e+00    5.1200000000e+02    6.0976162598e-04    4.4889322917e-01
       171   -1.5840058045e+01    2.5212050861e+02   -2.7244472130e+01    1.1404414085e+01    1.0321092779e+01   -3.9622210883e+01    2.0566459741e+00    5.1200000000e+02    6.0863298096e-04    4.5833333333e-01
       172   -1.5791388999e+01    2.5048358337e+02   -2.7063773581e+01    1.1272384582e+01    1.0301559542e+01   -3.9501191849e+01    2.1358587250e+00    5.1200000000e+02    6.1267753418e-04    4.5312500000e-01
       173   -1.5706324220e+01    2.4781788831e+02   -2.6846404437e+01    1.1140080217e+01    1.0289285921e+01   -3.9017668014e+01    1.8819776558e+00    5.1200000000e+02    6.0401881470e-04    4.4759114583e-01
       174   -1.5760574940e+01    2.4951553108e+02   -2.6729000238e+01    1.0968425297e+01    1.0270501442e+01   -3.8929797668e+01    1.9302959888e+00    5.1200000000e+02    6.0287803223e-04    4.5377604167e-01
       175   -1.5729416436e+01    2.4859410962e+02   -2.6896451500e+01    1.1167035064e+01    1.0279941286e+01   -3.9087799820e+01    1.9114070337e+00    5.1200000000e+02    6.0725849609e-04    4.5703125000e-01
       176   -1.5716548749e+01    2.4825387820e+02   -2.6903139412e+01    1.1186590664e+01    1.0285600053e+01   -3.9241377562e+01    2.0526380964e+00    5.1200000000e+02    6.0400388428e-04    4.4303385417e-01
       177   -1.5661007360e+01    2.4653012498e+02   -2.6593427870e+01    1.0932420510e+01    1.0321870267e+01   -3.8968726800e+01    2.0534286634e+00    5.1200000000e+02    6.0361673096e-04    4.4726562500e-01
       178   -1.5689603203e+01    2.4727156634e+02   -2.6884939481e+01    1.1195336278e+01    1.0215637744e+01   -3.8903290424e+01    1.8027131997e+00    5.1200000000e+02    5.9519131226e-04    4.4921875000e-01
       179   -1.5717585543e+01    2.4823070556e+02   -2.6931572678e+01    1.1213987135e+01    1.0265391248e+01   -3.9219291313e+01    2.0223273872e+00    5.1200000000e+02    5.9582814697e-04    4.5149739583e-01
       180   -1.5655410108e+01    2.4624620073e+02   -2.6627565628e+01    1.0972155520e+01    1.0305109617e+01   -3.8977727635e+01    2.0450523906e+00    5.1200000000e+02    6.0987493408e-04    4.5865885417e-01
       181   -1.5645365425e+01    2.4629925767e+02   -2.6787294712e+01    1.1141929288e+01    1.0330922703e+01   -3.9014889421e+01    1.8966720055e+00    5.1200000000e+02    6.0205755737e-04    4.6093750000e-01
       182   -1.5626629154e+01    2.4567331739e+02   -2.6814424923e+01    1.1187795769e+01    1.0420261071e+01   -3.9326098400e+01    2.0914124059e+00    5.1200000000e+02    6.0179418701e-04    4.5540364583e-01
       183   -1.5676052258e+01    2.4684962407e+02   -2.6762780947e+01    1.1086728689e+01    1.0345362291e+01   -3.9343470438e+01    2.2353272001e+00    5.1200000000e+02    6.0532338745e-04    4.5540364583e-01
       184   -1.5766193814e+01    2.4992220378e+02   -2.6785826375e+01    1.1019632562e+01    1.0321686690e+01   -3.9284459894e+01    2.1769468290e+00    5.1200000000e+02    6.0301477539e-04    4.6126302083e-01
       185   -1.5759468982e+01    2.4967287762e+02   -2.7304135389e+01    1.1544666407e+01    1.0349789957e+01   -3.9688330698e+01    2.0344053526e+00    5.1200000000e+02    6.0109354004e-04    4.4563802083e-01
       186   -1.5753473212e+01    2.4924975996e+02   -2.7311760783e+01    1.1558287571e+01    1.0342166522e+01   -3.9435408939e+01    1.7814816343e+00    5.1200000000e+02    6.0180459229e-04    4.4628906250e-01
       187   -1.5768077694e+01    2.4974403332e+02   -2.7220759221e+01    1.1452681527e+01    1.0310295285e+01   -3.9366157868e+01    1.8351033622e+00    5.1200000000e+02    6.0355025879e-04    4.5182291667e-01
       188   -1.5786051215e+01    2.5035143129e+02   -2.6945760941e+01    1.1159709726e+01    1.0401492631e+01   -3.9324686389e+01    1.9774328173e+00    5.1200000000e+02    6.0296657715e-04    4.5638020833e-01
       189   -1.5693547844e+01    2.4758543057e+02   -2.7233884496e+01    1.1540336652e+01    1.0484966909e+01   -3.9650161746e+01    1.9313103418e+00    5.1200000000e+02    6.1347149780e-04    4.6549479167e-01
       190   -1.5804810525e+01    2.5101343185e+02   -2.7146624827e+01    1.1341814302e+01    1.0332871247e+01   -3.9495915862e+01    2.0164197885e+00    5.1200000000e+02    6.0641762451e-04    4.5279947917e-01
       191   -1.5779369656e+01    2.5019076396e+02   -2.7000222996e+01    1.1220853340e+01    1.0342666148e+01   -3.9316430401e+01    1.9735412571e+00    5.1200000000e+02    6.0363727783e-04    4.5963541667e-01
       192   -1.5862574460e+01    2.5275582445e+02   -2.7295597687e+01    1.1433023227e+01    1.0255619057e+01   -3.9450283450e+01    1.8990667065e+00    5.1200000000e+02    6.0441222412e-04    4.5410156250e-01
       193   -1.5890308420e+01    2.5370356910e+02   -2.7053852028e+01    1.1163543609e+01    1.0242408052e+01   -3.9285140584e+01    1.9888805036e+00    5.1200000000e+02    6.0338514771e-04    4.4531250000e-01
       194   -1.5814037861e+01    2.5144020904e+02   -2.6949760695e+01    1.1135722834e+01    1.0363695932e+01   -3.9413879849e+01    2.1004232219e+00    5.1200000000e+02    6.0319666016e-04    4.4531250000e-01
       195   -1.5818044702e+01    2.5133810015e+02   -2.6818903177e+01    1.1000858475e+01    1.0237943052e+01   -3.9055791737e+01    1.9989455078e+00    5.1200000000e+02    6.0447573486e-04    4.5963541667e-01
       196   -1.5870066682e+01    2.5298547093e+02   -2.6686452034e+01    1.0816385352e+01    1.0219794652e+01   -3.8875383417e+01    1.9691367315e+00    5.1200000000e+02    6.0245643921e-04    4.7460937500e-01
       197   -1.5842364785e+01    2.5212204963e+02   -2.6552523374e+01    1.0710158588e+01    1.0290433486e+01   -3.8826371164e+01    1.9834143046e+00    5.1200000000e+02    6.0048556396e-04    4.6289062500e-01
       198   -1.5784817554e+01    2.5034963902e+02   -2.6957831601e+01    1.1173014047e+01    1.0283356575e+01   -3.9072477285e+01    1.8312891092e+00    5.1200000000e+02    6.0097177246e-04    4.6712239583e-01
       199   -1.5845574953e+01    2.5219301397e+02   -2.7024944052e+01    1.1179369100e+01    1.0273820063e+01   -3.9377887943e+01    2.0791238270e+00    5.1200000000e+02    6.0301192749e-04    4.4954427083e-01
