#   index    LocalEnergy         LocalEnergy_sq      LocalPotential      Kinetic             ElecElec            LocalECP            NonLocalECP         BlockWeight         BlockCPU            AcceptRatio         
         0   -1.5890382889e+01    2.5326834311e+02   -2.7972884625e+01    1.2082501737e+01    1.0384428827e+01   -4.0468612985e+01    2.1112995331e+00    5.1200000000e+02    1.4177187947e-02    4.2773437500e-01
         1   -1.5833374616e+01    2.5130920591e+02   -2.8220457420e+01    1.2387082804e+01    1.0385619006e+01   -4.0971113881e+01    2.3650374556e+00    5.1200000000e+02    1.4641621284e-02    4.3261718750e-01
         2   -1.5845663670e+01    2.5181337637e+02   -2.8057148213e+01    1.2211484543e+01    1.0447912401e+01   -4.1062526068e+01    2.5574654544e+00    5.1200000000e+02    1.4248192974e-02    4.3977864583e-01
         3   -1.5855458674e+01    2.5213953461e+02   -2.8309033228e+01    1.2453574554e+01    1.0538577655e+01   -4.1243484242e+01    2.3958733585e+00    5.1200000000e+02    1.4082304883e-02    4.3912760417e-01
         4   -1.5874103765e+01    2.5284264573e+02   -2.8193474185e+01    1.2319370420e+01    1.0399324542e+01   -4.0779912235e+01    2.1871135073e+00    5.1200000000e+02    1.4015774795e-02    4.4401041667e-01
         5   -1.5903433503e+01    2.5356918148e+02   -2.7677966901e+01    1.1774533399e+01    1.0390634519e+01   -4.0396940439e+01    2.3283390186e+00    5.1200000000e+02    1.3711497048e-02    4.3587239583e-01
         6   -1.5793950915e+01    2.5005190749e+02   -2.7659785789e+01    1.1865834874e+01    1.0332268451e+01   -4.0189206261e+01    2.1971520211e+00    5.1200000000e+02    1.4156157231e-02    4.4954427083e-01
         7   -1.5846391524e+01    2.5175518146e+02   -2.7584475112e+01    1.1738083588e+01    1.0371163262e+01   -4.0366032707e+01    2.4103943334e+00    5.1200000000e+02    1.4109115461e-02    4.2968750000e-01
         8   -1.5850805567e+01    2.5193612744e+02   -2.8061949564e+01    1.2211143997e+01    1.0267768619e+01   -4.0215608591e+01    1.8858904078e+00    5.1200000000e+02    1.4179651819e-02    4.4173177083e-01
         9   -1.5816180144e+01    2.5080829637e+02   -2.7800017976e+01    1.1983837832e+01    1.0377981423e+01   -4.0079974372e+01    1.9019749733e+00    5.1200000000e+02    1.4341234375e-02    4.3391927083e-01
        10   -1.5849010779e+01    2.5177111547e+02   -2.7348702270e+01    1.1499691492e+01    1.0269579146e+01   -3.9567325277e+01    1.9490438605e+00    5.1200000000e+02    1.4206923601e-02    4.4238281250e-01
        11   -1.5877950146e+01    2.5273599345e+02   -2.7690791671e+01    1.1812841525e+01    1.0319787515e+01   -3.9826324011e+01    1.8157448254e+00    5.1200000000e+02    1.4113897371e-02    4.5605468750e-01
        12   -1.5939804484e+01    2.5477805745e+02   -2.7586869921e+01    1.1647065437e+01    1.0216019330e+01   -3.9902048294e+01    2.0991590431e+00    5.1200000000e+02    1.3656830537e-02    4.4335937500e-01
        13   -1.5900219933e+01    2.5354880811e+02   -2.7548547421e+01    1.1648327487e+01    1.0252878800e+01   -3.9947008317e+01    2.1455820966e+00    5.1200000000e+02    1.4235018608e-02    4.5345052083e-01
        14   -1.5881231918e+01    2.5293833420e+02   -2.7651961050e+01    1.1770729132e+01    1.0186649131e+01   -4.0030767663e+01    2.1921574823e+00    5.1200000000e+02    1.3954513608e-02    4.4889322917e-01
        15   -1.5896802213e+01    2.5349648282e+02   -2.7534534328e+01    1.1637732115e+01    1.0254614261e+01   -3.9854717685e+01    2.0655690972e+00    5.1200000000e+02    1.3792693740e-02    4.5605468750e-01
        16   -1.5864872583e+01    2.5235857788e+02   -2.7387289386e+01    1.1522416803e+01    1.0234797523e+01   -3.9497432235e+01    1.8753453267e+00    5.1200000000e+02    1.3952974861e-02    4.3098958333e-01
        17   -1.5897861105e+01    2.5337084972e+02   -2.7717790379e+01    1.1819929275e+01    1.0272191125e+01   -3.9750855565e+01    1.7608740608e+00    5.1200000000e+02    1.3906353040e-02    4.4856770833e-01
        18   -1.5901965819e+01    2.5352156415e+02   -2.7602147049e+01    1.1700181230e+01    1.0249551548e+01   -3.9790874933e+01    1.9391763351e+00    5.1200000000e+02    1.4034765803e-02    4.2838541667e-01
        19   -1.5872592122e+01    2.5249411588e+02   -2.7250614043e+01    1.1378021921e+01    1.0168733483e+01   -3.9401717310e+01    1.9823697843e+00    5.1200000000e+02    1.3854086660e-02    4.3847656250e-01
        20   -1.5818900454e+01    2.5074323548e+02   -2.7378370842e+01    1.1559470387e+01    1.0147912477e+01   -3.9634306035e+01    2.1080227163e+00    5.1200000000e+02    1.3724833306e-02    4.3815104167e-01
        21   -1.5884013565e+01    2.5293412272e+02   -2.7645080399e+01    1.1761066834e+01    1.0299486350e+01   -4.0249969296e+01    2.3054025462e+00    5.1200000000e+02    1.3910688640e-02    4.2968750000e-01
        22   -1.5905048897e+01    2.5361473474e+02   -2.7802190598e+01    1.1897141702e+01    1.0316367744e+01   -4.0298079380e+01    2.1795210377e+00    5.1200000000e+02    1.4195910557e-02    4.4401041667e-01
        23   -1.5888099694e+01    2.5324020841e+02   -2.7545212169e+01    1.1657112476e+01    1.0243134291e+01   -4.0182562637e+01    2.3942161765e+00    5.1200000000e+02    1.3569267595e-02    4.3424479167e-01
        24   -1.5921359137e+01    2.5427618565e+02   -2.7590161269e+01    1.1668802132e+01    1.0301894155e+01   -4.0108536464e+01    2.2164810398e+00    5.1200000000e+02    1.4106647539e-02    4.4140625000e-01
        25   -1.5928493558e+01    2.5450514868e+02   -2.7357652484e+01    1.1429158926e+01    1.0301338347e+01   -4.0137383749e+01    2.4783929180e+00    5.1200000000e+02    1.3960108237e-02    4.6256510417e-01
        26   -1.5882558257e+01    2.5294992402e+02   -2.7563301917e+01    1.1680743660e+01    1.0303609761e+01   -4.0014871477e+01    2.1479597994e+00    5.1200000000e+02    1.3889012625e-02    4.4010416667e-01
        27   -1.5879047561e+01    2.5288600011e+02   -2.7497486584e+01    1.1618439023e+01    1.0218008988e+01   -3.9533753199e+01    1.8182576270e+00    5.1200000000e+02    1.4244085356e-02    4.4563802083e-01
        28   -1.5920572199e+01    2.5423660064e+02   -2.7231995540e+01    1.1311423341e+01    1.0250655644e+01   -3.9517563865e+01    2.0349126807e+00    5.1200000000e+02    1.3776881814e-02    4.4108072917e-01
        29   -1.5909585953e+01    2.5395167212e+02   -2.7390594570e+01    1.1481008617e+01    1.0290114533e+01   -3.9918177377e+01    2.2374682742e+00    5.1200000000e+02    1.3781093899e-02    4.3261718750e-01
        30   -1.5916645302e+01    2.5403799715e+02   -2.7714643674e+01    1.1797998372e+01    1.0209689324e+01   -3.9758371902e+01    1.8340389050e+00    5.1200000000e+02    1.4094620449e-02    4.5605468750e-01
        31   -1.5892624984e+01    2.5324702061e+02   -2.7519129361e+01    1.1626504377e+01    1.0197338580e+01   -3.9965921534e+01    2.2494535924e+00    5.1200000000e+02    1.3978328704e-02    4.5279947917e-01
        32   -1.5849709332e+01    2.5174136619e+02   -2.7444968327e+01    1.1595258995e+01    1.0279607914e+01   -4.0108434493e+01    2.3838582514e+00    5.1200000000e+02    1.4148395759e-02    4.3619791667e-01
        33   -1.5846406816e+01    2.5171637233e+02   -2.7533649007e+01    1.1687242191e+01    1.0218126268e+01   -3.9771885026e+01    2.0201097513e+00    5.1200000000e+02    1.3865008105e-02    4.5182291667e-01
        34   -1.5800699451e+01    2.5031255665e+02   -2.7270792172e+01    1.1470092721e+01    1.0308525167e+01   -3.9694607543e+01    2.1152902035e+00    5.1200000000e+02    1.3781075508e-02    4.4303385417e-01
        35   -1.5805815185e+01    2.5033512168e+02   -2.7278420222e+01    1.1472605038e+01    1.0357930855e+01   -3.9763956302e+01    2.1276052240e+00    5.1200000000e+02    1.4098287239e-02    4.3457031250e-01
        36   -1.5847403263e+01    2.5176459135e+02   -2.7080275124e+01    1.1232871860e+01    1.0300281308e+01   -3.9666163254e+01    2.2856068232e+00    5.1200000000e+02    1.3850665667e-02    4.4954427083e-01
        37   -1.5872808790e+01    2.5258608901e+02   -2.6767487235e+01    1.0894678445e+01    1.0346084635e+01   -3.9293390910e+01    2.1798190395e+00    5.1200000000e+02    1.3398569280e-02    4.4759114583e-01
        38   -1.5904359361e+01    2.5355484597e+02   -2.7048982437e+01    1.1144623075e+01    1.0232512821e+01   -3.9569484797e+01    2.2879895396e+00    5.1200000000e+02    1.4165380171e-02    4.5605468750e-01
        39   -1.5849521990e+01    2.5175437032e+02   -2.6926318655e+01    1.1076796666e+01    1.0243978792e+01   -3.9608592573e+01    2.4382951262e+00    5.1200000000e+02    1.4287761802e-02    4.5768229167e-01
        40   -1.5774807606e+01    2.4947315678e+02   -2.6623579734e+01    1.0848772129e+01    1.0157526053e+01   -3.8969591280e+01    2.1884854931e+00    5.1200000000e+02    1.3361851609e-02    4.6028645833e-01
        41   -1.5856753138e+01    2.5212070496e+02   -2.6913317234e+01    1.1056564096e+01    1.0116668646e+01   -3.9085732678e+01    2.0557467974e+00    5.1200000000e+02    1.3712730974e-02    4.5507812500e-01
        42   -1.5860694949e+01    2.5212460892e+02   -2.7291519604e+01    1.1430824654e+01    1.0128692947e+01   -3.9258344853e+01    1.8381323026e+00    5.1200000000e+02    1.4025000957e-02    4.4401041667e-01
        43   -1.5866708633e+01    2.5233843845e+02   -2.7302050035e+01    1.1435341402e+01    1.0183897621e+01   -3.9547189490e+01    2.0612418347e+00    5.1200000000e+02    1.3674425796e-02    4.4433593750e-01
        44   -1.5839465002e+01    2.5165538979e+02   -2.7836628510e+01    1.1997163508e+01    1.0194185699e+01   -4.0225850442e+01    2.1950362329e+00    5.1200000000e+02    1.3762434248e-02    4.3424479167e-01
        45   -1.5845561361e+01    2.5176184638e+02   -2.7688745038e+01    1.1843183677e+01    1.0209991205e+01   -4.0109887727e+01    2.2111514837e+00    5.1200000000e+02    1.3514158003e-02    4.4498697917e-01
        46   -1.5840943472e+01    2.5168548789e+02   -2.7560148121e+01    1.1719204649e+01    1.0206773541e+01   -4.0032979043e+01    2.2660573814e+00    5.1200000000e+02    1.3610372876e-02    4.4596354167e-01
        47   -1.5875221421e+01    2.5284558901e+02   -2.7675839107e+01    1.1800617686e+01    1.0280400622e+01   -3.9870433442e+01    1.9141937136e+00    5.1200000000e+02    1.4067191501e-02    4.5898437500e-01
        48   -1.5840709276e+01    2.5154152516e+02   -2.7572499899e+01    1.1731790623e+01    1.0352346636e+01   -3.9938803403e+01    2.0139568680e+00    5.1200000000e+02    1.3929914863e-02    4.4173177083e-01
        49   -1.5856673113e+01    2.5209760878e+02   -2.7392111921e+01    1.1535438808e+01    1.0311777332e+01   -3.9997839909e+01    2.2939506560e+00    5.1200000000e+02    1.3839633174e-02    4.3977864583e-01
        50   -1.5855867811e+01    2.5212077815e+02   -2.7836031495e+01    1.1980163684e+01    1.0373522694e+01   -4.0267146556e+01    2.0575923677e+00    5.1200000000e+02    1.4560625188e-02    4.4303385417e-01
        51   -1.5861430418e+01    2.5220995248e+02   -2.7602022708e+01    1.1740592291e+01    1.0324590295e+01   -4.0057814055e+01    2.1312010525e+00    5.1200000000e+02    1.4087246794e-02    4.5247395833e-01
        52   -1.5883188065e+01    2.5290693129e+02   -2.7657468534e+01    1.1774280469e+01    1.0277099286e+01   -4.0146138678e+01    2.2115708584e+00    5.1200000000e+02    1.4249947520e-02    4.4401041667e-01
        53   -1.5844535943e+01    2.5173748687e+02   -2.7693012676e+01    1.1848476732e+01    1.0303664426e+01   -4.0097930951e+01    2.1012538493e+00    5.1200000000e+02    1.4349796187e-02    4.6126302083e-01
        54   -1.5839732137e+01    2.5159951259e+02   -2.7675640964e+01    1.1835908826e+01    1.0339056384e+01   -4.0121502876e+01    2.1068055286e+00    5.1200000000e+02    1.4067205339e-02    4.5019531250e-01
        55   -1.5822671394e+01    2.5105378616e+02   -2.7427406497e+01    1.1604735102e+01    1.0400472175e+01   -3.9760678915e+01    1.9328002433e+00    5.1200000000e+02    1.3997991267e-02    4.4791666667e-01
        56   -1.5845722271e+01    2.5172713987e+02   -2.7351219210e+01    1.1505496939e+01    1.0217043153e+01   -3.9692207949e+01    2.1239455862e+00    5.1200000000e+02    1.4154794858e-02    4.2838541667e-01
        57   -1.5835949688e+01    2.5155681975e+02   -2.7739451947e+01    1.1903502258e+01    1.0256125108e+01   -4.0102428144e+01    2.1068510898e+00    5.1200000000e+02    1.3598681604e-02    4.4433593750e-01
        58   -1.5873299561e+01    2.5252771341e+02   -2.7514365275e+01    1.1641065714e+01    1.0173488352e+01   -3.9952668247e+01    2.2648146201e+00    5.1200000000e+02    1.3595014849e-02    4.5670572917e-01
        59   -1.5844353272e+01    2.5180211913e+02   -2.7490135888e+01    1.1645782616e+01    1.0117318863e+01   -3.9834847339e+01    2.2273925876e+00    5.1200000000e+02    1.3915793027e-02    4.4986979167e-01
        60   -1.5855509181e+01    2.5213365542e+02   -2.7381072939e+01    1.1525563757e+01    1.0227276153e+01   -3.9777413926e+01    2.1690648341e+00    5.1200000000e+02    1.4025088875e-02    4.4498697917e-01
        61   -1.5806640331e+01    2.5044928439e+02   -2.7325390901e+01    1.1518750570e+01    1.0202708996e+01   -3.9476759721e+01    1.9486598240e+00    5.1200000000e+02    1.4276643733e-02    4.4433593750e-01
        62   -1.5838708097e+01    2.5163469209e+02   -2.7458673565e+01    1.1619965467e+01    1.0129194758e+01   -3.9392846777e+01    1.8049784543e+00    5.1200000000e+02    1.3842166008e-02    4.4759114583e-01
        63   -1.5867595166e+01    2.5248973224e+02   -2.7570698055e+01    1.1703102889e+01    1.0190605876e+01   -3.9950345440e+01    2.1890415092e+00    5.1200000000e+02    1.4009094573e-02    4.3912760417e-01
        64   -1.5856826832e+01    2.5197806265e+02   -2.7319035813e+01    1.1462208981e+01    1.0310753776e+01   -3.9772256076e+01    2.1424664875e+00    5.1200000000e+02    1.4078677021e-02    4.4108072917e-01
        65   -1.5850234150e+01    2.5207845092e+02   -2.7582625377e+01    1.1732391226e+01    1.0322334916e+01   -4.0108864533e+01    2.2039042408e+00    5.1200000000e+02    1.3566820601e-02    4.4335937500e-01
        66   -1.5822305958e+01    2.5131209914e+02   -2.7676095296e+01    1.1853789338e+01    1.0290259147e+01   -4.0189607138e+01    2.2232526951e+00    5.1200000000e+02    1.3540439541e-02    4.3619791667e-01
        67   -1.5864007611e+01    2.5229321070e+02   -2.7333052658e+01    1.1469045047e+01    1.0251866127e+01   -3.9977892904e+01    2.3929741193e+00    5.1200000000e+02    1.4218116282e-02    4.4303385417e-01
        68   -1.5916066111e+01    2.5406861204e+02   -2.7832598740e+01    1.1916532629e+01    1.0358538346e+01   -4.0330197116e+01    2.1390600300e+00    5.1200000000e+02    1.3811681755e-02    4.5312500000e-01
        69   -1.5852403642e+01    2.5198191364e+02   -2.7416056056e+01    1.1563652414e+01    1.0263521861e+01   -3.9852217777e+01    2.1726398593e+00    5.1200000000e+02    1.4311731514e-02    4.5214843750e-01
        70   -1.5919760124e+01    2.5425554303e+02   -2.7570350375e+01    1.1650590251e+01    1.0281379068e+01   -3.9905868899e+01    2.0541394562e+00    5.1200000000e+02    1.3626833940e-02    4.4791666667e-01
        71   -1.5877025313e+01    2.5289543838e+02   -2.7791658557e+01    1.1914633244e+01    1.0330370529e+01   -4.0121339218e+01    1.9993101309e+00    5.1200000000e+02    1.3917976975e-02    4.4661458333e-01
        72   -1.5845015402e+01    2.5163983043e+02   -2.7900798939e+01    1.2055783537e+01    1.0205531081e+01   -4.0160981624e+01    2.0546516038e+00    5.1200000000e+02    1.4012886189e-02    4.5703125000e-01
        73   -1.5816839751e+01    2.5085385009e+02   -2.7433843205e+01    1.1617003454e+01    1.0210478246e+01   -4.0236475974e+01    2.5921545224e+00    5.1200000000e+02    1.3727565005e-02    4.3815104167e-01
        74   -1.5850952962e+01    2.5212580411e+02   -2.7760661753e+01    1.1909708791e+01    1.0236445652e+01   -4.0028134241e+01    2.0310268370e+00    5.1200000000e+02    1.3608706973e-02    4.6093750000e-01
        75   -1.5896698065e+01    2.5370682027e+02   -2.8047075373e+01    1.2150377308e+01    1.0153295451e+01   -4.0138943380e+01    1.9385725554e+00    5.1200000000e+02    1.3650913887e-02    4.5345052083e-01
        76   -1.5830548545e+01    2.5124105163e+02   -2.7465534183e+01    1.1634985638e+01    1.0151748991e+01   -3.9660601086e+01    2.0433179125e+00    5.1200000000e+02    1.3755064780e-02    4.6223958333e-01
        77   -1.5843413532e+01    2.5164019986e+02   -2.7381712299e+01    1.1538298767e+01    1.0111031511e+01   -3.9358004235e+01    1.8652604246e+00    5.1200000000e+02    1.3858749976e-02    4.3945312500e-01
        78   -1.5891904307e+01    2.5319286383e+02   -2.7262251786e+01    1.1370347478e+01    9.9681781508e+00   -3.9013111257e+01    1.7826813203e+00    5.1200000000e+02    1.3519026821e-02    4.5052083333e-01
        79   -1.5841021283e+01    2.5157667713e+02   -2.6986334981e+01    1.1145313698e+01    1.0073061708e+01   -3.9097238118e+01    2.0378414295e+00    5.1200000000e+02    1.3810011416e-02    4.4205729167e-01
        80   -1.5835612793e+01    2.5139801367e+02   -2.7490154711e+01    1.1654541918e+01    1.0094673267e+01   -3.9493911766e+01    1.9090837884e+00    5.1200000000e+02    1.4028651243e-02    4.4238281250e-01
        81   -1.5863573767e+01    2.5242224737e+02   -2.7512204626e+01    1.1648630858e+01    1.0090095782e+01   -3.9262885838e+01    1.6605854294e+00    5.1200000000e+02    1.4353222988e-02    4.4759114583e-01
        82   -1.5817606371e+01    2.5077940951e+02   -2.6798134000e+01    1.0980527629e+01    1.0201742455e+01   -3.9344793068e+01    2.3449166126e+00    5.1200000000e+02    1.3565024731e-02    4.4563802083e-01
        83   -1.5864302086e+01    2.5233273237e+02   -2.7442301539e+01    1.1577999454e+01    1.0176191372e+01   -3.9511311512e+01    1.8928186005e+00    5.1200000000e+02    1.3785159482e-02    4.5507812500e-01
        84   -1.5849844373e+01    2.5185137095e+02   -2.7499616768e+01    1.1649772394e+01    1.0238958923e+01   -3.9726513758e+01    1.9879380671e+00    5.1200000000e+02    1.3685571799e-02    4.3717447917e-01
        85   -1.5887722829e+01    2.5305354318e+02   -2.7435148934e+01    1.1547426104e+01    1.0178138155e+01   -3.9748635546e+01    2.1353484577e+00    5.1200000000e+02    1.3394423247e-02    4.4661458333e-01
        86   -1.5832608708e+01    2.5120026461e+02   -2.7028319360e+01    1.1195710652e+01    1.0189695317e+01   -3.9275760866e+01    2.0577461885e+00    5.1200000000e+02    1.3845335740e-02    4.4694010417e-01
        87   -1.5807144466e+01    2.5035578112e+02   -2.6831769274e+01    1.1024624808e+01    1.0130150874e+01   -3.9147661674e+01    2.1857415251e+00    5.1200000000e+02    1.3593731343e-02    4.4010416667e-01
        88   -1.5849605788e+01    2.5177051692e+02   -2.7185247524e+01    1.1335641736e+01    1.0199819803e+01   -3.9409034009e+01    2.0239666824e+00    5.1200000000e+02    1.3341585242e-02    4.5247395833e-01
        89   -1.5844686272e+01    2.5163635103e+02   -2.7167162218e+01    1.1322475946e+01    1.0156652054e+01   -3.9161151095e+01    1.8373368240e+00    5.1200000000e+02    1.3702466458e-02    4.5670572917e-01
        90   -1.5862352709e+01    2.5220954507e+02   -2.6902333691e+01    1.1039980982e+01    1.0005288497e+01   -3.8982903392e+01    2.0752812046e+00    5.1200000000e+02    1.3612415967e-02    4.5247395833e-01
        91   -1.5831066861e+01    2.5115989518e+02   -2.6744473219e+01    1.0913406358e+01    1.0096482136e+01   -3.8829955781e+01    1.9890004270e+00    5.1200000000e+02    1.3886546370e-02    4.5410156250e-01
        92   -1.5830709378e+01    2.5117329442e+02   -2.6605623602e+01    1.0774914224e+01    1.0134667096e+01   -3.8750942998e+01    2.0106523003e+00    5.1200000000e+02    1.3582106951e-02    4.4466145833e-01
        93   -1.5864117045e+01    2.5219369889e+02   -2.6957247813e+01    1.1093130768e+01    1.0115626879e+01   -3.9020762469e+01    1.9478877774e+00    5.1200000000e+02    1.3777950691e-02    4.5638020833e-01
        94   -1.5786224068e+01    2.4980994371e+02   -2.7014083884e+01    1.1227859816e+01    1.0167581002e+01   -3.8900352037e+01    1.7186871509e+00    5.1200000000e+02    1.3546134819e-02    4.4889322917e-01
        95   -1.5811979722e+01    2.5063424550e+02   -2.7113018924e+01    1.1301039202e+01    1.0232331728e+01   -3.9183377242e+01    1.8380265900e+00    5.1200000000e+02    1.3851939822e-02    4.5638020833e-01
        96   -1.5860504103e+01    2.5223585667e+02   -2.7903500953e+01    1.2042996850e+01    1.0333448032e+01   -3.9805419281e+01    1.5684702960e+00    5.1200000000e+02    1.3757959900e-02    4.3717447917e-01
        97   -1.5910855382e+01    2.5402035352e+02   -2.7579503413e+01    1.1668648030e+01    1.0351315581e+01   -3.9385042161e+01    1.4542231671e+00    5.1200000000e+02    1.3866767053e-02    4.5475260417e-01
        98   -1.5916634397e+01    2.5391562705e+02   -2.6784466247e+01    1.0867831851e+01    1.0302031955e+01   -3.8926162038e+01    1.8396638356e+00    5.1200000000e+02    1.3909347915e-02    4.3847656250e-01
        99   -1.5867322311e+01    2.5237869001e+02   -2.6893185294e+01    1.1025862983e+01    1.0237283512e+01   -3.9348409673e+01    2.2179408672e+00    5.1200000000e+02    1.4232296943e-02    4.4726562500e-01
       100   -1.5916658503e+01    2.5413468527e+02   -2.7200148272e+01    1.1283489769e+01    1.0387407984e+01   -3.9469682340e+01    1.8821260839e+00    5.1200000000e+02    1.4149814290e-02    4.4791666667e-01
       101   -1.5929627757e+01    2.5456789057e+02   -2.7981170056e+01    1.2051542300e+01    1.0394805879e+01   -4.0156216658e+01    1.7802407232e+00    5.1200000000e+02    1.4538949729e-02    4.5019531250e-01
       102   -1.5925393582e+01    2.5455767715e+02   -2.8013383261e+01    1.2087989679e+01    1.0278159762e+01   -4.0110390643e+01    1.8188476196e+00    5.1200000000e+02    1.4237033269e-02    4.4075520833e-01
       103   -1.5900965871e+01    2.5369348980e+02   -2.7778708041e+01    1.1877742170e+01    1.0328095150e+01   -4.0308503670e+01    2.2017004797e+00    5.1200000000e+02    1.3898642234e-02    4.3912760417e-01
       104   -1.5879850896e+01    2.5286646332e+02   -2.7745134116e+01    1.1865283220e+01    1.0438171889e+01   -4.0422622238e+01    2.2393162327e+00    5.1200000000e+02    1.4141717546e-02    4.3619791667e-01
       105   -1.5859844661e+01    2.5218205392e+02   -2.8170992732e+01    1.2311148071e+01    1.0561022231e+01   -4.1077931030e+01    2.3459160665e+00    5.1200000000e+02    1.3852569578e-02    4.5800781250e-01
       106   -1.5968668642e+01    2.5573078009e+02   -2.7778266668e+01    1.1809598026e+01    1.0476136110e+01   -4.0491265319e+01    2.2368625410e+00    5.1200000000e+02    1.3979660215e-02    4.5475260417e-01
       107   -1.5887371353e+01    2.5317106953e+02   -2.8237087691e+01    1.2349716339e+01    1.0490835317e+01   -4.0789218260e+01    2.0612952511e+00    5.1200000000e+02    1.4154947764e-02    4.4335937500e-01
       108   -1.5867807045e+01    2.5237430640e+02   -2.7708112282e+01    1.1840305236e+01    1.0372023241e+01   -4.0521277664e+01    2.4411421407e+00    5.1200000000e+02    1.4048063176e-02    4.4205729167e-01
       109   -1.5877518762e+01    2.5273013499e+02   -2.8297946482e+01    1.2420427721e+01    1.0392806167e+01   -4.0612816244e+01    1.9220635948e+00    5.1200000000e+02    1.4015468115e-02    4.5312500000e-01
       110   -1.5833990852e+01    2.5140229621e+02   -2.7835772881e+01    1.2001782030e+01    1.0402744993e+01   -4.0401862301e+01    2.1633444266e+00    5.1200000000e+02    1.3874824646e-02    4.4694010417e-01
       111   -1.5825334747e+01    2.5105846371e+02   -2.7682843809e+01    1.1857509062e+01    1.0379252135e+01   -4.0317720135e+01    2.2556241905e+00    5.1200000000e+02    1.4339008652e-02    4.4466145833e-01
       112   -1.5849143268e+01    2.5179809772e+02   -2.7591674096e+01    1.1742530828e+01    1.0443953765e+01   -4.0114030814e+01    2.0784029531e+00    5.1200000000e+02    1.4320036162e-02    4.3880208333e-01
       113   -1.5807916549e+01    2.5043308183e+02   -2.7439838915e+01    1.1631922366e+01    1.0417905086e+01   -3.9850757761e+01    1.9930137600e+00    5.1200000000e+02    1.3691546135e-02    4.2578125000e-01
       114   -1.5864959048e+01    2.5228110090e+02   -2.7935684440e+01    1.2070725392e+01    1.0381961470e+01   -4.0164435672e+01    1.8467897613e+00    5.1200000000e+02    1.4576473667e-02    4.5540364583e-01
       115   -1.5849292063e+01    2.5187142428e+02   -2.7851030230e+01    1.2001738167e+01    1.0366077954e+01   -3.9973355137e+01    1.7562469529e+00    5.1200000000e+02    1.4372321565e-02    4.3554687500e-01
       116   -1.5885116936e+01    2.5301380316e+02   -2.7769606281e+01    1.1884489345e+01    1.0449721086e+01   -4.0185445681e+01    1.9661183138e+00    5.1200000000e+02    1.4290849565e-02    4.2513020833e-01
       117   -1.5880322919e+01    2.5268986468e+02   -2.7621352637e+01    1.1741029719e+01    1.0409655935e+01   -3.9963206166e+01    1.9321975939e+00    5.1200000000e+02    1.4313355034e-02    4.4986979167e-01
       118   -1.5894585138e+01    2.5320101474e+02   -2.7620352646e+01    1.1725767508e+01    1.0427878727e+01   -4.0161613562e+01    2.1133821884e+00    5.1200000000e+02    1.3993927100e-02    4.4433593750e-01
       119   -1.5851161235e+01    2.5179168241e+02   -2.7676618715e+01    1.1825457479e+01    1.0499117648e+01   -4.0561362867e+01    2.3856265039e+00    5.1200000000e+02    1.4074918350e-02    4.3131510417e-01
       120   -1.5856632721e+01    2.5202568086e+02   -2.7279791803e+01    1.1423159082e+01    1.0432924147e+01   -3.9964398210e+01    2.2516822600e+00    5.1200000000e+02    1.4120759390e-02    4.5898437500e-01
       121   -1.5863518570e+01    2.5217558257e+02   -2.7298837012e+01    1.1435318442e+01    1.0302682717e+01   -3.9644339088e+01    2.0428193590e+00    5.1200000000e+02    1.4195704375e-02    4.3847656250e-01
       122   -1.5890368700e+01    2.5311654296e+02   -2.7351672666e+01    1.1461303965e+01    1.0275134621e+01   -3.9759717090e+01    2.1329098040e+00    5.1200000000e+02    1.4200888760e-02    4.4856770833e-01
       123   -1.5921912678e+01    2.5420993226e+02   -2.7775632031e+01    1.1853719353e+01    1.0327455313e+01   -4.0274939476e+01    2.1718521324e+00    5.1200000000e+02    1.4380725820e-02    4.4596354167e-01
       124   -1.5863365361e+01    2.5230700698e+02   -2.7555015387e+01    1.1691650026e+01    1.0358165797e+01   -4.0101395930e+01    2.1882147451e+00    5.1200000000e+02    1.4341411492e-02    4.4433593750e-01
       125   -1.5830683487e+01    2.5123536745e+02   -2.8017556265e+01    1.2186872778e+01    1.0423888242e+01   -4.0431085906e+01    1.9896413989e+00    5.1200000000e+02    1.4034606572e-02    4.3457031250e-01
       126   -1.5819638081e+01    2.5089026116e+02   -2.7968450573e+01    1.2148812492e+01    1.0316538213e+01   -4.0113768075e+01    1.8287792887e+00    5.1200000000e+02    1.4437430085e-02    4.4759114583e-01
       127   -1.5838818484e+01    2.5153295031e+02   -2.7787197782e+01    1.1948379298e+01    1.0500634021e+01   -4.0415623117e+01    2.1277913141e+00    5.1200000000e+02    1.4125375249e-02    4.2805989583e-01
       128   -1.5822945044e+01    2.5087526262e+02   -2.7342121412e+01    1.1519176368e+01    1.0357483895e+01   -3.9911374658e+01    2.2117693520e+00    5.1200000000e+02    1.4218575393e-02    4.4531250000e-01
       129   -1.5899757460e+01    2.5336012058e+02   -2.7216736414e+01    1.1316978953e+01    1.0347650628e+01   -3.9846005379e+01    2.2816183380e+00    5.1200000000e+02    1.4119806279e-02    4.3489583333e-01
       130   -1.5839307707e+01    2.5152610488e+02   -2.7120254577e+01    1.1280946871e+01    1.0368121672e+01   -3.9661057309e+01    2.1726810591e+00    5.1200000000e+02    1.3772981208e-02    4.6191406250e-01
       131   -1.5844139785e+01    2.5170022055e+02   -2.7605152211e+01    1.1761012427e+01    1.0464688894e+01   -4.0196850972e+01    2.1270098670e+00    5.1200000000e+02    1.4084016272e-02    4.3457031250e-01
       132   -1.5858008607e+01    2.5210161092e+02   -2.7484818317e+01    1.1626809709e+01    1.0335819711e+01   -3.9709312622e+01    1.8886745949e+00    5.1200000000e+02    1.4035423374e-02    4.5247395833e-01
       133   -1.5846387194e+01    2.5167994926e+02   -2.6958188838e+01    1.1111801644e+01    1.0285771095e+01   -3.9354044241e+01    2.1100843079e+00    5.1200000000e+02    1.4122361094e-02    4.4531250000e-01
       134   -1.5835467434e+01    2.5127417553e+02   -2.7049654561e+01    1.1214187127e+01    1.0267880824e+01   -3.9221660129e+01    1.9041247440e+00    5.1200000000e+02    1.3564640115e-02    4.3880208333e-01
       135   -1.5840224358e+01    2.5140488242e+02   -2.7188236595e+01    1.1348012237e+01    1.0257319695e+01   -3.9247287311e+01    1.8017310213e+00    5.1200000000e+02    1.3822712883e-02    4.3750000000e-01
       136   -1.5873597261e+01    2.5273110730e+02   -2.7558577287e+01    1.1684980026e+01    1.0307212739e+01   -3.9617297928e+01    1.7515079017e+00    5.1200000000e+02    1.4249439031e-02    4.5475260417e-01
       137   -1.5819648905e+01    2.5084932935e+02   -2.7769634327e+01    1.1949985422e+01    1.0310705316e+01   -3.9886508580e+01    1.8061689375e+00    5.1200000000e+02    1.4224554873e-02    4.4401041667e-01
       138   -1.5844155380e+01    2.5156950232e+02   -2.7710290445e+01    1.1866135065e+01    1.0258143447e+01   -4.0105148315e+01    2.1367144224e+00    5.1200000000e+02    1.4266159978e-02    4.2871093750e-01
       139   -1.5893206993e+01    2.5323894133e+02   -2.7665743718e+01    1.1772536725e+01    1.0310651914e+01   -4.0360754387e+01    2.3843587548e+00    5.1200000000e+02    1.3875269001e-02    4.3977864583e-01
       140   -1.5884951508e+01    2.5297987908e+02   -2.7698933964e+01    1.1813982457e+01    1.0383918439e+01   -4.0279369919e+01    2.1965175161e+00    5.1200000000e+02    1.4489868330e-02    4.4466145833e-01
       141   -1.5858974813e+01    2.5201248553e+02   -2.7738815239e+01    1.1879840425e+01    1.0350682384e+01   -4.0173495466e+01    2.0839978432e+00    5.1200000000e+02    1.4427230974e-02    4.6321614583e-01
       142   -1.5849506178e+01    2.5176633443e+02   -2.7690812515e+01    1.1841306337e+01    1.0254168266e+01   -4.0106909908e+01    2.1619291273e+00    5.1200000000e+02    1.4258601487e-02    4.4889322917e-01
       143   -1.5835494683e+01    2.5141393593e+02   -2.7825506142e+01    1.1990011458e+01    1.0250339898e+01   -3.9939841545e+01    1.8639955048e+00    5.1200000000e+02    1.4187334072e-02    4.6809895833e-01
       144   -1.5864210197e+01    2.5232973671e+02   -2.7794264248e+01    1.1930054051e+01    1.0296527220e+01   -4.0175803710e+01    2.0850122422e+00    5.1200000000e+02    1.4380603987e-02    4.4075520833e-01
       145   -1.5828451845e+01    2.5121998835e+02   -2.7345840032e+01    1.1517388187e+01    1.0262500314e+01   -3.9922869766e+01    2.3145294209e+00    5.1200000000e+02    1.4313096855e-02    4.4433593750e-01
       146   -1.5845464839e+01    2.5161726811e+02   -2.7302552687e+01    1.1457087848e+01    1.0248892991e+01   -3.9756704031e+01    2.2052583523e+00    5.1200000000e+02    1.4281041897e-02    4.3880208333e-01
       147   -1.5851124309e+01    2.5189396736e+02   -2.7218188775e+01    1.1367064466e+01    1.0216797679e+01   -3.9562138832e+01    2.1271523774e+00    5.1200000000e+02    1.3847022900e-02    4.4726562500e-01
       148   -1.5836276285e+01    2.5137277794e+02   -2.7372787780e+01    1.1536511495e+01    1.0306101452e+01   -3.9687180393e+01    2.0082911609e+00    5.1200000000e+02    1.3981796436e-02    4.4042968750e-01
       149   -1.5904625031e+01    2.5366297113e+02   -2.7002929929e+01    1.1098304897e+01    1.0248096472e+01   -3.9426582230e+01    2.1755558289e+00    5.1200000000e+02    1.3713676462e-02    4.3001302083e-01
       150   -1.5886529221e+01    2.5295613136e+02   -2.7027541842e+01    1.1141012621e+01    1.0191567180e+01   -3.9064355226e+01    1.8452462053e+00    5.1200000000e+02    1.3576225937e-02    4.5247395833e-01
       151   -1.5903471084e+01    2.5357274864e+02   -2.7071822307e+01    1.1168351222e+01    1.0248412634e+01   -3.9314432760e+01    1.9941978198e+00    5.1200000000e+02    1.3617726951e-02    4.3977864583e-01
       152   -1.5917159460e+01    2.5407822526e+02   -2.7088361141e+01    1.1171201680e+01    1.0295781338e+01   -3.9391184891e+01    2.0070424125e+00    5.1200000000e+02    1.3699495132e-02    4.4596354167e-01
       153   -1.5934933936e+01    2.5464280639e+02   -2.6899416373e+01    1.0964482437e+01    1.0367010147e+01   -3.9544203060e+01    2.2777765395e+00    5.1200000000e+02    1.4085323975e-02    4.3066406250e-01
       154   -1.5918059310e+01    2.5404428556e+02   -2.7262717545e+01    1.1344658235e+01    1.0362055317e+01   -3.9650160934e+01    2.0253880718e+00    5.1200000000e+02    1.3894050957e-02    4.5703125000e-01
       155   -1.5885489459e+01    2.5296891758e+02   -2.7599463739e+01    1.1713974280e+01    1.0262012058e+01   -3.9989882713e+01    2.1284069161e+00    5.1200000000e+02    1.3666662393e-02    4.3294270833e-01
       156   -1.5895477909e+01    2.5327701234e+02   -2.7540071901e+01    1.1644593991e+01    1.0215663163e+01   -3.9877130199e+01    2.1213951351e+00    5.1200000000e+02    1.3897369866e-02    4.5084635417e-01
       157   -1.5915795896e+01    2.5418728834e+02   -2.8012538052e+01    1.2096742156e+01    1.0330146229e+01   -4.0191848225e+01    1.8491639449e+00    5.1200000000e+02    1.4079583647e-02    4.2871093750e-01
       158   -1.5882150265e+01    2.5301149806e+02   -2.7900482124e+01    1.2018331859e+01    1.0327224473e+01   -4.0282096460e+01    2.0543898634e+00    5.1200000000e+02    1.3951295833e-02    4.4954427083e-01
       159   -1.5822704818e+01    2.5109034075e+02   -2.7828267854e+01    1.2005563036e+01    1.0213301137e+01   -4.0320782075e+01    2.2792130842e+00    5.1200000000e+02    1.3942337864e-02    4.4498697917e-01
       160   -1.5832672059e+01    2.5134035680e+02   -2.7503611873e+01    1.1670939814e+01    1.0304530604e+01   -4.0139376031e+01    2.3312335544e+00    5.1200000000e+02    1.3479530320e-02    4.4531250000e-01
       161   -1.5829948741e+01    2.5122360850e+02   -2.7577106737e+01    1.1747157996e+01    1.0292013177e+01   -3.9903155856e+01    2.0340359418e+00    5.1200000000e+02    1.3345883684e-02    4.4108072917e-01
       162   -1.5857589503e+01    2.5212990720e+02   -2.7784861467e+01    1.1927271963e+01    1.0289209242e+01   -4.0064541285e+01    1.9904705764e+00    5.1200000000e+02    1.4499836516e-02    4.5182291667e-01
       163   -1.5868882721e+01    2.5261815312e+02   -2.7525800112e+01    1.1656917391e+01    1.0461182199e+01   -4.0099188781e+01    2.1122064702e+00    5.1200000000e+02    1.4501878013e-02    4.5279947917e-01
       164   -1.5883805108e+01    2.5302055737e+02   -2.7961772939e+01    1.2077967830e+01    1.0450602063e+01   -4.0513675170e+01    2.1013001683e+00    5.1200000000e+02    1.4522372383e-02    4.5247395833e-01
       165   -1.5887244608e+01    2.5308930254e+02   -2.7849512024e+01    1.1962267416e+01    1.0345999206e+01   -4.0241571976e+01    2.0460607458e+00    5.1200000000e+02    1.4280859656e-02    4.3684895833e-01
       166   -1.5810742132e+01    2.5063697667e+02   -2.7468558781e+01    1.1657816649e+01    1.0363712043e+01   -4.0036142064e+01    2.2038712397e+00    5.1200000000e+02    1.3787468889e-02    4.3587239583e-01
       167   -1.5875528617e+01    2.5271511844e+02   -2.7568269716e+01    1.1692741099e+01    1.0374416174e+01   -4.0270333298e+01    2.3276474078e+00    5.1200000000e+02    1.4225488530e-02    4.2513020833e-01
       168   -1.5860403268e+01    2.5218378600e+02   -2.7585468352e+01    1.1725065084e+01    1.0391676251e+01   -4.0105401281e+01    2.1282566774e+00    5.1200000000e+02    1.3959255872e-02    4.4531250000e-01
       169   -1.5823134740e+01    2.5088384763e+02   -2.7483506766e+01    1.1660372026e+01    1.0347898722e+01   -3.9943435406e+01    2.1120299184e+00    5.1200000000e+02    1.3853821245e-02    4.4856770833e-01
       170   -1.5822540756e+01    2.5088788805e+02   -2.7499991198e+01    1.1677450442e+01    1.0332225266e+01   -3.9870558971e+01    2.0383425064e+00    5.1200000000e+02    1.4337954639e-02    4.5540364583e-01
       171   -1.5853289406e+01    2.5187013866e+02   -2.7467545398e+01    1.1614255992e+01    1.0351005416e+01   -4.0149239145e+01    2.3306883313e+00    5.1200000000e+02    1.4413533274e-02    4.4140625000e-01
       172   -1.5894568308e+01    2.5343307831e+02   -2.7673354012e+01    1.1778785704e+01    1.0308182806e+01   -4.0062037566e+01    2.0805007478e+00    5.1200000000e+02    1.3897155374e-02    4.3489583333e-01
       173   -1.5881100893e+01    2.5279426945e+02   -2.7359101051e+01    1.1478000158e+01    1.0152132591e+01   -3.9524627006e+01    2.0133933642e+00    5.1200000000e+02    1.3775403865e-02    4.3326822917e-01
       174   -1.5866475219e+01    2.5235941794e+02   -2.7343989953e+01    1.1477514734e+01    1.0189612204e+01   -3.9294328595e+01    1.7607264370e+00    5.1200000000e+02    1.3718420979e-02    4.4238281250e-01
       175   -1.5825833036e+01    2.5103835434e+02   -2.7357137187e+01    1.1531304151e+01    1.0150450828e+01   -3.9300858102e+01    1.7932700867e+00    5.1200000000e+02    1.3694146855e-02    4.4726562500e-01
       176   -1.5833377270e+01    2.5128314756e+02   -2.7040379581e+01    1.1207002311e+01    1.0202158971e+01   -3.9395135729e+01    2.1525971778e+00    5.1200000000e+02    1.3587263645e-02    4.5540364583e-01
       177   -1.5845002822e+01    2.5177223910e+02   -2.7207235223e+01    1.1362232402e+01    1.0326015786e+01   -3.9971029147e+01    2.4377781375e+00    5.1200000000e+02    1.3898227878e-02    4.6093750000e-01
       178   -1.5835063533e+01    2.5166495189e+02   -2.7021462185e+01    1.1186398652e+01    1.0374093885e+01   -3.9434835815e+01    2.0392797449e+00    5.1200000000e+02    1.3851637932e-02    4.3782552083e-01
       179   -1.5798222134e+01    2.5032880622e+02   -2.7392621003e+01    1.1594398869e+01    1.0214582626e+01   -3.9568083314e+01    1.9608796860e+00    5.1200000000e+02    1.3494941833e-02    4.4921875000e-01
       180   -1.5832522526e+01    2.5144119863e+02   -2.7001291542e+01    1.1168769016e+01    1.0090001731e+01   -3.9209319809e+01    2.1180265351e+00    5.1200000000e+02    1.3433411995e-02    4.4628906250e-01
       181   -1.5916505661e+01    2.5425075496e+02   -2.7113087898e+01    1.1196582237e+01    1.0163119390e+01   -3.9395401313e+01    2.1191940247e+00    5.1200000000e+02    1.3812238547e-02    4.4954427083e-01
       182   -1.5835363078e+01    2.5173721412e+02   -2.7504636961e+01    1.1669273883e+01    1.0148932373e+01   -3.9509246876e+01    1.8556775409e+00    5.1200000000e+02    1.3758021235e-02    4.5214843750e-01
       183   -1.5838659282e+01    2.5149720117e+02   -2.7061772747e+01    1.1223113465e+01    1.0246481337e+01   -3.9606345637e+01    2.2980915536e+00    5.1200000000e+02    1.3673030234e-02    4.5377604167e-01
       184   -1.5828056577e+01    2.5114824373e+02   -2.7123059536e+01    1.1295002959e+01    1.0089966610e+01   -3.9380396152e+01    2.1673700063e+00    5.1200000000e+02    1.3564473140e-02    4.5084635417e-01
       185   -1.5866318511e+01    2.5241629664e+02   -2.7270635468e+01    1.1404316957e+01    1.0263063614e+01   -3.9491360165e+01    1.9576610828e+00    5.1200000000e+02    1.3884763904e-02    4.2871093750e-01
       186   -1.5860566055e+01    2.5235471643e+02   -2.7215731699e+01    1.1355165644e+01    1.0399100439e+01   -4.0230568892e+01    2.6157367541e+00    5.1200000000e+02    1.3908892554e-02    4.3131510417e-01
       187   -1.5879755914e+01    2.5274075934e+02   -2.6951242696e+01    1.1071486782e+01    1.0348232809e+01   -3.9638570013e+01    2.3390945082e+00    5.1200000000e+02    1.3843333733e-02    4.4954427083e-01
       188   -1.5918044116e+01    2.5421513583e+02   -2.7357184048e+01    1.1439139932e+01    1.0468567934e+01   -4.0482985429e+01    2.6572334468e+00    5.1200000000e+02    1.4446965444e-02    4.4661458333e-01
       189   -1.5924589414e+01    2.5437460992e+02   -2.7556000855e+01    1.1631411441e+01    1.0394525972e+01   -4.0385984796e+01    2.4354579689e+00    5.1200000000e+02    1.4567353567e-02    4.3717447917e-01
       190   -1.5925759576e+01    2.5430604318e+02   -2.7438040265e+01    1.1512280689e+01    1.0418228286e+01   -4.0078255639e+01    2.2219870877e+00    5.1200000000e+02    1.4187174924e-02    4.4596354167e-01
       191   -1.5884603156e+01    2.5300019166e+02   -2.7376951840e+01    1.1492348684e+01    1.0376527348e+01   -3.9769780991e+01    2.0163018039e+00    5.1200000000e+02    1.3744570195e-02    4.5410156250e-01
       192   -1.5852831957e+01    2.5203278669e+02   -2.7406979448e+01    1.1554147491e+01    1.0363557767e+01   -3.9860392943e+01    2.0898557280e+00    5.1200000000e+02    1.3911429888e-02    4.5703125000e-01
       193   -1.5840121450e+01    2.5170423954e+02   -2.7437551923e+01    1.1597430473e+01    1.0409860473e+01   -4.0028501053e+01    2.1810886574e+00    5.1200000000e+02    1.4295256116e-02    4.4401041667e-01
       194   -1.5827260252e+01    2.5115996743e+02   -2.7293909303e+01    1.1466649051e+01    1.0298037066e+01   -3.9409581945e+01    1.8176355759e+00    5.1200000000e+02    1.3727917200e-02    4.3554687500e-01
       195   -1.5830205313e+01    2.5127675135e+02   -2.7159792311e+01    1.1329586998e+01    1.0157376174e+01   -3.9439587371e+01    2.1224188868e+00    5.1200000000e+02    1.3794585659e-02    4.6321614583e-01
       196   -1.5862918136e+01    2.5231308449e+02   -2.7020418081e+01    1.1157499945e+01    1.0161719534e+01   -3.9327933406e+01    2.1457957905e+00    5.1200000000e+02    1.3839519170e-02    4.3489583333e-01
       197   -1.5805017274e+01    2.5033581834e+02   -2.7277744908e+01    1.1472727634e+01    1.0212322267e+01   -3.9279263344e+01    1.7891961690e+00    5.1200000000e+02    1.3719162314e-02    4.4075520833e-01
       198   -1.5861108306e+01    2.5216991992e+02   -2.6744711702e+01    1.0883603395e+01    1.0235992273e+01   -3.9261824703e+01    2.2811207279e+00    5.1200000000e+02    1.3682004641e-02    4.4759114583e-01
       199   -1.5846149123e+01    2.5173982173e+02   -2.6834357222e+01    1.0988208099e+01    1.0234367416e+01   -3.9122509667e+01    2.0537850286e+00    5.1200000000e+02    1.3776330903e-02    4.4368489583e-01
