#   index    LocalEnergy         LocalEnergy_sq      LocalPotential      Kinetic             ElecElec            LocalECP            NonLocalECP         BlockWeight         BlockCPU            AcceptRatio         
         0   -1.5910306269e+01    2.5379097129e+02   -2.7353010682e+01    1.1442704413e+01    1.0378197751e+01   -3.9673835786e+01    1.9426273535e+00    5.1200000000e+02    1.4127309697e-02    4.3945312500e-01
         1   -1.5904549885e+01    2.5348679055e+02   -2.7593274898e+01    1.1688725013e+01    1.0502129207e+01   -3.9857103482e+01    1.7616993764e+00    5.1200000000e+02    1.4221016334e-02    4.4628906250e-01
         2   -1.5876385983e+01    2.5273820961e+02   -2.7801505602e+01    1.1925119619e+01    1.0550947238e+01   -4.0700904913e+01    2.3484520735e+00    5.1200000000e+02    1.4191708152e-02    4.4140625000e-01
         3   -1.5860156589e+01    2.5239152879e+02   -2.7303974407e+01    1.1443817817e+01    1.0332891755e+01   -4.0002079762e+01    2.3652136002e+00    5.1200000000e+02    1.3570547122e-02    4.4661458333e-01
         4   -1.5872289368e+01    2.5254045561e+02   -2.7580874504e+01    1.1708585135e+01    1.0487978992e+01   -4.0567728196e+01    2.4988747010e+00    5.1200000000e+02    1.3509231658e-02    4.5084635417e-01
         5   -1.5863224084e+01    2.5219078751e+02   -2.7726699820e+01    1.1863475736e+01    1.0567271310e+01   -4.0568672566e+01    2.2747014353e+00    5.1200000000e+02    1.3964282874e-02    4.3001302083e-01
         6   -1.5857661950e+01    2.5215486101e+02   -2.7874112354e+01    1.2016450405e+01    1.0525966344e+01   -4.0356462088e+01    1.9563833892e+00    5.1200000000e+02    1.3464096907e-02    4.4498697917e-01
         7   -1.5820892291e+01    2.5124426616e+02   -2.7941082531e+01    1.2120190240e+01    1.0428012059e+01   -4.0403886809e+01    2.0347922187e+00    5.1200000000e+02    1.3990666343e-02    4.4889322917e-01
         8   -1.5870968386e+01    2.5266026871e+02   -2.7525609512e+01    1.1654641126e+01    1.0382219694e+01   -4.0257418614e+01    2.3495894077e+00    5.1200000000e+02    1.3955427207e-02    4.4466145833e-01
         9   -1.5864179857e+01    2.5244009143e+02   -2.7816391500e+01    1.1952211643e+01    1.0473585477e+01   -4.0338527410e+01    2.0485504331e+00    5.1200000000e+02    1.3962619358e-02    4.4270833333e-01
        10   -1.5857592346e+01    2.5232541598e+02   -2.7952893036e+01    1.2095300690e+01    1.0471935343e+01   -4.0587318187e+01    2.1624898076e+00    5.1200000000e+02    1.3961842244e-02    4.2936197917e-01
        11   -1.5882180740e+01    2.5294779033e+02   -2.7741872992e+01    1.1859692252e+01    1.0643979025e+01   -4.0554555768e+01    2.1687037508e+00    5.1200000000e+02    1.4043034707e-02    4.5475260417e-01
        12   -1.5848655427e+01    2.5189373454e+02   -2.7831453909e+01    1.1982798482e+01    1.0518097724e+01   -4.0425343733e+01    2.0757921004e+00    5.1200000000e+02    1.3935578035e-02    4.4628906250e-01
        13   -1.5865361188e+01    2.5234017020e+02   -2.7690209335e+01    1.1824848147e+01    1.0466067794e+01   -3.9845181427e+01    1.6889042980e+00    5.1200000000e+02    1.4135263235e-02    4.3880208333e-01
        14   -1.5885505638e+01    2.5298280867e+02   -2.7464601757e+01    1.1579096119e+01    1.0499179589e+01   -3.9983781683e+01    2.0200003373e+00    5.1200000000e+02    1.3735377078e-02    4.4889322917e-01
        15   -1.5889645321e+01    2.5323541806e+02   -2.7366171362e+01    1.1476526041e+01    1.0535012565e+01   -3.9780683760e+01    1.8794998336e+00    5.1200000000e+02    1.3552778616e-02    4.5345052083e-01
        16   -1.5849307602e+01    2.5179881210e+02   -2.7539196303e+01    1.1689888701e+01    1.0451795463e+01   -3.9922753174e+01    1.9317614081e+00    5.1200000000e+02    1.3699485874e-02    4.4986979167e-01
        17   -1.5812363901e+01    2.5076367562e+02   -2.7255800407e+01    1.1443436506e+01    1.0323023179e+01   -3.9787213227e+01    2.2083896412e+00    5.1200000000e+02    1.3721108247e-02    4.6191406250e-01
        18   -1.5919871032e+01    2.5427522787e+02   -2.7507000317e+01    1.1587129284e+01    1.0365796733e+01   -3.9734848189e+01    1.8620511390e+00    5.1200000000e+02    1.3728106589e-02    4.5638020833e-01
        19   -1.5865398021e+01    2.5230006541e+02   -2.7294728450e+01    1.1429330428e+01    1.0204118116e+01   -3.9317994958e+01    1.8191483926e+00    5.1200000000e+02    1.3469225515e-02    4.3033854167e-01
        20   -1.5843162558e+01    2.5156885346e+02   -2.7101184538e+01    1.1258021981e+01    1.0194549072e+01   -3.9135634103e+01    1.8399004933e+00    5.1200000000e+02    1.3698000095e-02    4.4726562500e-01
        21   -1.5831838594e+01    2.5116367542e+02   -2.7186041960e+01    1.1354203365e+01    1.0180916850e+01   -3.9156312328e+01    1.7893535188e+00    5.1200000000e+02    1.3114622727e-02    4.3457031250e-01
        22   -1.5808923953e+01    2.5040694994e+02   -2.6977870475e+01    1.1168946521e+01    1.0190082874e+01   -3.9530554507e+01    2.3626011582e+00    5.1200000000e+02    1.3196091912e-02    4.3359375000e-01
        23   -1.5801978474e+01    2.5032319377e+02   -2.7497606838e+01    1.1695628364e+01    1.0295591983e+01   -3.9951561282e+01    2.1583624606e+00    5.1200000000e+02    1.3392829373e-02    4.6223958333e-01
        24   -1.5868467140e+01    2.5257386539e+02   -2.7952464130e+01    1.2083996990e+01    1.0356337228e+01   -4.0394110207e+01    2.0853088494e+00    5.1200000000e+02    1.3543885718e-02    4.4596354167e-01
        25   -1.5857641257e+01    2.5217862252e+02   -2.7530651258e+01    1.1673010001e+01    1.0232679478e+01   -3.9885884586e+01    2.1225538502e+00    5.1200000000e+02    1.3597654478e-02    4.4824218750e-01
        26   -1.5810813309e+01    2.5065805106e+02   -2.7573473949e+01    1.1762660639e+01    1.0172803007e+01   -3.9614613474e+01    1.8683365185e+00    5.1200000000e+02    1.3964818022e-02    4.4531250000e-01
        27   -1.5845255330e+01    2.5179137410e+02   -2.7556546336e+01    1.1711291007e+01    1.0204196780e+01   -3.9363390292e+01    1.6026471760e+00    5.1200000000e+02    1.3282383209e-02    4.3619791667e-01
        28   -1.5843613961e+01    2.5177101433e+02   -2.7236436174e+01    1.1392822213e+01    1.0138843038e+01   -3.9267033100e+01    1.8917538879e+00    5.1200000000e+02    1.3480761311e-02    4.4075520833e-01
        29   -1.5865391513e+01    2.5238392972e+02   -2.7347867006e+01    1.1482475493e+01    1.0094381418e+01   -3.9513928502e+01    2.0716800783e+00    5.1200000000e+02    1.3783699370e-02    4.5345052083e-01
        30   -1.5900772764e+01    2.5367187819e+02   -2.7395568805e+01    1.1494796040e+01    1.0097557989e+01   -3.9596139198e+01    2.1030124039e+00    5.1200000000e+02    1.3803288933e-02    4.2350260417e-01
        31   -1.5876103284e+01    2.5294238643e+02   -2.7178559365e+01    1.1302456080e+01    1.0156639142e+01   -3.9573118482e+01    2.2379199751e+00    5.1200000000e+02    1.3633734495e-02    4.6158854167e-01
        32   -1.5864099425e+01    2.5277076750e+02   -2.7364479221e+01    1.1500379796e+01    1.0133588403e+01   -3.9885697959e+01    2.3876303359e+00    5.1200000000e+02    1.3417008984e-02    4.3131510417e-01
        33   -1.5896488444e+01    2.5386300439e+02   -2.8224059015e+01    1.2327570572e+01    1.0178179091e+01   -3.9918573624e+01    1.5163355178e+00    5.1200000000e+02    1.3667546853e-02    4.7265625000e-01
        34   -1.5854043471e+01    2.5206296060e+02   -2.7374254657e+01    1.1520211186e+01    1.0180035904e+01   -4.0050593611e+01    2.4963030502e+00    5.1200000000e+02    1.3737134575e-02    4.3945312500e-01
        35   -1.5928762411e+01    2.5450583032e+02   -2.7490952369e+01    1.1562189958e+01    1.0127834269e+01   -3.9764974756e+01    2.1461881183e+00    5.1200000000e+02    1.3524082568e-02    4.5052083333e-01
        36   -1.5876684990e+01    2.5266256644e+02   -2.7191021910e+01    1.1314336920e+01    1.0025526399e+01   -3.9195939971e+01    1.9793916622e+00    5.1200000000e+02    1.3290887275e-02    4.4921875000e-01
        37   -1.5856737856e+01    2.5204073528e+02   -2.6935104159e+01    1.1078366303e+01    1.0085185726e+01   -3.9136507093e+01    2.1162172075e+00    5.1200000000e+02    1.3868691108e-02    4.3391927083e-01
        38   -1.5856583217e+01    2.5203572551e+02   -2.6961053484e+01    1.1104470267e+01    1.0033953977e+01   -3.8971239610e+01    1.9762321495e+00    5.1200000000e+02    1.3390277717e-02    4.5182291667e-01
        39   -1.5865192317e+01    2.5237866594e+02   -2.7219681760e+01    1.1354489443e+01    1.0046519139e+01   -3.9370430830e+01    2.1042299311e+00    5.1200000000e+02    1.3439894272e-02    4.5345052083e-01
        40   -1.5836486186e+01    2.5153985125e+02   -2.7552361518e+01    1.1715875332e+01    1.0192025592e+01   -4.0019828790e+01    2.2754416799e+00    5.1200000000e+02    1.3224638384e-02    4.4498697917e-01
        41   -1.5817422448e+01    2.5086031677e+02   -2.7342096848e+01    1.1524674400e+01    1.0101070423e+01   -3.9590529844e+01    2.1473625737e+00    5.1200000000e+02    1.3240483582e-02    4.3457031250e-01
        42   -1.5819032813e+01    2.5075178566e+02   -2.7279460112e+01    1.1460427299e+01    1.0092980555e+01   -3.9440762332e+01    2.0683216651e+00    5.1200000000e+02    1.3717769512e-02    4.5507812500e-01
        43   -1.5836154756e+01    2.5138668841e+02   -2.7367217580e+01    1.1531062823e+01    1.0224396892e+01   -3.9580712206e+01    1.9890977341e+00    5.1200000000e+02    1.3909191377e-02    4.4726562500e-01
        44   -1.5910511122e+01    2.5384801157e+02   -2.7449239512e+01    1.1538728390e+01    1.0251734303e+01   -4.0133788359e+01    2.4328145441e+00    5.1200000000e+02    1.3369434329e-02    4.3457031250e-01
        45   -1.5857610123e+01    2.5211104193e+02   -2.7707846764e+01    1.1850236642e+01    1.0184809902e+01   -4.0162060740e+01    2.2694040737e+00    5.1200000000e+02    1.3144058274e-02    4.3489583333e-01
        46   -1.5870234363e+01    2.5260529942e+02   -2.7679141136e+01    1.1808906773e+01    1.0192079520e+01   -3.9824148430e+01    1.9529277733e+00    5.1200000000e+02    1.3357396221e-02    4.5572916667e-01
        47   -1.5852907430e+01    2.5205279418e+02   -2.7650790255e+01    1.1797882825e+01    1.0206892576e+01   -3.9945423902e+01    2.0877410710e+00    5.1200000000e+02    1.4237517927e-02    4.4238281250e-01
        48   -1.5878134671e+01    2.5327805724e+02   -2.7682491141e+01    1.1804356471e+01    1.0144757988e+01   -3.9531922341e+01    1.7046732108e+00    5.1200000000e+02    1.3252571421e-02    4.4205729167e-01
        49   -1.5867705207e+01    2.5241021666e+02   -2.6780904035e+01    1.0913198828e+01    1.0079646004e+01   -3.8920653128e+01    2.0601030893e+00    5.1200000000e+02    1.3342221089e-02    4.4140625000e-01
        50   -1.5817393823e+01    2.5069843835e+02   -2.6679280370e+01    1.0861886547e+01    1.0060488035e+01   -3.8965523993e+01    2.2257555884e+00    5.1200000000e+02    1.3245200908e-02    4.3945312500e-01
        51   -1.5794639754e+01    2.5008005844e+02   -2.6842504233e+01    1.1047864479e+01    1.0062723898e+01   -3.8919096219e+01    2.0138680888e+00    5.1200000000e+02    1.3198322017e-02    4.4401041667e-01
        52   -1.5839791031e+01    2.5156770671e+02   -2.7257862268e+01    1.1418071236e+01    1.0170799515e+01   -3.9237600697e+01    1.8089389148e+00    5.1200000000e+02    1.3236285889e-02    4.4661458333e-01
        53   -1.5826346535e+01    2.5102037795e+02   -2.7179156142e+01    1.1352809607e+01    1.0161006510e+01   -3.9148633689e+01    1.8084710365e+00    5.1200000000e+02    1.2797011746e-02    4.5149739583e-01
        54   -1.5863059086e+01    2.5206724341e+02   -2.6874878057e+01    1.1011818971e+01    1.0143417988e+01   -3.9081445659e+01    2.0631496150e+00    5.1200000000e+02    1.3639287424e-02    4.4303385417e-01
        55   -1.5875817901e+01    2.5269870572e+02   -2.6647352936e+01    1.0771535035e+01    1.0151341516e+01   -3.8681885781e+01    1.8831913285e+00    5.1200000000e+02    1.3659716084e-02    4.3522135417e-01
        56   -1.5880612035e+01    2.5284902939e+02   -2.7215221375e+01    1.1334609340e+01    1.0201792771e+01   -3.9288794058e+01    1.8717799122e+00    5.1200000000e+02    1.3672327253e-02    4.5279947917e-01
        57   -1.5837708574e+01    2.5131366062e+02   -2.7201792960e+01    1.1364084386e+01    1.0186923458e+01   -3.9321600750e+01    1.9328843320e+00    5.1200000000e+02    1.3610054807e-02    4.4270833333e-01
        58   -1.5834408650e+01    2.5134161165e+02   -2.7587064034e+01    1.1752655384e+01    1.0304756331e+01   -4.0012185532e+01    2.1203651674e+00    5.1200000000e+02    1.3545731152e-02    4.4401041667e-01
        59   -1.5864786672e+01    2.5231779871e+02   -2.7215759747e+01    1.1350973075e+01    1.0160143948e+01   -3.9310165256e+01    1.9342615605e+00    5.1200000000e+02    1.3579100146e-02    4.5410156250e-01
        60   -1.5908871653e+01    2.5377763427e+02   -2.7300760771e+01    1.1391889118e+01    1.0226393934e+01   -3.9511955831e+01    1.9848011265e+00    5.1200000000e+02    1.3107014277e-02    4.5475260417e-01
        61   -1.5850304645e+01    2.5184474730e+02   -2.7416641350e+01    1.1566336705e+01    1.0247575157e+01   -3.9189481221e+01    1.5252647138e+00    5.1200000000e+02    1.3591437998e-02    4.4466145833e-01
        62   -1.5906867202e+01    2.5367253600e+02   -2.7516874906e+01    1.1610007703e+01    1.0324496026e+01   -3.9593469057e+01    1.7520981250e+00    5.1200000000e+02    1.3467863906e-02    4.3782552083e-01
        63   -1.5885159254e+01    2.5305155599e+02   -2.7706539216e+01    1.1821379962e+01    1.0239156335e+01   -4.0058231500e+01    2.1125359490e+00    5.1200000000e+02    1.3492967085e-02    4.7037760417e-01
        64   -1.5881619240e+01    2.5305052717e+02   -2.7115953139e+01    1.1234333899e+01    1.0238973216e+01   -3.9572171052e+01    2.2172446972e+00    5.1200000000e+02    1.3664064844e-02    4.4270833333e-01
        65   -1.5831298364e+01    2.5120679136e+02   -2.7531553779e+01    1.1700255415e+01    1.0243243502e+01   -3.9870808506e+01    2.0960112249e+00    5.1200000000e+02    1.3656410874e-02    4.5182291667e-01
        66   -1.5792896582e+01    2.5005827266e+02   -2.7854921697e+01    1.2062025114e+01    1.0272617605e+01   -3.9996593872e+01    1.8690545700e+00    5.1200000000e+02    1.3731732661e-02    4.3782552083e-01
        67   -1.5833720615e+01    2.5138207860e+02   -2.7436005293e+01    1.1602284678e+01    1.0312043582e+01   -4.0133989207e+01    2.3859403317e+00    5.1200000000e+02    1.3478958420e-02    4.3815104167e-01
        68   -1.5838460150e+01    2.5151176627e+02   -2.7495923675e+01    1.1657463525e+01    1.0276095641e+01   -3.9951167940e+01    2.1791486245e+00    5.1200000000e+02    1.3344554268e-02    4.5084635417e-01
        69   -1.5840087176e+01    2.5148915799e+02   -2.7610679589e+01    1.1770592413e+01    1.0294961839e+01   -4.0083469524e+01    2.1778280962e+00    5.1200000000e+02    1.4156824116e-02    4.4010416667e-01
        70   -1.5821929363e+01    2.5108128377e+02   -2.7541376920e+01    1.1719447557e+01    1.0258333856e+01   -4.0125328300e+01    2.3256175229e+00    5.1200000000e+02    1.3833151794e-02    4.4401041667e-01
        71   -1.5829345225e+01    2.5118155183e+02   -2.7380298617e+01    1.1550953391e+01    1.0274912171e+01   -3.9865616091e+01    2.2104053027e+00    5.1200000000e+02    1.3364018154e-02    4.3880208333e-01
        72   -1.5806079337e+01    2.5040178422e+02   -2.7323510471e+01    1.1517431135e+01    1.0209176499e+01   -3.9590352519e+01    2.0576655494e+00    5.1200000000e+02    1.3348681199e-02    4.4075520833e-01
        73   -1.5814673673e+01    2.5069800481e+02   -2.7037053321e+01    1.1222379647e+01    1.0260956766e+01   -3.9536614021e+01    2.2386039345e+00    5.1200000000e+02    1.3048742124e-02    4.4140625000e-01
        74   -1.5840097348e+01    2.5150317676e+02   -2.7189599550e+01    1.1349502202e+01    1.0361441041e+01   -3.9660600389e+01    2.1095597984e+00    5.1200000000e+02    1.3812712383e-02    4.4303385417e-01
        75   -1.5878209296e+01    2.5272874721e+02   -2.7328371615e+01    1.1450162318e+01    1.0294716553e+01   -3.9732800978e+01    2.1097128104e+00    5.1200000000e+02    1.3846496372e-02    4.4596354167e-01
        76   -1.5881230337e+01    2.5286154439e+02   -2.7403096549e+01    1.1521866212e+01    1.0205161069e+01   -3.9833612490e+01    2.2253548713e+00    5.1200000000e+02    1.3633187681e-02    4.5930989583e-01
        77   -1.5861004900e+01    2.5226344502e+02   -2.7683148913e+01    1.1822144013e+01    1.0298499475e+01   -4.0131223395e+01    2.1495750071e+00    5.1200000000e+02    1.3055126924e-02    4.4498697917e-01
        78   -1.5835635536e+01    2.5138900682e+02   -2.7725657317e+01    1.1890021781e+01    1.0262772483e+01   -3.9708572637e+01    1.7201428368e+00    5.1200000000e+02    1.3513246338e-02    4.5312500000e-01
        79   -1.5910892667e+01    2.5380985445e+02   -2.7565879201e+01    1.1654986535e+01    1.0299904062e+01   -4.0179879953e+01    2.3140966899e+00    5.1200000000e+02    1.3861941807e-02    4.5605468750e-01
        80   -1.5940165619e+01    2.5484287987e+02   -2.7533970925e+01    1.1593805307e+01    1.0284027079e+01   -3.9642808803e+01    1.8248107985e+00    5.1200000000e+02    1.3688853708e-02    4.5312500000e-01
        81   -1.5889795365e+01    2.5315031118e+02   -2.7492058021e+01    1.1602262656e+01    1.0327759384e+01   -3.9500755791e+01    1.6809383863e+00    5.1200000000e+02    1.3960041099e-02    4.3815104167e-01
        82   -1.5858310646e+01    2.5211392649e+02   -2.7267153819e+01    1.1408843173e+01    1.0250898953e+01   -3.9456632051e+01    1.9385792788e+00    5.1200000000e+02    1.3715568735e-02    4.4433593750e-01
        83   -1.5904068281e+01    2.5348549322e+02   -2.7235644516e+01    1.1331576235e+01    1.0300099892e+01   -3.9517856731e+01    1.9821123233e+00    5.1200000000e+02    1.3875794231e-02    4.3815104167e-01
        84   -1.5852127075e+01    2.5183679508e+02   -2.6897296245e+01    1.1045169170e+01    1.0133458493e+01   -3.9117407473e+01    2.0866527351e+00    5.1200000000e+02    1.3671566919e-02    4.4791666667e-01
        85   -1.5869682755e+01    2.5245334489e+02   -2.6907784831e+01    1.1038102077e+01    1.0254865487e+01   -3.9056534242e+01    1.8938839243e+00    5.1200000000e+02    1.3561034089e-02    4.4726562500e-01
        86   -1.5832122862e+01    2.5126940339e+02   -2.6956795198e+01    1.1124672336e+01    1.0121125354e+01   -3.8946092490e+01    1.8681719380e+00    5.1200000000e+02    1.3950880388e-02    4.4661458333e-01
        87   -1.5820041168e+01    2.5082152710e+02   -2.6897429523e+01    1.1077388355e+01    1.0197166502e+01   -3.9275627208e+01    2.1810311828e+00    5.1200000000e+02    1.3293352351e-02    4.3457031250e-01
        88   -1.5770029523e+01    2.4932961388e+02   -2.6595813657e+01    1.0825784134e+01    1.0238072221e+01   -3.9258712181e+01    2.4248263033e+00    5.1200000000e+02    1.3517008232e-02    4.4856770833e-01
        89   -1.5875081478e+01    2.5285086096e+02   -2.7037930202e+01    1.1162848724e+01    1.0257381262e+01   -3.9379056672e+01    2.0837452074e+00    5.1200000000e+02    1.3680524541e-02    4.4173177083e-01
        90   -1.5893438554e+01    2.5366019572e+02   -2.7339609413e+01    1.1446170859e+01    1.0264733593e+01   -3.9580356032e+01    1.9760130258e+00    5.1200000000e+02    1.3752425366e-02    4.7265625000e-01
        91   -1.5896381507e+01    2.5348412853e+02   -2.7315613493e+01    1.1419231986e+01    1.0196821687e+01   -3.9392727343e+01    1.8802921629e+00    5.1200000000e+02    1.3664219248e-02    4.3489583333e-01
        92   -1.5891391228e+01    2.5322477026e+02   -2.7210608191e+01    1.1319216963e+01    1.0141728831e+01   -3.9381144547e+01    2.0288075252e+00    5.1200000000e+02    1.3479183304e-02    4.5052083333e-01
        93   -1.5883367023e+01    2.5309608511e+02   -2.7175193660e+01    1.1291826637e+01    1.0166931430e+01   -3.9426268864e+01    2.0841437740e+00    5.1200000000e+02    1.3668120688e-02    4.5182291667e-01
        94   -1.5864735428e+01    2.5228021596e+02   -2.7241700451e+01    1.1376965023e+01    1.0189449661e+01   -3.9127318462e+01    1.6961683500e+00    5.1200000000e+02    1.3410813589e-02    4.5703125000e-01
        95   -1.5909620493e+01    2.5381164266e+02   -2.7422396370e+01    1.1512775877e+01    1.0166847173e+01   -3.9062115549e+01    1.4728720060e+00    5.1200000000e+02    1.3544612566e-02    4.3945312500e-01
        96   -1.5850519629e+01    2.5175454024e+02   -2.7221865492e+01    1.1371345863e+01    1.0171450304e+01   -3.9483768667e+01    2.0904528716e+00    5.1200000000e+02    1.4300784924e-02    4.5865885417e-01
        97   -1.5836049171e+01    2.5140291385e+02   -2.7050179880e+01    1.1214130709e+01    1.0327164327e+01   -4.0019264628e+01    2.6419204213e+00    5.1200000000e+02    1.3874838948e-02    4.3750000000e-01
        98   -1.5830199134e+01    2.5141228096e+02   -2.7081853905e+01    1.1251654771e+01    1.0291357498e+01   -3.9833843609e+01    2.4606322057e+00    5.1200000000e+02    1.4211636411e-02    4.3847656250e-01
        99   -1.5855211267e+01    2.5220106220e+02   -2.7621113435e+01    1.1765902168e+01    1.0316406319e+01   -4.0299567518e+01    2.3620477639e+00    5.1200000000e+02    1.3470198813e-02    4.4596354167e-01
       100   -1.5836528831e+01    2.5149625877e+02   -2.7823072004e+01    1.1986543173e+01    1.0362100008e+01   -4.0698658137e+01    2.5134861262e+00    5.1200000000e+02    1.3958388120e-02    4.4108072917e-01
       101   -1.5840233268e+01    2.5155303566e+02   -2.7604168899e+01    1.1763935631e+01    1.0346826953e+01   -4.0399480117e+01    2.4484842648e+00    5.1200000000e+02    1.3598023555e-02    4.3945312500e-01
       102   -1.5854398673e+01    2.5198382091e+02   -2.7561851086e+01    1.1707452413e+01    1.0435439567e+01   -4.0324687916e+01    2.3273972631e+00    5.1200000000e+02    1.3830856810e-02    4.5442708333e-01
       103   -1.5856303875e+01    2.5198060795e+02   -2.7434642380e+01    1.1578338505e+01    1.0256037396e+01   -4.0084523277e+01    2.3938435016e+00    5.1200000000e+02    1.3789212986e-02    4.4628906250e-01
       104   -1.5816472321e+01    2.5076081410e+02   -2.7463283236e+01    1.1646810915e+01    1.0319991316e+01   -4.0186910632e+01    2.4036360801e+00    5.1200000000e+02    1.3819478865e-02    4.4531250000e-01
       105   -1.5839412951e+01    2.5150514438e+02   -2.7375630830e+01    1.1536217879e+01    1.0345980356e+01   -4.0090073546e+01    2.3684623600e+00    5.1200000000e+02    1.4050786812e-02    4.5279947917e-01
       106   -1.5869879789e+01    2.5245818639e+02   -2.7545755626e+01    1.1675875838e+01    1.0331135070e+01   -4.0318257259e+01    2.4413665628e+00    5.1200000000e+02    1.4175606882e-02    4.3619791667e-01
       107   -1.5862337338e+01    2.5219270312e+02   -2.7543670332e+01    1.1681332994e+01    1.0260366625e+01   -4.0063678670e+01    2.2596417121e+00    5.1200000000e+02    1.3723048132e-02    4.5703125000e-01
       108   -1.5869310315e+01    2.5233745707e+02   -2.7005112935e+01    1.1135802620e+01    1.0278520192e+01   -3.9574478883e+01    2.2908457568e+00    5.1200000000e+02    1.3502944375e-02    4.3750000000e-01
       109   -1.5879831702e+01    2.5281944437e+02   -2.7341125771e+01    1.1461294069e+01    1.0317037893e+01   -3.9930902240e+01    2.2727385762e+00    5.1200000000e+02    1.4148861052e-02    4.2773437500e-01
       110   -1.5834688223e+01    2.5165077211e+02   -2.7372320516e+01    1.1537632294e+01    1.0336459007e+01   -4.0178407578e+01    2.4696280537e+00    5.1200000000e+02    1.4028238523e-02    4.5052083333e-01
       111   -1.5877025509e+01    2.5269986437e+02   -2.7628605333e+01    1.1751579823e+01    1.0424939144e+01   -4.0330816771e+01    2.2772722945e+00    5.1200000000e+02    1.4030228596e-02    4.5865885417e-01
       112   -1.5919935565e+01    2.5427772873e+02   -2.7796675159e+01    1.1876739593e+01    1.0411207834e+01   -4.0662909039e+01    2.4550260464e+00    5.1200000000e+02    1.3864784990e-02    4.3359375000e-01
       113   -1.5890902080e+01    2.5312803861e+02   -2.7686507922e+01    1.1795605842e+01    1.0365078321e+01   -4.0254387024e+01    2.2028007811e+00    5.1200000000e+02    1.4054104869e-02    4.5117187500e-01
       114   -1.5962194862e+01    2.5551373479e+02   -2.7710924035e+01    1.1748729173e+01    1.0375353196e+01   -4.0388776776e+01    2.3024995450e+00    5.1200000000e+02    1.3944663313e-02    4.3880208333e-01
       115   -1.5940511375e+01    2.5481135368e+02   -2.7838367827e+01    1.1897856452e+01    1.0326837416e+01   -4.0238594347e+01    2.0733891044e+00    5.1200000000e+02    1.3523575364e-02    4.4075520833e-01
       116   -1.5916130247e+01    2.5391051982e+02   -2.7314664827e+01    1.1398534580e+01    1.0341827096e+01   -3.9898410565e+01    2.2419186419e+00    5.1200000000e+02    1.3530743438e-02    4.4531250000e-01
       117   -1.5929032656e+01    2.5456223689e+02   -2.7944127997e+01    1.2015095341e+01    1.0322938064e+01   -4.0042355421e+01    1.7752893607e+00    5.1200000000e+02    1.3909227239e-02    4.3359375000e-01
       118   -1.5880600878e+01    2.5279677559e+02   -2.7709134572e+01    1.1828533694e+01    1.0306684993e+01   -4.0113904082e+01    2.0980845165e+00    5.1200000000e+02    1.3967375864e-02    4.5475260417e-01
       119   -1.5855415751e+01    2.5198416462e+02   -2.7363956110e+01    1.1508540359e+01    1.0372953444e+01   -3.9957047665e+01    2.2201381114e+00    5.1200000000e+02    1.3531296162e-02    4.2350260417e-01
       120   -1.5863757439e+01    2.5225551493e+02   -2.7722600537e+01    1.1858843099e+01    1.0251589317e+01   -3.9636658272e+01    1.6624684177e+00    5.1200000000e+02    1.3800467578e-02    4.4759114583e-01
       121   -1.5844952611e+01    2.5161104179e+02   -2.7531158749e+01    1.1686206138e+01    1.0395030217e+01   -3.9860295958e+01    1.9341069920e+00    5.1200000000e+02    1.3289790449e-02    4.3945312500e-01
       122   -1.5857329433e+01    2.5204381838e+02   -2.7909302704e+01    1.2051973272e+01    1.0383616796e+01   -4.0272889161e+01    1.9799696601e+00    5.1200000000e+02    1.3722000935e-02    4.4824218750e-01
       123   -1.5912648222e+01    2.5379586612e+02   -2.7729165340e+01    1.1816517118e+01    1.0348550442e+01   -4.0438426822e+01    2.3607110404e+00    5.1200000000e+02    1.3595107703e-02    4.5247395833e-01
       124   -1.5916794595e+01    2.5391617401e+02   -2.7750254429e+01    1.1833459834e+01    1.0340639176e+01   -4.0065658054e+01    1.9747644485e+00    5.1200000000e+02    1.3706621326e-02    4.4433593750e-01
       125   -1.5945599009e+01    2.5501875674e+02   -2.7234517273e+01    1.1288918264e+01    1.0358952122e+01   -4.0008387035e+01    2.4149176403e+00    5.1200000000e+02    1.3482904209e-02    4.3619791667e-01
       126   -1.5965760157e+01    2.5560614470e+02   -2.7436457388e+01    1.1470697231e+01    1.0248772802e+01   -3.9911577035e+01    2.2263468447e+00    5.1200000000e+02    1.3985715930e-02    4.3229166667e-01
       127   -1.5889824192e+01    2.5311795046e+02   -2.7308424266e+01    1.1418600074e+01    1.0299794667e+01   -3.9813627078e+01    2.2054081455e+00    5.1200000000e+02    1.3709481094e-02    4.3619791667e-01
       128   -1.5889916438e+01    2.5325685896e+02   -2.7434312132e+01    1.1544395694e+01    1.0411131499e+01   -4.0163980194e+01    2.3185365635e+00    5.1200000000e+02    1.3812264163e-02    4.4368489583e-01
       129   -1.5822840877e+01    2.5102344272e+02   -2.7266817470e+01    1.1443976593e+01    1.0256687487e+01   -3.9707916434e+01    2.1844114764e+00    5.1200000000e+02    1.3648807290e-02    4.5410156250e-01
       130   -1.5842541089e+01    2.5154606616e+02   -2.7189036038e+01    1.1346494949e+01    1.0237406747e+01   -3.9008860977e+01    1.5824181923e+00    5.1200000000e+02    1.3468815142e-02    4.3359375000e-01
       131   -1.5867386823e+01    2.5248121487e+02   -2.7408241476e+01    1.1540854653e+01    1.0359458998e+01   -3.9352874745e+01    1.5851742705e+00    5.1200000000e+02    1.4170127793e-02    4.4238281250e-01
       132   -1.5862081624e+01    2.5218944634e+02   -2.7179915452e+01    1.1317833828e+01    1.0284885286e+01   -3.9312839652e+01    1.8480389138e+00    5.1200000000e+02    1.3851519531e-02    4.4954427083e-01
       133   -1.5809153613e+01    2.5064589665e+02   -2.6781585684e+01    1.0972432071e+01    1.0229021384e+01   -3.9021332628e+01    2.0107255594e+00    5.1200000000e+02    1.3507753054e-02    4.2220052083e-01
       134   -1.5855282236e+01    2.5182438458e+02   -2.6960638458e+01    1.1105356222e+01    1.0136757839e+01   -3.8980223554e+01    1.8828272574e+00    5.1200000000e+02    1.3596001213e-02    4.4270833333e-01
       135   -1.5871471345e+01    2.5233387405e+02   -2.6980530781e+01    1.1109059435e+01    1.0195648239e+01   -3.9165421801e+01    1.9892427812e+00    5.1200000000e+02    1.3260594968e-02    4.4466145833e-01
       136   -1.5898392750e+01    2.5331295596e+02   -2.7090883726e+01    1.1192490975e+01    1.0269771492e+01   -3.9240465336e+01    1.8798101186e+00    5.1200000000e+02    1.3248860876e-02    4.5377604167e-01
       137   -1.5878021871e+01    2.5264227234e+02   -2.7271799183e+01    1.1393777313e+01    1.0279732186e+01   -3.9449577658e+01    1.8980462888e+00    5.1200000000e+02    1.3350672510e-02    4.4824218750e-01
       138   -1.5874761461e+01    2.5259389139e+02   -2.7140176435e+01    1.1265414974e+01    1.0175415874e+01   -3.9350687523e+01    2.0350952132e+00    5.1200000000e+02    1.3082621616e-02    4.5833333333e-01
       139   -1.5891776834e+01    2.5321411250e+02   -2.7527448026e+01    1.1635671192e+01    1.0296051352e+01   -3.9912423150e+01    2.0889237721e+00    5.1200000000e+02    1.3889425249e-02    4.2350260417e-01
       140   -1.5881183245e+01    2.5277381693e+02   -2.7102472329e+01    1.1221289084e+01    1.0302432791e+01   -3.9674245015e+01    2.2693398954e+00    5.1200000000e+02    1.3863425688e-02    4.4401041667e-01
       141   -1.5881690627e+01    2.5283847173e+02   -2.7371399552e+01    1.1489708925e+01    1.0368452432e+01   -3.9765981691e+01    2.0261297066e+00    5.1200000000e+02    1.3965456641e-02    4.4921875000e-01
       142   -1.5865879510e+01    2.5284568415e+02   -2.7588194102e+01    1.1722314593e+01    1.0408319836e+01   -3.9603505550e+01    1.6069916114e+00    5.1200000000e+02    1.4012322911e-02    4.5019531250e-01
       143   -1.5859358512e+01    2.5209813476e+02   -2.7162507594e+01    1.1303149082e+01    1.0388744178e+01   -3.9683682286e+01    2.1324305146e+00    5.1200000000e+02    1.4177162673e-02    4.4335937500e-01
       144   -1.5884383348e+01    2.5289520193e+02   -2.7295840413e+01    1.1411457066e+01    1.0336703476e+01   -3.9804803270e+01    2.1722593813e+00    5.1200000000e+02    1.3554480100e-02    4.6061197917e-01
       145   -1.5884066952e+01    2.5301121434e+02   -2.7417766540e+01    1.1533699588e+01    1.0478455809e+01   -3.9909168190e+01    2.0129458413e+00    5.1200000000e+02    1.3849187668e-02    4.4856770833e-01
       146   -1.5898612393e+01    2.5340520699e+02   -2.7055951431e+01    1.1157339037e+01    1.0344268772e+01   -3.9709932807e+01    2.3097126040e+00    5.1200000000e+02    1.3349952517e-02    4.3554687500e-01
       147   -1.5870185185e+01    2.5252831312e+02   -2.7390770508e+01    1.1520585323e+01    1.0329071272e+01   -3.9988033257e+01    2.2681914762e+00    5.1200000000e+02    1.3381818206e-02    4.3652343750e-01
       148   -1.5936579605e+01    2.5475320225e+02   -2.7474924360e+01    1.1538344756e+01    1.0203954702e+01   -3.9735381323e+01    2.0565022611e+00    5.1200000000e+02    1.3260670803e-02    4.3164062500e-01
       149   -1.5898474302e+01    2.5347520907e+02   -2.7270286168e+01    1.1371811866e+01    1.0238854076e+01   -3.9623167891e+01    2.1140276470e+00    5.1200000000e+02    1.3312013923e-02    4.5117187500e-01
       150   -1.5877043562e+01    2.5285536132e+02   -2.7226445373e+01    1.1349401811e+01    1.0288300391e+01   -3.9649974283e+01    2.1352285185e+00    5.1200000000e+02    1.3381964038e-02    4.4108072917e-01
       151   -1.5873852332e+01    2.5253181585e+02   -2.7415832914e+01    1.1541980582e+01    1.0282907572e+01   -3.9775429183e+01    2.0766886975e+00    5.1200000000e+02    1.3742946023e-02    4.4498697917e-01
       152   -1.5832991864e+01    2.5127072559e+02   -2.7629870620e+01    1.1796878757e+01    1.0388043695e+01   -4.0323904355e+01    2.3059900397e+00    5.1200000000e+02    1.3991084746e-02    4.4466145833e-01
       153   -1.5837596000e+01    2.5143080006e+02   -2.7747585051e+01    1.1909989051e+01    1.0439162064e+01   -4.0437355445e+01    2.2506083308e+00    5.1200000000e+02    1.3595638696e-02    4.3489583333e-01
       154   -1.5875738540e+01    2.5259416785e+02   -2.7325023132e+01    1.1449284592e+01    1.0302149660e+01   -3.9734628294e+01    2.1074555015e+00    5.1200000000e+02    1.3527570103e-02    4.4173177083e-01
       155   -1.5848901888e+01    2.5172718433e+02   -2.7131960442e+01    1.1283058554e+01    1.0378844814e+01   -3.9712922873e+01    2.2021176167e+00    5.1200000000e+02    1.3421071003e-02    4.4986979167e-01
       156   -1.5897488675e+01    2.5348760765e+02   -2.7676421986e+01    1.1778933311e+01    1.0521804113e+01   -4.0186730764e+01    1.9885046650e+00    5.1200000000e+02    1.3884117844e-02    4.4889322917e-01
       157   -1.5866622384e+01    2.5249952869e+02   -2.7416633531e+01    1.1550011147e+01    1.0260304504e+01   -3.9776632787e+01    2.0996947520e+00    5.1200000000e+02    1.3925042880e-02    4.3684895833e-01
       158   -1.5866413169e+01    2.5243447463e+02   -2.7547675038e+01    1.1681261869e+01    1.0217435089e+01   -3.9990281715e+01    2.2251715878e+00    5.1200000000e+02    1.3841215759e-02    4.4986979167e-01
       159   -1.5865647696e+01    2.5245458531e+02   -2.7358892540e+01    1.1493244844e+01    1.0256071209e+01   -3.9794103077e+01    2.1791393279e+00    5.1200000000e+02    1.3390654221e-02    4.3684895833e-01
       160   -1.5866185290e+01    2.5247148720e+02   -2.7580436959e+01    1.1714251670e+01    1.0193851635e+01   -4.0048948592e+01    2.2746599980e+00    5.1200000000e+02    1.3461696533e-02    4.6321614583e-01
       161   -1.5892179064e+01    2.5333705538e+02   -2.7649887752e+01    1.1757708688e+01    1.0203194399e+01   -4.0141759323e+01    2.2886771715e+00    5.1200000000e+02    1.3204808672e-02    4.3652343750e-01
       162   -1.5883299516e+01    2.5293594687e+02   -2.7346490643e+01    1.1463191127e+01    1.0248990616e+01   -3.9702347792e+01    2.1068665332e+00    5.1200000000e+02    1.3527067563e-02    4.4205729167e-01
       163   -1.5882583309e+01    2.5296259270e+02   -2.7524669408e+01    1.1642086099e+01    1.0195375247e+01   -3.9413722784e+01    1.6936781281e+00    5.1200000000e+02    1.3622840894e-02    4.4010416667e-01
       164   -1.5870226193e+01    2.5275369838e+02   -2.7140402725e+01    1.1270176532e+01    1.0255361854e+01   -3.9371731854e+01    1.9759672749e+00    5.1200000000e+02    1.3370993755e-02    4.5247395833e-01
       165   -1.5869409375e+01    2.5242919956e+02   -2.7457731394e+01    1.1588322019e+01    1.0249186757e+01   -3.9566700600e+01    1.8597824489e+00    5.1200000000e+02    1.3443875466e-02    4.2773437500e-01
       166   -1.5821067052e+01    2.5075905684e+02   -2.7452922252e+01    1.1631855200e+01    1.0270192366e+01   -3.9586037928e+01    1.8629233111e+00    5.1200000000e+02    1.4076819841e-02    4.3522135417e-01
       167   -1.5843650014e+01    2.5154130777e+02   -2.7195691294e+01    1.1352041280e+01    1.0253079764e+01   -3.9281179883e+01    1.8324088247e+00    5.1200000000e+02    1.3654767593e-02    4.7102864583e-01
       168   -1.5839655479e+01    2.5142439851e+02   -2.7192678486e+01    1.1353023007e+01    1.0307509063e+01   -3.9362216526e+01    1.8620289779e+00    5.1200000000e+02    1.3964928987e-02    4.5345052083e-01
       169   -1.5867991934e+01    2.5244594793e+02   -2.7427411664e+01    1.1559419729e+01    1.0259332167e+01   -3.9769025279e+01    2.0822814489e+00    5.1200000000e+02    1.3875650935e-02    4.4563802083e-01
       170   -1.5839475242e+01    2.5155178934e+02   -2.7437030647e+01    1.1597555406e+01    1.0346189913e+01   -3.9929014240e+01    2.1457936791e+00    5.1200000000e+02    1.3518457764e-02    4.5670572917e-01
       171   -1.5855715753e+01    2.5202655420e+02   -2.6931649939e+01    1.1075934186e+01    1.0278667939e+01   -3.9608344347e+01    2.3980264680e+00    5.1200000000e+02    1.3807578582e-02    4.5442708333e-01
       172   -1.5912438606e+01    2.5386717621e+02   -2.7182269200e+01    1.1269830594e+01    1.0304190813e+01   -3.9685809178e+01    2.1993491656e+00    5.1200000000e+02    1.4047008152e-02    4.4238281250e-01
       173   -1.5834633628e+01    2.5142126175e+02   -2.7272239753e+01    1.1437606125e+01    1.0396125275e+01   -3.9941837571e+01    2.2734725436e+00    5.1200000000e+02    1.4033966824e-02    4.3489583333e-01
       174   -1.5872042840e+01    2.5266881601e+02   -2.7626441854e+01    1.1754399014e+01    1.0365326247e+01   -4.0240426105e+01    2.2486580042e+00    5.1200000000e+02    1.4097784756e-02    4.3424479167e-01
       175   -1.5825334071e+01    2.5106442697e+02   -2.7254684163e+01    1.1429350092e+01    1.0453277797e+01   -4.0092036696e+01    2.3840747367e+00    5.1200000000e+02    1.3854638740e-02    4.5182291667e-01
       176   -1.5852692500e+01    2.5209283573e+02   -2.7641308793e+01    1.1788616293e+01    1.0528375495e+01   -4.0604820489e+01    2.4351362006e+00    5.1200000000e+02    1.3879959126e-02    4.4401041667e-01
       177   -1.5852058815e+01    2.5200392047e+02   -2.7379792269e+01    1.1527733454e+01    1.0568872193e+01   -4.0165944718e+01    2.2172802562e+00    5.1200000000e+02    1.3951769009e-02    4.5052083333e-01
       178   -1.5857848836e+01    2.5225338799e+02   -2.7696294802e+01    1.1838445966e+01    1.0503629752e+01   -4.0154077591e+01    1.9541530378e+00    5.1200000000e+02    1.4017366321e-02    4.3750000000e-01
       179   -1.5836328289e+01    2.5143483662e+02   -2.7641993484e+01    1.1805665194e+01    1.0524211051e+01   -4.0072090049e+01    1.9058855147e+00    5.1200000000e+02    1.3969922349e-02    4.3847656250e-01
       180   -1.5837104063e+01    2.5144768957e+02   -2.7881771214e+01    1.2044667152e+01    1.0452864872e+01   -4.0345160920e+01    2.0105248332e+00    5.1200000000e+02    1.3624919917e-02    4.4466145833e-01
       181   -1.5833731920e+01    2.5131133316e+02   -2.7905271005e+01    1.2071539085e+01    1.0355897677e+01   -4.0120414196e+01    1.8592455140e+00    5.1200000000e+02    1.3523036000e-02    4.5117187500e-01
       182   -1.5804646671e+01    2.5046268805e+02   -2.7751966657e+01    1.1947319987e+01    1.0361765951e+01   -4.0491412866e+01    2.3776802575e+00    5.1200000000e+02    1.3966082068e-02    4.6191406250e-01
       183   -1.5844248887e+01    2.5169219434e+02   -2.7463831529e+01    1.1619582642e+01    1.0267449723e+01   -4.0385737650e+01    2.6544563986e+00    5.1200000000e+02    1.3596887678e-02    4.3880208333e-01
       184   -1.5918870662e+01    2.5416550468e+02   -2.7596273137e+01    1.1677402475e+01    1.0361241037e+01   -4.0363178477e+01    2.4056643035e+00    5.1200000000e+02    1.3911013987e-02    4.6126302083e-01
       185   -1.5915680314e+01    2.5400706365e+02   -2.7629918714e+01    1.1714238399e+01    1.0273223959e+01   -4.0078571983e+01    2.1754293104e+00    5.1200000000e+02    1.3649259607e-02    4.3489583333e-01
       186   -1.5851712535e+01    2.5199078322e+02   -2.7272880932e+01    1.1421168397e+01    1.0167573066e+01   -3.9377113981e+01    1.9366599823e+00    5.1200000000e+02    1.3715048755e-02    4.5833333333e-01
       187   -1.5932031104e+01    2.5513214644e+02   -2.7673433824e+01    1.1741402720e+01    1.0162542976e+01   -3.9444129474e+01    1.6081526743e+00    5.1200000000e+02    1.3878922158e-02    4.3522135417e-01
       188   -1.5908418232e+01    2.5414093998e+02   -2.7587821827e+01    1.1679403594e+01    1.0211208051e+01   -3.9880784313e+01    2.0817544354e+00    5.1200000000e+02    1.4104539944e-02    4.3815104167e-01
       189   -1.5864985838e+01    2.5237200564e+02   -2.7496846194e+01    1.1631860356e+01    1.0299228023e+01   -3.9925300866e+01    2.1292266496e+00    5.1200000000e+02    1.3938119910e-02    4.5507812500e-01
       190   -1.5882387846e+01    2.5291273001e+02   -2.7193200625e+01    1.1310812779e+01    1.0254534414e+01   -3.9780175404e+01    2.3324403651e+00    5.1200000000e+02    1.3874974333e-02    4.3782552083e-01
       191   -1.5846418954e+01    2.5175964978e+02   -2.7214336790e+01    1.1367917836e+01    1.0303777047e+01   -3.9977930594e+01    2.4598167575e+00    5.1200000000e+02    1.4059292520e-02    4.5638020833e-01
       192   -1.5843763027e+01    2.5161959956e+02   -2.7456928264e+01    1.1613165238e+01    1.0388292834e+01   -4.0046248869e+01    2.2010277708e+00    5.1200000000e+02    1.4060748379e-02    4.5475260417e-01
       193   -1.5845905481e+01    2.5166783671e+02   -2.7902064990e+01    1.2056159509e+01    1.0379993650e+01   -4.0212768211e+01    1.9307095717e+00    5.1200000000e+02    1.4221022778e-02    4.3294270833e-01
       194   -1.5851157428e+01    2.5177951432e+02   -2.7597276539e+01    1.1746119111e+01    1.0383068167e+01   -4.0174017617e+01    2.1936729114e+00    5.1200000000e+02    1.3867211267e-02    4.4368489583e-01
       195   -1.5856179596e+01    2.5198212977e+02   -2.7567951129e+01    1.1711771533e+01    1.0457116552e+01   -4.0404072024e+01    2.3790043431e+00    5.1200000000e+02    1.3915162317e-02    4.4335937500e-01
       196   -1.5886111859e+01    2.5301287932e+02   -2.7692347979e+01    1.1806236119e+01    1.0513838419e+01   -4.0802574116e+01    2.5963877182e+00    5.1200000000e+02    1.3593874153e-02    4.2545572917e-01
       197   -1.5874350373e+01    2.5268216350e+02   -2.7956920569e+01    1.2082570196e+01    1.0403450838e+01   -4.0480903083e+01    2.1205316751e+00    5.1200000000e+02    1.3557281423e-02    4.3684895833e-01
       198   -1.5807730993e+01    2.5052510867e+02   -2.7862130788e+01    1.2054399794e+01    1.0492188328e+01   -4.0333891011e+01    1.9795718956e+00    5.1200000000e+02    1.3656896221e-02    4.3977864583e-01
       199   -1.5829501938e+01    2.5123969245e+02   -2.7849888655e+01    1.2020386717e+01    1.0452638732e+01   -4.0296429346e+01    1.9939019589e+00    5.1200000000e+02    1.4296301804e-02    4.4010416667e-01
