#   index    LocalEnergy         LocalEnergy_sq      LocalPotential      Kinetic             ElecElec            LocalECP            NonLocalECP         BlockWeight         BlockCPU            AcceptRatio         
         0   -1.5398903892e+01    2.3779538976e+02   -2.6304004578e+01    1.0905100685e+01    7.5151702074e+00   -3.6193305252e+01    2.3741304668e+00    1.7126000000e+04    5.0503036719e-02    9.7895216603e-01
         1   -1.5407807285e+01    2.3804509830e+02   -2.6316142819e+01    1.0908335534e+01    7.5133288968e+00   -3.6160857346e+01    2.3313856301e+00    1.6974000000e+04    4.8077588047e-02    9.7950665243e-01
         2   -1.5399193361e+01    2.3777066141e+02   -2.6130288465e+01    1.0731095104e+01    7.4493061576e+00   -3.5871948016e+01    2.2923533930e+00    1.6831000000e+04    4.3175251055e-02    9.8085480490e-01
         3   -1.5399049959e+01    2.3781765860e+02   -2.6354324751e+01    1.0955274792e+01    7.4846687487e+00   -3.6032483006e+01    2.1934895054e+00    1.6893000000e+04    4.5281673242e-02    9.7932308956e-01
         4   -1.5402812697e+01    2.3795963942e+02   -2.6189028470e+01    1.0786215772e+01    7.4680609050e+00   -3.5771185870e+01    2.1140964949e+00    1.6781000000e+04    4.3965245078e-02    9.8078627801e-01
         5   -1.5397352947e+01    2.3774642805e+02   -2.6203312019e+01    1.0805959073e+01    7.4930642207e+00   -3.6089315026e+01    2.3929387856e+00    1.6627000000e+04    4.3871771133e-02    9.8004334845e-01
         6   -1.5399747162e+01    2.3779796059e+02   -2.6287924041e+01    1.0888176878e+01    7.4873936882e+00   -3.6056304133e+01    2.2809864046e+00    1.6601000000e+04    4.4147525625e-02    9.7882034753e-01
         7   -1.5410864456e+01    2.3817663167e+02   -2.6198348596e+01    1.0787484141e+01    7.4910776811e+00   -3.5940881417e+01    2.2514551393e+00    1.6655000000e+04    4.2886868516e-02    9.7915076426e-01
         8   -1.5397897060e+01    2.3775475772e+02   -2.6249076482e+01    1.0851179421e+01    7.4652333611e+00   -3.5870738497e+01    2.1564286539e+00    1.6651000000e+04    4.3207664258e-02    9.8031096084e-01
         9   -1.5396429252e+01    2.3768573750e+02   -2.6207642035e+01    1.0811212784e+01    7.4663618130e+00   -3.5988827616e+01    2.3148237677e+00    1.6379000000e+04    4.0939862227e-02    9.7967029166e-01
        10   -1.5391795179e+01    2.3754854595e+02   -2.6300616486e+01    1.0908821307e+01    7.4993179478e+00   -3.6142911227e+01    2.3429767929e+00    1.6166000000e+04    4.1454721055e-02    9.7988286208e-01
        11   -1.5388546191e+01    2.3742485831e+02   -2.6307726428e+01    1.0919180237e+01    7.5116472334e+00   -3.6077287029e+01    2.2579133678e+00    1.6141000000e+04    4.1518494023e-02    9.7920154026e-01
        12   -1.5377085933e+01    2.3710315455e+02   -2.6365385135e+01    1.0988299202e+01    7.5436232503e+00   -3.6106400000e+01    2.1973916147e+00    1.5992000000e+04    4.2665100156e-02    9.7941701765e-01
        13   -1.5382492172e+01    2.3728888320e+02   -2.6415374242e+01    1.1032882070e+01    7.5543508279e+00   -3.6170205145e+01    2.2004800750e+00    1.5901000000e+04    4.0998952656e-02    9.7967419695e-01
        14   -1.5389799100e+01    2.3752522463e+02   -2.6441275710e+01    1.1051476610e+01    7.5858517173e+00   -3.6282255977e+01    2.2551285495e+00    1.5782000000e+04    4.1216865781e-02    9.7877012218e-01
        15   -1.5398061919e+01    2.3781810398e+02   -2.6643969989e+01    1.1245908070e+01    7.5822523073e+00   -3.6537938285e+01    2.3117159891e+00    1.5782000000e+04    4.1283144297e-02    9.7898832209e-01
        16   -1.5382740168e+01    2.3730352400e+02   -2.6691549700e+01    1.1308809532e+01    7.5743276948e+00   -3.6594988161e+01    2.3291107663e+00    1.5843000000e+04    4.1127696445e-02    9.7961717670e-01
        17   -1.5418632659e+01    2.3845943469e+02   -2.6767856034e+01    1.1349223375e+01    7.5812977610e+00   -3.6729299620e+01    2.3801458253e+00    1.6006000000e+04    4.1778737773e-02    9.7814873643e-01
        18   -1.5398622634e+01    2.3779662243e+02   -2.6697249279e+01    1.1298626645e+01    7.5815464024e+00   -3.6555252259e+01    2.2764565778e+00    1.6133000000e+04    4.1908790391e-02    9.7977738118e-01
        19   -1.5417397432e+01    2.3835888839e+02   -2.6568731737e+01    1.1151334305e+01    7.6294586456e+00   -3.6656060703e+01    2.4578703199e+00    1.6275000000e+04    4.1850162891e-02    9.7957718317e-01
        20   -1.5394231417e+01    2.3764933718e+02   -2.6618619236e+01    1.1224387818e+01    7.6065736782e+00   -3.6584595107e+01    2.3594021934e+00    1.6304000000e+04    4.1904731016e-02    9.7997011075e-01
        21   -1.5395761180e+01    2.3768859332e+02   -2.6549899206e+01    1.1154138026e+01    7.5422449685e+00   -3.6398652279e+01    2.3065081041e+00    1.6357000000e+04    4.1435689883e-02    9.7887313384e-01
        22   -1.5409362985e+01    2.3811854923e+02   -2.6395093033e+01    1.0985730048e+01    7.5229621084e+00   -3.6238867832e+01    2.3208126912e+00    1.6245000000e+04    4.1783495430e-02    9.8011280239e-01
        23   -1.5415514004e+01    2.3828431204e+02   -2.6418373334e+01    1.1002859331e+01    7.4854637947e+00   -3.6200554974e+01    2.2967178452e+00    1.6193000000e+04    4.1069192734e-02    9.7896389719e-01
        24   -1.5396008366e+01    2.3768613995e+02   -2.6541141377e+01    1.1145133011e+01    7.5214263687e+00   -3.6250805084e+01    2.1882373378e+00    1.6225000000e+04    4.1349171328e-02    9.7943614625e-01
        25   -1.5381468260e+01    2.3728555754e+02   -2.6489844204e+01    1.1108375944e+01    7.5248843319e+00   -3.6317870231e+01    2.3031416948e+00    1.6170000000e+04    4.1442423516e-02    9.7978988023e-01
        26   -1.5394456258e+01    2.3763197681e+02   -2.6402636557e+01    1.1008180299e+01    7.5497725978e+00   -3.6304859740e+01    2.3524505857e+00    1.6090000000e+04    4.0833141133e-02    9.7945685347e-01
        27   -1.5390298039e+01    2.3755015158e+02   -2.6351942838e+01    1.0961644799e+01    7.5377655438e+00   -3.6255136312e+01    2.3654279299e+00    1.6028000000e+04    4.0916695078e-02    9.8031446966e-01
        28   -1.5400236385e+01    2.3798251846e+02   -2.6487421087e+01    1.1087184702e+01    7.5673086661e+00   -3.6288340625e+01    2.2336108724e+00    1.6115000000e+04    4.0563981211e-02    9.7931092905e-01
        29   -1.5418622560e+01    2.3841950475e+02   -2.6541394203e+01    1.1122771643e+01    7.5615787061e+00   -3.6465646537e+01    2.3626736277e+00    1.6072000000e+04    4.1373705898e-02    9.7905443079e-01
        30   -1.5418148227e+01    2.3843538202e+02   -2.6535514894e+01    1.1117366667e+01    7.5324807538e+00   -3.6348027395e+01    2.2800317471e+00    1.6050000000e+04    4.1505814570e-02    9.7846785187e-01
        31   -1.5413066424e+01    2.3824074964e+02   -2.6384232335e+01    1.0971165911e+01    7.5139559939e+00   -3.6257674165e+01    2.3594858358e+00    1.6131000000e+04    4.0586020625e-02    9.7988066955e-01
        32   -1.5415254581e+01    2.3827305902e+02   -2.6412791980e+01    1.0997537400e+01    7.4694053309e+00   -3.6090989944e+01    2.2087926325e+00    1.6265000000e+04    4.1279546719e-02    9.7998552100e-01
        33   -1.5404182664e+01    2.3791378778e+02   -2.6271118289e+01    1.0866935625e+01    7.4353530524e+00   -3.5879242275e+01    2.1727709337e+00    1.6275000000e+04    4.1101540156e-02    9.7966940911e-01
        34   -1.5399504408e+01    2.3779867466e+02   -2.6118510013e+01    1.0719005605e+01    7.4616660936e+00   -3.5818599033e+01    2.2384229263e+00    1.6175000000e+04    4.0942505352e-02    9.7934774516e-01
        35   -1.5399512078e+01    2.3783477957e+02   -2.6243509769e+01    1.0843997691e+01    7.4677451193e+00   -3.5963518895e+01    2.2522640068e+00    1.6103000000e+04    4.1939041289e-02    9.7890374590e-01
        36   -1.5397296385e+01    2.3771615900e+02   -2.6294356797e+01    1.0897060412e+01    7.5002770863e+00   -3.6083548436e+01    2.2889145528e+00    1.6051000000e+04    4.0985795078e-02    9.7977055211e-01
        37   -1.5406184849e+01    2.3798748349e+02   -2.6376410913e+01    1.0970226063e+01    7.4998410143e+00   -3.6254329463e+01    2.3780775364e+00    1.5930000000e+04    4.1447064688e-02    9.7942312898e-01
        38   -1.5410115463e+01    2.3817320861e+02   -2.6311011044e+01    1.0900895581e+01    7.4878472906e+00   -3.6111458188e+01    2.3125998536e+00    1.5983000000e+04    4.1391987383e-02    9.7915539617e-01
        39   -1.5395807053e+01    2.3770065109e+02   -2.6323259772e+01    1.0927452718e+01    7.5028709439e+00   -3.6018185944e+01    2.1920552280e+00    1.5980000000e+04    4.1315963633e-02    9.7925910260e-01
        40   -1.5398013869e+01    2.3778472582e+02   -2.6396259188e+01    1.0998245320e+01    7.5230892282e+00   -3.6233507712e+01    2.3141592951e+00    1.5993000000e+04    4.0695378672e-02    9.7906442131e-01
        41   -1.5398906666e+01    2.3775778001e+02   -2.6270868501e+01    1.0871961835e+01    7.5191326571e+00   -3.6065931426e+01    2.2759302678e+00    1.6002000000e+04    4.1596068945e-02    9.7873634289e-01
        42   -1.5408486424e+01    2.3815840836e+02   -2.6450196609e+01    1.1041710185e+01    7.5558321997e+00   -3.6219076207e+01    2.2130473982e+00    1.6130000000e+04    4.1680955859e-02    9.7918693153e-01
        43   -1.5401183726e+01    2.3782623200e+02   -2.6389448703e+01    1.0988264976e+01    7.5404311901e+00   -3.6139120463e+01    2.2092405699e+00    1.6162000000e+04    4.1504629961e-02    9.7927369341e-01
        44   -1.5405905564e+01    2.3806818526e+02   -2.6517070720e+01    1.1111165156e+01    7.4992925691e+00   -3.6317184055e+01    2.3008207661e+00    1.6249000000e+04    4.0799745938e-02    9.7933888069e-01
        45   -1.5404407526e+01    2.3801438759e+02   -2.6542110358e+01    1.1137702832e+01    7.5376959148e+00   -3.6415063899e+01    2.3352576256e+00    1.6287000000e+04    4.1527420469e-02    9.7876107006e-01
        46   -1.5384723049e+01    2.3734617008e+02   -2.6572008955e+01    1.1187285906e+01    7.5477648494e+00   -3.6379992791e+01    2.2602189873e+00    1.6142000000e+04    4.1858337812e-02    9.7828391441e-01
        47   -1.5377465759e+01    2.3712583640e+02   -2.6548963937e+01    1.1171498178e+01    7.5537929326e+00   -3.6292759162e+01    2.1900022921e+00    1.6058000000e+04    4.1385607617e-02    9.7951748307e-01
        48   -1.5389642153e+01    2.3749802578e+02   -2.6575875798e+01    1.1186233645e+01    7.5455158752e+00   -3.6336973256e+01    2.2155815828e+00    1.6036000000e+04    4.1713757969e-02    9.7919482235e-01
        49   -1.5393180465e+01    2.3760041820e+02   -2.6385902217e+01    1.0992721752e+01    7.5562551396e+00   -3.6305900871e+01    2.3637435151e+00    1.6039000000e+04    4.1750592656e-02    9.7995504945e-01
        50   -1.5409842785e+01    2.3815879641e+02   -2.6318922379e+01    1.0909079594e+01    7.5250060304e+00   -3.6164801610e+01    2.3208732000e+00    1.6066000000e+04    4.1447279180e-02    9.7899780231e-01
        51   -1.5402786813e+01    2.3790858554e+02   -2.6304521533e+01    1.0901734719e+01    7.4874786976e+00   -3.6066239782e+01    2.2742395521e+00    1.6066000000e+04    4.1349113047e-02    9.7985783665e-01
        52   -1.5397386062e+01    2.3773891176e+02   -2.6321612795e+01    1.0924226733e+01    7.4869855738e+00   -3.6078274223e+01    2.2696758541e+00    1.6033000000e+04    4.1200206406e-02    9.7941528460e-01
        53   -1.5395660690e+01    2.3789734573e+02   -2.6437622873e+01    1.1041962183e+01    7.5279955905e+00   -3.6254983835e+01    2.2893653711e+00    1.6011000000e+04    4.0967276016e-02    9.7870063964e-01
        54   -1.5393557578e+01    2.3764071386e+02   -2.6389648386e+01    1.0996090809e+01    7.5211602695e+00   -3.6231216826e+01    2.3204081697e+00    1.5996000000e+04    4.1145459570e-02    9.7883694510e-01
        55   -1.5391579514e+01    2.3754401997e+02   -2.6346970969e+01    1.0955391456e+01    7.4772242888e+00   -3.6139384554e+01    2.3151892959e+00    1.5923000000e+04    4.1639372539e-02    9.7968575134e-01
        56   -1.5389372656e+01    2.3752025748e+02   -2.6301471476e+01    1.0912098820e+01    7.4920806143e+00   -3.6112755445e+01    2.3192033546e+00    1.5920000000e+04    4.1733893672e-02    9.7875732972e-01
        57   -1.5398784737e+01    2.3780482188e+02   -2.6173450930e+01    1.0774666194e+01    7.4861522717e+00   -3.5956081394e+01    2.2964781917e+00    1.5951000000e+04    4.2797954453e-02    9.8057978224e-01
        58   -1.5392511750e+01    2.3756135213e+02   -2.6135512920e+01    1.0743001171e+01    7.4853822293e+00   -3.5904394643e+01    2.2834994940e+00    1.5912000000e+04    4.1721571133e-02    9.7951078280e-01
        59   -1.5406275869e+01    2.3803280817e+02   -2.6173940596e+01    1.0767664727e+01    7.5064329288e+00   -3.6055005682e+01    2.3746321569e+00    1.5947000000e+04    4.1885701289e-02    9.7908618723e-01
        60   -1.5403150698e+01    2.3793752259e+02   -2.6361648934e+01    1.0958498236e+01    7.5500647079e+00   -3.6422883469e+01    2.5111698270e+00    1.5955000000e+04    4.1300073125e-02    9.7918797281e-01
        61   -1.5396631287e+01    2.3770738880e+02   -2.6234864340e+01    1.0838233053e+01    7.5483975711e+00   -3.6303523882e+01    2.5202619710e+00    1.5983000000e+04    4.1840746172e-02    9.8046906030e-01
        62   -1.5406813714e+01    2.3806049274e+02   -2.6401667400e+01    1.0994853686e+01    7.5158246065e+00   -3.6291999606e+01    2.3745075994e+00    1.5911000000e+04    4.2731932539e-02    9.7977869620e-01
        63   -1.5405256210e+01    2.3801616575e+02   -2.6378417594e+01    1.0973161385e+01    7.5287762663e+00   -3.6283729742e+01    2.3765358816e+00    1.5998000000e+04    4.1626801016e-02    9.7869303285e-01
        64   -1.5402117170e+01    2.3788183613e+02   -2.6530967088e+01    1.1128849918e+01    7.4853244139e+00   -3.6334061711e+01    2.3177702093e+00    1.6111000000e+04    4.1848023164e-02    9.7966169594e-01
        65   -1.5409503677e+01    2.3806849214e+02   -2.6412048814e+01    1.1002545136e+01    7.4919774549e+00   -3.6133777994e+01    2.2297517254e+00    1.6181000000e+04    4.3414303086e-02    9.7998046811e-01
        66   -1.5414018613e+01    2.3831145250e+02   -2.6486890679e+01    1.1072872065e+01    7.5064225325e+00   -3.6135871684e+01    2.1425584727e+00    1.6239000000e+04    6.3119007969e-02    9.7910818437e-01
        67   -1.5407579648e+01    2.3809570780e+02   -2.6386710675e+01    1.0979131027e+01    7.5018390550e+00   -3.6262018883e+01    2.3734691526e+00    1.6193000000e+04    6.3799732031e-02    9.7890815236e-01
        68   -1.5402523326e+01    2.3791800554e+02   -2.6187639666e+01    1.0785116340e+01    7.4691045399e+00   -3.5944014482e+01    2.2872702763e+00    1.6121000000e+04    6.4060793789e-02    9.7919743123e-01
        69   -1.5410085681e+01    2.3813563754e+02   -2.6120005767e+01    1.0709920086e+01    7.4648122799e+00   -3.5929089549e+01    2.3442715022e+00    1.6261000000e+04    6.4176766992e-02    9.8002056694e-01
        70   -1.5392811947e+01    2.3766996591e+02   -2.6234804985e+01    1.0841993038e+01    7.4876444596e+00   -3.5947397499e+01    2.2249480550e+00    1.6267000000e+04    6.2952974961e-02    9.8020955861e-01
        71   -1.5400823480e+01    2.3787446353e+02   -2.6253866646e+01    1.0853043166e+01    7.4815551570e+00   -3.5905615903e+01    2.1701940995e+00    1.6341000000e+04    6.3737555742e-02    9.7904450647e-01
        72   -1.5389872667e+01    2.3750201960e+02   -2.6262247843e+01    1.0872375177e+01    7.5042533376e+00   -3.6120195107e+01    2.3536939258e+00    1.6257000000e+04    6.3283731797e-02    9.7939765217e-01
        73   -1.5413033285e+01    2.3828014708e+02   -2.6374079643e+01    1.0961046358e+01    7.5053565091e+00   -3.6220575848e+01    2.3411396967e+00    1.6200000000e+04    6.3695429414e-02    9.7933761736e-01
        74   -1.5398389833e+01    2.3777331079e+02   -2.6348272903e+01    1.0949883071e+01    7.5076194493e+00   -3.6042547983e+01    2.1866556299e+00    1.6268000000e+04    6.3388749609e-02    9.7896210454e-01
        75   -1.5394781318e+01    2.3771256489e+02   -2.6376529222e+01    1.0981747904e+01    7.4828326169e+00   -3.6111469575e+01    2.2521077362e+00    1.6345000000e+04    6.3896807070e-02    9.7913835651e-01
        76   -1.5400084756e+01    2.3788655434e+02   -2.6580949865e+01    1.1180865109e+01    7.5622380588e+00   -3.6552404322e+01    2.4092163976e+00    1.6333000000e+04    6.4135210000e-02    9.7906003161e-01
        77   -1.5409078457e+01    2.3810587120e+02   -2.6402473598e+01    1.0993395141e+01    7.5065397828e+00   -3.6159678154e+01    2.2506647735e+00    1.6248000000e+04    6.4225995273e-02    9.7893040173e-01
        78   -1.5396808135e+01    2.3773476927e+02   -2.6419406151e+01    1.1022598017e+01    7.5064102963e+00   -3.6185952320e+01    2.2601358721e+00    1.6352000000e+04    6.3860472930e-02    9.7861340646e-01
        79   -1.5406886581e+01    2.3806214967e+02   -2.6540580642e+01    1.1133694061e+01    7.5402434124e+00   -3.6407549008e+01    2.3267249536e+00    1.6347000000e+04    6.3844132266e-02    9.7920676812e-01
        80   -1.5402380944e+01    2.3796167559e+02   -2.6494762196e+01    1.1092381252e+01    7.5310529183e+00   -3.6422496553e+01    2.3966814396e+00    1.6336000000e+04    6.3783401992e-02    9.7965525056e-01
        81   -1.5403685021e+01    2.3798086743e+02   -2.6412937254e+01    1.1009252233e+01    7.5298474977e+00   -3.6366478562e+01    2.4236938097e+00    1.6340000000e+04    6.4557992188e-02    9.7952817977e-01
        82   -1.5392299607e+01    2.3756682104e+02   -2.6294031355e+01    1.0901731748e+01    7.4704424624e+00   -3.5988898216e+01    2.2244243985e+00    1.6323000000e+04    6.2835448164e-02    9.7967604009e-01
        83   -1.5401216774e+01    2.3786047099e+02   -2.6337584691e+01    1.0936367917e+01    7.5082065694e+00   -3.6155352315e+01    2.3095610551e+00    1.6308000000e+04    6.4423825391e-02    9.7930157354e-01
        84   -1.5397839838e+01    2.3775892954e+02   -2.6400684854e+01    1.1002845017e+01    7.5078324254e+00   -3.6188182769e+01    2.2796654890e+00    1.6182000000e+04    6.3996487109e-02    9.7972340645e-01
        85   -1.5413653071e+01    2.3825660425e+02   -2.6395360181e+01    1.0981707110e+01    7.5352673657e+00   -3.6144782491e+01    2.2141549445e+00    1.6185000000e+04    6.4335385000e-02    9.7975088270e-01
        86   -1.5394943805e+01    2.3764327516e+02   -2.6571509315e+01    1.1176565510e+01    7.5126149289e+00   -3.6322100907e+01    2.2379766629e+00    1.6219000000e+04    6.3158719961e-02    9.7935693545e-01
        87   -1.5403810208e+01    2.3792363521e+02   -2.6442055291e+01    1.1038245083e+01    7.5214915396e+00   -3.6178095666e+01    2.2145488351e+00    1.6220000000e+04    6.4398941836e-02    9.8023321238e-01
        88   -1.5410098885e+01    2.3819626596e+02   -2.6522935879e+01    1.1112836994e+01    7.5932860692e+00   -3.6524887595e+01    2.4086656474e+00    1.6214000000e+04    6.4221845937e-02    9.7909714331e-01
        89   -1.5402687938e+01    2.3792247326e+02   -2.6431456052e+01    1.1028768113e+01    7.5495350732e+00   -3.6339744592e+01    2.3587534675e+00    1.6234000000e+04    6.5229684766e-02    9.7787690784e-01
        90   -1.5391808024e+01    2.3754425601e+02   -2.6342634453e+01    1.0950826429e+01    7.5415658193e+00   -3.6249706458e+01    2.3655061856e+00    1.6170000000e+04    6.4322174688e-02    9.7982063839e-01
        91   -1.5390999460e+01    2.3756250733e+02   -2.6395052041e+01    1.1004052581e+01    7.5716322854e+00   -3.6263350644e+01    2.2966663182e+00    1.6151000000e+04    6.4859966680e-02    9.8002752863e-01
        92   -1.5388167429e+01    2.3742653192e+02   -2.6305583705e+01    1.0917416276e+01    7.5423729614e+00   -3.6121731181e+01    2.2737745144e+00    1.6096000000e+04    6.5365571367e-02    9.7951991654e-01
        93   -1.5387725940e+01    2.3742797497e+02   -2.6391587577e+01    1.1003861637e+01    7.5559636188e+00   -3.6211067374e+01    2.2635161780e+00    1.6108000000e+04    6.4826085508e-02    9.7986411033e-01
        94   -1.5396444280e+01    2.3784607475e+02   -2.6501857949e+01    1.1105413668e+01    7.5887377954e+00   -3.6219821623e+01    2.1292258792e+00    1.6165000000e+04    6.4141383477e-02    9.7934182143e-01
        95   -1.5399991935e+01    2.3781402642e+02   -2.6395332552e+01    1.0995340618e+01    7.5716715573e+00   -3.6180959464e+01    2.2139553550e+00    1.6194000000e+04    6.4135759375e-02    9.7924823055e-01
        96   -1.5399344184e+01    2.3791339933e+02   -2.6339252982e+01    1.0939908798e+01    7.5826719630e+00   -3.6275335068e+01    2.3534101237e+00    1.6240000000e+04    6.4224588555e-02    9.7943189164e-01
        97   -1.5379770766e+01    2.3717588298e+02   -2.6455869657e+01    1.1076098891e+01    7.5420584090e+00   -3.6200110892e+01    2.2021828258e+00    1.6242000000e+04    6.4564675391e-02    9.7934347506e-01
        98   -1.5397268873e+01    2.3774562790e+02   -2.6368475823e+01    1.0971206950e+01    7.5270733571e+00   -3.6055441791e+01    2.1598926111e+00    1.6303000000e+04    6.5003879805e-02    9.7989945641e-01
        99   -1.5387930419e+01    2.3749554578e+02   -2.6427619873e+01    1.1039689455e+01    7.5376146146e+00   -3.6124584086e+01    2.1593495979e+00    1.6199000000e+04    6.4355098945e-02    9.7933297513e-01
       100   -1.5397288941e+01    2.3775761967e+02   -2.6490989541e+01    1.1093700600e+01    7.5409114821e+00   -3.6133827509e+01    2.1019264859e+00    1.6060000000e+04    6.4606747461e-02    9.7980304574e-01
       101   -1.5398038908e+01    2.3779538654e+02   -2.6494066223e+01    1.1096027315e+01    7.5457825642e+00   -3.6318859961e+01    2.2790111733e+00    1.6015000000e+04    6.5135576289e-02    9.7989313694e-01
       102   -1.5389980077e+01    2.3754422493e+02   -2.6398605319e+01    1.1008625242e+01    7.5280796650e+00   -3.6144161674e+01    2.2174766905e+00    1.6038000000e+04    6.4581967539e-02    9.8049635980e-01
       103   -1.5393404452e+01    2.3762114327e+02   -2.6494570249e+01    1.1101165797e+01    7.5836084706e+00   -3.6310431868e+01    2.2322531483e+00    1.6149000000e+04    6.5039737305e-02    9.7829390947e-01
       104   -1.5388584012e+01    2.3751668282e+02   -2.6565800529e+01    1.1177216516e+01    7.5750122091e+00   -3.6517006643e+01    2.3761939049e+00    1.6259000000e+04    6.4390472539e-02    9.7829335826e-01
       105   -1.5402225634e+01    2.3793373494e+02   -2.6359401051e+01    1.0957175417e+01    7.5854601409e+00   -3.6317675202e+01    2.3728140102e+00    1.6294000000e+04    6.4975639531e-02    9.7922589714e-01
       106   -1.5418788076e+01    2.3845752811e+02   -2.6358197358e+01    1.0939409283e+01    7.5662224566e+00   -3.6224520062e+01    2.3001002471e+00    1.6363000000e+04    6.4650154531e-02    9.7967775083e-01
       107   -1.5400709465e+01    2.3788517247e+02   -2.6317262020e+01    1.0916552555e+01    7.5569186403e+00   -3.6064726453e+01    2.1905457930e+00    1.6384000000e+04    6.5368965977e-02    9.7977131411e-01
       108   -1.5394890364e+01    2.3771311230e+02   -2.6374032464e+01    1.0979142100e+01    7.4972157434e+00   -3.6189338634e+01    2.3180904270e+00    1.6395000000e+04    6.4727488320e-02    9.7981696656e-01
       109   -1.5404407163e+01    2.3802204090e+02   -2.6334719926e+01    1.0930312763e+01    7.4759252019e+00   -3.6120006823e+01    2.3093616957e+00    1.6367000000e+04    6.4891993398e-02    9.8016962268e-01
       110   -1.5414670095e+01    2.3826639687e+02   -2.6304851963e+01    1.0890181869e+01    7.4831785110e+00   -3.6082644523e+01    2.2946140493e+00    1.6431000000e+04    6.4787360703e-02    9.7941246386e-01
       111   -1.5408665323e+01    2.3813701325e+02   -2.6429888460e+01    1.1021223137e+01    7.5492921768e+00   -3.6231564590e+01    2.2523839530e+00    1.6540000000e+04    6.5045098398e-02    9.7935669322e-01
       112   -1.5402956728e+01    2.3793184135e+02   -2.6297297810e+01    1.0894341082e+01    7.5013536413e+00   -3.5991196927e+01    2.1925454766e+00    1.6493000000e+04    6.4677917773e-02    9.8021359927e-01
       113   -1.5397894509e+01    2.3780466934e+02   -2.6306961567e+01    1.0909067058e+01    7.4985385628e+00   -3.6084018385e+01    2.2785182551e+00    1.6458000000e+04    6.5251640000e-02    9.7928645281e-01
       114   -1.5390233152e+01    2.3753225543e+02   -2.6390961933e+01    1.1000728781e+01    7.5381028134e+00   -3.6320771919e+01    2.3917071722e+00    1.6461000000e+04    6.5338743516e-02    9.7991682890e-01
       115   -1.5398889920e+01    2.3783674099e+02   -2.6466768237e+01    1.1067878317e+01    7.5751343118e+00   -3.6453208283e+01    2.4113057345e+00    1.6379000000e+04    6.4814795391e-02    9.7877079333e-01
       116   -1.5383942510e+01    2.3731959335e+02   -2.6373312668e+01    1.0989370159e+01    7.5568842457e+00   -3.6298442369e+01    2.3682454552e+00    1.6336000000e+04    6.5108927812e-02    9.7914065379e-01
       117   -1.5400549366e+01    2.3785914866e+02   -2.6519163197e+01    1.1118613831e+01    7.5512402192e+00   -3.6514235874e+01    2.4438324579e+00    1.6227000000e+04    6.4773663750e-02    9.7866766241e-01
       118   -1.5390218487e+01    2.3750313906e+02   -2.6418560466e+01    1.1028341979e+01    7.5838880917e+00   -3.6426957939e+01    2.4245093811e+00    1.6135000000e+04    6.5304148008e-02    9.7952900867e-01
       119   -1.5375264816e+01    2.3706143101e+02   -2.6468861725e+01    1.1093596909e+01    7.5671399843e+00   -3.6301343891e+01    2.2653421822e+00    1.6001000000e+04    6.4562205078e-02    9.7921736151e-01
       120   -1.5376069223e+01    2.3706737826e+02   -2.6402839287e+01    1.1026770064e+01    7.5511496639e+00   -3.6160914648e+01    2.2069256967e+00    1.5979000000e+04    6.4552098164e-02    9.8006806393e-01
       121   -1.5378760380e+01    2.3714727775e+02   -2.6427798839e+01    1.1049038459e+01    7.4966591322e+00   -3.6165306310e+01    2.2408483390e+00    1.6050000000e+04    6.4876601602e-02    9.7975010664e-01
       122   -1.5402333526e+01    2.3786174061e+02   -2.6345274517e+01    1.0942940991e+01    7.5154136980e+00   -3.6180409478e+01    2.3197212633e+00    1.6154000000e+04    6.6437673086e-02    9.8024584369e-01
       123   -1.5391759441e+01    2.3752662129e+02   -2.6329636386e+01    1.0937876945e+01    7.5156707717e+00   -3.6123849518e+01    2.2785423604e+00    1.6183000000e+04    5.2918921641e-02    9.7861575805e-01
       124   -1.5394436624e+01    2.3766213571e+02   -2.6372383067e+01    1.0977946443e+01    7.5000702650e+00   -3.6051131949e+01    2.1786786174e+00    1.6115000000e+04    5.3170267109e-02    9.7995081781e-01
       125   -1.5396181659e+01    2.3769119786e+02   -2.6327416051e+01    1.0931234392e+01    7.5180846636e+00   -3.6051828722e+01    2.2063280077e+00    1.6117000000e+04    5.3068016445e-02    9.8017418943e-01
       126   -1.5382265803e+01    2.3726092669e+02   -2.6230776247e+01    1.0848510444e+01    7.4992136352e+00   -3.6048363669e+01    2.3183737871e+00    1.6188000000e+04    5.3646086016e-02    9.8026480137e-01
       127   -1.5388888506e+01    2.3747329788e+02   -2.6238928960e+01    1.0850040454e+01    7.4943480997e+00   -3.5958356772e+01    2.2250797120e+00    1.6183000000e+04    5.4150047930e-02    9.8088185073e-01
       128   -1.5386411687e+01    2.3738367420e+02   -2.6353758930e+01    1.0967347243e+01    7.5129999521e+00   -3.6137057033e+01    2.2702981509e+00    1.6197000000e+04    5.3347669961e-02    9.7901898715e-01
       129   -1.5389140357e+01    2.3751945993e+02   -2.6282788953e+01    1.0893648595e+01    7.5276488189e+00   -3.6142024934e+01    2.3315871628e+00    1.6288000000e+04    5.3011224570e-02    9.7929386909e-01
       130   -1.5407800498e+01    2.3807317379e+02   -2.6297646118e+01    1.0889845620e+01    7.5123011140e+00   -3.6095708259e+01    2.2857610267e+00    1.6246000000e+04    5.2907634336e-02    9.7989341052e-01
       131   -1.5398212675e+01    2.3779060044e+02   -2.6264033604e+01    1.0865820929e+01    7.4875804435e+00   -3.6055280372e+01    2.3036663241e+00    1.6326000000e+04    5.3928289922e-02    9.8098326908e-01
       132   -1.5406953373e+01    2.3802026263e+02   -2.6305771261e+01    1.0898817888e+01    7.4840787572e+00   -3.6025494391e+01    2.2356443728e+00    1.6388000000e+04    5.3490909375e-02    9.7968815890e-01
       133   -1.5408989510e+01    2.3812042076e+02   -2.6345565857e+01    1.0936576347e+01    7.4778266886e+00   -3.6155543906e+01    2.3321513600e+00    1.6366000000e+04    5.3798955977e-02    9.8025105775e-01
       134   -1.5413039587e+01    2.3824680929e+02   -2.6304087337e+01    1.0891047750e+01    7.4741101605e+00   -3.6016589467e+01    2.2383919692e+00    1.6262000000e+04    5.2473044062e-02    9.7914061825e-01
       135   -1.5380901071e+01    2.3718719368e+02   -2.6094171505e+01    1.0713270434e+01    7.4767140892e+00   -3.5803857810e+01    2.2329722160e+00    1.6278000000e+04    5.3121416055e-02    9.7956151122e-01
       136   -1.5420652258e+01    2.3849568698e+02   -2.6239738019e+01    1.0819085762e+01    7.4860728907e+00   -3.5944691737e+01    2.2188808268e+00    1.6343000000e+04    5.3460923672e-02    9.7997973285e-01
       137   -1.5401873924e+01    2.3790027791e+02   -2.6138625077e+01    1.0736751153e+01    7.4679532522e+00   -3.5744133153e+01    2.1375548241e+00    1.6330000000e+04    5.3789641289e-02    9.7994434213e-01
       138   -1.5402463729e+01    2.3786558921e+02   -2.6163451728e+01    1.0760987999e+01    7.4483111460e+00   -3.5903988312e+01    2.2922254377e+00    1.6410000000e+04    5.2578281953e-02    9.7983110109e-01
       139   -1.5411208195e+01    2.3820582401e+02   -2.6185887981e+01    1.0774679787e+01    7.4281044931e+00   -3.5942386891e+01    2.3283944167e+00    1.6534000000e+04    5.3474065234e-02    9.7906840078e-01
       140   -1.5380675216e+01    2.3720243832e+02   -2.6180975146e+01    1.0800299930e+01    7.4632308909e+00   -3.5823247405e+01    2.1790413681e+00    1.6604000000e+04    5.5584666445e-02    9.7893913224e-01
       141   -1.5381919191e+01    2.3729571292e+02   -2.6223100170e+01    1.0841180979e+01    7.4949995373e+00   -3.5980551779e+01    2.2624520712e+00    1.6668000000e+04    5.6475864453e-02    9.7973731297e-01
       142   -1.5401300858e+01    2.3783422637e+02   -2.6231270061e+01    1.0829969203e+01    7.4760435455e+00   -3.6004025966e+01    2.2967123598e+00    1.6634000000e+04    5.7583348320e-02    9.7975894198e-01
       143   -1.5407992729e+01    2.3811171347e+02   -2.6346495259e+01    1.0938502530e+01    7.5159545877e+00   -3.6218877850e+01    2.3564280032e+00    1.6633000000e+04    5.7096435195e-02    9.7929154526e-01
       144   -1.5400055940e+01    2.3783605347e+02   -2.6422947326e+01    1.1022891386e+01    7.4912303499e+00   -3.6238296646e+01    2.3241189700e+00    1.6656000000e+04    5.5776361445e-02    9.7944412696e-01
       145   -1.5387628856e+01    2.3744687460e+02   -2.6537680241e+01    1.1150051385e+01    7.5148167680e+00   -3.6267139171e+01    2.2146421616e+00    1.6607000000e+04    5.4224526797e-02    9.7838098195e-01
       146   -1.5393698742e+01    2.3764497010e+02   -2.6499431801e+01    1.1105733059e+01    7.5015153732e+00   -3.6249341470e+01    2.2483942956e+00    1.6662000000e+04    5.7250267422e-02    9.7898869432e-01
       147   -1.5401068174e+01    2.3784609634e+02   -2.6553833989e+01    1.1152765815e+01    7.5557139684e+00   -3.6398880104e+01    2.2893321467e+00    1.6771000000e+04    5.8050422070e-02    9.7909492590e-01
       148   -1.5403616986e+01    2.3794308221e+02   -2.6596560769e+01    1.1192943783e+01    7.5734730141e+00   -3.6397751311e+01    2.2277175272e+00    1.6863000000e+04    5.6538643750e-02    9.7910349291e-01
       149   -1.5395374372e+01    2.3772966283e+02   -2.6586250383e+01    1.1190876011e+01    7.5219738932e+00   -3.6280593379e+01    2.1723691036e+00    1.6846000000e+04    5.7657888438e-02    9.7892097350e-01
       150   -1.5401529666e+01    2.3785243204e+02   -2.6471209314e+01    1.1069679647e+01    7.5386638102e+00   -3.6231993200e+01    2.2221200761e+00    1.6720000000e+04    5.8313673086e-02    9.7947646127e-01
       151   -1.5422603478e+01    2.3857248741e+02   -2.6648141912e+01    1.1225538434e+01    7.5311199401e+00   -3.6419286069e+01    2.2400242168e+00    1.6677000000e+04    5.6432336875e-02    9.7865938153e-01
       152   -1.5390175603e+01    2.3752202628e+02   -2.6543784559e+01    1.1153608957e+01    7.5270045296e+00   -3.6316105059e+01    2.2453159696e+00    1.6563000000e+04    5.5478177852e-02    9.7956196716e-01
       153   -1.5384123541e+01    2.3731903003e+02   -2.6423065437e+01    1.1038941896e+01    7.5404705746e+00   -3.6045249298e+01    2.0817132868e+00    1.6624000000e+04    5.7039773438e-02    9.7916665270e-01
       154   -1.5397706469e+01    2.3785622272e+02   -2.6397086358e+01    1.0999379889e+01    7.5536384408e+00   -3.6154263372e+01    2.2035385735e+00    1.6536000000e+04    5.4716722930e-02    9.7908023553e-01
       155   -1.5390021376e+01    2.3746583399e+02   -2.6320341554e+01    1.0930320177e+01    7.5601026101e+00   -3.6163946559e+01    2.2835023950e+00    1.6473000000e+04    5.4625734844e-02    9.7903041284e-01
       156   -1.5401640605e+01    2.3790143585e+02   -2.6286172904e+01    1.0884532298e+01    7.5813761778e+00   -3.6246814833e+01    2.3792657512e+00    1.6474000000e+04    5.4301002695e-02    9.7959975319e-01
       157   -1.5401776519e+01    2.3792803302e+02   -2.6409099137e+01    1.1007322618e+01    7.5666529995e+00   -3.6286048131e+01    2.3102959949e+00    1.6543000000e+04    5.4635476094e-02    9.7829154448e-01
       158   -1.5390628944e+01    2.3753050012e+02   -2.6370220143e+01    1.0979591199e+01    7.5704458178e+00   -3.6229442884e+01    2.2887769228e+00    1.6486000000e+04    5.4476808750e-02    9.7940372168e-01
       159   -1.5395921034e+01    2.3765659374e+02   -2.6295192164e+01    1.0899271130e+01    7.5721384879e+00   -3.6086889597e+01    2.2195589449e+00    1.6424000000e+04    5.5229176484e-02    9.7946000269e-01
       160   -1.5399819100e+01    2.3783840399e+02   -2.6423788037e+01    1.1023968937e+01    7.6021741632e+00   -3.6349496733e+01    2.3235345325e+00    1.6404000000e+04    5.4458435391e-02    9.7911326522e-01
       161   -1.5397336455e+01    2.3770961296e+02   -2.6284689872e+01    1.0887353416e+01    7.5670879846e+00   -3.6219922414e+01    2.3681445581e+00    1.6460000000e+04    5.5237582539e-02    9.8013777485e-01
       162   -1.5408472159e+01    2.3806946175e+02   -2.6355491202e+01    1.0947019042e+01    7.5178611397e+00   -3.6208026799e+01    2.3346744579e+00    1.6439000000e+04    5.5263963438e-02    9.7951870112e-01
       163   -1.5391761476e+01    2.3753283340e+02   -2.6350449185e+01    1.0958687709e+01    7.5478048298e+00   -3.6298286770e+01    2.4000327553e+00    1.6499000000e+04    5.5063767344e-02    9.8054392136e-01
       164   -1.5396725607e+01    2.3776346606e+02   -2.6330097718e+01    1.0933372111e+01    7.5687750986e+00   -3.6367001936e+01    2.4681291198e+00    1.6516000000e+04    5.5134777070e-02    9.7942549243e-01
       165   -1.5400421850e+01    2.3782345996e+02   -2.6391932153e+01    1.0991510302e+01    7.5686332414e+00   -3.6274029573e+01    2.3134641793e+00    1.6519000000e+04    5.4706106875e-02    9.7885953901e-01
       166   -1.5397830959e+01    2.3777941143e+02   -2.6344535152e+01    1.0946704193e+01    7.5506770535e+00   -3.6134926860e+01    2.2397146545e+00    1.6522000000e+04    5.5091618750e-02    9.7819513824e-01
       167   -1.5392276412e+01    2.3756337701e+02   -2.6287310117e+01    1.0895033705e+01    7.5052478085e+00   -3.6006815042e+01    2.2142571167e+00    1.6607000000e+04    5.7663391641e-02    9.7928428237e-01
       168   -1.5392354378e+01    2.3757752529e+02   -2.6285106692e+01    1.0892752314e+01    7.4952586740e+00   -3.5950754296e+01    2.1703889302e+00    1.6657000000e+04    5.5433292031e-02    9.8022199106e-01
       169   -1.5387833884e+01    2.3743746559e+02   -2.6246250888e+01    1.0858417003e+01    7.5087801046e+00   -3.5957879274e+01    2.2028482816e+00    1.6617000000e+04    5.6969751680e-02    9.7901878813e-01
       170   -1.5387026692e+01    2.3747286581e+02   -2.6240164133e+01    1.0853137442e+01    7.5071477360e+00   -3.5908923202e+01    2.1616113323e+00    1.6458000000e+04    5.4842832891e-02    9.7924120124e-01
       171   -1.5381751278e+01    2.3720931351e+02   -2.6125382017e+01    1.0743630738e+01    7.4759477042e+00   -3.5695713362e+01    2.0943836411e+00    1.6401000000e+04    5.5454853867e-02    9.7944757233e-01
       172   -1.5384078156e+01    2.3732110930e+02   -2.6071845820e+01    1.0687767664e+01    7.5008145693e+00   -3.5848441024e+01    2.2757806340e+00    1.6319000000e+04    5.4488707266e-02    9.7977806245e-01
       173   -1.5387618460e+01    2.3747629625e+02   -2.6394923184e+01    1.1007304723e+01    7.5301837190e+00   -3.6159452370e+01    2.2343454676e+00    1.6252000000e+04    5.5204647578e-02    9.7943253795e-01
       174   -1.5391270357e+01    2.3758352807e+02   -2.6249158064e+01    1.0857887707e+01    7.5132522753e+00   -3.6026682093e+01    2.2642717533e+00    1.6294000000e+04    5.4459241328e-02    9.7963301433e-01
       175   -1.5396306163e+01    2.3770556764e+02   -2.6136773325e+01    1.0740467163e+01    7.4867789924e+00   -3.6010092419e+01    2.3865401013e+00    1.6278000000e+04    5.5084112539e-02    9.8058097881e-01
       176   -1.5401417905e+01    2.3786469277e+02   -2.6134581081e+01    1.0733163176e+01    7.4705087654e+00   -3.5776626564e+01    2.1715367178e+00    1.6196000000e+04    5.3993688945e-02    9.7905617790e-01
       177   -1.5414030904e+01    2.3823407794e+02   -2.6248010443e+01    1.0833979539e+01    7.4700173926e+00   -3.5946936460e+01    2.2289086245e+00    1.6308000000e+04    5.4387496445e-02    9.7925976039e-01
       178   -1.5400386648e+01    2.3784958470e+02   -2.6308698812e+01    1.0908312165e+01    7.4956552843e+00   -3.6161539054e+01    2.3571849568e+00    1.6391000000e+04    5.4648620000e-02    9.7942940861e-01
       179   -1.5394166686e+01    2.3760443861e+02   -2.6242200259e+01    1.0848033574e+01    7.4757818625e+00   -3.5951438189e+01    2.2334560672e+00    1.6395000000e+04    5.6058545547e-02    9.7986221483e-01
       180   -1.5419110713e+01    2.3848032906e+02   -2.6413591475e+01    1.0994480762e+01    7.5063041871e+00   -3.6196719356e+01    2.2768236940e+00    1.6387000000e+04    5.3640808320e-02    9.7876012050e-01
       181   -1.5421310003e+01    2.3848903922e+02   -2.6367044101e+01    1.0945734098e+01    7.4711719757e+00   -3.6116672187e+01    2.2784561101e+00    1.6440000000e+04    5.3887516406e-02    9.7975701509e-01
       182   -1.5399939545e+01    2.3779169012e+02   -2.6237668865e+01    1.0837729320e+01    7.4271414365e+00   -3.5947256317e+01    2.2824460156e+00    1.6540000000e+04    5.3792916094e-02    9.8036455241e-01
       183   -1.5405073878e+01    2.3794372659e+02   -2.6279141720e+01    1.0874067842e+01    7.4590341551e+00   -3.5905930180e+01    2.1677543046e+00    1.6567000000e+04    5.3850659727e-02    9.8079021569e-01
       184   -1.5383557109e+01    2.3731095932e+02   -2.6361887437e+01    1.0978330327e+01    7.4721043858e+00   -3.6070443147e+01    2.2364513238e+00    1.6517000000e+04    5.4221324063e-02    9.8016125239e-01
       185   -1.5399694395e+01    2.3780882521e+02   -2.6275795681e+01    1.0876101286e+01    7.4460957612e+00   -3.5905050325e+01    2.1831588834e+00    1.6539000000e+04    5.5097790781e-02    9.7859287310e-01
       186   -1.5417114119e+01    2.3835353008e+02   -2.6042361374e+01    1.0625247255e+01    7.4527627525e+00   -3.5787985455e+01    2.2928613286e+00    1.6441000000e+04    5.5124802187e-02    9.8033571079e-01
       187   -1.5413288647e+01    2.3825727578e+02   -2.6228297270e+01    1.0815008623e+01    7.4315732786e+00   -3.5796278602e+01    2.1364080536e+00    1.6461000000e+04    5.3443048867e-02    9.7958747379e-01
       188   -1.5422045565e+01    2.3855472900e+02   -2.6332380252e+01    1.0910334687e+01    7.4835986088e+00   -3.6133292231e+01    2.3173133702e+00    1.6604000000e+04    5.4382620586e-02    9.7982004011e-01
       189   -1.5407881678e+01    2.3808186041e+02   -2.6472766278e+01    1.1064884600e+01    7.4819371356e+00   -3.6169657577e+01    2.2149541641e+00    1.6637000000e+04    7.2571360273e-02    9.8052369189e-01
       190   -1.5413273203e+01    2.3822235231e+02   -2.6323570224e+01    1.0910297021e+01    7.5075721615e+00   -3.6104687644e+01    2.2735452585e+00    1.6578000000e+04    9.5455027305e-02    9.7915656420e-01
       191   -1.5396259284e+01    2.3770720115e+02   -2.6322241630e+01    1.0925982346e+01    7.4946050175e+00   -3.6031871574e+01    2.2150249265e+00    1.6472000000e+04    5.4407292812e-02    9.7943077265e-01
       192   -1.5388044502e+01    2.3742550927e+02   -2.6402548707e+01    1.1014504205e+01    7.5051957171e+00   -3.6093918294e+01    2.1861738702e+00    1.6328000000e+04    5.4943127617e-02    9.7930441785e-01
       193   -1.5394849285e+01    2.3766958556e+02   -2.6327517364e+01    1.0932668079e+01    7.5316039092e+00   -3.6098013598e+01    2.2388923246e+00    1.6282000000e+04    5.4765989570e-02    9.7876498071e-01
       194   -1.5416866035e+01    2.3835529865e+02   -2.6359265490e+01    1.0942399455e+01    7.4842979597e+00   -3.6045713300e+01    2.2021498508e+00    1.6298000000e+04    5.4689193438e-02    9.7903510622e-01
       195   -1.5397879845e+01    2.3774873261e+02   -2.6256711835e+01    1.0858831990e+01    7.5373006820e+00   -3.6160759590e+01    2.3667470730e+00    1.6282000000e+04    5.4817683477e-02    9.7946873023e-01
       196   -1.5400226543e+01    2.3781691616e+02   -2.6405723633e+01    1.1005497090e+01    7.5292271472e+00   -3.6221893617e+01    2.2869428370e+00    1.6237000000e+04    5.3341900664e-02    9.7959410787e-01
       197   -1.5396857325e+01    2.3773789471e+02   -2.6269441295e+01    1.0872583971e+01    7.4994254041e+00   -3.6010249065e+01    2.2413823652e+00    1.6348000000e+04    5.5318312070e-02    9.7868668559e-01
       198   -1.5408025654e+01    2.3808748624e+02   -2.6348464696e+01    1.0940439041e+01    7.4824375114e+00   -3.6106716270e+01    2.2758140626e+00    1.6386000000e+04    5.5276565625e-02    9.7982940643e-01
       199   -1.5404814350e+01    2.3800092679e+02   -2.6415731343e+01    1.1010916993e+01    7.4803805114e+00   -3.6135751554e+01    2.2396397000e+00    1.6406000000e+04    5.4510366914e-02    9.7903165881e-01
       200   -1.5403683332e+01    2.3798277135e+02   -2.6387901215e+01    1.0984217883e+01    7.4814523335e+00   -3.6218866448e+01    2.3495128989e+00    1.6330000000e+04    5.5145395508e-02    9.7975943355e-01
       201   -1.5395282074e+01    2.3767771856e+02   -2.6622480652e+01    1.1227198578e+01    7.5598306365e+00   -3.6456993616e+01    2.2746823280e+00    1.6398000000e+04    5.5033139219e-02    9.7930105779e-01
       202   -1.5408793957e+01    2.3814078462e+02   -2.6446883258e+01    1.1038089301e+01    7.5484001188e+00   -3.6308329156e+01    2.3130457786e+00    1.6537000000e+04    5.5292105547e-02    9.7882316255e-01
       203   -1.5420035242e+01    2.3844053411e+02   -2.6272900873e+01    1.0852865631e+01    7.4932986855e+00   -3.6188960822e+01    2.4227612630e+00    1.6570000000e+04    5.4591472617e-02    9.8025069549e-01
       204   -1.5411113053e+01    2.3815684354e+02   -2.6279016545e+01    1.0867903492e+01    7.4554998111e+00   -3.6059168948e+01    2.3246525923e+00    1.6497000000e+04    5.4526859063e-02    9.7998168287e-01
       205   -1.5415153481e+01    2.3830783528e+02   -2.6520330286e+01    1.1105176806e+01    7.4679390070e+00   -3.6280487577e+01    2.2922182838e+00    1.6472000000e+04    5.4372240312e-02    9.7928253387e-01
       206   -1.5413212603e+01    2.3819195888e+02   -2.6376386396e+01    1.0963173793e+01    7.4799236270e+00   -3.6157976845e+01    2.3016668220e+00    1.6590000000e+04    5.5396107344e-02    9.7916748414e-01
       207   -1.5415752828e+01    2.3829862746e+02   -2.6417800661e+01    1.1002047832e+01    7.4803771468e+00   -3.6181232576e+01    2.2830547682e+00    1.6448000000e+04    5.5099643047e-02    9.8011973817e-01
       208   -1.5394539803e+01    2.3763721353e+02   -2.6221823493e+01    1.0827283690e+01    7.4778671854e+00   -3.6016246937e+01    2.3165562595e+00    1.6524000000e+04    5.5600499648e-02    9.7933000333e-01
       209   -1.5393367574e+01    2.3760980765e+02   -2.6342138177e+01    1.0948770603e+01    7.5100943492e+00   -3.6208808776e+01    2.3565762499e+00    1.6600000000e+04    5.5747996289e-02    9.7891578214e-01
       210   -1.5404158752e+01    2.3800039363e+02   -2.6536214457e+01    1.1132055705e+01    7.4931327222e+00   -3.6331159652e+01    2.3018124725e+00    1.6644000000e+04    5.6325991289e-02    9.7769776577e-01
       211   -1.5394964369e+01    2.3763658013e+02   -2.6337436751e+01    1.0942472382e+01    7.4930350488e+00   -3.6211563931e+01    2.3810921318e+00    1.6466000000e+04    5.4965755820e-02    9.8000799684e-01
       212   -1.5407499166e+01    2.3805654713e+02   -2.6462413928e+01    1.1054914762e+01    7.5093170707e+00   -3.6286492336e+01    2.3147613372e+00    1.6427000000e+04    5.4900495117e-02    9.7959333926e-01
       213   -1.5395900067e+01    2.3777856664e+02   -2.6281228639e+01    1.0885328572e+01    7.4976557369e+00   -3.6088298817e+01    2.3094144411e+00    1.6541000000e+04    5.5474403516e-02    9.7910463580e-01
       214   -1.5401792087e+01    2.3789218742e+02   -2.6261107908e+01    1.0859315820e+01    7.5010651750e+00   -3.6062985607e+01    2.3008125240e+00    1.6536000000e+04    5.4909125391e-02    9.8017468048e-01
       215   -1.5389966744e+01    2.3757039437e+02   -2.6234881668e+01    1.0844914923e+01    7.5074404908e+00   -3.5987928883e+01    2.2456067246e+00    1.6574000000e+04    5.5126396758e-02    9.7924091894e-01
       216   -1.5379744791e+01    2.3720105513e+02   -2.6430565109e+01    1.1050820318e+01    7.5123691662e+00   -3.6194160563e+01    2.2512262880e+00    1.6586000000e+04    5.5067934141e-02    9.7944905792e-01
       217   -1.5382145026e+01    2.3728080356e+02   -2.6469249103e+01    1.1087104076e+01    7.5367609944e+00   -3.6238896024e+01    2.2328859266e+00    1.6391000000e+04    5.5827089453e-02    9.7914889621e-01
       218   -1.5392108116e+01    2.3756873518e+02   -2.6348313300e+01    1.0956205183e+01    7.5172623761e+00   -3.6146586064e+01    2.2810103883e+00    1.6273000000e+04    5.5485749102e-02    9.7959317038e-01
       219   -1.5404158205e+01    2.3795264064e+02   -2.6174197100e+01    1.0770038895e+01    7.4849357394e+00   -3.5891479732e+01    2.2323468929e+00    1.6270000000e+04    5.5607022227e-02    9.8058953861e-01
       220   -1.5399326987e+01    2.3786459055e+02   -2.6436790014e+01    1.1037463028e+01    7.5188038534e+00   -3.6215099075e+01    2.2595052069e+00    1.6190000000e+04    5.5147252969e-02    9.7992887330e-01
       221   -1.5389204343e+01    2.3750053065e+02   -2.6518922398e+01    1.1129718055e+01    7.5725402551e+00   -3.6413867796e+01    2.3224051429e+00    1.6120000000e+04    5.5268682031e-02    9.7935846243e-01
       222   -1.5393072588e+01    2.3760003520e+02   -2.6388108157e+01    1.0995035569e+01    7.5042857905e+00   -3.6230983562e+01    2.3385896144e+00    1.6070000000e+04    5.4893995898e-02    9.7899920234e-01
       223   -1.5393004194e+01    2.3758894852e+02   -2.6355438168e+01    1.0962433973e+01    7.5033168881e+00   -3.6224698640e+01    2.3659435838e+00    1.6064000000e+04    5.5647581875e-02    9.7919122158e-01
       224   -1.5382760706e+01    2.3730709154e+02   -2.6510802376e+01    1.1128041669e+01    7.5017363008e+00   -3.6283850848e+01    2.2713121710e+00    1.6120000000e+04    5.4803720313e-02    9.7917503759e-01
       225   -1.5405330480e+01    2.3799601214e+02   -2.6300230020e+01    1.0894899540e+01    7.4777672207e+00   -3.6061059369e+01    2.2830621284e+00    1.6112000000e+04    5.5140115039e-02    9.8036473731e-01
       226   -1.5410624951e+01    2.3818752000e+02   -2.6285940323e+01    1.0875315371e+01    7.5055829474e+00   -3.6054642639e+01    2.2631193694e+00    1.6096000000e+04    5.4523321289e-02    9.7964391691e-01
       227   -1.5390499026e+01    2.3770410099e+02   -2.6501376753e+01    1.1110877727e+01    7.5242293077e+00   -3.6161133743e+01    2.1355276827e+00    1.6130000000e+04    5.4821327734e-02    9.7975367236e-01
       228   -1.5378371002e+01    2.3716256792e+02   -2.6415204079e+01    1.1036833077e+01    7.5317563474e+00   -3.6142153183e+01    2.1951927569e+00    1.6128000000e+04    5.5609898555e-02    9.7847901682e-01
       229   -1.5388831353e+01    2.3750871392e+02   -2.6463284201e+01    1.1074452848e+01    7.5155741784e+00   -3.6205780587e+01    2.2269222079e+00    1.6031000000e+04    5.4888035234e-02    9.7931416521e-01
       230   -1.5389726735e+01    2.3754442583e+02   -2.6373854216e+01    1.0984127480e+01    7.5021270209e+00   -3.6045597932e+01    2.1696166953e+00    1.5940000000e+04    5.4631674453e-02    9.7992577250e-01
       231   -1.5398634456e+01    2.3776827379e+02   -2.6116763202e+01    1.0718128746e+01    7.4722019095e+00   -3.5665103422e+01    2.0761383107e+00    1.6044000000e+04    5.4955268398e-02    9.8028734767e-01
       232   -1.5379131543e+01    2.3712875715e+02   -2.6035489421e+01    1.0656357878e+01    7.4514694215e+00   -3.5547974388e+01    2.0610155455e+00    1.6014000000e+04    5.4509961992e-02    9.7982112772e-01
       233   -1.5386739278e+01    2.3735751289e+02   -2.6222412791e+01    1.0835673513e+01    7.4742491761e+00   -3.6023407804e+01    2.3267458376e+00    1.6068000000e+04    5.5326427227e-02    9.7987639486e-01
       234   -1.5403671161e+01    2.3792617493e+02   -2.6284259316e+01    1.0880588156e+01    7.5014834539e+00   -3.6182169002e+01    2.3964262321e+00    1.6078000000e+04    5.4689320820e-02    9.7941110434e-01
       235   -1.5395134906e+01    2.3764518177e+02   -2.6205923978e+01    1.0810789072e+01    7.4759898642e+00   -3.6006203541e+01    2.3242896987e+00    1.6240000000e+04    5.5421761562e-02    9.7842658009e-01
       236   -1.5408273325e+01    2.3809713812e+02   -2.6269242831e+01    1.0860969506e+01    7.4750067796e+00   -3.5895309513e+01    2.1510599021e+00    1.6316000000e+04    5.6670474805e-02    9.7915018434e-01
       237   -1.5395424445e+01    2.3767545736e+02   -2.6350169372e+01    1.0954744927e+01    7.4809140960e+00   -3.6014605862e+01    2.1835223942e+00    1.6398000000e+04    5.4896079727e-02    9.7963829997e-01
       238   -1.5396926968e+01    2.3771917943e+02   -2.6296902512e+01    1.0899975544e+01    7.5077299511e+00   -3.6082919170e+01    2.2782867067e+00    1.6478000000e+04    5.4119027305e-02    9.8003791127e-01
       239   -1.5397949494e+01    2.3774856430e+02   -2.6462719486e+01    1.1064769992e+01    7.5120651492e+00   -3.6274560576e+01    2.2997759405e+00    1.6546000000e+04    5.4333245547e-02    9.7957594205e-01
       240   -1.5405098843e+01    2.3799369940e+02   -2.6548376558e+01    1.1143277715e+01    7.5473083001e+00   -3.6364522247e+01    2.2688373888e+00    1.6446000000e+04    5.3873944805e-02    9.7910332644e-01
       241   -1.5407376926e+01    2.3809163728e+02   -2.6371640411e+01    1.0964263485e+01    7.5146151794e+00   -3.6156727116e+01    2.2704715263e+00    1.6543000000e+04    5.3789912578e-02    9.8066183648e-01
       242   -1.5393759836e+01    2.3761724544e+02   -2.6290839240e+01    1.0897079404e+01    7.5045621658e+00   -3.6002092023e+01    2.2066906167e+00    1.6466000000e+04    5.4537818633e-02    9.7933897814e-01
       243   -1.5399486690e+01    2.3785928861e+02   -2.6331249830e+01    1.0931763140e+01    7.4952744353e+00   -3.6067930535e+01    2.2414062689e+00    1.6375000000e+04    5.4637633359e-02    9.7887415364e-01
       244   -1.5399038824e+01    2.3785300760e+02   -2.6260675188e+01    1.0861636364e+01    7.4850773954e+00   -3.6006341871e+01    2.2605892881e+00    1.6236000000e+04    5.3466795586e-02    9.7933217691e-01
       245   -1.5393235607e+01    2.3757318627e+02   -2.6219611316e+01    1.0826375709e+01    7.5284003965e+00   -3.6082837123e+01    2.3348254104e+00    1.6409000000e+04    5.4719832695e-02    9.7931365817e-01
       246   -1.5404815178e+01    2.3801437813e+02   -2.6275428487e+01    1.0870613309e+01    7.5200016339e+00   -3.6130544689e+01    2.3351145682e+00    1.6513000000e+04    5.3950657539e-02    9.7933550242e-01
       247   -1.5381527282e+01    2.3722368022e+02   -2.6201282300e+01    1.0819755019e+01    7.4976568994e+00   -3.5864342166e+01    2.1654029666e+00    1.6551000000e+04    5.4384361992e-02    9.7969913519e-01
       248   -1.5399475256e+01    2.3777464537e+02   -2.6290067053e+01    1.0890591797e+01    7.4932231407e+00   -3.5993861101e+01    2.2105709073e+00    1.6528000000e+04    5.3568739492e-02    9.7960298226e-01
       249   -1.5408862416e+01    2.3809391541e+02   -2.6465606372e+01    1.1056743956e+01    7.4968189215e+00   -3.6246111864e+01    2.2836865707e+00    1.6420000000e+04    5.4257160586e-02    9.7978299396e-01
       250   -1.5383101334e+01    2.3727494016e+02   -2.6413001352e+01    1.1029900018e+01    7.5177799736e+00   -3.6255399966e+01    2.3246186403e+00    1.6281000000e+04    5.4263376914e-02    9.8031650765e-01
       251   -1.5397668715e+01    2.3775371069e+02   -2.6277724963e+01    1.0880056248e+01    7.5479948298e+00   -3.6276441706e+01    2.4507219131e+00    1.6235000000e+04    5.3354654766e-02    9.7994876010e-01
       252   -1.5409899298e+01    2.3814887064e+02   -2.6225793696e+01    1.0815894398e+01    7.4930239369e+00   -3.6144688920e+01    2.4258712875e+00    1.6186000000e+04    5.3762919883e-02    9.7887409249e-01
       253   -1.5412114744e+01    2.3821642255e+02   -2.6245795825e+01    1.0833681082e+01    7.4632958382e+00   -3.6041380008e+01    2.3322883441e+00    1.6187000000e+04    5.4430192773e-02    9.8053721166e-01
       254   -1.5415330194e+01    2.3836395185e+02   -2.6180122297e+01    1.0764792102e+01    7.4643352829e+00   -3.5870049081e+01    2.2255915013e+00    1.6234000000e+04    5.5240440703e-02    9.7934336432e-01
       255   -1.5408084029e+01    2.3807511340e+02   -2.6247197686e+01    1.0839113657e+01    7.5072240140e+00   -3.6114034445e+01    2.3596127447e+00    1.6272000000e+04    5.4637731719e-02    9.7953413715e-01
       256   -1.5407841951e+01    2.3807258031e+02   -2.6204045718e+01    1.0796203767e+01    7.4607309230e+00   -3.5934308473e+01    2.2695318323e+00    1.6323000000e+04    5.3976825703e-02    9.7997643767e-01
       257   -1.5401274666e+01    2.3782974454e+02   -2.6186369141e+01    1.0785094474e+01    7.4900471767e+00   -3.5982106353e+01    2.3056900358e+00    1.6365000000e+04    5.5624918477e-02    9.7951453552e-01
       258   -1.5404802633e+01    2.3793155820e+02   -2.6185861381e+01    1.0781058748e+01    7.5365901313e+00   -3.5972455635e+01    2.2500041226e+00    1.6419000000e+04    5.5082189453e-02    9.8003241469e-01
       259   -1.5401764872e+01    2.3790439142e+02   -2.6359542281e+01    1.0957777409e+01    7.5639064574e+00   -3.6178215064e+01    2.2547663258e+00    1.6496000000e+04    5.5049419453e-02    9.7907635457e-01
       260   -1.5395010475e+01    2.3772489540e+02   -2.6436211702e+01    1.1041201227e+01    7.5519784577e+00   -3.6163849915e+01    2.1756597552e+00    1.6397000000e+04    5.5113982500e-02    9.7923778379e-01
       261   -1.5397464387e+01    2.3772095633e+02   -2.6245962836e+01    1.0848498449e+01    7.4876897384e+00   -3.6072721548e+01    2.3390689743e+00    1.6424000000e+04    5.5309357383e-02    9.7939681479e-01
       262   -1.5392247422e+01    2.3752448430e+02   -2.6218349183e+01    1.0826101761e+01    7.4567989210e+00   -3.5978099530e+01    2.3029514261e+00    1.6479000000e+04    5.5002512891e-02    9.8046408668e-01
       263   -1.5401777009e+01    2.3791554859e+02   -2.6211981992e+01    1.0810204983e+01    7.4632721323e+00   -3.6116000008e+01    2.4407458837e+00    1.6387000000e+04    5.5236065898e-02    9.7975483715e-01
       264   -1.5398612552e+01    2.3776853829e+02   -2.6306134777e+01    1.0907522225e+01    7.4924838441e+00   -3.5970522050e+01    2.1719034291e+00    1.6350000000e+04    5.4594149375e-02    9.7948476742e-01
       265   -1.5399172195e+01    2.3778377319e+02   -2.6215962519e+01    1.0816790324e+01    7.5142588533e+00   -3.5961708479e+01    2.2314871071e+00    1.6284000000e+04    5.5264944922e-02    9.7974508997e-01
       266   -1.5414075734e+01    2.3826516810e+02   -2.6196585698e+01    1.0782509964e+01    7.5140240197e+00   -3.6153365149e+01    2.4427554313e+00    1.6361000000e+04    5.4828477891e-02    9.8009012745e-01
       267   -1.5404292263e+01    2.3794175177e+02   -2.6222914334e+01    1.0818622071e+01    7.4922718610e+00   -3.6017171767e+01    2.3019855727e+00    1.6394000000e+04    5.5058232461e-02    9.7969934593e-01
       268   -1.5398998433e+01    2.3777797747e+02   -2.6242213315e+01    1.0843214882e+01    7.5084838578e+00   -3.5999277982e+01    2.2485808094e+00    1.6398000000e+04    5.5331995117e-02    9.7949740339e-01
       269   -1.5377973494e+01    2.3709996626e+02   -2.6155769299e+01    1.0777795805e+01    7.5203629549e+00   -3.5994848797e+01    2.3187165422e+00    1.6459000000e+04    5.5816240352e-02    9.7994713100e-01
       270   -1.5392847729e+01    2.3767744002e+02   -2.6267995648e+01    1.0875147920e+01    7.5096347295e+00   -3.5979457827e+01    2.2018274486e+00    1.6424000000e+04    5.5394857773e-02    9.7953714693e-01
       271   -1.5405488298e+01    2.3800377750e+02   -2.6317142019e+01    1.0911653721e+01    7.4946470940e+00   -3.6113045929e+01    2.3012568160e+00    1.6414000000e+04    5.5642353047e-02    9.8027602205e-01
       272   -1.5413472570e+01    2.3829554842e+02   -2.6393398467e+01    1.0979925897e+01    7.5067392248e+00   -3.6089704367e+01    2.1895666750e+00    1.6350000000e+04    5.5087778477e-02    9.7985425982e-01
       273   -1.5413545149e+01    2.3827785060e+02   -2.6418801770e+01    1.1005256621e+01    7.5208768450e+00   -3.6163912043e+01    2.2242334285e+00    1.6361000000e+04    5.5245487148e-02    9.8068627940e-01
       274   -1.5400816702e+01    2.3785614272e+02   -2.6344366616e+01    1.0943549913e+01    7.5310241887e+00   -3.6163606599e+01    2.2882157944e+00    1.6399000000e+04    5.4955698203e-02    9.7953087432e-01
       275   -1.5398637773e+01    2.3780256428e+02   -2.6349573601e+01    1.0950935829e+01    7.5494053860e+00   -3.6252091045e+01    2.3531120578e+00    1.6468000000e+04    5.5985377617e-02    9.7933509047e-01
       276   -1.5392944140e+01    2.3755861172e+02   -2.6246347530e+01    1.0853403390e+01    7.5384735546e+00   -3.6118675940e+01    2.3338548558e+00    1.6429000000e+04    5.5036916250e-02    9.8039833053e-01
       277   -1.5406241648e+01    2.3803305857e+02   -2.6213020190e+01    1.0806778542e+01    7.4836246200e+00   -3.5916581118e+01    2.2199363079e+00    1.6375000000e+04    5.5255075078e-02    9.7958933302e-01
       278   -1.5387518174e+01    2.3744119765e+02   -2.6423938453e+01    1.1036420280e+01    7.5165815447e+00   -3.6212146446e+01    2.2716264479e+00    1.6236000000e+04    5.5774995586e-02    9.7988213625e-01
       279   -1.5398304206e+01    2.3777465767e+02   -2.6389518639e+01    1.0991214433e+01    7.5601762954e+00   -3.6358936706e+01    2.4092417717e+00    1.6105000000e+04    5.5387538789e-02    9.7984379339e-01
       280   -1.5380022965e+01    2.3720252174e+02   -2.6292026898e+01    1.0912003934e+01    7.5531723901e+00   -3.6250683446e+01    2.4054841575e+00    1.6030000000e+04    5.5025810156e-02    9.8015234476e-01
       281   -1.5402956336e+01    2.3793033313e+02   -2.6294820224e+01    1.0891863887e+01    7.5445273705e+00   -3.6115689364e+01    2.2763417699e+00    1.6079000000e+04    5.6082614062e-02    9.7934118827e-01
       282   -1.5394799435e+01    2.3767284057e+02   -2.6175793185e+01    1.0780993750e+01    7.5336207415e+00   -3.6042638699e+01    2.3332247724e+00    1.6137000000e+04    5.5692019844e-02    9.7980095752e-01
       283   -1.5396003452e+01    2.3767930324e+02   -2.6223848082e+01    1.0827844630e+01    7.4954327495e+00   -3.6024778940e+01    2.3054981087e+00    1.6113000000e+04    5.5970787500e-02    9.7962708563e-01
       284   -1.5414008004e+01    2.3827704455e+02   -2.6221800716e+01    1.0807792712e+01    7.5086243979e+00   -3.5921251004e+01    2.1908258897e+00    1.6152000000e+04    5.5121878984e-02    9.7976229901e-01
       285   -1.5405181929e+01    2.3803945559e+02   -2.6263883809e+01    1.0858701880e+01    7.5203103231e+00   -3.6080806278e+01    2.2966121463e+00    1.6078000000e+04    5.4563533125e-02    9.7956240576e-01
       286   -1.5396804255e+01    2.3775839021e+02   -2.6204504058e+01    1.0807699803e+01    7.5455548874e+00   -3.6134484155e+01    2.3844252103e+00    1.6014000000e+04    5.4599520977e-02    9.7935078275e-01
       287   -1.5386653852e+01    2.3740119123e+02   -2.6124412388e+01    1.0737758536e+01    7.5450453070e+00   -3.6001465625e+01    2.3320079298e+00    1.6043000000e+04    5.5640767578e-02    9.8039045910e-01
       288   -1.5385918243e+01    2.3737751807e+02   -2.6092986394e+01    1.0707068151e+01    7.4962018312e+00   -3.5845059042e+01    2.2558708168e+00    1.6187000000e+04    5.5310966836e-02    9.8010878652e-01
       289   -1.5400371346e+01    2.3784493855e+02   -2.6288577071e+01    1.0888205726e+01    7.5006903762e+00   -3.5970277462e+01    2.1810100140e+00    1.6289000000e+04    5.5833910117e-02    9.8009942465e-01
       290   -1.5408988080e+01    2.3811082600e+02   -2.6266307899e+01    1.0857319819e+01    7.4995889902e+00   -3.6039069021e+01    2.2731721325e+00    1.6458000000e+04    5.5239882383e-02    9.8086127019e-01
       291   -1.5389521828e+01    2.3750569966e+02   -2.6354260589e+01    1.0964738761e+01    7.5498535521e+00   -3.6257630189e+01    2.3535160478e+00    1.6504000000e+04    5.5908914922e-02    9.7884180383e-01
       292   -1.5408039426e+01    2.3809645788e+02   -2.6438666835e+01    1.1030627409e+01    7.5304059109e+00   -3.6272078843e+01    2.3030060969e+00    1.6399000000e+04    5.5527340000e-02    9.7943541756e-01
       293   -1.5390204097e+01    2.3747963465e+02   -2.6187898245e+01    1.0797694148e+01    7.5000949032e+00   -3.5912127963e+01    2.2241348152e+00    1.6233000000e+04    5.7025069609e-02    9.8046972893e-01
       294   -1.5403351249e+01    2.3794925869e+02   -2.6418917608e+01    1.1015566358e+01    7.5368210593e+00   -3.6162724458e+01    2.2069857908e+00    1.6305000000e+04    5.4324454727e-02    9.8026811452e-01
       295   -1.5401643331e+01    2.3786007360e+02   -2.6489964094e+01    1.1088320763e+01    7.5838770222e+00   -3.6239452285e+01    2.1656111682e+00    1.6258000000e+04    5.4513460039e-02    9.7998634222e-01
       296   -1.5415059712e+01    2.3827955391e+02   -2.6568783590e+01    1.1153723877e+01    7.5835245985e+00   -3.6307053564e+01    2.1547453760e+00    1.6215000000e+04    5.4128319492e-02    9.7852831395e-01
       297   -1.5405444876e+01    2.3798471494e+02   -2.6363246977e+01    1.0957802102e+01    7.6150944083e+00   -3.6234380378e+01    2.2560389923e+00    1.6083000000e+04    5.4919283828e-02    9.8018099280e-01
       298   -1.5384233828e+01    2.3730644596e+02   -2.6566092276e+01    1.1181858448e+01    7.6317017706e+00   -3.6425233560e+01    2.2274395139e+00    1.6130000000e+04    5.4135784336e-02    9.7945140517e-01
       299   -1.5386636328e+01    2.3739119974e+02   -2.6454652328e+01    1.1068016000e+01    7.6298407631e+00   -3.6447147086e+01    2.3626539946e+00    1.6033000000e+04    5.4171145977e-02    9.7989361876e-01
       300   -1.5384090003e+01    2.3730266577e+02   -2.6589434490e+01    1.1205344487e+01    7.5930912292e+00   -3.6530914350e+01    2.3483886305e+00    1.6059000000e+04    5.4554732578e-02    9.7863512261e-01
       301   -1.5396641529e+01    2.3777691670e+02   -2.6634913489e+01    1.1238271960e+01    7.5792715241e+00   -3.6512815771e+01    2.2986307583e+00    1.6036000000e+04    5.4955544102e-02    9.7907504836e-01
       302   -1.5380305305e+01    2.3724474546e+02   -2.6556549847e+01    1.1176244542e+01    7.5513327545e+00   -3.6374191374e+01    2.2663087720e+00    1.5883000000e+04    5.4148261094e-02    9.7966566717e-01
       303   -1.5383165048e+01    2.3731826557e+02   -2.6489694460e+01    1.1106529412e+01    7.5602242230e+00   -3.6393563522e+01    2.3436448391e+00    1.5785000000e+04    5.3540708516e-02    9.7902790562e-01
       304   -1.5374202712e+01    2.3701755559e+02   -2.6531006851e+01    1.1156804139e+01    7.6087888348e+00   -3.6544058539e+01    2.4042628529e+00    1.5815000000e+04    5.3757000898e-02    9.7874511542e-01
       305   -1.5386410152e+01    2.3741576338e+02   -2.6355582601e+01    1.0969172450e+01    7.5929680224e+00   -3.6337973751e+01    2.3894231271e+00    1.5795000000e+04    5.3970616523e-02    9.7964611373e-01
       306   -1.5395013723e+01    2.3771442930e+02   -2.6563171224e+01    1.1168157501e+01    7.6016349048e+00   -3.6427272951e+01    2.2624668225e+00    1.5900000000e+04    5.4699855039e-02    9.7850415504e-01
       307   -1.5401648956e+01    2.3795598444e+02   -2.6542669782e+01    1.1141020825e+01    7.5904576534e+00   -3.6481818285e+01    2.3486908498e+00    1.6044000000e+04    5.4484749492e-02    9.7958245900e-01
       308   -1.5399635471e+01    2.3789361701e+02   -2.6600158474e+01    1.1200523003e+01    7.6086293891e+00   -3.6556986970e+01    2.3481991060e+00    1.6078000000e+04    5.3790196055e-02    9.8033131963e-01
       309   -1.5399678806e+01    2.3783098272e+02   -2.6398891472e+01    1.0999212666e+01    7.5920746158e+00   -3.6403386393e+01    2.4124203045e+00    1.6106000000e+04    5.4721936875e-02    9.7899082055e-01
       310   -1.5420154921e+01    2.3851077993e+02   -2.6304646713e+01    1.0884491792e+01    7.5874467365e+00   -3.6330735712e+01    2.4386422632e+00    1.6117000000e+04    5.4373720898e-02    9.7908391896e-01
       311   -1.5391971084e+01    2.3754035890e+02   -2.6324247363e+01    1.0932276278e+01    7.5434506197e+00   -3.6179500885e+01    2.3118029028e+00    1.6221000000e+04    5.5333896133e-02    9.7959253862e-01
       312   -1.5403368760e+01    2.3793896738e+02   -2.6267324714e+01    1.0863955954e+01    7.5326433338e+00   -3.6090731225e+01    2.2907631767e+00    1.6152000000e+04    5.6907500078e-02    9.7987641710e-01
       313   -1.5382468297e+01    2.3728962405e+02   -2.6345053428e+01    1.0962585131e+01    7.5035520993e+00   -3.6011078275e+01    2.1624727474e+00    1.6207000000e+04    5.6187322969e-02    9.7933892066e-01
       314   -1.5386419709e+01    2.3738884688e+02   -2.6402398173e+01    1.1015978464e+01    7.5239245442e+00   -3.6173861871e+01    2.2475391539e+00    1.6205000000e+04    5.5991424844e-02    9.7909504280e-01
       315   -1.5399643477e+01    2.3778997411e+02   -2.6287712585e+01    1.0888069108e+01    7.5037859985e+00   -3.6114196364e+01    2.3226977809e+00    1.6291000000e+04    5.6372263008e-02    9.7919229815e-01
       316   -1.5400500617e+01    2.3783745883e+02   -2.6296028822e+01    1.0895528205e+01    7.4572700917e+00   -3.6140335068e+01    2.3870361547e+00    1.6324000000e+04    5.5657387773e-02    9.7968957675e-01
       317   -1.5399016057e+01    2.3782770952e+02   -2.6366573463e+01    1.0967557406e+01    7.4840083583e+00   -3.6178252517e+01    2.3276706958e+00    1.6289000000e+04    5.5208275313e-02    9.7909568517e-01
       318   -1.5393865578e+01    2.3761809171e+02   -2.6446340579e+01    1.1052475001e+01    7.5030213010e+00   -3.6098196097e+01    2.1488342176e+00    1.6273000000e+04    5.5081339102e-02    9.7906968241e-01
       319   -1.5383639277e+01    2.3727624311e+02   -2.6247466152e+01    1.0863826875e+01    7.4949644502e+00   -3.6027316117e+01    2.2848855151e+00    1.6278000000e+04    5.5308158984e-02    9.7958607276e-01
       320   -1.5407328893e+01    2.3802262676e+02   -2.6268442077e+01    1.0861113184e+01    7.4764228225e+00   -3.5987206230e+01    2.2423413304e+00    1.6312000000e+04    5.5706560156e-02    9.7893202659e-01
       321   -1.5401295997e+01    2.3785252425e+02   -2.6097875040e+01    1.0696579043e+01    7.4694897842e+00   -3.5817704876e+01    2.2503400516e+00    1.6287000000e+04    5.5547967500e-02    9.8001950184e-01
       322   -1.5407842503e+01    2.3807897060e+02   -2.6214930670e+01    1.0807088166e+01    7.4436550801e+00   -3.5814135761e+01    2.1555500115e+00    1.6260000000e+04    5.5722904961e-02    9.7983137576e-01
       323   -1.5402182528e+01    2.3785740252e+02   -2.6113351753e+01    1.0711169225e+01    7.4514373316e+00   -3.5819786059e+01    2.2549969744e+00    1.6289000000e+04    5.5432854805e-02    9.7975452301e-01
       324   -1.5401462721e+01    2.3788290264e+02   -2.6285905119e+01    1.0884442398e+01    7.4565425363e+00   -3.5923759422e+01    2.1813117660e+00    1.6268000000e+04    5.5813635469e-02    9.8004503435e-01
       325   -1.5395413444e+01    2.3766595541e+02   -2.6240135209e+01    1.0844721765e+01    7.4290170984e+00   -3.5919345009e+01    2.2501927014e+00    1.6384000000e+04    5.5874575039e-02    9.7973335063e-01
       326   -1.5406146685e+01    2.3803445452e+02   -2.6093505046e+01    1.0687358362e+01    7.4218967002e+00   -3.5848325073e+01    2.3329233260e+00    1.6467000000e+04    5.5431809688e-02    9.7959954613e-01
       327   -1.5408561876e+01    2.3814677716e+02   -2.6356771516e+01    1.0948209641e+01    7.4698401870e+00   -3.6195228392e+01    2.3686166885e+00    1.6537000000e+04    5.6264466289e-02    9.7984571883e-01
       328   -1.5387223360e+01    2.3739875164e+02   -2.6207721252e+01    1.0820497893e+01    7.4289061272e+00   -3.5917693681e+01    2.2810663021e+00    1.6517000000e+04    5.5453942734e-02    9.7971471784e-01
       329   -1.5399315698e+01    2.3781538012e+02   -2.6232284767e+01    1.0832969070e+01    7.4561746791e+00   -3.6112481259e+01    2.4240218129e+00    1.6399000000e+04    5.5902825664e-02    9.7890338771e-01
       330   -1.5403264293e+01    2.3793768131e+02   -2.6341862519e+01    1.0938598226e+01    7.4741838592e+00   -3.6015077724e+01    2.1990313459e+00    1.6349000000e+04    5.5846444453e-02    9.8039589397e-01
       331   -1.5400737355e+01    2.3784852611e+02   -2.6281220059e+01    1.0880482703e+01    7.4884029861e+00   -3.6078983099e+01    2.3093600543e+00    1.6437000000e+04    5.5456521211e-02    9.7888776878e-01
       332   -1.5393826234e+01    2.3762338539e+02   -2.6269480105e+01    1.0875653871e+01    7.4849645706e+00   -3.5933695209e+01    2.1792505338e+00    1.6551000000e+04    5.6436966211e-02    9.8013121556e-01
       333   -1.5391631271e+01    2.3753572275e+02   -2.6263714324e+01    1.0872083053e+01    7.4808099495e+00   -3.6073567197e+01    2.3290429239e+00    1.6571000000e+04    5.5780418008e-02    9.7926335517e-01
       334   -1.5404626201e+01    2.3793241052e+02   -2.6264879563e+01    1.0860253362e+01    7.4799594904e+00   -3.5998626261e+01    2.2537872071e+00    1.6509000000e+04    5.5822371133e-02    9.7909252823e-01
       335   -1.5402909853e+01    2.3789830571e+02   -2.6368837538e+01    1.0965927684e+01    7.5295575504e+00   -3.6198466451e+01    2.3000713634e+00    1.6538000000e+04    5.6181127539e-02    9.7877009318e-01
       336   -1.5397538412e+01    2.3773042689e+02   -2.6370286621e+01    1.0972748208e+01    7.5073502307e+00   -3.6051452303e+01    2.1738154521e+00    1.6513000000e+04    5.6418888398e-02    9.7960139705e-01
       337   -1.5386079594e+01    2.3740057250e+02   -2.6396112145e+01    1.1010032552e+01    7.5215033904e+00   -3.6164081311e+01    2.2464657755e+00    1.6476000000e+04    5.5750800586e-02    9.8017934768e-01
       338   -1.5389000589e+01    2.3759561574e+02   -2.6303616292e+01    1.0914615704e+01    7.5162394707e+00   -3.6062599566e+01    2.2427438033e+00    1.6399000000e+04    5.5706440625e-02    9.8082675365e-01
       339   -1.5386787373e+01    2.3738505203e+02   -2.6283121256e+01    1.0896333882e+01    7.5406441747e+00   -3.5988750579e+01    2.1649851483e+00    1.6431000000e+04    5.6458719648e-02    9.8037594802e-01
       340   -1.5403518795e+01    2.3792373627e+02   -2.6407465735e+01    1.1003946940e+01    7.5294001152e+00   -3.6080528931e+01    2.1436630804e+00    1.6313000000e+04    5.6742016133e-02    9.7943460796e-01
       341   -1.5428549502e+01    2.3878760974e+02   -2.6444705076e+01    1.1016155574e+01    7.5155454421e+00   -3.6103633963e+01    2.1433834447e+00    1.6324000000e+04    5.4989054023e-02    9.8005532137e-01
       342   -1.5393948834e+01    2.3761396692e+02   -2.6437184378e+01    1.1043235544e+01    7.4950085294e+00   -3.6070589526e+01    2.1383966188e+00    1.6300000000e+04    5.6105433477e-02    9.7966603922e-01
       343   -1.5396457054e+01    2.3773845345e+02   -2.6621887075e+01    1.1225430020e+01    7.5356563046e+00   -3.6416955228e+01    2.2594118483e+00    1.6315000000e+04    5.5804339961e-02    9.7981892693e-01
       344   -1.5407052663e+01    2.3811432234e+02   -2.6672435290e+01    1.1265382627e+01    7.5160402078e+00   -3.6440223703e+01    2.2517482057e+00    1.6572000000e+04    5.6020527969e-02    9.7885181278e-01
       345   -1.5404169256e+01    2.3795738029e+02   -2.6364250585e+01    1.0960081328e+01    7.5457486607e+00   -3.6164957741e+01    2.2549584951e+00    1.6607000000e+04    5.7235008203e-02    9.7894495760e-01
       346   -1.5387756577e+01    2.3745686763e+02   -2.6415600767e+01    1.1027844190e+01    7.5382658960e+00   -3.6288959165e+01    2.3350925012e+00    1.6654000000e+04    5.9097917773e-02    9.7864017113e-01
       347   -1.5396771922e+01    2.3773318597e+02   -2.6426097814e+01    1.1029325892e+01    7.5094134736e+00   -3.6235922874e+01    2.3004115869e+00    1.6533000000e+04    5.6483291836e-02    9.7888503655e-01
       348   -1.5402607274e+01    2.3786811293e+02   -2.6407241597e+01    1.1004634323e+01    7.5132756389e+00   -3.6245621198e+01    2.3251039623e+00    1.6568000000e+04    5.6216089727e-02    9.7996797836e-01
       349   -1.5380395261e+01    2.3723485007e+02   -2.6600997222e+01    1.1220601960e+01    7.5513685060e+00   -3.6326534083e+01    2.1741683558e+00    1.6573000000e+04    5.5788235430e-02    9.7875531725e-01
       350   -1.5402806096e+01    2.3792714916e+02   -2.6472659834e+01    1.1069853738e+01    7.5691328877e+00   -3.6388423728e+01    2.3466310058e+00    1.6366000000e+04    5.7837552656e-02    9.7941369760e-01
       351   -1.5414733015e+01    2.3828572089e+02   -2.6534588194e+01    1.1119855179e+01    7.5356221831e+00   -3.6405552523e+01    2.3353421458e+00    1.6497000000e+04    5.4289930547e-02    9.7929964392e-01
       352   -1.5404994264e+01    2.3798077653e+02   -2.6556863627e+01    1.1151869364e+01    7.5269259121e+00   -3.6416298480e+01    2.3325089405e+00    1.6548000000e+04    5.5059601406e-02    9.7932548912e-01
       353   -1.5419585758e+01    2.3842134551e+02   -2.6365425941e+01    1.0945840182e+01    7.5049112460e+00   -3.6095655770e+01    2.2253185835e+00    1.6499000000e+04    5.4270710000e-02    9.7875115600e-01
       354   -1.5407752220e+01    2.3813067286e+02   -2.6442309557e+01    1.1034557337e+01    7.5108684715e+00   -3.6165246062e+01    2.2120680337e+00    1.6567000000e+04    5.5039098672e-02    9.7928201040e-01
       355   -1.5411620700e+01    2.3820435720e+02   -2.6624767509e+01    1.1213146809e+01    7.5641894135e+00   -3.6412773644e+01    2.2238167210e+00    1.6562000000e+04    5.5698326289e-02    9.7919402756e-01
       356   -1.5404110807e+01    2.3792427695e+02   -2.6495698124e+01    1.1091587317e+01    7.5827818237e+00   -3.6237585907e+01    2.1591059590e+00    1.6483000000e+04    5.5502334922e-02    9.7922627083e-01
       357   -1.5391623306e+01    2.3753287057e+02   -2.6319431259e+01    1.0927807953e+01    7.5658736822e+00   -3.6153466720e+01    2.2681617787e+00    1.6390000000e+04    5.5169900977e-02    9.8027327206e-01
       358   -1.5390292939e+01    2.3752011941e+02   -2.6471589192e+01    1.1081296252e+01    7.5540231210e+00   -3.6315221365e+01    2.2896090524e+00    1.6410000000e+04    5.4485097109e-02    9.7801188535e-01
       359   -1.5398682989e+01    2.3783355543e+02   -2.6531155129e+01    1.1132472140e+01    7.5656869586e+00   -3.6424981356e+01    2.3281392686e+00    1.6348000000e+04    5.5882746445e-02    9.8046503154e-01
       360   -1.5388405935e+01    2.3749220204e+02   -2.6512492090e+01    1.1124086156e+01    7.5769101036e+00   -3.6547078250e+01    2.4576760566e+00    1.6346000000e+04    5.5256228242e-02    9.7846492826e-01
       361   -1.5418118596e+01    2.3837535687e+02   -2.6406359554e+01    1.0988240958e+01    7.5011637460e+00   -3.6246561748e+01    2.3390384483e+00    1.6255000000e+04    5.5413682617e-02    9.7961690701e-01
       362   -1.5412027052e+01    2.3823782447e+02   -2.6313140666e+01    1.0901113614e+01    7.5125730920e+00   -3.6145597210e+01    2.3198834519e+00    1.6214000000e+04    5.4615275391e-02    9.7908836159e-01
       363   -1.5429342410e+01    2.3878112158e+02   -2.6422704600e+01    1.0993362189e+01    7.4919620403e+00   -3.6243915019e+01    2.3292483792e+00    1.6308000000e+04    5.4854825781e-02    9.7925253653e-01
       364   -1.5401154474e+01    2.3782381684e+02   -2.6303826690e+01    1.0902672217e+01    7.4895940342e+00   -3.6223940825e+01    2.4305201004e+00    1.6389000000e+04    5.5021086836e-02    9.7891253169e-01
       365   -1.5403369133e+01    2.3793052230e+02   -2.6224277929e+01    1.0820908796e+01    7.4444392658e+00   -3.6006131807e+01    2.3374146126e+00    1.6420000000e+04    5.5431955273e-02    9.7955700321e-01
       366   -1.5400803610e+01    2.3782193510e+02   -2.6137734373e+01    1.0736930763e+01    7.4275691137e+00   -3.5827214594e+01    2.2619111068e+00    1.6401000000e+04    5.5063730820e-02    9.7985833043e-01
       367   -1.5403550058e+01    2.3793422602e+02   -2.6088818365e+01    1.0685268307e+01    7.3846403546e+00   -3.5573886147e+01    2.1004274280e+00    1.6352000000e+04    5.5218209570e-02    9.7984929670e-01
       368   -1.5392023276e+01    2.3755282470e+02   -2.5964136274e+01    1.0572112998e+01    7.3832412014e+00   -3.5570274452e+01    2.2228969770e+00    1.6430000000e+04    5.6475694453e-02    9.8102026092e-01
       369   -1.5404492815e+01    2.3793163216e+02   -2.6216070260e+01    1.0811577445e+01    7.4469084792e+00   -3.5801257437e+01    2.1382786979e+00    1.6251000000e+04    5.6852706016e-02    9.8048942779e-01
       370   -1.5400818115e+01    2.3793016587e+02   -2.6382369810e+01    1.0981551695e+01    7.4755185712e+00   -3.6047387181e+01    2.1894988007e+00    1.6298000000e+04    5.5511283320e-02    9.7935365400e-01
       371   -1.5398814991e+01    2.3773703595e+02   -2.6215801416e+01    1.0816986425e+01    7.4649752640e+00   -3.5936792178e+01    2.2560154982e+00    1.6317000000e+04    5.6084802617e-02    9.8049683452e-01
       372   -1.5402886304e+01    2.3801254245e+02   -2.6417031141e+01    1.1014144837e+01    7.4982012633e+00   -3.6213220332e+01    2.2979879275e+00    1.6302000000e+04    5.5847471914e-02    9.7892884386e-01
       373   -1.5399545383e+01    2.3779491155e+02   -2.6266458142e+01    1.0866912759e+01    7.4840088611e+00   -3.5891469638e+01    2.1410026351e+00    1.6286000000e+04    5.5507751641e-02    9.7951023673e-01
       374   -1.5401191915e+01    2.3788630917e+02   -2.6337485058e+01    1.0936293143e+01    7.4767442925e+00   -3.6097187205e+01    2.2829578547e+00    1.6326000000e+04    5.5374332891e-02    9.7945782472e-01
       375   -1.5389926092e+01    2.3751014279e+02   -2.6370884078e+01    1.0980957986e+01    7.4936817697e+00   -3.6184400027e+01    2.3198341791e+00    1.6255000000e+04    5.7010482969e-02    9.7972828201e-01
       376   -1.5396776640e+01    2.3771951692e+02   -2.6184995397e+01    1.0788218756e+01    7.4706976795e+00   -3.5945438805e+01    2.2897457290e+00    1.6268000000e+04    5.6771502227e-02    9.7985168823e-01
       377   -1.5407268328e+01    2.3803213377e+02   -2.6345252773e+01    1.0937984446e+01    7.4760283407e+00   -3.6026076128e+01    2.2047950134e+00    1.6369000000e+04    5.6003644609e-02    9.8023113006e-01
       378   -1.5396905984e+01    2.3771486386e+02   -2.6234812895e+01    1.0837906910e+01    7.4477825861e+00   -3.5855288483e+01    2.1726930028e+00    1.6465000000e+04    5.6311856992e-02    9.7995830978e-01
       379   -1.5391263950e+01    2.3755515654e+02   -2.6300908492e+01    1.0909644542e+01    7.4705731353e+00   -3.5993375591e+01    2.2218939640e+00    1.6485000000e+04    5.6181528398e-02    9.7928903925e-01
       380   -1.5376380910e+01    2.3706769827e+02   -2.6314564362e+01    1.0938183452e+01    7.4881502313e+00   -3.5968028345e+01    2.1653137517e+00    1.6352000000e+04    5.5966661758e-02    9.8046121983e-01
       381   -1.5389746733e+01    2.3750717666e+02   -2.6469166735e+01    1.1079420002e+01    7.5238275122e+00   -3.6211549642e+01    2.2185553950e+00    1.6315000000e+04    5.6124873594e-02    9.8015356506e-01
       382   -1.5381395001e+01    2.3723181819e+02   -2.6361530005e+01    1.0980135005e+01    7.5667068220e+00   -3.6290998136e+01    2.3627613083e+00    1.6221000000e+04    5.5721914609e-02    9.7888680571e-01
       383   -1.5389490847e+01    2.3746864726e+02   -2.6366942952e+01    1.0977452105e+01    7.5739688692e+00   -3.6405883640e+01    2.4649718188e+00    1.6152000000e+04    5.5563402266e-02    9.8025018398e-01
       384   -1.5385058348e+01    2.3743221021e+02   -2.6427499639e+01    1.1042441291e+01    7.5584270025e+00   -3.6320043328e+01    2.3341166868e+00    1.6281000000e+04    5.5611695898e-02    9.7842076648e-01
       385   -1.5378992475e+01    2.3718335487e+02   -2.6437979667e+01    1.1058987192e+01    7.5687599111e+00   -3.6452552997e+01    2.4458134189e+00    1.6370000000e+04    5.6483777578e-02    9.7851407823e-01
       386   -1.5389608314e+01    2.3750936312e+02   -2.6487735918e+01    1.1098127604e+01    7.5320487499e+00   -3.6318917283e+01    2.2991326153e+00    1.6440000000e+04    5.5626334844e-02    9.7902148075e-01
       387   -1.5388893664e+01    2.3743105089e+02   -2.6349037994e+01    1.0960144330e+01    7.5232449230e+00   -3.6112765217e+01    2.2404823003e+00    1.6425000000e+04    5.6505157930e-02    9.8056441022e-01
       388   -1.5399576798e+01    2.3784753573e+02   -2.6345473654e+01    1.0945896856e+01    7.4902719719e+00   -3.6152679404e+01    2.3169337783e+00    1.6415000000e+04    5.5795779766e-02    9.8013057963e-01
       389   -1.5407231632e+01    2.3833508746e+02   -2.6522469052e+01    1.1115237420e+01    7.5370673650e+00   -3.6281380074e+01    2.2218436568e+00    1.6447000000e+04    5.6067311680e-02    9.7908249403e-01
       390   -1.5397587800e+01    2.3775633947e+02   -2.6446615858e+01    1.1049028058e+01    7.5347659883e+00   -3.6371888230e+01    2.3905063836e+00    1.6403000000e+04    5.5900580156e-02    9.7891436974e-01
       391   -1.5410171663e+01    2.3810725353e+02   -2.6511264601e+01    1.1101092938e+01    7.5239615498e+00   -3.6391493271e+01    2.3562671207e+00    1.6524000000e+04    5.6461045703e-02    9.7908296554e-01
       392   -1.5394374740e+01    2.3766314748e+02   -2.6340827967e+01    1.0946453227e+01    7.5112758559e+00   -3.6113943002e+01    2.2618391792e+00    1.6603000000e+04    5.6967167383e-02    9.7976468039e-01
       393   -1.5390172421e+01    2.3751880757e+02   -2.6270346481e+01    1.0880174060e+01    7.5311848253e+00   -3.6048146398e+01    2.2466150917e+00    1.6561000000e+04    5.6691293594e-02    9.7925700829e-01
       394   -1.5377938809e+01    2.3716980264e+02   -2.6227492702e+01    1.0849553893e+01    7.5411148326e+00   -3.6023272359e+01    2.2546648238e+00    1.6418000000e+04    5.6526961523e-02    9.8034799615e-01
       395   -1.5387257118e+01    2.3748598458e+02   -2.6334218129e+01    1.0946961011e+01    7.5329604378e+00   -3.6048827421e+01    2.1816488545e+00    1.6432000000e+04    5.6046599180e-02    9.7971489722e-01
       396   -1.5376609230e+01    2.3708186094e+02   -2.6282311720e+01    1.0905702490e+01    7.4954319048e+00   -3.6035575615e+01    2.2578319897e+00    1.6332000000e+04    5.5889268633e-02    9.7999232577e-01
       397   -1.5402230619e+01    2.3794005680e+02   -2.6300366430e+01    1.0898135811e+01    7.4813853514e+00   -3.6125565422e+01    2.3438136403e+00    1.6322000000e+04    5.6258133984e-02    9.7900366063e-01
       398   -1.5382382714e+01    2.3729623782e+02   -2.6216523634e+01    1.0834140920e+01    7.4700923819e+00   -3.5979616551e+01    2.2930005347e+00    1.6340000000e+04    5.6999855820e-02    9.7984764029e-01
       399   -1.5380094429e+01    2.3721237575e+02   -2.6136437791e+01    1.0756343362e+01    7.4831755836e+00   -3.5933680360e+01    2.3140669851e+00    1.6327000000e+04    5.6388985859e-02    9.7895754352e-01
