#   index    LocalEnergy         LocalEnergy_sq      LocalPotential      Kinetic             ElecElec            LocalECP            NonLocalECP         BlockWeight         BlockCPU            AcceptRatio         
         0   -1.5329297122e+01    2.3557537652e+02   -2.5908034346e+01    1.0578737224e+01    7.3634814656e+00   -3.5576681199e+01    2.3051653881e+00    5.1200000000e+02    4.8004710205e-04    4.3046875000e-01
         1   -1.5346363529e+01    2.3622382311e+02   -2.6020851768e+01    1.0674488239e+01    7.3298412660e+00   -3.5531127453e+01    2.1804344183e+00    5.1200000000e+02    4.8252827881e-04    4.3281250000e-01
         2   -1.5296374458e+01    2.3458764476e+02   -2.5889871402e+01    1.0593496943e+01    7.3860051518e+00   -3.5426864157e+01    2.1509876038e+00    5.1200000000e+02    4.7940409424e-04    4.2109375000e-01
         3   -1.5347059102e+01    2.3620782517e+02   -2.5783039076e+01    1.0435979974e+01    7.3429668068e+00   -3.5377989994e+01    2.2519841114e+00    5.1200000000e+02    4.7739974121e-04    4.3984375000e-01
         4   -1.5334416040e+01    2.3576563209e+02   -2.5931699564e+01    1.0597283524e+01    7.3052697800e+00   -3.5399221711e+01    2.1622523663e+00    5.1200000000e+02    4.7652856201e-04    4.3125000000e-01
         5   -1.5309542325e+01    2.3503486764e+02   -2.6241992466e+01    1.0932450141e+01    7.4388085243e+00   -3.5729205488e+01    2.0484044972e+00    5.1200000000e+02    4.7826750000e-04    4.1679687500e-01
         6   -1.5326877184e+01    2.3563221099e+02   -2.6106295308e+01    1.0779418124e+01    7.3433934140e+00   -3.5517574115e+01    2.0678853923e+00    5.1200000000e+02    4.8582835937e-04    4.4492187500e-01
         7   -1.5374402693e+01    2.3715941653e+02   -2.6163073837e+01    1.0788671145e+01    7.3652404339e+00   -3.5697006031e+01    2.1686917603e+00    5.1200000000e+02    4.7869406250e-04    4.3398437500e-01
         8   -1.5404657431e+01    2.3843252262e+02   -2.6674087749e+01    1.1269430318e+01    7.4751409012e+00   -3.6281635787e+01    2.1324071366e+00    5.1200000000e+02    4.7884546631e-04    4.2539062500e-01
         9   -1.5401869293e+01    2.3789572828e+02   -2.5965685739e+01    1.0563816446e+01    7.5318369982e+00   -3.5759023579e+01    2.2615008414e+00    5.1200000000e+02    4.8188220215e-04    4.3828125000e-01
        10   -1.5391086669e+01    2.3756253815e+02   -2.6042569442e+01    1.0651482773e+01    7.5891646533e+00   -3.5922432480e+01    2.2906983842e+00    5.1200000000e+02    4.8035759521e-04    4.3984375000e-01
        11   -1.5321349570e+01    2.3544940030e+02   -2.5829063376e+01    1.0507713805e+01    7.4231861209e+00   -3.5272196563e+01    2.0199470661e+00    5.1200000000e+02    4.7921290527e-04    4.3359375000e-01
        12   -1.5360302177e+01    2.3653108761e+02   -2.5607379433e+01    1.0247077257e+01    7.4253473229e+00   -3.5250302725e+01    2.2175759687e+00    5.1200000000e+02    4.7762209717e-04    4.3281250000e-01
        13   -1.5332293734e+01    2.3574808774e+02   -2.5744254659e+01    1.0411960925e+01    7.4192722096e+00   -3.5435804146e+01    2.2722772768e+00    5.1200000000e+02    4.8372222900e-04    4.4375000000e-01
        14   -1.5311849188e+01    2.3516480127e+02   -2.6000694973e+01    1.0688845785e+01    7.3924168432e+00   -3.5345007737e+01    1.9518959217e+00    5.1200000000e+02    4.8088753418e-04    4.3359375000e-01
        15   -1.5373422148e+01    2.3700878484e+02   -2.5632030821e+01    1.0258608673e+01    7.4691261503e+00   -3.5366790674e+01    2.2656337027e+00    5.1200000000e+02    4.8445015137e-04    4.3554687500e-01
        16   -1.5359995199e+01    2.3659298039e+02   -2.6015225830e+01    1.0655230631e+01    7.4511807826e+00   -3.5401172375e+01    1.9347657619e+00    5.1200000000e+02    4.8370112549e-04    4.1757812500e-01
        17   -1.5353938452e+01    2.3650588936e+02   -2.6758395726e+01    1.1404457274e+01    7.5330374802e+00   -3.5967579366e+01    1.6761461603e+00    5.1200000000e+02    4.8919966797e-04    4.2148437500e-01
        18   -1.5328559413e+01    2.3565836255e+02   -2.6470241080e+01    1.1141681667e+01    7.5393534253e+00   -3.6352509367e+01    2.3429148621e+00    5.1200000000e+02    4.8738217041e-04    4.3515625000e-01
        19   -1.5342771284e+01    2.3611776815e+02   -2.6386126700e+01    1.1043355417e+01    7.5378114917e+00   -3.6266103264e+01    2.3421650718e+00    5.1200000000e+02    4.8486014160e-04    4.1601562500e-01
        20   -1.5334217544e+01    2.3590010288e+02   -2.6548319238e+01    1.1214101694e+01    7.5780429286e+00   -3.6289143209e+01    2.1627810426e+00    5.1200000000e+02    4.8265241943e-04    4.2890625000e-01
        21   -1.5354461033e+01    2.3639450264e+02   -2.5838960924e+01    1.0484499891e+01    7.4425796415e+00   -3.5736678361e+01    2.4551377954e+00    5.1200000000e+02    4.8251564697e-04    4.1953125000e-01
        22   -1.5295784406e+01    2.3456137760e+02   -2.5973647198e+01    1.0677862792e+01    7.6098037724e+00   -3.5934065980e+01    2.3506150093e+00    5.1200000000e+02    4.8075604248e-04    4.0468750000e-01
        23   -1.5371819017e+01    2.3709111513e+02   -2.5940465002e+01    1.0568645985e+01    7.5581940049e+00   -3.5961856510e+01    2.4631975028e+00    5.1200000000e+02    4.8742749756e-04    4.4804687500e-01
        24   -1.5412877514e+01    2.3824948387e+02   -2.6101511765e+01    1.0688634250e+01    7.5178067622e+00   -3.5876738649e+01    2.2574201220e+00    5.1200000000e+02    4.8705830078e-04    4.2578125000e-01
        25   -1.5338385588e+01    2.3586525165e+02   -2.5950545089e+01    1.0612159502e+01    7.4835902392e+00   -3.5894624011e+01    2.4604886819e+00    5.1200000000e+02    4.8705463379e-04    4.2578125000e-01
        26   -1.5367498311e+01    2.3693505600e+02   -2.5904681921e+01    1.0537183610e+01    7.5171341213e+00   -3.5634660246e+01    2.2128442028e+00    5.1200000000e+02    4.8241833008e-04    4.1992187500e-01
        27   -1.5368423669e+01    2.3717430969e+02   -2.5774623258e+01    1.0406199589e+01    7.5512876865e+00   -3.5693987260e+01    2.3680763160e+00    5.1200000000e+02    4.8688727051e-04    4.3515625000e-01
        28   -1.5346295322e+01    2.3629829790e+02   -2.6237727454e+01    1.0891432132e+01    7.6584743976e+00   -3.6341637313e+01    2.4454354610e+00    5.1200000000e+02    4.8444098389e-04    4.3203125000e-01
        29   -1.5328853922e+01    2.3582734531e+02   -2.6311159098e+01    1.0982305176e+01    7.7523034578e+00   -3.6959803803e+01    2.8963412470e+00    5.1200000000e+02    4.9054811035e-04    4.4140625000e-01
        30   -1.5315644287e+01    2.3526835941e+02   -2.6458963770e+01    1.1143319483e+01    7.6249837491e+00   -3.6421890899e+01    2.3379433802e+00    5.1200000000e+02    4.8472316895e-04    4.2539062500e-01
        31   -1.5357365887e+01    2.3656480279e+02   -2.6470977164e+01    1.1113611277e+01    7.6841950668e+00   -3.6510661263e+01    2.3554890319e+00    5.1200000000e+02    4.8920080078e-04    4.3593750000e-01
        32   -1.5367037893e+01    2.3690948864e+02   -2.6432339960e+01    1.1065302067e+01    7.6180338272e+00   -3.6232220287e+01    2.1818464993e+00    5.1200000000e+02    4.9781270996e-04    4.2929687500e-01
        33   -1.5321134790e+01    2.3548608035e+02   -2.6265876491e+01    1.0944741701e+01    7.5610133128e+00   -3.6016977817e+01    2.1900880128e+00    5.1200000000e+02    4.8644482666e-04    4.3281250000e-01
        34   -1.5345512530e+01    2.3621145874e+02   -2.6421161047e+01    1.1075648517e+01    7.6092414782e+00   -3.6222934636e+01    2.1925321109e+00    5.1200000000e+02    4.8653006592e-04    4.4101562500e-01
        35   -1.5279988568e+01    2.3420847189e+02   -2.6419622337e+01    1.1139633768e+01    7.6683995502e+00   -3.6326962133e+01    2.2389402465e+00    5.1200000000e+02    4.8476972656e-04    4.2968750000e-01
        36   -1.5343502764e+01    2.3621550634e+02   -2.6787260839e+01    1.1443758074e+01    7.5663481749e+00   -3.6347472417e+01    1.9938634034e+00    5.1200000000e+02    4.8623440918e-04    4.2773437500e-01
        37   -1.5350537230e+01    2.3640181976e+02   -2.6456288227e+01    1.1105750998e+01    7.5734776364e+00   -3.6159143065e+01    2.1293772017e+00    5.1200000000e+02    4.8348152832e-04    4.1015625000e-01
        38   -1.5341297900e+01    2.3600863832e+02   -2.6401948762e+01    1.1060650862e+01    7.5037894933e+00   -3.5844045883e+01    1.9383076286e+00    5.1200000000e+02    4.8038491211e-04    4.2578125000e-01
        39   -1.5418126851e+01    2.3852525369e+02   -2.6370857626e+01    1.0952730775e+01    7.4794213657e+00   -3.6158239683e+01    2.3079606911e+00    5.1200000000e+02    4.7656437988e-04    4.3867187500e-01
        40   -1.5393805963e+01    2.3757429102e+02   -2.6315158641e+01    1.0921352678e+01    7.4540586523e+00   -3.6125191585e+01    2.3559742919e+00    5.1200000000e+02    4.7667139893e-04    4.1171875000e-01
        41   -1.5402762193e+01    2.3790390706e+02   -2.6317733040e+01    1.0914970847e+01    7.4735806196e+00   -3.6054227452e+01    2.2629137928e+00    5.1200000000e+02    4.7727361572e-04    4.2929687500e-01
        42   -1.5374049827e+01    2.3696847980e+02   -2.6100339411e+01    1.0726289584e+01    7.4701378584e+00   -3.5890386337e+01    2.3199090678e+00    5.1200000000e+02    4.7790141357e-04    4.3984375000e-01
        43   -1.5328064663e+01    2.3561338393e+02   -2.6127454112e+01    1.0799389449e+01    7.4051023807e+00   -3.5581028020e+01    2.0484715274e+00    5.1200000000e+02    4.8135575684e-04    4.3203125000e-01
        44   -1.5340944202e+01    2.3603110476e+02   -2.6322341485e+01    1.0981397283e+01    7.3711337957e+00   -3.5764656945e+01    2.0711816644e+00    5.1200000000e+02    4.8036958008e-04    4.3125000000e-01
        45   -1.5328379603e+01    2.3580278603e+02   -2.6024432007e+01    1.0696052404e+01    7.4275481401e+00   -3.5976448364e+01    2.5244682176e+00    5.1200000000e+02    4.7824685303e-04    4.2968750000e-01
        46   -1.5331003588e+01    2.3574485250e+02   -2.5846042385e+01    1.0515038796e+01    7.3222799883e+00   -3.5057318196e+01    1.8889958228e+00    5.1200000000e+02    4.7860245850e-04    4.3750000000e-01
        47   -1.5353510235e+01    2.3647609322e+02   -2.5985937585e+01    1.0632427350e+01    7.4174721622e+00   -3.5618523109e+01    2.2151133619e+00    5.1200000000e+02    4.7632609863e-04    4.1796875000e-01
        48   -1.5333296730e+01    2.3580172897e+02   -2.5679065766e+01    1.0345769037e+01    7.3252059645e+00   -3.5415502870e+01    2.4112311391e+00    5.1200000000e+02    4.7540239746e-04    4.3906250000e-01
        49   -1.5306677006e+01    2.3499854476e+02   -2.6156398416e+01    1.0849721410e+01    7.3169058044e+00   -3.5173771124e+01    1.7004669038e+00    5.1200000000e+02    4.7922540771e-04    4.4804687500e-01
        50   -1.5378505614e+01    2.3731780285e+02   -2.5884875475e+01    1.0506369862e+01    7.3642169504e+00   -3.5382640712e+01    2.1335482864e+00    5.1200000000e+02    4.7995113281e-04    4.3242187500e-01
        51   -1.5390142519e+01    2.3749461861e+02   -2.6131219529e+01    1.0741077010e+01    7.3774943078e+00   -3.5541193868e+01    2.0324800311e+00    5.1200000000e+02    4.8104639160e-04    4.3085937500e-01
        52   -1.5397415730e+01    2.3774313591e+02   -2.6080427644e+01    1.0683011914e+01    7.3882727259e+00   -3.5549139317e+01    2.0804389468e+00    5.1200000000e+02    4.7888629150e-04    4.2187500000e-01
        53   -1.5409884285e+01    2.3816113748e+02   -2.6080892383e+01    1.0671008098e+01    7.3306253638e+00   -3.5414448145e+01    2.0029303986e+00    5.1200000000e+02    4.8008533691e-04    4.1992187500e-01
        54   -1.5428748067e+01    2.3876881266e+02   -2.6115448119e+01    1.0686700052e+01    7.3021825141e+00   -3.5635004532e+01    2.2173738987e+00    5.1200000000e+02    4.7861000488e-04    4.2382812500e-01
        55   -1.5426685270e+01    2.3880653171e+02   -2.6410508604e+01    1.0983823333e+01    7.3265066008e+00   -3.5500393345e+01    1.7633781405e+00    5.1200000000e+02    4.8036105713e-04    4.3203125000e-01
        56   -1.5414964073e+01    2.3834483510e+02   -2.6103081893e+01    1.0688117820e+01    7.3319090159e+00   -3.5163281672e+01    1.7282907639e+00    5.1200000000e+02    4.7605543457e-04    4.3515625000e-01
        57   -1.5364473033e+01    2.3679227736e+02   -2.5863518262e+01    1.0499045229e+01    7.2566369698e+00   -3.4985811583e+01    1.8656563517e+00    5.1200000000e+02    4.7594562256e-04    4.4453125000e-01
        58   -1.5348841613e+01    2.3629841498e+02   -2.5787410559e+01    1.0438568946e+01    7.3676782098e+00   -3.5190846186e+01    2.0357574172e+00    5.1200000000e+02    4.8549697266e-04    4.3281250000e-01
        59   -1.5350797252e+01    2.3656438066e+02   -2.6300120448e+01    1.0949323196e+01    7.4094409244e+00   -3.5600873653e+01    1.8913122806e+00    5.1200000000e+02    4.7782512695e-04    4.1367187500e-01
        60   -1.5363620860e+01    2.3670758987e+02   -2.5774732314e+01    1.0411111455e+01    7.4172614782e+00   -3.5395420273e+01    2.2034264806e+00    5.1200000000e+02    4.7671838867e-04    4.1406250000e-01
        61   -1.5328721311e+01    2.3561798893e+02   -2.5736282619e+01    1.0407561308e+01    7.5497070980e+00   -3.5795911261e+01    2.5099215438e+00    5.1200000000e+02    4.8425305420e-04    4.5937500000e-01
        62   -1.5353586584e+01    2.3645690143e+02   -2.6130659294e+01    1.0777072710e+01    7.4624499548e+00   -3.5626295035e+01    2.0331857858e+00    5.1200000000e+02    4.8187137451e-04    4.2695312500e-01
        63   -1.5402738887e+01    2.3814360004e+02   -2.6045303501e+01    1.0642564614e+01    7.4263587889e+00   -3.5705248251e+01    2.2335859611e+00    5.1200000000e+02    4.8279352295e-04    4.2109375000e-01
        64   -1.5376647326e+01    2.3738797796e+02   -2.6415172962e+01    1.1038525636e+01    7.4755990035e+00   -3.5672573635e+01    1.7818016700e+00    5.1200000000e+02    4.8212184570e-04    4.4023437500e-01
        65   -1.5325244429e+01    2.3564385576e+02   -2.6649107548e+01    1.1323863119e+01    7.5054870983e+00   -3.6069032414e+01    1.9144377673e+00    5.1200000000e+02    4.8204480469e-04    4.2968750000e-01
        66   -1.5309941415e+01    2.3510519557e+02   -2.6650398441e+01    1.1340457026e+01    7.4240749275e+00   -3.6062382319e+01    1.9879089507e+00    5.1200000000e+02    4.7966175781e-04    4.1093750000e-01
        67   -1.5320339454e+01    2.3534943857e+02   -2.6546991239e+01    1.1226651785e+01    7.5774124519e+00   -3.6326487785e+01    2.2020840943e+00    5.1200000000e+02    4.8119369629e-04    4.0546875000e-01
        68   -1.5354795180e+01    2.3645422840e+02   -2.6246362059e+01    1.0891566879e+01    7.5125305274e+00   -3.5705965215e+01    1.9470726287e+00    5.1200000000e+02    4.7779664307e-04    4.1484375000e-01
        69   -1.5417144610e+01    2.3836927649e+02   -2.6079684017e+01    1.0662539407e+01    7.6352148025e+00   -3.6029772996e+01    2.3148741763e+00    5.1200000000e+02    4.8521941650e-04    4.2656250000e-01
        70   -1.5392817303e+01    2.3760927968e+02   -2.6151142923e+01    1.0758325620e+01    7.4502880292e+00   -3.5509682367e+01    1.9082514145e+00    5.1200000000e+02    4.8022913330e-04    4.4609375000e-01
        71   -1.5374721270e+01    2.3705262095e+02   -2.5726465403e+01    1.0351744132e+01    7.4113000600e+00   -3.5253055078e+01    2.1152896152e+00    5.1200000000e+02    4.8024722656e-04    4.1875000000e-01
        72   -1.5380774004e+01    2.3741406182e+02   -2.6022226848e+01    1.0641452843e+01    7.4891755785e+00   -3.5740357490e+01    2.2289550643e+00    5.1200000000e+02    4.8091524414e-04    4.1757812500e-01
        73   -1.5344147147e+01    2.3657647480e+02   -2.5872322180e+01    1.0528175033e+01    7.4085063220e+00   -3.5533061533e+01    2.2522330309e+00    5.1200000000e+02    4.7820503662e-04    4.1875000000e-01
        74   -1.5366267657e+01    2.3675891173e+02   -2.5857487289e+01    1.0491219632e+01    7.3500014058e+00   -3.5200584807e+01    1.9930961121e+00    5.1200000000e+02    4.7750152100e-04    4.3437500000e-01
        75   -1.5372999728e+01    2.3697030434e+02   -2.6068885936e+01    1.0695886208e+01    7.3884703524e+00   -3.5412332838e+01    1.9549765491e+00    5.1200000000e+02    4.8171399658e-04    4.4023437500e-01
        76   -1.5377302417e+01    2.3717091539e+02   -2.6126714523e+01    1.0749412106e+01    7.4916420317e+00   -3.5867101512e+01    2.2487449568e+00    5.1200000000e+02    4.8204137207e-04    4.1953125000e-01
        77   -1.5372167450e+01    2.3690554642e+02   -2.5819039812e+01    1.0446872362e+01    7.4498172248e+00   -3.5485747428e+01    2.2168903911e+00    5.1200000000e+02    4.8263223389e-04    4.3671875000e-01
        78   -1.5335565077e+01    2.3581191160e+02   -2.5897236855e+01    1.0561671779e+01    7.4462674574e+00   -3.5575483281e+01    2.2319789679e+00    5.1200000000e+02    4.7997339355e-04    4.1953125000e-01
        79   -1.5374978194e+01    2.3712345978e+02   -2.5933295948e+01    1.0558317754e+01    7.4588684958e+00   -3.5498609079e+01    2.1064446351e+00    5.1200000000e+02    4.8186750732e-04    4.2460937500e-01
        80   -1.5326088521e+01    2.3560723198e+02   -2.5945009701e+01    1.0618921180e+01    7.4289993206e+00   -3.5674811232e+01    2.3008022106e+00    5.1200000000e+02    4.8237287109e-04    4.2148437500e-01
        81   -1.5348336746e+01    2.3640888706e+02   -2.5918348314e+01    1.0570011568e+01    7.4068870904e+00   -3.5430706583e+01    2.1054711780e+00    5.1200000000e+02    4.8190842529e-04    4.3125000000e-01
        82   -1.5334105462e+01    2.3594440011e+02   -2.6059189999e+01    1.0725084538e+01    7.5206396451e+00   -3.5691257474e+01    2.1114278302e+00    5.1200000000e+02    4.8116970947e-04    4.2187500000e-01
        83   -1.5350403950e+01    2.3628248593e+02   -2.5904241574e+01    1.0553837624e+01    7.5399549834e+00   -3.5613579837e+01    2.1693832796e+00    5.1200000000e+02    4.8106470215e-04    4.3632812500e-01
        84   -1.5382801410e+01    2.3723291010e+02   -2.5776855255e+01    1.0394053844e+01    7.4460516577e+00   -3.5359667183e+01    2.1367602711e+00    5.1200000000e+02    4.9035583740e-04    4.4218750000e-01
        85   -1.5411745631e+01    2.3853842421e+02   -2.5761211742e+01    1.0349466112e+01    7.4842857182e+00   -3.5552975363e+01    2.3074779023e+00    5.1200000000e+02    4.7858699463e-04    4.3984375000e-01
        86   -1.5430016426e+01    2.3875900712e+02   -2.5926324110e+01    1.0496307684e+01    7.4050434822e+00   -3.5642228263e+01    2.3108606713e+00    5.1200000000e+02    4.7395253418e-04    4.1875000000e-01
        87   -1.5418732432e+01    2.3847547402e+02   -2.6154785890e+01    1.0736053458e+01    7.4138716790e+00   -3.5505988226e+01    1.9373306567e+00    5.1200000000e+02    4.7760244873e-04    4.2656250000e-01
        88   -1.5382661923e+01    2.3719161584e+02   -2.6010643628e+01    1.0627981706e+01    7.5153578588e+00   -3.5645565030e+01    2.1195635427e+00    5.1200000000e+02    4.7962689453e-04    4.3750000000e-01
        89   -1.5426602554e+01    2.3881670494e+02   -2.6333007570e+01    1.0906405016e+01    7.5434882857e+00   -3.6275120697e+01    2.3986248416e+00    5.1200000000e+02    4.7887099365e-04    4.2656250000e-01
        90   -1.5348332595e+01    2.3627053360e+02   -2.6299965113e+01    1.0951632517e+01    7.5144384708e+00   -3.5825123029e+01    2.0107194458e+00    5.1200000000e+02    4.8360243164e-04    4.3710937500e-01
        91   -1.5362536796e+01    2.3671091848e+02   -2.6078941936e+01    1.0716405140e+01    7.4799040923e+00   -3.5401837256e+01    1.8429912281e+00    5.1200000000e+02    4.8160729736e-04    4.2421875000e-01
        92   -1.5373948355e+01    2.3704419396e+02   -2.6070829399e+01    1.0696881044e+01    7.4455322216e+00   -3.5407949056e+01    1.8915874353e+00    5.1200000000e+02    4.7960681641e-04    4.3945312500e-01
        93   -1.5375757689e+01    2.3700380440e+02   -2.6172571064e+01    1.0796813375e+01    7.3857791602e+00   -3.5838187404e+01    2.2798371796e+00    5.1200000000e+02    4.8175504639e-04    4.1367187500e-01
        94   -1.5426906977e+01    2.3912489569e+02   -2.6456382004e+01    1.1029475027e+01    7.4305171636e+00   -3.5610677516e+01    1.7237783481e+00    5.1200000000e+02    4.8119947998e-04    4.0625000000e-01
        95   -1.5402240086e+01    2.3790264413e+02   -2.5520908303e+01    1.0118668217e+01    7.3953031274e+00   -3.5455651617e+01    2.5394401864e+00    5.1200000000e+02    4.8220547363e-04    4.3593750000e-01
        96   -1.5418375533e+01    2.3841093253e+02   -2.5684660612e+01    1.0266285079e+01    7.2805685732e+00   -3.5078662691e+01    2.1134335058e+00    5.1200000000e+02    4.7532331543e-04    4.1914062500e-01
        97   -1.5388431760e+01    2.3747424581e+02   -2.6034908825e+01    1.0646477065e+01    7.3725136256e+00   -3.5132435233e+01    1.7250127826e+00    5.1200000000e+02    4.8197725586e-04    4.3203125000e-01
        98   -1.5408259627e+01    2.3882894679e+02   -2.6181383639e+01    1.0773124012e+01    7.3576291699e+00   -3.5375278510e+01    1.8362657010e+00    5.1200000000e+02    4.8037281982e-04    4.2968750000e-01
        99   -1.5331637186e+01    2.3575691066e+02   -2.6231594180e+01    1.0899956994e+01    7.3638253304e+00   -3.5473633829e+01    1.8782143191e+00    5.1200000000e+02    4.8023877441e-04    4.0546875000e-01
       100   -1.5314804358e+01    2.3537987243e+02   -2.5997096748e+01    1.0682292391e+01    7.3818763187e+00   -3.5387208281e+01    2.0082352137e+00    5.1200000000e+02    4.7895227051e-04    4.1367187500e-01
       101   -1.5297567413e+01    2.3484708519e+02   -2.6330978476e+01    1.1033411063e+01    7.4743142073e+00   -3.5821002830e+01    2.0157101472e+00    5.1200000000e+02    4.8211642822e-04    4.3125000000e-01
       102   -1.5327765960e+01    2.3574748267e+02   -2.6103322232e+01    1.0775556272e+01    7.4500670828e+00   -3.5940941125e+01    2.3875518101e+00    5.1200000000e+02    4.8111896729e-04    4.1328125000e-01
       103   -1.5352377974e+01    2.3633122451e+02   -2.6204500866e+01    1.0852122892e+01    7.4345127255e+00   -3.5812707465e+01    2.1736938738e+00    5.1200000000e+02    4.8568577393e-04    4.3867187500e-01
       104   -1.5345850624e+01    2.3604581686e+02   -2.5880524056e+01    1.0534673431e+01    7.4357498439e+00   -3.5360079647e+01    2.0438057471e+00    5.1200000000e+02    4.8208906494e-04    4.2148437500e-01
       105   -1.5273263875e+01    2.3392421300e+02   -2.6435829450e+01    1.1162565575e+01    7.4700024303e+00   -3.5768160033e+01    1.8623281522e+00    5.1200000000e+02    4.8461325684e-04    4.2265625000e-01
       106   -1.5310254802e+01    2.3501333559e+02   -2.6555953086e+01    1.1245698284e+01    7.4928212252e+00   -3.6161206918e+01    2.1124326067e+00    5.1200000000e+02    4.8362807617e-04    4.2539062500e-01
       107   -1.5338375003e+01    2.3606565426e+02   -2.6685509358e+01    1.1347134356e+01    7.5309106266e+00   -3.6136554639e+01    1.9201346544e+00    5.1200000000e+02    4.8879765381e-04    4.2539062500e-01
       108   -1.5375896341e+01    2.3711710393e+02   -2.6364652767e+01    1.0988756426e+01    7.5356413576e+00   -3.6097349736e+01    2.1970556115e+00    5.1200000000e+02    4.8311714844e-04    4.3046875000e-01
       109   -1.5345384160e+01    2.3616904988e+02   -2.5965742016e+01    1.0620357856e+01    7.5753906331e+00   -3.6021245972e+01    2.4801133236e+00    5.1200000000e+02    4.7799186768e-04    4.1992187500e-01
       110   -1.5361191447e+01    2.3685232255e+02   -2.6298154093e+01    1.0936962646e+01    7.5773713479e+00   -3.6401346889e+01    2.5258214479e+00    5.1200000000e+02    4.8876412842e-04    4.4062500000e-01
       111   -1.5316649793e+01    2.3521938815e+02   -2.5859978040e+01    1.0543328248e+01    7.4546598116e+00   -3.5713665763e+01    2.3990279111e+00    5.1200000000e+02    4.7844571045e-04    4.3906250000e-01
       112   -1.5323429462e+01    2.3545958534e+02   -2.5754841772e+01    1.0431412310e+01    7.4461335289e+00   -3.5753957572e+01    2.5529822712e+00    5.1200000000e+02    4.7688839355e-04    4.2929687500e-01
       113   -1.5408685622e+01    2.3922613640e+02   -2.5956587214e+01    1.0547901591e+01    7.5720257229e+00   -3.5560659130e+01    2.0320461932e+00    5.1200000000e+02    4.7965438477e-04    4.3359375000e-01
       114   -1.5347040050e+01    2.3609773654e+02   -2.6100279006e+01    1.0753238956e+01    7.6031024596e+00   -3.5898129371e+01    2.1947479046e+00    5.1200000000e+02    4.8170753662e-04    4.3984375000e-01
       115   -1.5362267062e+01    2.3664001531e+02   -2.6277027365e+01    1.0914760303e+01    7.4839267838e+00   -3.5800164570e+01    2.0392104205e+00    5.1200000000e+02    4.8043576172e-04    4.3437500000e-01
       116   -1.5378345221e+01    2.3717975501e+02   -2.6474439495e+01    1.1096094274e+01    7.5486736294e+00   -3.6283301335e+01    2.2601882103e+00    5.1200000000e+02    4.8150700684e-04    4.3203125000e-01
       117   -1.5463324230e+01    2.3981596085e+02   -2.6620825067e+01    1.1157500837e+01    7.5667241811e+00   -3.6247018688e+01    2.0594694403e+00    5.1200000000e+02    4.8468892090e-04    4.2617187500e-01
       118   -1.5369358038e+01    2.3688787591e+02   -2.6716073448e+01    1.1346715410e+01    7.5341295160e+00   -3.6027597432e+01    1.7773944679e+00    5.1200000000e+02    4.8344108887e-04    4.1796875000e-01
       119   -1.5362407751e+01    2.3673842309e+02   -2.6427141123e+01    1.1064733373e+01    7.5682184102e+00   -3.6215473280e+01    2.2201137466e+00    5.1200000000e+02    4.8635050781e-04    4.1484375000e-01
       120   -1.5331515347e+01    2.3577554876e+02   -2.5879628644e+01    1.0548113297e+01    7.5732397301e+00   -3.5758053064e+01    2.3051846900e+00    5.1200000000e+02    4.8621220703e-04    4.1093750000e-01
       121   -1.5326481663e+01    2.3558974051e+02   -2.5849084835e+01    1.0522603172e+01    7.5909919072e+00   -3.5663138372e+01    2.2230616300e+00    5.1200000000e+02    4.8714747314e-04    4.3632812500e-01
       122   -1.5318347146e+01    2.3533359298e+02   -2.5930463422e+01    1.0612116276e+01    7.5208849936e+00   -3.5374642249e+01    1.9232938328e+00    5.1200000000e+02    4.7928799316e-04    4.1796875000e-01
       123   -1.5360046950e+01    2.3660680294e+02   -2.6057447077e+01    1.0697400126e+01    7.5474523054e+00   -3.5992153601e+01    2.3872542192e+00    5.1200000000e+02    4.8341630615e-04    4.3789062500e-01
       124   -1.5340908685e+01    2.3601278620e+02   -2.5951433954e+01    1.0610525269e+01    7.6518756362e+00   -3.5769722790e+01    2.1664131997e+00    5.1200000000e+02    4.8313184326e-04    4.4179687500e-01
       125   -1.5360468712e+01    2.3693170464e+02   -2.6457913166e+01    1.1097444454e+01    7.5732236164e+00   -3.6149639810e+01    2.1185030275e+00    5.1200000000e+02    4.8019645752e-04    4.2187500000e-01
       126   -1.5314220371e+01    2.3524003911e+02   -2.6137036873e+01    1.0822816502e+01    7.5279612928e+00   -3.5663922548e+01    1.9989243817e+00    5.1200000000e+02    4.8013285889e-04    4.4062500000e-01
       127   -1.5358487034e+01    2.3665541655e+02   -2.6152576216e+01    1.0794089183e+01    7.5401382044e+00   -3.5798118405e+01    2.1054039842e+00    5.1200000000e+02    4.8369461914e-04    4.4023437500e-01
       128   -1.5362028281e+01    2.3672880829e+02   -2.5858625882e+01    1.0496597601e+01    7.4572773499e+00   -3.5458865528e+01    2.1429622965e+00    5.1200000000e+02    4.8216194336e-04    4.3281250000e-01
       129   -1.5374840298e+01    2.3710679045e+02   -2.6099595339e+01    1.0724755041e+01    7.5841602252e+00   -3.5861425478e+01    2.1776699139e+00    5.1200000000e+02    4.8564303467e-04    4.2070312500e-01
       130   -1.5370733974e+01    2.3688787739e+02   -2.6203283705e+01    1.0832549730e+01    7.4376847649e+00   -3.5751295629e+01    2.1103271596e+00    5.1200000000e+02    4.8249817871e-04    4.2968750000e-01
       131   -1.5364911500e+01    2.3679811050e+02   -2.6465228230e+01    1.1100316730e+01    7.4423475894e+00   -3.5983123295e+01    2.0755474758e+00    5.1200000000e+02    4.8573907227e-04    4.3046875000e-01
       132   -1.5377236497e+01    2.3746077692e+02   -2.6376917003e+01    1.0999680505e+01    7.3959667841e+00   -3.5780504642e+01    2.0076208548e+00    5.1200000000e+02    4.7911273437e-04    4.3007812500e-01
       133   -1.5329298563e+01    2.3574119586e+02   -2.5923260261e+01    1.0593961698e+01    7.2974292372e+00   -3.5302675800e+01    2.0819863017e+00    5.1200000000e+02    4.7908661621e-04    4.2617187500e-01
       134   -1.5317773307e+01    2.3534007982e+02   -2.5745966892e+01    1.0428193585e+01    7.3625381658e+00   -3.5200798345e+01    2.0922932870e+00    5.1200000000e+02    4.7669466797e-04    4.2617187500e-01
       135   -1.5281816208e+01    2.3436068973e+02   -2.5630116301e+01    1.0348300093e+01    7.3014937228e+00   -3.4831257057e+01    1.8996470330e+00    5.1200000000e+02    4.8099543213e-04    4.3945312500e-01
       136   -1.5346826052e+01    2.3632579185e+02   -2.5991112824e+01    1.0644286772e+01    7.4152621931e+00   -3.5338007542e+01    1.9316325244e+00    5.1200000000e+02    4.8715632324e-04    4.2890625000e-01
       137   -1.5367150206e+01    2.3683413806e+02   -2.5760101991e+01    1.0392951785e+01    7.3876813070e+00   -3.5276207420e+01    2.1284241216e+00    5.1200000000e+02    4.8044971924e-04    4.1210937500e-01
       138   -1.5341588581e+01    2.3585232210e+02   -2.5874185931e+01    1.0532597350e+01    7.4047666792e+00   -3.5337917084e+01    2.0589644740e+00    5.1200000000e+02    4.8228311523e-04    4.1757812500e-01
       139   -1.5412972833e+01    2.3819858030e+02   -2.6112054611e+01    1.0699081779e+01    7.4671903519e+00   -3.5656371448e+01    2.0771264841e+00    5.1200000000e+02    4.8340305420e-04    4.0468750000e-01
       140   -1.5386105672e+01    2.3749514548e+02   -2.6198314987e+01    1.0812209315e+01    7.4705816844e+00   -3.5899335253e+01    2.2304385815e+00    5.1200000000e+02    4.8479626709e-04    4.4609375000e-01
       141   -1.5377959846e+01    2.3716942649e+02   -2.5918934589e+01    1.0540974743e+01    7.4821625267e+00   -3.5490164154e+01    2.0890670382e+00    5.1200000000e+02    4.8690064941e-04    4.5117187500e-01
       142   -1.5305049982e+01    2.3486352589e+02   -2.5850089369e+01    1.0545039387e+01    7.4338567404e+00   -3.5240284919e+01    1.9563388096e+00    5.1200000000e+02    4.7952581055e-04    4.1796875000e-01
       143   -1.5318080528e+01    2.3518320271e+02   -2.5531547797e+01    1.0213467269e+01    7.4552800413e+00   -3.5234809991e+01    2.2479821520e+00    5.1200000000e+02    4.7941174316e-04    4.3046875000e-01
       144   -1.5325569116e+01    2.3547722467e+02   -2.5744741712e+01    1.0419172597e+01    7.4255507801e+00   -3.5249271764e+01    2.0789792715e+00    5.1200000000e+02    4.7649940918e-04    4.4179687500e-01
       145   -1.5343300519e+01    2.3598301750e+02   -2.5757020114e+01    1.0413719595e+01    7.3922786948e+00   -3.5275290093e+01    2.1259912834e+00    5.1200000000e+02    4.7800892822e-04    4.3320312500e-01
       146   -1.5329727732e+01    2.3566613851e+02   -2.5540215433e+01    1.0210487701e+01    7.4362656963e+00   -3.5422248426e+01    2.4457672968e+00    5.1200000000e+02    4.7664025879e-04    4.1718750000e-01
       147   -1.5349937618e+01    2.3624449476e+02   -2.5821361971e+01    1.0471424353e+01    7.4425238233e+00   -3.5292969493e+01    2.0290836995e+00    5.1200000000e+02    4.7861783936e-04    4.3359375000e-01
       148   -1.5374231175e+01    2.3715645313e+02   -2.5892823122e+01    1.0518591947e+01    7.4901891167e+00   -3.5469001283e+01    2.0859890436e+00    5.1200000000e+02    4.7880669678e-04    4.3281250000e-01
       149   -1.5383858953e+01    2.3740223350e+02   -2.6023131710e+01    1.0639272758e+01    7.4778404062e+00   -3.5368159154e+01    1.8671870371e+00    5.1200000000e+02    4.7944895508e-04    4.0937500000e-01
       150   -1.5339417807e+01    2.3594476733e+02   -2.5734732381e+01    1.0395314573e+01    7.5396680177e+00   -3.5845438604e+01    2.5710382062e+00    5.1200000000e+02    4.8050993164e-04    4.2187500000e-01
       151   -1.5355299399e+01    2.3639444594e+02   -2.5905528305e+01    1.0550228906e+01    7.5614063658e+00   -3.6118370625e+01    2.6514359544e+00    5.1200000000e+02    4.8232398926e-04    4.3398437500e-01
       152   -1.5324868989e+01    2.3546447144e+02   -2.6093576223e+01    1.0768707234e+01    7.4716412756e+00   -3.5543404779e+01    1.9781872801e+00    5.1200000000e+02    4.7801473145e-04    4.1601562500e-01
       153   -1.5294121247e+01    2.3473526145e+02   -2.6314402572e+01    1.1020281324e+01    7.5198133490e+00   -3.5677567202e+01    1.8433512811e+00    5.1200000000e+02    4.8186044434e-04    4.1835937500e-01
       154   -1.5368660301e+01    2.3691328500e+02   -2.6368570130e+01    1.0999909829e+01    7.5744474716e+00   -3.5916219407e+01    1.9732018058e+00    5.1200000000e+02    4.7970008301e-04    4.1679687500e-01
       155   -1.5352577417e+01    2.3652387791e+02   -2.6457194271e+01    1.1104616854e+01    7.5257874249e+00   -3.5914936979e+01    1.9319552835e+00    5.1200000000e+02    4.8057985840e-04    4.2968750000e-01
       156   -1.5358338635e+01    2.3670653139e+02   -2.6262737734e+01    1.0904399099e+01    7.5079744523e+00   -3.5733099380e+01    1.9623871935e+00    5.1200000000e+02    4.8005542236e-04    4.1835937500e-01
       157   -1.5369192482e+01    2.3697197719e+02   -2.6106643675e+01    1.0737451193e+01    7.5098813687e+00   -3.6250352690e+01    2.6338276466e+00    5.1200000000e+02    4.8132378906e-04    4.2851562500e-01
       158   -1.5391175899e+01    2.3755701237e+02   -2.6046614098e+01    1.0655438199e+01    7.5107812571e+00   -3.6219224717e+01    2.6618293619e+00    5.1200000000e+02    4.7957199707e-04    4.3242187500e-01
       159   -1.5318678438e+01    2.3534061133e+02   -2.6020811823e+01    1.0702133385e+01    7.5511813496e+00   -3.6041945649e+01    2.4699524771e+00    5.1200000000e+02    4.8196755859e-04    4.2031250000e-01
       160   -1.5324828204e+01    2.3556389167e+02   -2.5891298394e+01    1.0566470190e+01    7.5226903462e+00   -3.5817742160e+01    2.4037534196e+00    5.1200000000e+02    4.8093681396e-04    4.3476562500e-01
       161   -1.5368376206e+01    2.3684892430e+02   -2.6310571595e+01    1.0942195389e+01    7.5069795038e+00   -3.6031834082e+01    2.2142829833e+00    5.1200000000e+02    4.8162604981e-04    4.3125000000e-01
       162   -1.5328192984e+01    2.3568641918e+02   -2.5920067529e+01    1.0591874545e+01    7.4893085891e+00   -3.5965630914e+01    2.5562547959e+00    5.1200000000e+02    4.9233911865e-04    4.2304687500e-01
       163   -1.5386457155e+01    2.3749870953e+02   -2.6137861008e+01    1.0751403853e+01    7.4785313275e+00   -3.5899881054e+01    2.2834887189e+00    5.1200000000e+02    4.8293551269e-04    4.2460937500e-01
       164   -1.5350270822e+01    2.3642100935e+02   -2.6614954822e+01    1.1264684000e+01    7.5227986002e+00   -3.6271978889e+01    2.1342254671e+00    5.1200000000e+02    4.8250537598e-04    4.1757812500e-01
       165   -1.5317282988e+01    2.3524609975e+02   -2.6072938098e+01    1.0755655110e+01    7.4911396279e+00   -3.5953867955e+01    2.3897902294e+00    5.1200000000e+02    4.8174373291e-04    4.0429687500e-01
       166   -1.5373631396e+01    2.3695026564e+02   -2.6269190544e+01    1.0895559148e+01    7.5024322602e+00   -3.5934333370e+01    2.1627105666e+00    5.1200000000e+02    4.8314484619e-04    4.3750000000e-01
       167   -1.5370995676e+01    2.3702263216e+02   -2.6498296692e+01    1.1127301017e+01    7.5598615650e+00   -3.6207190735e+01    2.1490324777e+00    5.1200000000e+02    4.8386768311e-04    4.2304687500e-01
       168   -1.5352360051e+01    2.3637606745e+02   -2.6643094345e+01    1.1290734294e+01    7.5455613432e+00   -3.6382545507e+01    2.1938898184e+00    5.1200000000e+02    4.8633753662e-04    4.3320312500e-01
       169   -1.5353128944e+01    2.3647494982e+02   -2.6549733354e+01    1.1196604409e+01    7.4753962717e+00   -3.6051464567e+01    2.0263349422e+00    5.1200000000e+02    4.8072028076e-04    4.1835937500e-01
       170   -1.5357410202e+01    2.3656274917e+02   -2.6511105129e+01    1.1153694927e+01    7.5121493726e+00   -3.5894023608e+01    1.8707691062e+00    5.1200000000e+02    4.8374506592e-04    4.2695312500e-01
       171   -1.5372034444e+01    2.3708781896e+02   -2.6869771378e+01    1.1497736934e+01    7.5390791509e+00   -3.6388499685e+01    1.9796491562e+00    5.1200000000e+02    4.8312731201e-04    4.2929687500e-01
       172   -1.5371808811e+01    2.3712884153e+02   -2.6430241879e+01    1.1058433069e+01    7.4417673406e+00   -3.6381621923e+01    2.5096127034e+00    5.1200000000e+02    4.7782222900e-04    4.3632812500e-01
       173   -1.5334542049e+01    2.3604513231e+02   -2.6695090425e+01    1.1360548376e+01    7.4701703426e+00   -3.6201457960e+01    2.0361971924e+00    5.1200000000e+02    4.7520039307e-04    4.0507812500e-01
       174   -1.5329325726e+01    2.3569617191e+02   -2.6234115129e+01    1.0904789403e+01    7.4658521409e+00   -3.5825981288e+01    2.1260140173e+00    5.1200000000e+02    4.7997165771e-04    4.3710937500e-01
       175   -1.5338387784e+01    2.3604653517e+02   -2.6082474038e+01    1.0744086255e+01    7.4457060338e+00   -3.5481711696e+01    1.9535316233e+00    5.1200000000e+02    4.8205230713e-04    4.2421875000e-01
       176   -1.5341965261e+01    2.3612928831e+02   -2.6187747989e+01    1.0845782728e+01    7.4852843747e+00   -3.5837366901e+01    2.1643345374e+00    5.1200000000e+02    4.8095850098e-04    4.3281250000e-01
       177   -1.5270890540e+01    2.3393450535e+02   -2.6176597741e+01    1.0905707201e+01    7.4296096397e+00   -3.5753287868e+01    2.1470804874e+00    5.1200000000e+02    4.8330599853e-04    4.2226562500e-01
       178   -1.5327326287e+01    2.3564748303e+02   -2.6117458564e+01    1.0790132277e+01    7.4647905238e+00   -3.5649797606e+01    2.0675485180e+00    5.1200000000e+02    4.7956778809e-04    4.2460937500e-01
       179   -1.5350894596e+01    2.3642600222e+02   -2.6088024584e+01    1.0737129988e+01    7.3848608152e+00   -3.5697597644e+01    2.2247122451e+00    5.1200000000e+02    4.8104467041e-04    4.2851562500e-01
       180   -1.5354418008e+01    2.3639067425e+02   -2.6095039249e+01    1.0740621241e+01    7.4259830932e+00   -3.6104974070e+01    2.5839517276e+00    5.1200000000e+02    4.7922945557e-04    4.2070312500e-01
       181   -1.5348674789e+01    2.3627987138e+02   -2.5932340122e+01    1.0583665333e+01    7.4629241430e+00   -3.5695581331e+01    2.3003170665e+00    5.1200000000e+02    4.7964070068e-04    4.1054687500e-01
       182   -1.5279727671e+01    2.3394834523e+02   -2.5823482254e+01    1.0543754583e+01    7.4043951951e+00   -3.5347154535e+01    2.1192770856e+00    5.1200000000e+02    4.7799026367e-04    4.3164062500e-01
       183   -1.5283676409e+01    2.3408008786e+02   -2.5705291911e+01    1.0421615501e+01    7.4027946969e+00   -3.5111293396e+01    2.0032067883e+00    5.1200000000e+02    4.8001517334e-04    4.2500000000e-01
       184   -1.5302554612e+01    2.3465663915e+02   -2.6098932993e+01    1.0796378381e+01    7.4509386410e+00   -3.5780926317e+01    2.2310546828e+00    5.1200000000e+02    4.7326514404e-04    4.1015625000e-01
       185   -1.5351259290e+01    2.3627773074e+02   -2.6124876751e+01    1.0773617461e+01    7.5500730751e+00   -3.6151598332e+01    2.4766485065e+00    5.1200000000e+02    4.7981396240e-04    4.3398437500e-01
       186   -1.5348973941e+01    2.3631384117e+02   -2.6002767549e+01    1.0653793609e+01    7.5201576310e+00   -3.5787775990e+01    2.2648508099e+00    5.1200000000e+02    4.8158424561e-04    4.3085937500e-01
       187   -1.5384296565e+01    2.3761819267e+02   -2.6137772316e+01    1.0753475751e+01    7.3772766014e+00   -3.5553093427e+01    2.0380445099e+00    5.1200000000e+02    4.8019448486e-04    4.3085937500e-01
       188   -1.5377648125e+01    2.3710160121e+02   -2.6091067903e+01    1.0713419778e+01    7.3873695229e+00   -3.5686335537e+01    2.2078981108e+00    5.1200000000e+02    4.9225266113e-04    4.4414062500e-01
       189   -1.5300481338e+01    2.3478533585e+02   -2.5873253941e+01    1.0572772602e+01    7.4899470993e+00   -3.5579161422e+01    2.2159603822e+00    5.1200000000e+02    4.8636807373e-04    4.3125000000e-01
       190   -1.5347383903e+01    2.3662802292e+02   -2.6321553911e+01    1.0974170008e+01    7.5627001622e+00   -3.6001117669e+01    2.1168635953e+00    5.1200000000e+02    4.8719288330e-04    4.4257812500e-01
       191   -1.5407546056e+01    2.3836109878e+02   -2.5960412135e+01    1.0552866079e+01    7.4655690243e+00   -3.5903751798e+01    2.4777706386e+00    5.1200000000e+02    4.8462003662e-04    4.3281250000e-01
       192   -1.5291386955e+01    2.3452781374e+02   -2.5649230576e+01    1.0357843621e+01    7.4794350533e+00   -3.5465886508e+01    2.3372208788e+00    5.1200000000e+02    4.7985765381e-04    4.3125000000e-01
       193   -1.5327130857e+01    2.3575378717e+02   -2.5655083005e+01    1.0327952148e+01    7.5301542364e+00   -3.5804289326e+01    2.6190520841e+00    5.1200000000e+02    4.8561225342e-04    4.1640625000e-01
       194   -1.5331564758e+01    2.3569856159e+02   -2.5510839954e+01    1.0179275195e+01    7.4524883342e+00   -3.5134257902e+01    2.1709296141e+00    5.1200000000e+02    4.8439487549e-04    4.4570312500e-01
       195   -1.5336231644e+01    2.3590859267e+02   -2.5798327179e+01    1.0462095536e+01    7.4435064524e+00   -3.5020178754e+01    1.7783451219e+00    5.1200000000e+02    4.8606864990e-04    4.3085937500e-01
       196   -1.5292400050e+01    2.3449414459e+02   -2.5988673498e+01    1.0696273448e+01    7.3671508819e+00   -3.5163611096e+01    1.8077867162e+00    5.1200000000e+02    4.8259904297e-04    4.2578125000e-01
       197   -1.5351570810e+01    2.3627819783e+02   -2.5783122276e+01    1.0431551466e+01    7.3610475745e+00   -3.5227538164e+01    2.0833683134e+00    5.1200000000e+02    4.8044281494e-04    4.3281250000e-01
       198   -1.5366233984e+01    2.3672314865e+02   -2.6338076205e+01    1.0971842221e+01    7.4537741236e+00   -3.5762357596e+01    1.9705072668e+00    5.1200000000e+02    4.7979994141e-04    4.1796875000e-01
       199   -1.5363427640e+01    2.3665501367e+02   -2.6307412770e+01    1.0943985130e+01    7.5712232180e+00   -3.6273608389e+01    2.3949724010e+00    5.1200000000e+02    4.8247505615e-04    4.2500000000e-01
