#   index    LocalEnergy         LocalEnergy_sq      LocalPotential      Kinetic             ElecElec            LocalECP            NonLocalECP         BlockWeight         BlockCPU            AcceptRatio         
         0   -1.5294318371e+01    2.3498838772e+02   -2.5770543499e+01    1.0476225128e+01    7.4873084870e+00   -3.5318340267e+01    2.0604882806e+00    5.1200000000e+02    4.7131615967e-04    4.4140625000e-01
         1   -1.5315237231e+01    2.3558072617e+02   -2.5897569559e+01    1.0582332328e+01    7.5181146861e+00   -3.5708268946e+01    2.2925847012e+00    5.1200000000e+02    4.7542235840e-04    4.3906250000e-01
         2   -1.5247354717e+01    2.3340876942e+02   -2.5878765616e+01    1.0631410899e+01    7.5753810788e+00   -3.5715594015e+01    2.2614473204e+00    5.1200000000e+02    4.7079985596e-04    4.4101562500e-01
         3   -1.5231357825e+01    2.3295876889e+02   -2.5978492732e+01    1.0747134906e+01    7.5718452131e+00   -3.5523867313e+01    1.9735293684e+00    5.1200000000e+02    4.7586573975e-04    4.2617187500e-01
         4   -1.5321254434e+01    2.3575474319e+02   -2.5698723241e+01    1.0377468807e+01    7.5179022737e+00   -3.5083538537e+01    1.8669130222e+00    5.1200000000e+02    4.7645823730e-04    4.3320312500e-01
         5   -1.5295650825e+01    2.3490525312e+02   -2.5551123669e+01    1.0255472844e+01    7.5129830808e+00   -3.5278156782e+01    2.2140500319e+00    5.1200000000e+02    4.7692863770e-04    4.4570312500e-01
         6   -1.5318269794e+01    2.3553179824e+02   -2.5451141904e+01    1.0132872110e+01    7.4613760156e+00   -3.5220115370e+01    2.3075974506e+00    5.1200000000e+02    4.7434115723e-04    4.3554687500e-01
         7   -1.5310173315e+01    2.3540631919e+02   -2.5548066227e+01    1.0237892912e+01    7.4063327394e+00   -3.5134968508e+01    2.1805695420e+00    5.1200000000e+02    4.7704123047e-04    4.4921875000e-01
         8   -1.5236860246e+01    2.3309631980e+02   -2.5875040287e+01    1.0638180041e+01    7.4642963060e+00   -3.5278528780e+01    1.9391921875e+00    5.1200000000e+02    4.7555290039e-04    4.3984375000e-01
         9   -1.5343367472e+01    2.3627704517e+02   -2.6075098959e+01    1.0731731487e+01    7.4326240028e+00   -3.5687888566e+01    2.1801656045e+00    5.1200000000e+02    4.7434285889e-04    4.2500000000e-01
        10   -1.5215832252e+01    2.3260797637e+02   -2.5789085324e+01    1.0573253073e+01    7.5661931026e+00   -3.5803721755e+01    2.4484433278e+00    5.1200000000e+02    4.7281282715e-04    4.4140625000e-01
        11   -1.5212566810e+01    2.3242784889e+02   -2.6031209690e+01    1.0818642880e+01    7.5068897045e+00   -3.6112075914e+01    2.5739765196e+00    5.1200000000e+02    4.7197731201e-04    4.0898437500e-01
        12   -1.5261069479e+01    2.3375726659e+02   -2.5840461277e+01    1.0579391798e+01    7.4062740398e+00   -3.5358876592e+01    2.1121412752e+00    5.1200000000e+02    4.7329168457e-04    4.3398437500e-01
        13   -1.5266354650e+01    2.3400694612e+02   -2.6174164192e+01    1.0907809542e+01    7.4519869776e+00   -3.5723058978e+01    2.0969078089e+00    5.1200000000e+02    4.7417348877e-04    4.2031250000e-01
        14   -1.5309588435e+01    2.3539029825e+02   -2.6132642306e+01    1.0823053871e+01    7.5173572507e+00   -3.5896266300e+01    2.2462667433e+00    5.1200000000e+02    4.7612698486e-04    4.2187500000e-01
        15   -1.5303333265e+01    2.3512484619e+02   -2.6097305709e+01    1.0793972444e+01    7.6043482733e+00   -3.6069462695e+01    2.3678087129e+00    5.1200000000e+02    4.8156131348e-04    4.4179687500e-01
        16   -1.5319605996e+01    2.3616938015e+02   -2.6256386651e+01    1.0936780656e+01    7.6877158131e+00   -3.6354663134e+01    2.4105606689e+00    5.1200000000e+02    4.8117359375e-04    4.3359375000e-01
        17   -1.5309983339e+01    2.3537209959e+02   -2.6163099555e+01    1.0853116217e+01    7.6724343596e+00   -3.6387557752e+01    2.5520238371e+00    5.1200000000e+02    4.8380234375e-04    4.2851562500e-01
        18   -1.5312100190e+01    2.3536704204e+02   -2.6014037618e+01    1.0701937428e+01    7.6567573718e+00   -3.6067579538e+01    2.3967845479e+00    5.1200000000e+02    4.8131856689e-04    4.3203125000e-01
        19   -1.5244617862e+01    2.3335061161e+02   -2.6353689615e+01    1.1109071752e+01    7.7207931770e+00   -3.6073436323e+01    1.9989535309e+00    5.1200000000e+02    4.8495838135e-04    4.3789062500e-01
        20   -1.5241306772e+01    2.3333286462e+02   -2.6395483039e+01    1.1154176267e+01    7.5981836849e+00   -3.6196379857e+01    2.2027131329e+00    5.1200000000e+02    4.8098175293e-04    4.0976562500e-01
        21   -1.5276133090e+01    2.3435795542e+02   -2.6151756791e+01    1.0875623700e+01    7.5647371042e+00   -3.6046994932e+01    2.3305010367e+00    5.1200000000e+02    4.8425673584e-04    4.4023437500e-01
        22   -1.5284583996e+01    2.3446765635e+02   -2.5864058289e+01    1.0579474293e+01    7.5587255988e+00   -3.5636214288e+01    2.2134304003e+00    5.1200000000e+02    4.8002418945e-04    4.3242187500e-01
        23   -1.5287750745e+01    2.3459967803e+02   -2.5619337571e+01    1.0331586826e+01    7.5636861104e+00   -3.5471785726e+01    2.2887620447e+00    5.1200000000e+02    4.8786064209e-04    4.4101562500e-01
        24   -1.5335238288e+01    2.3614525306e+02   -2.5939461038e+01    1.0604222750e+01    7.4435268757e+00   -3.5786593105e+01    2.4036051911e+00    5.1200000000e+02    4.7519069336e-04    4.2031250000e-01
        25   -1.5332880178e+01    2.3627113882e+02   -2.6141280400e+01    1.0808400222e+01    7.4552307207e+00   -3.5385858661e+01    1.7893475395e+00    5.1200000000e+02    4.7420122070e-04    4.3671875000e-01
        26   -1.5313405795e+01    2.3541278135e+02   -2.6070405081e+01    1.0756999286e+01    7.3698046779e+00   -3.5512812363e+01    2.0726026037e+00    5.1200000000e+02    4.7293897217e-04    4.1914062500e-01
        27   -1.5341743098e+01    2.3632137798e+02   -2.5816545761e+01    1.0474802664e+01    7.3274711606e+00   -3.5142074853e+01    1.9980579314e+00    5.1200000000e+02    4.7540042480e-04    4.3476562500e-01
        28   -1.5291480660e+01    2.3484832180e+02   -2.6009879035e+01    1.0718398375e+01    7.4127370178e+00   -3.5289500005e+01    1.8668839528e+00    5.1200000000e+02    4.7378430420e-04    4.2070312500e-01
        29   -1.5343605501e+01    2.3657132442e+02   -2.6092282313e+01    1.0748676812e+01    7.4155657251e+00   -3.5433709103e+01    1.9258610654e+00    5.1200000000e+02    4.7883732422e-04    4.4179687500e-01
        30   -1.5317667480e+01    2.3565430716e+02   -2.6163008492e+01    1.0845341012e+01    7.3966826042e+00   -3.5497089980e+01    1.9373988830e+00    5.1200000000e+02    4.8211192871e-04    4.4140625000e-01
        31   -1.5414674226e+01    2.3853917553e+02   -2.5912883532e+01    1.0498209306e+01    7.3486996443e+00   -3.5548950097e+01    2.2873669213e+00    5.1200000000e+02    4.8028434570e-04    4.2734375000e-01
        32   -1.5287427486e+01    2.3455295993e+02   -2.5794766261e+01    1.0507338775e+01    7.4446290192e+00   -3.5543975028e+01    2.3045797474e+00    5.1200000000e+02    4.7994125977e-04    4.3203125000e-01
        33   -1.5328702159e+01    2.3595341385e+02   -2.6025449822e+01    1.0696747663e+01    7.5311643466e+00   -3.5755117304e+01    2.1985031355e+00    5.1200000000e+02    4.8263439453e-04    4.2617187500e-01
        34   -1.5285127770e+01    2.3454759535e+02   -2.5612219731e+01    1.0327091962e+01    7.5696210062e+00   -3.5701945289e+01    2.5201045519e+00    5.1200000000e+02    4.8368641846e-04    4.3593750000e-01
        35   -1.5309176438e+01    2.3541637840e+02   -2.6079362171e+01    1.0770185733e+01    7.6534265162e+00   -3.6095959748e+01    2.3631710610e+00    5.1200000000e+02    4.8587593262e-04    4.3046875000e-01
        36   -1.5354060544e+01    2.3670804832e+02   -2.6387133797e+01    1.1033073253e+01    7.6019360819e+00   -3.6172977906e+01    2.1839080274e+00    5.1200000000e+02    4.8395942627e-04    4.3906250000e-01
        37   -1.5267121168e+01    2.3405404471e+02   -2.6197222523e+01    1.0930101356e+01    7.6199036826e+00   -3.5979322316e+01    2.1621961102e+00    5.1200000000e+02    4.8021637695e-04    4.2929687500e-01
        38   -1.5374993597e+01    2.3729495229e+02   -2.6377445054e+01    1.1002451457e+01    7.5655779337e+00   -3.6184648529e+01    2.2416255416e+00    5.1200000000e+02    4.8217926514e-04    4.3125000000e-01
        39   -1.5337392931e+01    2.3632509175e+02   -2.6415889089e+01    1.1078496158e+01    7.6355456280e+00   -3.6431853285e+01    2.3804185681e+00    5.1200000000e+02    4.8668080078e-04    4.3515625000e-01
        40   -1.5353290552e+01    2.3696052413e+02   -2.6440446493e+01    1.1087155941e+01    7.6231678353e+00   -3.6187713266e+01    2.1240989374e+00    5.1200000000e+02    4.8696084473e-04    4.3242187500e-01
        41   -1.5359989549e+01    2.3718447997e+02   -2.6294493670e+01    1.0934504121e+01    7.6360310844e+00   -3.6085425791e+01    2.1549010368e+00    5.1200000000e+02    4.8320695312e-04    4.2031250000e-01
        42   -1.5390843746e+01    2.3833819858e+02   -2.6365539738e+01    1.0974695992e+01    7.5792189317e+00   -3.5779362963e+01    1.8346042936e+00    5.1200000000e+02    4.8309072998e-04    4.2617187500e-01
        43   -1.5306627051e+01    2.3517064929e+02   -2.6345696356e+01    1.1039069305e+01    7.6194889750e+00   -3.6132668133e+01    2.1674828021e+00    5.1200000000e+02    4.8299090820e-04    4.2382812500e-01
        44   -1.5299233554e+01    2.3501833834e+02   -2.6270198276e+01    1.0970964722e+01    7.6245929932e+00   -3.6077415895e+01    2.1826246257e+00    5.1200000000e+02    4.8242283203e-04    4.2851562500e-01
        45   -1.5322228729e+01    2.3579236773e+02   -2.6340270219e+01    1.1018041490e+01    7.6000015492e+00   -3.6039665113e+01    2.0993933447e+00    5.1200000000e+02    4.8237785400e-04    4.2109375000e-01
        46   -1.5257345787e+01    2.3369649141e+02   -2.5815597318e+01    1.0558251531e+01    7.6759120090e+00   -3.5907442037e+01    2.4159327099e+00    5.1200000000e+02    4.8213765137e-04    4.4296875000e-01
        47   -1.5248038653e+01    2.3353593942e+02   -2.5761545490e+01    1.0513506836e+01    7.6349813260e+00   -3.5640631128e+01    2.2441043123e+00    5.1200000000e+02    4.8275368164e-04    4.3359375000e-01
        48   -1.5270531712e+01    2.3408489005e+02   -2.6095889983e+01    1.0825358271e+01    7.6051976656e+00   -3.5867030836e+01    2.1659431871e+00    5.1200000000e+02    4.8248117920e-04    4.2617187500e-01
        49   -1.5278522529e+01    2.3417240586e+02   -2.6155443928e+01    1.0876921400e+01    7.6808242740e+00   -3.6181908286e+01    2.3456400837e+00    5.1200000000e+02    4.9730539307e-04    4.5625000000e-01
        50   -1.5259305418e+01    2.3382500386e+02   -2.5958006965e+01    1.0698701546e+01    7.7515028629e+00   -3.6075588204e+01    2.3660783763e+00    5.1200000000e+02    4.8742672363e-04    4.4023437500e-01
        51   -1.5291632962e+01    2.3468056068e+02   -2.6021484119e+01    1.0729851157e+01    7.7366854171e+00   -3.6033793952e+01    2.2756244155e+00    5.1200000000e+02    4.9207761719e-04    4.3945312500e-01
        52   -1.5348977723e+01    2.3747986332e+02   -2.6763868944e+01    1.1414891221e+01    7.7334850771e+00   -3.6001180342e+01    1.5038263209e+00    5.1200000000e+02    4.9194988525e-04    4.3515625000e-01
        53   -1.5295035335e+01    2.3495153522e+02   -2.5940964826e+01    1.0645929492e+01    7.7156468402e+00   -3.5823220179e+01    2.1666085130e+00    5.1200000000e+02    4.8794616211e-04    4.2695312500e-01
        54   -1.5289751568e+01    2.3474414291e+02   -2.5954727446e+01    1.0664975878e+01    7.6850476233e+00   -3.6171540322e+01    2.5317652524e+00    5.1200000000e+02    4.8424349121e-04    4.1757812500e-01
        55   -1.5263328299e+01    2.3396282906e+02   -2.5895944656e+01    1.0632616357e+01    7.7174803730e+00   -3.5785009755e+01    2.1715847257e+00    5.1200000000e+02    4.8368601807e-04    4.2734375000e-01
        56   -1.5349468148e+01    2.3656138949e+02   -2.5959886238e+01    1.0610418090e+01    7.5492169792e+00   -3.5903943713e+01    2.3948404960e+00    5.1200000000e+02    4.8299367676e-04    4.3203125000e-01
        57   -1.5318223992e+01    2.3556423837e+02   -2.6203782098e+01    1.0885558106e+01    7.6932755730e+00   -3.6427399399e+01    2.5303417273e+00    5.1200000000e+02    4.8473129883e-04    4.2968750000e-01
        58   -1.5324183356e+01    2.3579116618e+02   -2.6303552616e+01    1.0979369259e+01    7.6832200077e+00   -3.6680186537e+01    2.6934139138e+00    5.1200000000e+02    4.8498511963e-04    4.2421875000e-01
        59   -1.5270979302e+01    2.3412898139e+02   -2.6189959451e+01    1.0918980148e+01    7.7807030323e+00   -3.6478033760e+01    2.5073712769e+00    5.1200000000e+02    4.8704775146e-04    4.3398437500e-01
        60   -1.5297462013e+01    2.3501336864e+02   -2.6081412988e+01    1.0783950975e+01    7.6612194620e+00   -3.6057334499e+01    2.3147020487e+00    5.1200000000e+02    4.8537321777e-04    4.3398437500e-01
        61   -1.5304064754e+01    2.3525809772e+02   -2.6317420341e+01    1.1013355587e+01    7.6269013333e+00   -3.6205332356e+01    2.2610106811e+00    5.1200000000e+02    4.8521462402e-04    4.3281250000e-01
        62   -1.5307141470e+01    2.3539236856e+02   -2.6027130259e+01    1.0719988788e+01    7.5231177431e+00   -3.5852532484e+01    2.3022844826e+00    5.1200000000e+02    4.7973811768e-04    4.2617187500e-01
        63   -1.5284018718e+01    2.3453101160e+02   -2.6116661444e+01    1.0832642726e+01    7.6545359761e+00   -3.6075726356e+01    2.3045289354e+00    5.1200000000e+02    4.8140170166e-04    4.2226562500e-01
        64   -1.5303908764e+01    2.3512917586e+02   -2.5919892995e+01    1.0615984231e+01    7.5633035814e+00   -3.5735267473e+01    2.2520708964e+00    5.1200000000e+02    4.8145934570e-04    4.4140625000e-01
        65   -1.5319892272e+01    2.3563447968e+02   -2.5829087440e+01    1.0509195169e+01    7.4745649710e+00   -3.5228104958e+01    1.9244525470e+00    5.1200000000e+02    4.7931649902e-04    4.3007812500e-01
        66   -1.5310478151e+01    2.3539016085e+02   -2.5702997570e+01    1.0392519420e+01    7.5630359449e+00   -3.5743057772e+01    2.4770242566e+00    5.1200000000e+02    4.8114988281e-04    4.3945312500e-01
        67   -1.5286020236e+01    2.3470422107e+02   -2.5399670710e+01    1.0113650474e+01    7.5556184528e+00   -3.5311259487e+01    2.3559703245e+00    5.1200000000e+02    4.7961044189e-04    4.3203125000e-01
        68   -1.5299651592e+01    2.3504124006e+02   -2.5529410767e+01    1.0229759175e+01    7.4772401973e+00   -3.5466994764e+01    2.4603438002e+00    5.1200000000e+02    4.7818427246e-04    4.2851562500e-01
        69   -1.5260209583e+01    2.3387113720e+02   -2.5677135633e+01    1.0416926050e+01    7.4993323888e+00   -3.5455894378e+01    2.2794263560e+00    5.1200000000e+02    4.7850431885e-04    4.2929687500e-01
        70   -1.5282421505e+01    2.3496243956e+02   -2.5974044963e+01    1.0691623458e+01    7.5644273484e+00   -3.6081560147e+01    2.5430878348e+00    5.1200000000e+02    4.8270041016e-04    4.3554687500e-01
        71   -1.5289948806e+01    2.3490851984e+02   -2.6088552278e+01    1.0798603473e+01    7.6009137419e+00   -3.6018483170e+01    2.3290171503e+00    5.1200000000e+02    4.8154035889e-04    4.2539062500e-01
        72   -1.5337835448e+01    2.3624426787e+02   -2.6251383781e+01    1.0913548332e+01    7.5871837669e+00   -3.6290825695e+01    2.4522581473e+00    5.1200000000e+02    4.8282022217e-04    4.1796875000e-01
        73   -1.5282502912e+01    2.3450833225e+02   -2.6211834939e+01    1.0929332027e+01    7.6111351708e+00   -3.6407527754e+01    2.5845576442e+00    5.1200000000e+02    4.8887375488e-04    4.2226562500e-01
        74   -1.5271281431e+01    2.3421786415e+02   -2.6224089633e+01    1.0952808202e+01    7.6115909777e+00   -3.6219100000e+01    2.3834193888e+00    5.1200000000e+02    4.8851723389e-04    4.3203125000e-01
        75   -1.5313999651e+01    2.3545801054e+02   -2.6489584072e+01    1.1175584420e+01    7.6016055244e+00   -3.6261608555e+01    2.1704189594e+00    5.1200000000e+02    4.9530980957e-04    4.4257812500e-01
        76   -1.5297896065e+01    2.3495254054e+02   -2.6226927613e+01    1.0929031549e+01    7.6209310194e+00   -3.6219873593e+01    2.3720149601e+00    5.1200000000e+02    4.8166144287e-04    4.2070312500e-01
        77   -1.5279540384e+01    2.3452276254e+02   -2.6143360448e+01    1.0863820064e+01    7.5933313671e+00   -3.6049203353e+01    2.3125115377e+00    5.1200000000e+02    4.8173577393e-04    4.4687500000e-01
        78   -1.5306629194e+01    2.3525068247e+02   -2.5801580814e+01    1.0494951621e+01    7.5355689562e+00   -3.5818860749e+01    2.4817109783e+00    5.1200000000e+02    4.7631586914e-04    4.3046875000e-01
        79   -1.5273413955e+01    2.3424762410e+02   -2.5615200713e+01    1.0341786757e+01    7.5038633796e+00   -3.5404139489e+01    2.2850753970e+00    5.1200000000e+02    4.7631280518e-04    4.3750000000e-01
        80   -1.5261083277e+01    2.3384481876e+02   -2.5470466110e+01    1.0209382832e+01    7.5343325791e+00   -3.5282005657e+01    2.2772069683e+00    5.1200000000e+02    4.7673621094e-04    4.3515625000e-01
        81   -1.5289494732e+01    2.3474459300e+02   -2.5833766398e+01    1.0544271665e+01    7.5367274143e+00   -3.5710776001e+01    2.3402821890e+00    5.1200000000e+02    4.7937471680e-04    4.4101562500e-01
        82   -1.5253670789e+01    2.3376763488e+02   -2.5991489788e+01    1.0737818999e+01    7.5847539948e+00   -3.5889141514e+01    2.3128977312e+00    5.1200000000e+02    4.7821118164e-04    4.1992187500e-01
        83   -1.5245490191e+01    2.3361977839e+02   -2.6142798869e+01    1.0897308678e+01    7.5917910187e+00   -3.5895396684e+01    2.1608067964e+00    5.1200000000e+02    4.7730703369e-04    4.3242187500e-01
        84   -1.5288813222e+01    2.3488888617e+02   -2.5747903948e+01    1.0459090725e+01    7.5049119048e+00   -3.5242995964e+01    1.9901801122e+00    5.1200000000e+02    4.7610536621e-04    4.2382812500e-01
        85   -1.5272726526e+01    2.3429834978e+02   -2.5526033773e+01    1.0253307248e+01    7.4779665613e+00   -3.5129078764e+01    2.1250784289e+00    5.1200000000e+02    4.7903294922e-04    4.3085937500e-01
        86   -1.5267695249e+01    2.3419480113e+02   -2.5766364738e+01    1.0498669490e+01    7.5364922130e+00   -3.5245165688e+01    1.9423087367e+00    5.1200000000e+02    4.7978750732e-04    4.2812500000e-01
        87   -1.5313048980e+01    2.3547719728e+02   -2.5663675837e+01    1.0350626857e+01    7.5796735389e+00   -3.5438839777e+01    2.1954904012e+00    5.1200000000e+02    4.8146445068e-04    4.3437500000e-01
        88   -1.5378647801e+01    2.3769484983e+02   -2.5463382467e+01    1.0084734666e+01    7.5088116715e+00   -3.5356897920e+01    2.3847037814e+00    5.1200000000e+02    4.7772640381e-04    4.3125000000e-01
        89   -1.5326165875e+01    2.3606494787e+02   -2.5668987858e+01    1.0342821983e+01    7.5309069266e+00   -3.5685523591e+01    2.4856288062e+00    5.1200000000e+02    4.7691263184e-04    4.4101562500e-01
        90   -1.5310063286e+01    2.3554084537e+02   -2.5431005252e+01    1.0120941966e+01    7.5042386597e+00   -3.5516203995e+01    2.5809600829e+00    5.1200000000e+02    4.7743615234e-04    4.4921875000e-01
        91   -1.5272273677e+01    2.3430571047e+02   -2.5622773570e+01    1.0350499893e+01    7.4931087061e+00   -3.5340960982e+01    2.2250787065e+00    5.1200000000e+02    4.7688585205e-04    4.3320312500e-01
        92   -1.5279282404e+01    2.3452950129e+02   -2.5661962029e+01    1.0382679625e+01    7.6093810052e+00   -3.5444151508e+01    2.1728084733e+00    5.1200000000e+02    4.7976438965e-04    4.5976562500e-01
        93   -1.5333625195e+01    2.3634776144e+02   -2.6007116342e+01    1.0673491148e+01    7.5720379329e+00   -3.5802195008e+01    2.2230407322e+00    5.1200000000e+02    4.8043752197e-04    4.3750000000e-01
        94   -1.5307940329e+01    2.3526408464e+02   -2.6134862708e+01    1.0826922379e+01    7.6164699590e+00   -3.6024058251e+01    2.2727255840e+00    5.1200000000e+02    4.8061567627e-04    4.2890625000e-01
        95   -1.5283667487e+01    2.3451160499e+02   -2.6263146919e+01    1.0979479432e+01    7.5905811694e+00   -3.5732739215e+01    1.8790111271e+00    5.1200000000e+02    4.8028671875e-04    4.4257812500e-01
        96   -1.5321377890e+01    2.3576138939e+02   -2.6148530600e+01    1.0827152710e+01    7.5579002194e+00   -3.6019535357e+01    2.3131045374e+00    5.1200000000e+02    4.7982448486e-04    4.4335937500e-01
        97   -1.5367074674e+01    2.3706714210e+02   -2.5725315617e+01    1.0358240943e+01    7.3852919220e+00   -3.5490416503e+01    2.3798089640e+00    5.1200000000e+02    4.7592737793e-04    4.3242187500e-01
        98   -1.5360957484e+01    2.3690254002e+02   -2.6064438649e+01    1.0703481165e+01    7.4239548891e+00   -3.5686142167e+01    2.1977486287e+00    5.1200000000e+02    4.7374920654e-04    4.2304687500e-01
        99   -1.5342016235e+01    2.3638946953e+02   -2.6359665362e+01    1.1017649127e+01    7.4330743966e+00   -3.5758355556e+01    1.9656157980e+00    5.1200000000e+02    4.8045515869e-04    4.4140625000e-01
       100   -1.5324820625e+01    2.3600495523e+02   -2.6275029072e+01    1.0950208447e+01    7.5042477595e+00   -3.6073265390e+01    2.2939885582e+00    5.1200000000e+02    4.8041491455e-04    4.3867187500e-01
       101   -1.5286752119e+01    2.3471777897e+02   -2.6184508594e+01    1.0897756475e+01    7.4744535142e+00   -3.5847326185e+01    2.1883640770e+00    5.1200000000e+02    4.8663721436e-04    4.2617187500e-01
       102   -1.5317064563e+01    2.3555049972e+02   -2.6517583962e+01    1.1200519400e+01    7.5203049846e+00   -3.6252499686e+01    2.2146107391e+00    5.1200000000e+02    4.8019579590e-04    4.2968750000e-01
       103   -1.5321609132e+01    2.3581249459e+02   -2.6067137259e+01    1.0745528127e+01    7.5018886604e+00   -3.5932546931e+01    2.3635210120e+00    5.1200000000e+02    4.8160131592e-04    4.5625000000e-01
       104   -1.5347110766e+01    2.3674092330e+02   -2.6028733959e+01    1.0681623193e+01    7.5608443899e+00   -3.6098665814e+01    2.5090874660e+00    5.1200000000e+02    4.7862997314e-04    4.3164062500e-01
       105   -1.5313427124e+01    2.3565279737e+02   -2.5946826269e+01    1.0633399145e+01    7.5590429581e+00   -3.5781625199e+01    2.2757559715e+00    5.1200000000e+02    4.7862009521e-04    4.3750000000e-01
       106   -1.5286999271e+01    2.3462645592e+02   -2.6282106345e+01    1.0995107074e+01    7.5648554739e+00   -3.6063028891e+01    2.2160670725e+00    5.1200000000e+02    4.7937466064e-04    4.2890625000e-01
       107   -1.5300872791e+01    2.3511795070e+02   -2.6334589341e+01    1.1033716550e+01    7.6323298240e+00   -3.6156291763e+01    2.1893725986e+00    5.1200000000e+02    4.8303326904e-04    4.2968750000e-01
       108   -1.5330833543e+01    2.3588768218e+02   -2.6135122094e+01    1.0804288551e+01    7.5122495783e+00   -3.5691833068e+01    2.0444613952e+00    5.1200000000e+02    4.8552042480e-04    4.3789062500e-01
       109   -1.5309496584e+01    2.3546160103e+02   -2.6096596780e+01    1.0787100196e+01    7.5308309247e+00   -3.5727462484e+01    2.1000347792e+00    5.1200000000e+02    4.8261979004e-04    4.1953125000e-01
       110   -1.5293658921e+01    2.3518846284e+02   -2.6406642002e+01    1.1112983081e+01    7.7035294315e+00   -3.6173030356e+01    2.0628589229e+00    5.1200000000e+02    4.8752078125e-04    4.3554687500e-01
       111   -1.5275727618e+01    2.3435708149e+02   -2.6248208055e+01    1.0972480437e+01    7.6481195162e+00   -3.6138105906e+01    2.2417783347e+00    5.1200000000e+02    4.8829268311e-04    4.3398437500e-01
       112   -1.5316595847e+01    2.3568731124e+02   -2.6081493346e+01    1.0764897499e+01    7.6608719211e+00   -3.6281789281e+01    2.5394240135e+00    5.1200000000e+02    4.8755691406e-04    4.4765625000e-01
       113   -1.5288237880e+01    2.3483503025e+02   -2.6254545274e+01    1.0966307394e+01    7.6435496609e+00   -3.6285709528e+01    2.3876145931e+00    5.1200000000e+02    4.8716618896e-04    4.3632812500e-01
       114   -1.5314100812e+01    2.3558466583e+02   -2.6245978452e+01    1.0931877640e+01    7.5877451287e+00   -3.6192443131e+01    2.3587195501e+00    5.1200000000e+02    4.8707525146e-04    4.3476562500e-01
       115   -1.5300998265e+01    2.3514646514e+02   -2.6050858380e+01    1.0749860115e+01    7.5444876012e+00   -3.5759206284e+01    2.1638603027e+00    5.1200000000e+02    4.8497368652e-04    4.2851562500e-01
       116   -1.5271219759e+01    2.3402920169e+02   -2.6066049463e+01    1.0794829704e+01    7.5132018384e+00   -3.5545550090e+01    1.9662987888e+00    5.1200000000e+02    4.7983324707e-04    4.2031250000e-01
       117   -1.5268590445e+01    2.3421345531e+02   -2.6249339857e+01    1.0980749412e+01    7.5612900272e+00   -3.5693396174e+01    1.8827662899e+00    5.1200000000e+02    4.8261177734e-04    4.1484375000e-01
       118   -1.5218548645e+01    2.3298382925e+02   -2.6281208686e+01    1.1062660042e+01    7.6462542512e+00   -3.5908946784e+01    1.9814838466e+00    5.1200000000e+02    4.8356839355e-04    4.2695312500e-01
       119   -1.5267410516e+01    2.3435155030e+02   -2.6274955545e+01    1.1007545029e+01    7.6742851810e+00   -3.6142243140e+01    2.1930024141e+00    5.1200000000e+02    4.8494114014e-04    4.4179687500e-01
       120   -1.5242575668e+01    2.3349581895e+02   -2.6060309901e+01    1.0817734233e+01    7.5878210009e+00   -3.6063542431e+01    2.4154115294e+00    5.1200000000e+02    4.7919186768e-04    4.2617187500e-01
       121   -1.5241837582e+01    2.3354957138e+02   -2.6035921021e+01    1.0794083439e+01    7.6141511963e+00   -3.5801614812e+01    2.1515425946e+00    5.1200000000e+02    4.8060970703e-04    4.3437500000e-01
       122   -1.5272322895e+01    2.3430241315e+02   -2.6024940168e+01    1.0752617273e+01    7.5222374377e+00   -3.5478370893e+01    1.9311932876e+00    5.1200000000e+02    4.7730359863e-04    4.3710937500e-01
       123   -1.5242941624e+01    2.3332146397e+02   -2.5767984697e+01    1.0525043073e+01    7.5678257076e+00   -3.5780748664e+01    2.4449382595e+00    5.1200000000e+02    4.7563023438e-04    4.2031250000e-01
       124   -1.5282716993e+01    2.3455238365e+02   -2.5357067386e+01    1.0074350393e+01    7.4736497028e+00   -3.5142235248e+01    2.3115181589e+00    5.1200000000e+02    4.7260566650e-04    4.3398437500e-01
       125   -1.5278939306e+01    2.3431234721e+02   -2.5503974416e+01    1.0225035110e+01    7.3839765468e+00   -3.5072452739e+01    2.1845017769e+00    5.1200000000e+02    4.7563531738e-04    4.3593750000e-01
       126   -1.5263617584e+01    2.3396192418e+02   -2.5765273999e+01    1.0501656416e+01    7.4471744667e+00   -3.5307643379e+01    2.0951949133e+00    5.1200000000e+02    4.7521202637e-04    4.5078125000e-01
       127   -1.5234474083e+01    2.3297978345e+02   -2.5411742224e+01    1.0177268140e+01    7.4533621258e+00   -3.5088811077e+01    2.2237067273e+00    5.1200000000e+02    4.8066790527e-04    4.2539062500e-01
       128   -1.5243280865e+01    2.3325313535e+02   -2.5330580185e+01    1.0087299320e+01    7.4542607463e+00   -3.4888135219e+01    2.1032942876e+00    5.1200000000e+02    4.7572260010e-04    4.2773437500e-01
       129   -1.5331639580e+01    2.3595535170e+02   -2.5454749425e+01    1.0123109845e+01    7.3796107883e+00   -3.5059843139e+01    2.2254829257e+00    5.1200000000e+02    4.7520740967e-04    4.3554687500e-01
       130   -1.5286014086e+01    2.3472815073e+02   -2.5911919242e+01    1.0625905156e+01    7.4641783615e+00   -3.5486808102e+01    2.1107104990e+00    5.1200000000e+02    4.7658089111e-04    4.2851562500e-01
       131   -1.5293420606e+01    2.3497559831e+02   -2.5693021534e+01    1.0399600928e+01    7.3813387540e+00   -3.5284334744e+01    2.2099744558e+00    5.1200000000e+02    4.7864334473e-04    4.3945312500e-01
       132   -1.5319975223e+01    2.3565798354e+02   -2.5906478391e+01    1.0586503168e+01    7.4280528557e+00   -3.5475402404e+01    2.1408711569e+00    5.1200000000e+02    4.7805576416e-04    4.3945312500e-01
       133   -1.5289702383e+01    2.3469118548e+02   -2.5533689360e+01    1.0243986978e+01    7.5727092778e+00   -3.5448651563e+01    2.3422529252e+00    5.1200000000e+02    4.7921041992e-04    4.2695312500e-01
       134   -1.5316674531e+01    2.3603898284e+02   -2.5819006886e+01    1.0502332355e+01    7.5743373586e+00   -3.5796338843e+01    2.4029945990e+00    5.1200000000e+02    4.7704975830e-04    4.2070312500e-01
       135   -1.5308294171e+01    2.3531327866e+02   -2.5923454880e+01    1.0615160710e+01    7.5930648426e+00   -3.5749011168e+01    2.2324914452e+00    5.1200000000e+02    4.7749316650e-04    4.4531250000e-01
       136   -1.5252899957e+01    2.3361936559e+02   -2.5862548727e+01    1.0609648770e+01    7.6147209111e+00   -3.5725030763e+01    2.2477611251e+00    5.1200000000e+02    4.7478245361e-04    4.2812500000e-01
       137   -1.5273371794e+01    2.3413797360e+02   -2.6077590662e+01    1.0804218868e+01    7.5314411283e+00   -3.5553163174e+01    1.9441313837e+00    5.1200000000e+02    4.8049549561e-04    4.3398437500e-01
       138   -1.5302684132e+01    2.3506516808e+02   -2.5898416917e+01    1.0595732785e+01    7.4823647352e+00   -3.5360812753e+01    1.9800311014e+00    5.1200000000e+02    4.8075266357e-04    4.2148437500e-01
       139   -1.5249000064e+01    2.3353335862e+02   -2.6092266416e+01    1.0843266352e+01    7.5192850176e+00   -3.5682184306e+01    2.0706328722e+00    5.1200000000e+02    4.7972240479e-04    4.4140625000e-01
       140   -1.5337236212e+01    2.3630697105e+02   -2.6415924242e+01    1.1078688030e+01    7.5714451555e+00   -3.5952687626e+01    1.9653182287e+00    5.1200000000e+02    4.8070491699e-04    4.2460937500e-01
       141   -1.5272372460e+01    2.3428035448e+02   -2.6041699817e+01    1.0769327358e+01    7.6195655118e+00   -3.5804930795e+01    2.1436654664e+00    5.1200000000e+02    4.8290106201e-04    4.5078125000e-01
       142   -1.5299620620e+01    2.3509828622e+02   -2.6383617238e+01    1.1083996619e+01    7.5560370104e+00   -3.5917066484e+01    1.9774122357e+00    5.1200000000e+02    4.7894611084e-04    4.3984375000e-01
       143   -1.5309574167e+01    2.3540767863e+02   -2.6204579128e+01    1.0895004961e+01    7.5694014491e+00   -3.5559989672e+01    1.7860090948e+00    5.1200000000e+02    4.8086692383e-04    4.4101562500e-01
       144   -1.5311003254e+01    2.3551584397e+02   -2.5940343330e+01    1.0629340075e+01    7.4142891429e+00   -3.5272625116e+01    1.9179926440e+00    5.1200000000e+02    4.7826763916e-04    4.2382812500e-01
       145   -1.5310656354e+01    2.3549487548e+02   -2.5914652678e+01    1.0603996325e+01    7.4181575934e+00   -3.5093433394e+01    1.7606231223e+00    5.1200000000e+02    4.7959581299e-04    4.1757812500e-01
       146   -1.5332378798e+01    2.3615734079e+02   -2.5985693484e+01    1.0653314686e+01    7.5505763490e+00   -3.5619005979e+01    2.0827361457e+00    5.1200000000e+02    4.8161483887e-04    4.4375000000e-01
       147   -1.5308908168e+01    2.3546621489e+02   -2.6209621894e+01    1.0900713726e+01    7.5682481407e+00   -3.6017179972e+01    2.2393099374e+00    5.1200000000e+02    4.8308177979e-04    4.2226562500e-01
       148   -1.5318364079e+01    2.3572350364e+02   -2.6319445475e+01    1.1001081397e+01    7.5441271867e+00   -3.5988417647e+01    2.1248449852e+00    5.1200000000e+02    4.8019260498e-04    4.1445312500e-01
       149   -1.5281709218e+01    2.3446152394e+02   -2.6063320868e+01    1.0781611651e+01    7.5598068781e+00   -3.5588299482e+01    1.9651717356e+00    5.1200000000e+02    4.8570199463e-04    4.5351562500e-01
       150   -1.5257685141e+01    2.3377517283e+02   -2.6077947874e+01    1.0820262733e+01    7.5802010138e+00   -3.5767029493e+01    2.1088806053e+00    5.1200000000e+02    4.8192085205e-04    4.4335937500e-01
       151   -1.5313345986e+01    2.3530582258e+02   -2.6351817573e+01    1.1038471587e+01    7.5754878453e+00   -3.6041948205e+01    2.1146427865e+00    5.1200000000e+02    4.8610289795e-04    4.2968750000e-01
       152   -1.5313810529e+01    2.3532573623e+02   -2.6182159406e+01    1.0868348877e+01    7.5463868188e+00   -3.6150360496e+01    2.4218142710e+00    5.1200000000e+02    4.7747144043e-04    4.0742187500e-01
       153   -1.5272288063e+01    2.3424161820e+02   -2.5940752529e+01    1.0668464467e+01    7.6124034047e+00   -3.6076220820e+01    2.5230648866e+00    5.1200000000e+02    4.8835625977e-04    4.3828125000e-01
       154   -1.5292448268e+01    2.3475391843e+02   -2.6053799137e+01    1.0761350869e+01    7.5937302038e+00   -3.5984780911e+01    2.3372515708e+00    5.1200000000e+02    4.7816920654e-04    4.2851562500e-01
       155   -1.5262087329e+01    2.3376849464e+02   -2.5924802280e+01    1.0662714951e+01    7.6877860623e+00   -3.6002060209e+01    2.3894718672e+00    5.1200000000e+02    4.8025885254e-04    4.2070312500e-01
       156   -1.5274824266e+01    2.3435507646e+02   -2.6011858785e+01    1.0737034519e+01    7.7704981086e+00   -3.6353596197e+01    2.5712393027e+00    5.1200000000e+02    4.8079214844e-04    4.4375000000e-01
       157   -1.5253642356e+01    2.3369393665e+02   -2.6250912281e+01    1.0997269925e+01    7.6980361088e+00   -3.6591261607e+01    2.6423132170e+00    5.1200000000e+02    4.8274695557e-04    4.2109375000e-01
       158   -1.5288601262e+01    2.3468278119e+02   -2.6083234164e+01    1.0794632902e+01    7.6643875412e+00   -3.6134121872e+01    2.3865001669e+00    5.1200000000e+02    4.8114906982e-04    4.2343750000e-01
       159   -1.5244336475e+01    2.3326498101e+02   -2.6035153011e+01    1.0790816536e+01    7.5532172305e+00   -3.5844450851e+01    2.2560806093e+00    5.1200000000e+02    4.8305328125e-04    4.5156250000e-01
       160   -1.5290513393e+01    2.3467398261e+02   -2.5829134838e+01    1.0538621445e+01    7.4715232978e+00   -3.5407274158e+01    2.1066160226e+00    5.1200000000e+02    4.7877263428e-04    4.3164062500e-01
       161   -1.5273441737e+01    2.3434189549e+02   -2.6266600210e+01    1.0993158474e+01    7.6010853436e+00   -3.6020548178e+01    2.1528626245e+00    5.1200000000e+02    4.8198008301e-04    4.4453125000e-01
       162   -1.5207045559e+01    2.3232278240e+02   -2.5997618865e+01    1.0790573306e+01    7.6029689039e+00   -3.5654187219e+01    2.0535994503e+00    5.1200000000e+02    4.7815037109e-04    4.4414062500e-01
       163   -1.5238470272e+01    2.3323676261e+02   -2.5674281300e+01    1.0435811028e+01    7.5165961152e+00   -3.5376351048e+01    2.1854736327e+00    5.1200000000e+02    4.7622387695e-04    4.2773437500e-01
       164   -1.5267838382e+01    2.3408203344e+02   -2.6103773404e+01    1.0835935022e+01    7.5040139532e+00   -3.5922956301e+01    2.3151689438e+00    5.1200000000e+02    4.7678813477e-04    4.4960937500e-01
       165   -1.5283699439e+01    2.3458666147e+02   -2.5920047706e+01    1.0636348267e+01    7.4470683071e+00   -3.5454441613e+01    2.0873256000e+00    5.1200000000e+02    4.7562523682e-04    4.3906250000e-01
       166   -1.5304728516e+01    2.3511608971e+02   -2.5775895306e+01    1.0471166791e+01    7.4783704845e+00   -3.5445717887e+01    2.1914520957e+00    5.1200000000e+02    4.7762280762e-04    4.2109375000e-01
       167   -1.5341258197e+01    2.3618609728e+02   -2.5824533457e+01    1.0483275261e+01    7.5077252552e+00   -3.5520987975e+01    2.1887292621e+00    5.1200000000e+02    4.7718372559e-04    4.1796875000e-01
       168   -1.5302939215e+01    2.3506901054e+02   -2.5747916373e+01    1.0444977157e+01    7.4720436090e+00   -3.5567309029e+01    2.3473490469e+00    5.1200000000e+02    4.7567670654e-04    4.3359375000e-01
       169   -1.5322368230e+01    2.3560567259e+02   -2.5646468413e+01    1.0324100183e+01    7.4669931210e+00   -3.5519654148e+01    2.4061926142e+00    5.1200000000e+02    4.8315789307e-04    4.3632812500e-01
       170   -1.5352754382e+01    2.3664823599e+02   -2.5659833986e+01    1.0307079604e+01    7.4888186435e+00   -3.5357320307e+01    2.2086676775e+00    5.1200000000e+02    4.8486749512e-04    4.3476562500e-01
       171   -1.5271429607e+01    2.3425110602e+02   -2.5713717969e+01    1.0442288363e+01    7.5433063426e+00   -3.5753463986e+01    2.4964396742e+00    5.1200000000e+02    4.8430391113e-04    4.4023437500e-01
       172   -1.5262987886e+01    2.3415759850e+02   -2.5655734362e+01    1.0392746476e+01    7.5477189541e+00   -3.5572065266e+01    2.3686119499e+00    5.1200000000e+02    4.8083670166e-04    4.2304687500e-01
       173   -1.5308222549e+01    2.3533499875e+02   -2.6041144391e+01    1.0732921842e+01    7.5664715723e+00   -3.6051735144e+01    2.4441191808e+00    5.1200000000e+02    4.8257910156e-04    4.3945312500e-01
       174   -1.5217914584e+01    2.3265347695e+02   -2.5998996897e+01    1.0781082313e+01    7.6609260741e+00   -3.6139297096e+01    2.4793741256e+00    5.1200000000e+02    4.8473199707e-04    4.4921875000e-01
       175   -1.5194141361e+01    2.3185491973e+02   -2.5952544386e+01    1.0758403025e+01    7.7502787125e+00   -3.6144681016e+01    2.4418579173e+00    5.1200000000e+02    4.8498931396e-04    4.3906250000e-01
       176   -1.5209548877e+01    2.3231741799e+02   -2.6199969050e+01    1.0990420172e+01    7.7631845562e+00   -3.6304565638e+01    2.3414120317e+00    5.1200000000e+02    4.8466675049e-04    4.1875000000e-01
       177   -1.5192140126e+01    2.3184624582e+02   -2.5607503853e+01    1.0415363727e+01    7.7577033993e+00   -3.6272720011e+01    2.9075127592e+00    5.1200000000e+02    4.8730811035e-04    4.5156250000e-01
       178   -1.5175675653e+01    2.3139827064e+02   -2.5844872618e+01    1.0669196965e+01    7.6857927266e+00   -3.5882167122e+01    2.3515017775e+00    5.1200000000e+02    4.8105252686e-04    4.3046875000e-01
       179   -1.5246494383e+01    2.3352847077e+02   -2.6067525728e+01    1.0821031346e+01    7.5829749741e+00   -3.5854430282e+01    2.2039295792e+00    5.1200000000e+02    4.8961040772e-04    4.2773437500e-01
       180   -1.5272746894e+01    2.3445639128e+02   -2.6440527545e+01    1.1167780650e+01    7.6518153482e+00   -3.6113801895e+01    2.0214590022e+00    5.1200000000e+02    4.8354081299e-04    4.3476562500e-01
       181   -1.5238756977e+01    2.3323707773e+02   -2.6395367986e+01    1.1156611010e+01    7.6555329088e+00   -3.6398063481e+01    2.3471625864e+00    5.1200000000e+02    4.8577878418e-04    4.3515625000e-01
       182   -1.5213565004e+01    2.3264856976e+02   -2.6285538943e+01    1.1071973939e+01    7.6586291916e+00   -3.6216715828e+01    2.2725476937e+00    5.1200000000e+02    4.8061113281e-04    4.1875000000e-01
       183   -1.5313617891e+01    2.3571977929e+02   -2.6531393761e+01    1.1217775870e+01    7.6089282880e+00   -3.6121984759e+01    1.9816627106e+00    5.1200000000e+02    4.8105858887e-04    4.2851562500e-01
       184   -1.5383647498e+01    2.3775321093e+02   -2.6680434160e+01    1.1296786662e+01    7.6647486991e+00   -3.6350973940e+01    2.0057910811e+00    5.1200000000e+02    4.8213786621e-04    4.4375000000e-01
       185   -1.5298817814e+01    2.3506881825e+02   -2.6184962436e+01    1.0886144621e+01    7.6055882941e+00   -3.6015645148e+01    2.2250944186e+00    5.1200000000e+02    4.8078691162e-04    4.3710937500e-01
       186   -1.5272189591e+01    2.3430980056e+02   -2.6409055349e+01    1.1136865758e+01    7.6292747920e+00   -3.5976873050e+01    1.9385429083e+00    5.1200000000e+02    4.7937575195e-04    4.2148437500e-01
       187   -1.5259110946e+01    2.3402893613e+02   -2.6124482121e+01    1.0865371175e+01    7.6491776262e+00   -3.6028477646e+01    2.2548178980e+00    5.1200000000e+02    4.8167964111e-04    4.4335937500e-01
       188   -1.5327361981e+01    2.3619617439e+02   -2.6105709401e+01    1.0778347420e+01    7.6268879695e+00   -3.6162669173e+01    2.4300718032e+00    5.1200000000e+02    4.7435385986e-04    4.3593750000e-01
       189   -1.5331787915e+01    2.3630818155e+02   -2.6413252812e+01    1.1081464897e+01    7.5937549866e+00   -3.6322705771e+01    2.3156979730e+00    5.1200000000e+02    4.7714437500e-04    4.4296875000e-01
       190   -1.5376496395e+01    2.3761655583e+02   -2.6179369529e+01    1.0802873134e+01    7.5516653112e+00   -3.6142016590e+01    2.4109817499e+00    5.1200000000e+02    4.7612340576e-04    4.3320312500e-01
       191   -1.5352936664e+01    2.3663778812e+02   -2.6030377425e+01    1.0677440761e+01    7.5373747320e+00   -3.5754555199e+01    2.1868030414e+00    5.1200000000e+02    4.7757034668e-04    4.3632812500e-01
       192   -1.5401101035e+01    2.3820455940e+02   -2.5783392196e+01    1.0382291161e+01    7.5111038231e+00   -3.5619401587e+01    2.3249055671e+00    5.1200000000e+02    4.7982049561e-04    4.4648437500e-01
       193   -1.5351322756e+01    2.3670863796e+02   -2.5740713435e+01    1.0389390679e+01    7.5306035636e+00   -3.5564923533e+01    2.2936065352e+00    5.1200000000e+02    4.7839053467e-04    4.2851562500e-01
       194   -1.5295073483e+01    2.3513950440e+02   -2.6036394714e+01    1.0741321231e+01    7.5338880353e+00   -3.5710872563e+01    2.1405898133e+00    5.1200000000e+02    4.7644783936e-04    4.2890625000e-01
       195   -1.5326750928e+01    2.3600621453e+02   -2.6077649257e+01    1.0750898329e+01    7.5191753783e+00   -3.6051520139e+01    2.4546955038e+00    5.1200000000e+02    4.7751865723e-04    4.2968750000e-01
       196   -1.5314868518e+01    2.3567092874e+02   -2.6205996798e+01    1.0891128280e+01    7.5650182454e+00   -3.6080480840e+01    2.3094657968e+00    5.1200000000e+02    4.7526616455e-04    4.2695312500e-01
       197   -1.5315070598e+01    2.3567632149e+02   -2.6281790277e+01    1.0966719680e+01    7.5623899973e+00   -3.6027254920e+01    2.1830746456e+00    5.1200000000e+02    4.8114642578e-04    4.4335937500e-01
       198   -1.5277536052e+01    2.3453108453e+02   -2.5799126051e+01    1.0521589999e+01    7.4706161109e+00   -3.5339640919e+01    2.0698987570e+00    5.1200000000e+02    4.7433852783e-04    4.4570312500e-01
       199   -1.5258572375e+01    2.3409598104e+02   -2.5751350696e+01    1.0492778320e+01    7.5048675962e+00   -3.5119215423e+01    1.8629971307e+00    5.1200000000e+02    4.7316036377e-04    4.2851562500e-01
