#   index    LocalEnergy         LocalEnergy_sq      LocalPotential      Kinetic             ElecElec            LocalECP            NonLocalECP         BlockWeight         BlockCPU            AcceptRatio         
         0   -1.5339116488e+01    2.3630511123e+02   -2.6257281494e+01    1.0918165005e+01    7.4107790795e+00   -3.5599202993e+01    1.9311424195e+00    5.1200000000e+02    4.7481793701e-04    4.3242187500e-01
         1   -1.5351590335e+01    2.3641276145e+02   -2.5762213996e+01    1.0410623662e+01    7.3826115424e+00   -3.5177916644e+01    2.0330911047e+00    5.1200000000e+02    4.7677929688e-04    4.4570312500e-01
         2   -1.5295472480e+01    2.3471825012e+02   -2.6083455670e+01    1.0787983189e+01    7.4542869880e+00   -3.5220425408e+01    1.6826827498e+00    5.1200000000e+02    4.7763729980e-04    4.3046875000e-01
         3   -1.5339339425e+01    2.3622379349e+02   -2.5954870149e+01    1.0615530724e+01    7.4953446236e+00   -3.5291280852e+01    1.8410660794e+00    5.1200000000e+02    4.7918142822e-04    4.2968750000e-01
         4   -1.5331029883e+01    2.3587049379e+02   -2.5902086155e+01    1.0571056272e+01    7.5068420755e+00   -3.5256459000e+01    1.8475307697e+00    5.1200000000e+02    4.7855289307e-04    4.2382812500e-01
         5   -1.5328442107e+01    2.3569841100e+02   -2.5890900564e+01    1.0562458457e+01    7.5691501897e+00   -3.5443425569e+01    1.9833748157e+00    5.1200000000e+02    4.8466397217e-04    4.3710937500e-01
         6   -1.5340269824e+01    2.3637612512e+02   -2.6278711932e+01    1.0938442108e+01    7.6528553234e+00   -3.6040865821e+01    2.1092985647e+00    5.1200000000e+02    4.8541342773e-04    4.2265625000e-01
         7   -1.5367690381e+01    2.3701698238e+02   -2.6258874534e+01    1.0891184153e+01    7.6165268253e+00   -3.5968918524e+01    2.0935171640e+00    5.1200000000e+02    4.8746939697e-04    4.3398437500e-01
         8   -1.5350239930e+01    2.3654500472e+02   -2.6348473044e+01    1.0998233114e+01    7.5657340796e+00   -3.5998184954e+01    2.0839778301e+00    5.1200000000e+02    4.8368724121e-04    4.2382812500e-01
         9   -1.5293090135e+01    2.3467868028e+02   -2.6597516830e+01    1.1304426695e+01    7.5567646196e+00   -3.6063216674e+01    1.9089352248e+00    5.1200000000e+02    4.8415149414e-04    4.3125000000e-01
        10   -1.5297978986e+01    2.3488205969e+02   -2.6518492516e+01    1.1220513530e+01    7.5457245599e+00   -3.6038886488e+01    1.9746694119e+00    5.1200000000e+02    4.8357939209e-04    4.2617187500e-01
        11   -1.5302270062e+01    2.3511062675e+02   -2.6790602556e+01    1.1488332494e+01    7.4888929172e+00   -3.6263426622e+01    1.9839311493e+00    5.1200000000e+02    4.8303795410e-04    4.1796875000e-01
        12   -1.5365990789e+01    2.3704081847e+02   -2.6823919033e+01    1.1457928244e+01    7.3922171014e+00   -3.5726440912e+01    1.5103047780e+00    5.1200000000e+02    4.8079880371e-04    4.2539062500e-01
        13   -1.5278261137e+01    2.3416516420e+02   -2.6415758091e+01    1.1137496954e+01    7.5021633015e+00   -3.5973081762e+01    2.0551603701e+00    5.1200000000e+02    4.8512935303e-04    4.4609375000e-01
        14   -1.5325538849e+01    2.3578681849e+02   -2.6593043800e+01    1.1267504950e+01    7.5115629013e+00   -3.6122929781e+01    2.0183230806e+00    5.1200000000e+02    4.8082485352e-04    4.3750000000e-01
        15   -1.5356270880e+01    2.3689270454e+02   -2.5874562577e+01    1.0518291697e+01    7.4987948180e+00   -3.6014954268e+01    2.6415968728e+00    5.1200000000e+02    4.8550132813e-04    4.3984375000e-01
        16   -1.5398422070e+01    2.3794526002e+02   -2.6032351956e+01    1.0633929887e+01    7.4960261909e+00   -3.5717233878e+01    2.1888557304e+00    5.1200000000e+02    4.9039278076e-04    4.2695312500e-01
        17   -1.5423983389e+01    2.3858954342e+02   -2.5991035741e+01    1.0567052352e+01    7.3994108869e+00   -3.5530270771e+01    2.1398241433e+00    5.1200000000e+02    4.7937704102e-04    4.3593750000e-01
        18   -1.5380693590e+01    2.3726139700e+02   -2.5684607819e+01    1.0303914229e+01    7.3767559094e+00   -3.5022931125e+01    1.9615673966e+00    5.1200000000e+02    4.7608309814e-04    4.3906250000e-01
        19   -1.5388109859e+01    2.3759654492e+02   -2.5915801916e+01    1.0527692058e+01    7.4553057244e+00   -3.5514340667e+01    2.1432330264e+00    5.1200000000e+02    4.7886653320e-04    4.5546875000e-01
        20   -1.5304812172e+01    2.3500655362e+02   -2.5931281942e+01    1.0626469770e+01    7.4295314273e+00   -3.5509596444e+01    2.1487830752e+00    5.1200000000e+02    4.7753361572e-04    4.2968750000e-01
        21   -1.5319586308e+01    2.3544360049e+02   -2.6159110884e+01    1.0839524576e+01    7.4542387734e+00   -3.5440332013e+01    1.8269823559e+00    5.1200000000e+02    4.7752553955e-04    4.2382812500e-01
        22   -1.5309006184e+01    2.3519243251e+02   -2.5934412319e+01    1.0625406134e+01    7.4168982120e+00   -3.5469420620e+01    2.1181100891e+00    5.1200000000e+02    4.7853735107e-04    4.3554687500e-01
        23   -1.5313730122e+01    2.3529882044e+02   -2.5544265020e+01    1.0230534897e+01    7.3922545686e+00   -3.5345126536e+01    2.4086069479e+00    5.1200000000e+02    4.8007321533e-04    4.4843750000e-01
        24   -1.5297633094e+01    2.3479001033e+02   -2.5250961528e+01    9.9533284342e+00    7.4323977375e+00   -3.5339732721e+01    2.6563734551e+00    5.1200000000e+02    4.7609425293e-04    4.3125000000e-01
        25   -1.5348353774e+01    2.3635997753e+02   -2.5601767866e+01    1.0253414092e+01    7.3443172017e+00   -3.5103182604e+01    2.1570975364e+00    5.1200000000e+02    4.7711925537e-04    4.3125000000e-01
        26   -1.5388720019e+01    2.3778095914e+02   -2.6139088531e+01    1.0750368513e+01    7.4572257970e+00   -3.5686048432e+01    2.0897341041e+00    5.1200000000e+02    4.7869218506e-04    4.4179687500e-01
        27   -1.5382511822e+01    2.3732018068e+02   -2.5881004846e+01    1.0498493023e+01    7.4641221648e+00   -3.5646330399e+01    2.3012033885e+00    5.1200000000e+02    4.7998715576e-04    4.2500000000e-01
        28   -1.5429106911e+01    2.3877490773e+02   -2.5951044422e+01    1.0521937511e+01    7.4091697231e+00   -3.5456489337e+01    2.0962751923e+00    5.1200000000e+02    4.8282046143e-04    4.4257812500e-01
        29   -1.5367364410e+01    2.3688035964e+02   -2.5875888269e+01    1.0508523860e+01    7.5416472781e+00   -3.5717774008e+01    2.3002384607e+00    5.1200000000e+02    4.8490299805e-04    4.3398437500e-01
        30   -1.5336132690e+01    2.3591834499e+02   -2.6343771367e+01    1.1007638676e+01    7.5322797769e+00   -3.5830724684e+01    1.9546735402e+00    5.1200000000e+02    4.8062114014e-04    4.3359375000e-01
        31   -1.5309980070e+01    2.3520187562e+02   -2.6246050757e+01    1.0936070687e+01    7.4805192735e+00   -3.5905693281e+01    2.1791232499e+00    5.1200000000e+02    4.8043883789e-04    4.3320312500e-01
        32   -1.5412688163e+01    2.3850292084e+02   -2.6457345168e+01    1.1044657005e+01    7.5767435047e+00   -3.6677734771e+01    2.6436460984e+00    5.1200000000e+02    4.8298032959e-04    4.3515625000e-01
        33   -1.5451455966e+01    2.3970767084e+02   -2.6530161155e+01    1.1078705189e+01    7.6284249603e+00   -3.6592416697e+01    2.4338305815e+00    5.1200000000e+02    4.7959586182e-04    4.2070312500e-01
        34   -1.5369491122e+01    2.3711426057e+02   -2.6018467591e+01    1.0648976469e+01    7.4861143124e+00   -3.5760044374e+01    2.2554624700e+00    5.1200000000e+02    4.7914581787e-04    4.3398437500e-01
        35   -1.5379306902e+01    2.3743105646e+02   -2.6033857488e+01    1.0654550586e+01    7.4725939532e+00   -3.5653328171e+01    2.1468767299e+00    5.1200000000e+02    4.7781323975e-04    4.3281250000e-01
        36   -1.5356279804e+01    2.3676742264e+02   -2.6085690602e+01    1.0729410797e+01    7.4867329607e+00   -3.5836713057e+01    2.2642894943e+00    5.1200000000e+02    4.7269823730e-04    4.0820312500e-01
        37   -1.5364212984e+01    2.3701027163e+02   -2.6309093451e+01    1.0944880467e+01    7.4458604445e+00   -3.6011015229e+01    2.2560613333e+00    5.1200000000e+02    4.7855463379e-04    4.3203125000e-01
        38   -1.5382062132e+01    2.3748431821e+02   -2.6382164043e+01    1.1000101911e+01    7.4786399006e+00   -3.5719736069e+01    1.8589321258e+00    5.1200000000e+02    4.8053688477e-04    4.4218750000e-01
        39   -1.5364185568e+01    2.3682875614e+02   -2.6393922589e+01    1.1029737021e+01    7.5331443162e+00   -3.5792697157e+01    1.8656302517e+00    5.1200000000e+02    4.8187819824e-04    4.4414062500e-01
        40   -1.5357126412e+01    2.3676492626e+02   -2.5797553531e+01    1.0440427118e+01    7.5945013440e+00   -3.6047010916e+01    2.6549560419e+00    5.1200000000e+02    4.8129658203e-04    4.3867187500e-01
        41   -1.5352677754e+01    2.3653189826e+02   -2.6197652107e+01    1.0844974353e+01    7.6770613583e+00   -3.6243226441e+01    2.3685129754e+00    5.1200000000e+02    4.8238195801e-04    4.2929687500e-01
        42   -1.5410123678e+01    2.3828494888e+02   -2.6596044892e+01    1.1185921213e+01    7.6564742897e+00   -3.6369068791e+01    2.1165496095e+00    5.1200000000e+02    4.9495142334e-04    4.2343750000e-01
        43   -1.5343420198e+01    2.3626563564e+02   -2.6310476882e+01    1.0967056684e+01    7.6684191436e+00   -3.6356183754e+01    2.3772877277e+00    5.1200000000e+02    4.8888567383e-04    4.2421875000e-01
        44   -1.5362450609e+01    2.3675883312e+02   -2.6312177456e+01    1.0949726847e+01    7.6349685263e+00   -3.6293921783e+01    2.3467758003e+00    5.1200000000e+02    4.8564664551e-04    4.3789062500e-01
        45   -1.5414489290e+01    2.3834531995e+02   -2.6158768270e+01    1.0744278980e+01    7.5617313768e+00   -3.6294759648e+01    2.5742600008e+00    5.1200000000e+02    4.8869181152e-04    4.4101562500e-01
        46   -1.5398537272e+01    2.3801852012e+02   -2.6007729513e+01    1.0609192241e+01    7.5135509254e+00   -3.5723783726e+01    2.2025032873e+00    5.1200000000e+02    4.8454161377e-04    4.3632812500e-01
        47   -1.5344733528e+01    2.3644139418e+02   -2.6121745198e+01    1.0777011671e+01    7.5198301975e+00   -3.5966694796e+01    2.3251193997e+00    5.1200000000e+02    4.8304532715e-04    4.1953125000e-01
        48   -1.5331541143e+01    2.3590925898e+02   -2.6036305009e+01    1.0704763866e+01    7.4571479891e+00   -3.5307633632e+01    1.8141806346e+00    5.1200000000e+02    4.8035453369e-04    4.3281250000e-01
        49   -1.5366647325e+01    2.3688265536e+02   -2.5980903933e+01    1.0614256608e+01    7.4658528239e+00   -3.5570510537e+01    2.1237537804e+00    5.1200000000e+02    4.7838119873e-04    4.1406250000e-01
        50   -1.5366067227e+01    2.3693888017e+02   -2.6223840681e+01    1.0857773453e+01    7.5083700188e+00   -3.5525919510e+01    1.7937088103e+00    5.1200000000e+02    4.7912752197e-04    4.1640625000e-01
        51   -1.5374211055e+01    2.3737571971e+02   -2.6437065318e+01    1.1062854263e+01    7.4929629318e+00   -3.5848196017e+01    1.9181677671e+00    5.1200000000e+02    4.8050771973e-04    4.2773437500e-01
        52   -1.5327035993e+01    2.3563080790e+02   -2.5939203853e+01    1.0612167860e+01    7.3904821499e+00   -3.5189053106e+01    1.8593671027e+00    5.1200000000e+02    4.7963817383e-04    4.3242187500e-01
        53   -1.5294220330e+01    2.3474548714e+02   -2.5608538455e+01    1.0314318124e+01    7.4294031421e+00   -3.5340725200e+01    2.3027836033e+00    5.1200000000e+02    4.8140414063e-04    4.4453125000e-01
        54   -1.5290738601e+01    2.3444323085e+02   -2.5577826755e+01    1.0287088154e+01    7.3237088765e+00   -3.5161968268e+01    2.2604326370e+00    5.1200000000e+02    4.7770110596e-04    4.3710937500e-01
        55   -1.5306260457e+01    2.3502272971e+02   -2.5989970067e+01    1.0683709609e+01    7.3782660159e+00   -3.5414795321e+01    2.0465592385e+00    5.1200000000e+02    4.7736426270e-04    4.2773437500e-01
        56   -1.5362385299e+01    2.3665991252e+02   -2.5323104115e+01    9.9607188166e+00    7.3338351564e+00   -3.4728560457e+01    2.0716211852e+00    5.1200000000e+02    4.7646853760e-04    4.3437500000e-01
        57   -1.5369040630e+01    2.3689234435e+02   -2.5245785423e+01    9.8767447922e+00    7.3678572352e+00   -3.4510192029e+01    1.8965493711e+00    5.1200000000e+02    4.7790258301e-04    4.3867187500e-01
        58   -1.5386897463e+01    2.3758097108e+02   -2.5715271983e+01    1.0328374520e+01    7.3573327895e+00   -3.4801081279e+01    1.7284765060e+00    5.1200000000e+02    4.7562993164e-04    4.1835937500e-01
        59   -1.5343028498e+01    2.3608777909e+02   -2.5683560240e+01    1.0340531742e+01    7.3852918563e+00   -3.4768860231e+01    1.7000081344e+00    5.1200000000e+02    4.8150822266e-04    4.3632812500e-01
        60   -1.5349255053e+01    2.3643686762e+02   -2.6399965628e+01    1.1050710575e+01    7.4111779397e+00   -3.5637903145e+01    1.8267595773e+00    5.1200000000e+02    4.7939720459e-04    4.4453125000e-01
        61   -1.5327112858e+01    2.3579365348e+02   -2.6223730799e+01    1.0896617940e+01    7.5017145049e+00   -3.5673858589e+01    1.9484132851e+00    5.1200000000e+02    4.8187449219e-04    4.3789062500e-01
        62   -1.5283400316e+01    2.3434097199e+02   -2.5858072132e+01    1.0574671816e+01    7.5084662931e+00   -3.5409939176e+01    2.0434007503e+00    5.1200000000e+02    4.8017565674e-04    4.3632812500e-01
        63   -1.5248647514e+01    2.3331342401e+02   -2.6013479928e+01    1.0764832414e+01    7.5921972525e+00   -3.5528262033e+01    1.9225848529e+00    5.1200000000e+02    4.8275399658e-04    4.4414062500e-01
        64   -1.5262343820e+01    2.3377407127e+02   -2.6124129808e+01    1.0861785989e+01    7.4955142746e+00   -3.5325109786e+01    1.7054657032e+00    5.1200000000e+02    4.7996122070e-04    4.4453125000e-01
        65   -1.5321053830e+01    2.3555092919e+02   -2.5882331417e+01    1.0561277587e+01    7.6382639330e+00   -3.5749657725e+01    2.2290623750e+00    5.1200000000e+02    4.8121795166e-04    4.4296875000e-01
        66   -1.5285009364e+01    2.3427318098e+02   -2.6054221343e+01    1.0769211979e+01    7.4243978080e+00   -3.5599425101e+01    2.1208059501e+00    5.1200000000e+02    4.7718547363e-04    4.3359375000e-01
        67   -1.5320942457e+01    2.3547646139e+02   -2.6185479948e+01    1.0864537491e+01    7.4409366922e+00   -3.5825171364e+01    2.1987547236e+00    5.1200000000e+02    4.7759799805e-04    4.3242187500e-01
        68   -1.5362525215e+01    2.3690839060e+02   -2.6308544857e+01    1.0946019643e+01    7.4619785394e+00   -3.5920580386e+01    2.1500569889e+00    5.1200000000e+02    4.8645689941e-04    4.3828125000e-01
        69   -1.5389941988e+01    2.3755608613e+02   -2.5941086596e+01    1.0551144609e+01    7.4313823758e+00   -3.5792378852e+01    2.4199098801e+00    5.1200000000e+02    4.8171020996e-04    4.3984375000e-01
        70   -1.5356672470e+01    2.3657107302e+02   -2.5816429284e+01    1.0459756814e+01    7.3357047592e+00   -3.5517683911e+01    2.3655498675e+00    5.1200000000e+02    4.7779584473e-04    4.2773437500e-01
        71   -1.5352033886e+01    2.3640727735e+02   -2.5411253602e+01    1.0059219716e+01    7.2556321059e+00   -3.5003804121e+01    2.3369184126e+00    5.1200000000e+02    4.7739956299e-04    4.4101562500e-01
        72   -1.5354473727e+01    2.3651868177e+02   -2.5472642101e+01    1.0118168374e+01    7.3060214218e+00   -3.5097371109e+01    2.3187075865e+00    5.1200000000e+02    4.7215448975e-04    4.3398437500e-01
        73   -1.5372650737e+01    2.3717280910e+02   -2.5257464110e+01    9.8848133735e+00    7.3665972184e+00   -3.5067979868e+01    2.4439185390e+00    5.1200000000e+02    4.7100829590e-04    4.2890625000e-01
        74   -1.5411904363e+01    2.3935477578e+02   -2.4836211398e+01    9.4243070343e+00    7.3100988959e+00   -3.4858711834e+01    2.7124015405e+00    5.1200000000e+02    4.7170231445e-04    4.4804687500e-01
        75   -1.5382388393e+01    2.3742175106e+02   -2.5240902844e+01    9.8585144505e+00    7.4200511843e+00   -3.5100985894e+01    2.4400318659e+00    5.1200000000e+02    4.7502493164e-04    4.4960937500e-01
        76   -1.5351557767e+01    2.3647495195e+02   -2.5434810820e+01    1.0083253053e+01    7.5097396692e+00   -3.5072022396e+01    2.1274719067e+00    5.1200000000e+02    4.7735717529e-04    4.3632812500e-01
        77   -1.5372370814e+01    2.3705305381e+02   -2.5921082383e+01    1.0548711569e+01    7.4182583782e+00   -3.5380846688e+01    2.0415059272e+00    5.1200000000e+02    4.7858346680e-04    4.2851562500e-01
        78   -1.5348015170e+01    2.3628641284e+02   -2.5678194116e+01    1.0330178945e+01    7.3870804423e+00   -3.5371357113e+01    2.3060825551e+00    5.1200000000e+02    4.7681161133e-04    4.3242187500e-01
        79   -1.5342786543e+01    2.3637609779e+02   -2.5395376811e+01    1.0052590268e+01    7.3676122697e+00   -3.5149413122e+01    2.3864240418e+00    5.1200000000e+02    4.8134655518e-04    4.4179687500e-01
        80   -1.5353788538e+01    2.3679279492e+02   -2.5784950137e+01    1.0431161599e+01    7.3952063388e+00   -3.5314942059e+01    2.1347855836e+00    5.1200000000e+02    4.7947592285e-04    4.5429687500e-01
        81   -1.5378201579e+01    2.3735142417e+02   -2.5830652480e+01    1.0452450901e+01    7.3903400449e+00   -3.5561731749e+01    2.3407392247e+00    5.1200000000e+02    4.7637608154e-04    4.2304687500e-01
        82   -1.5334290667e+01    2.3598344122e+02   -2.5625311554e+01    1.0291020887e+01    7.4197903255e+00   -3.5311098471e+01    2.2659965910e+00    5.1200000000e+02    4.7160740723e-04    4.2539062500e-01
        83   -1.5360168980e+01    2.3688344310e+02   -2.5343099656e+01    9.9829306766e+00    7.3319494101e+00   -3.5079596480e+01    2.4045474141e+00    5.1200000000e+02    4.7341587402e-04    4.3906250000e-01
        84   -1.5337847682e+01    2.3609118971e+02   -2.5569727089e+01    1.0231879406e+01    7.3920082552e+00   -3.5043662886e+01    2.0819275420e+00    5.1200000000e+02    4.7332890137e-04    4.3554687500e-01
        85   -1.5281541085e+01    2.3598934492e+02   -2.5136221061e+01    9.8546799762e+00    7.3526888293e+00   -3.4952662128e+01    2.4637522375e+00    5.1200000000e+02    4.7060919434e-04    4.4140625000e-01
        86   -1.5328989186e+01    2.3578924690e+02   -2.5267651276e+01    9.9386620900e+00    7.3847092633e+00   -3.4757277054e+01    2.1049165152e+00    5.1200000000e+02    4.7306426758e-04    4.3242187500e-01
        87   -1.5338404475e+01    2.3615470765e+02   -2.5275472271e+01    9.9370677960e+00    7.3291070258e+00   -3.4847877113e+01    2.2432978162e+00    5.1200000000e+02    4.7539660889e-04    4.1835937500e-01
        88   -1.5284430639e+01    2.3433334662e+02   -2.5219911888e+01    9.9354812486e+00    7.3303562615e+00   -3.4657781217e+01    2.1075130675e+00    5.1200000000e+02    4.7766648926e-04    4.5351562500e-01
        89   -1.5282680600e+01    2.3434329925e+02   -2.5528496137e+01    1.0245815537e+01    7.3818526825e+00   -3.4801008244e+01    1.8906594247e+00    5.1200000000e+02    4.7538678711e-04    4.3789062500e-01
        90   -1.5319126685e+01    2.3546591253e+02   -2.5707873510e+01    1.0388746825e+01    7.3412341973e+00   -3.5008441568e+01    1.9593338606e+00    5.1200000000e+02    4.7840383789e-04    4.4062500000e-01
        91   -1.5292608259e+01    2.3469147048e+02   -2.5433422603e+01    1.0140814344e+01    7.3299103145e+00   -3.4920545129e+01    2.1572122115e+00    5.1200000000e+02    5.4565259033e-04    4.2187500000e-01
        92   -1.5298408496e+01    2.3478803292e+02   -2.5434639149e+01    1.0136230653e+01    7.3796983131e+00   -3.4772521233e+01    1.9581837713e+00    5.1200000000e+02    4.9366183350e-04    4.1953125000e-01
        93   -1.5335209119e+01    2.3598410837e+02   -2.5818914893e+01    1.0483705774e+01    7.4085481680e+00   -3.5083782524e+01    1.8563194637e+00    5.1200000000e+02    4.9240105225e-04    4.3906250000e-01
        94   -1.5331024562e+01    2.3601679053e+02   -2.5863688363e+01    1.0532663801e+01    7.4064978517e+00   -3.5321420945e+01    2.0512347300e+00    5.1200000000e+02    4.9926113525e-04    4.3750000000e-01
        95   -1.5276869149e+01    2.3433525398e+02   -2.6177912347e+01    1.0901043198e+01    7.5359364352e+00   -3.5477778832e+01    1.7639300499e+00    5.1200000000e+02    4.9042934082e-04    4.5039062500e-01
        96   -1.5237914181e+01    2.3316072654e+02   -2.5981085467e+01    1.0743171285e+01    7.4447377963e+00   -3.5431276988e+01    2.0054537253e+00    5.1200000000e+02    4.8304437988e-04    4.3632812500e-01
        97   -1.5252965718e+01    2.3370553913e+02   -2.6677329374e+01    1.1424363656e+01    7.4738652223e+00   -3.5800557206e+01    1.6493626098e+00    5.1200000000e+02    4.8663108154e-04    4.5195312500e-01
        98   -1.5266839003e+01    2.3401381905e+02   -2.6250602052e+01    1.0983763048e+01    7.5074047920e+00   -3.5802158936e+01    2.0441520929e+00    5.1200000000e+02    4.8176826660e-04    4.4101562500e-01
        99   -1.5372754060e+01    2.3716362752e+02   -2.6127270397e+01    1.0754516337e+01    7.3114871050e+00   -3.5578036086e+01    2.1392785845e+00    5.1200000000e+02    4.8271386475e-04    4.3750000000e-01
       100   -1.5313717053e+01    2.3531622292e+02   -2.6054623706e+01    1.0740906654e+01    7.4533596992e+00   -3.5600444071e+01    2.0924606660e+00    5.1200000000e+02    4.8149189697e-04    4.3945312500e-01
       101   -1.5262863346e+01    2.3374417028e+02   -2.6193717036e+01    1.0930853691e+01    7.5158508603e+00   -3.5630183068e+01    1.9206151720e+00    5.1200000000e+02    4.8320718750e-04    4.4531250000e-01
       102   -1.5319454117e+01    2.3564320069e+02   -2.6252777417e+01    1.0933323300e+01    7.4344723375e+00   -3.5614179703e+01    1.9269299490e+00    5.1200000000e+02    4.8288696045e-04    4.3359375000e-01
       103   -1.5330717890e+01    2.3573309554e+02   -2.5826839646e+01    1.0496121756e+01    7.3981024827e+00   -3.5210615791e+01    1.9856736621e+00    5.1200000000e+02    4.8670274902e-04    4.3398437500e-01
       104   -1.5311504838e+01    2.3521208804e+02   -2.5702402168e+01    1.0390897330e+01    7.3306606482e+00   -3.4887006129e+01    1.8539433133e+00    5.1200000000e+02    4.8206889648e-04    4.4101562500e-01
       105   -1.5291036746e+01    2.3457459411e+02   -2.5843401151e+01    1.0552364406e+01    7.3444396850e+00   -3.5120957777e+01    1.9331169406e+00    5.1200000000e+02    4.8113731201e-04    4.3632812500e-01
       106   -1.5280566989e+01    2.3442389337e+02   -2.6017201300e+01    1.0736634312e+01    7.4720836961e+00   -3.5489885549e+01    2.0006005525e+00    5.1200000000e+02    4.8071836914e-04    4.3554687500e-01
       107   -1.5266813009e+01    2.3389326856e+02   -2.5825574248e+01    1.0558761239e+01    7.4519931595e+00   -3.5517742452e+01    2.2401750444e+00    5.1200000000e+02    4.8165142822e-04    4.3007812500e-01
       108   -1.5238549500e+01    2.3319245470e+02   -2.5915933025e+01    1.0677383525e+01    7.4798933368e+00   -3.5486557991e+01    2.0907316292e+00    5.1200000000e+02    4.8092073975e-04    4.4296875000e-01
       109   -1.5276212641e+01    2.3410124263e+02   -2.5771983557e+01    1.0495770916e+01    7.4079385771e+00   -3.5103166586e+01    1.9232444517e+00    5.1200000000e+02    4.8019802979e-04    4.0351562500e-01
       110   -1.5274162067e+01    2.3403269518e+02   -2.5640902194e+01    1.0366740127e+01    7.4581379469e+00   -3.5234838905e+01    2.1357987637e+00    5.1200000000e+02    4.8397962891e-04    4.4257812500e-01
       111   -1.5314984182e+01    2.3529808189e+02   -2.5922685742e+01    1.0607701560e+01    7.3841000710e+00   -3.5282616562e+01    1.9758307490e+00    5.1200000000e+02    4.8251930176e-04    4.5664062500e-01
       112   -1.5353779398e+01    2.3651878101e+02   -2.5954727122e+01    1.0600947725e+01    7.5048481063e+00   -3.5831246233e+01    2.3716710039e+00    5.1200000000e+02    4.8026257812e-04    4.3984375000e-01
       113   -1.5343029444e+01    2.3624622153e+02   -2.6029894396e+01    1.0686864952e+01    7.4029410525e+00   -3.5386877643e+01    1.9540421943e+00    5.1200000000e+02    4.7893936523e-04    4.3515625000e-01
       114   -1.5357852495e+01    2.3673805633e+02   -2.5890901707e+01    1.0533049212e+01    7.4012591627e+00   -3.5439795453e+01    2.1476345834e+00    5.1200000000e+02    4.7547992432e-04    4.3593750000e-01
       115   -1.5333981627e+01    2.3587058421e+02   -2.5758440907e+01    1.0424459279e+01    7.4170298485e+00   -3.5222911467e+01    2.0474407119e+00    5.1200000000e+02    4.8145459229e-04    4.6289062500e-01
       116   -1.5297212766e+01    2.3475831571e+02   -2.5727015417e+01    1.0429802651e+01    7.3928490082e+00   -3.5681531131e+01    2.5616667061e+00    5.1200000000e+02    4.7845120605e-04    4.3125000000e-01
       117   -1.5321521819e+01    2.3547689451e+02   -2.5648740491e+01    1.0327218672e+01    7.3940880242e+00   -3.5279637518e+01    2.2368090034e+00    5.1200000000e+02    4.8297386963e-04    4.4570312500e-01
       118   -1.5326198205e+01    2.3550185465e+02   -2.5715036810e+01    1.0388838605e+01    7.3419414910e+00   -3.4957426089e+01    1.9004477884e+00    5.1200000000e+02    4.8059840332e-04    4.3750000000e-01
       119   -1.5319390457e+01    2.3543759694e+02   -2.5734832261e+01    1.0415441804e+01    7.3323501194e+00   -3.4912860393e+01    1.8456780125e+00    5.1200000000e+02    4.7943186523e-04    4.0742187500e-01
       120   -1.5322530436e+01    2.3560418266e+02   -2.5611477722e+01    1.0288947286e+01    7.3442461404e+00   -3.5217903649e+01    2.2621797872e+00    5.1200000000e+02    4.8620344238e-04    4.4453125000e-01
       121   -1.5300631007e+01    2.3487477201e+02   -2.5391720151e+01    1.0091089145e+01    7.3513054315e+00   -3.4782907520e+01    2.0398819366e+00    5.1200000000e+02    4.8019050293e-04    4.3906250000e-01
       122   -1.5300988464e+01    2.3483068321e+02   -2.5491589058e+01    1.0190600595e+01    7.3169649894e+00   -3.4697366127e+01    1.8888120791e+00    5.1200000000e+02    4.7993438965e-04    4.1953125000e-01
       123   -1.5361792691e+01    2.3704841058e+02   -2.5719884137e+01    1.0358091446e+01    7.3527169067e+00   -3.4944304633e+01    1.8717035886e+00    5.1200000000e+02    4.8170705811e-04    4.5117187500e-01
       124   -1.5330088144e+01    2.3576548301e+02   -2.6013980113e+01    1.0683891969e+01    7.4189491284e+00   -3.5524633910e+01    2.0917046684e+00    5.1200000000e+02    4.8140851074e-04    4.3320312500e-01
       125   -1.5279250500e+01    2.3420959820e+02   -2.5932588318e+01    1.0653337817e+01    7.5067788289e+00   -3.5832206782e+01    2.3928396353e+00    5.1200000000e+02    4.8517255615e-04    4.3515625000e-01
       126   -1.5306297512e+01    2.3522558502e+02   -2.5865063842e+01    1.0558766331e+01    7.6358034148e+00   -3.6063595575e+01    2.5627283179e+00    5.1200000000e+02    4.8434759521e-04    4.3320312500e-01
       127   -1.5317967805e+01    2.3542373119e+02   -2.6137178101e+01    1.0819210296e+01    7.5638454327e+00   -3.5880003501e+01    2.1789799671e+00    5.1200000000e+02    4.8617057861e-04    4.2851562500e-01
       128   -1.5313520991e+01    2.3533933171e+02   -2.6026373116e+01    1.0712852125e+01    7.6179052459e+00   -3.6191109865e+01    2.5468315031e+00    5.1200000000e+02    4.8610259766e-04    4.4023437500e-01
       129   -1.5323397324e+01    2.3552690138e+02   -2.5695016239e+01    1.0371618914e+01    7.5421640432e+00   -3.5549622692e+01    2.3124424099e+00    5.1200000000e+02    4.8496376465e-04    4.1093750000e-01
       130   -1.5283968106e+01    2.3440033225e+02   -2.5918939625e+01    1.0634971519e+01    7.6720792006e+00   -3.5896046810e+01    2.3050279848e+00    5.1200000000e+02    4.8365221680e-04    4.1367187500e-01
       131   -1.5331376918e+01    2.3574333428e+02   -2.5840973530e+01    1.0509596612e+01    7.6576605379e+00   -3.5842973231e+01    2.3443391632e+00    5.1200000000e+02    4.8686175049e-04    4.3085937500e-01
       132   -1.5368672161e+01    2.3697438353e+02   -2.5966393685e+01    1.0597721524e+01    7.6465836528e+00   -3.6126592550e+01    2.5136152127e+00    5.1200000000e+02    4.8228545898e-04    4.3476562500e-01
       133   -1.5336723791e+01    2.3595147987e+02   -2.6046608175e+01    1.0709884385e+01    7.6161041861e+00   -3.6052747134e+01    2.3900347726e+00    5.1200000000e+02    4.8898699219e-04    4.4531250000e-01
       134   -1.5378240624e+01    2.3730339522e+02   -2.5987087354e+01    1.0608846729e+01    7.5450369466e+00   -3.5957003011e+01    2.4248787105e+00    5.1200000000e+02    4.8815838623e-04    4.4648437500e-01
       135   -1.5374243565e+01    2.3712395144e+02   -2.6101841707e+01    1.0727598142e+01    7.4796251982e+00   -3.5789304455e+01    2.2078375499e+00    5.1200000000e+02    4.9034749756e-04    4.3554687500e-01
       136   -1.5309031892e+01    2.3570942075e+02   -2.5627492319e+01    1.0318460427e+01    7.4887561394e+00   -3.5458419072e+01    2.3421706134e+00    5.1200000000e+02    4.8504678223e-04    4.2851562500e-01
       137   -1.5332815884e+01    2.3597651178e+02   -2.5906518476e+01    1.0573702593e+01    7.4888134937e+00   -3.5303167818e+01    1.9078358482e+00    5.1200000000e+02    4.8845874268e-04    4.4921875000e-01
       138   -1.5250724568e+01    2.3339390010e+02   -2.5911138517e+01    1.0660413950e+01    7.5133799682e+00   -3.5540478733e+01    2.1159602481e+00    5.1200000000e+02    4.8169330566e-04    4.2539062500e-01
       139   -1.5279670025e+01    2.3448866806e+02   -2.6003200693e+01    1.0723530668e+01    7.5338511729e+00   -3.5603574569e+01    2.0665227035e+00    5.1200000000e+02    4.8611187744e-04    4.4257812500e-01
       140   -1.5367238713e+01    2.3686151875e+02   -2.5905965681e+01    1.0538726968e+01    7.4237972635e+00   -3.5589064408e+01    2.2593014638e+00    5.1200000000e+02    4.8299689941e-04    4.5000000000e-01
       141   -1.5311268589e+01    2.3506388567e+02   -2.6048177313e+01    1.0736908724e+01    7.4449370172e+00   -3.5386028539e+01    1.8929142097e+00    5.1200000000e+02    4.8454515381e-04    4.3789062500e-01
       142   -1.5291724387e+01    2.3456578098e+02   -2.5911834237e+01    1.0620109849e+01    7.4552337725e+00   -3.5459546095e+01    2.0924780855e+00    5.1200000000e+02    4.8018396240e-04    4.2539062500e-01
       143   -1.5322042367e+01    2.3594471383e+02   -2.5973128460e+01    1.0651086093e+01    7.4186861296e+00   -3.5242417526e+01    1.8506029366e+00    5.1200000000e+02    4.8291634766e-04    4.5234375000e-01
       144   -1.5295770366e+01    2.3475554539e+02   -2.5652974304e+01    1.0357203938e+01    7.5025935229e+00   -3.5214525538e+01    2.0589577111e+00    5.1200000000e+02    4.8105366455e-04    4.3554687500e-01
       145   -1.5323975165e+01    2.3560556860e+02   -2.5683171554e+01    1.0359196389e+01    7.4251245309e+00   -3.5582208693e+01    2.4739126079e+00    5.1200000000e+02    4.7939462891e-04    4.3359375000e-01
       146   -1.5298871999e+01    2.3478064473e+02   -2.5587806406e+01    1.0288934407e+01    7.4051103445e+00   -3.5278713234e+01    2.2857964837e+00    5.1200000000e+02    4.8986408691e-04    4.4453125000e-01
       147   -1.5324558379e+01    2.3560197495e+02   -2.5771347831e+01    1.0446789452e+01    7.4049355173e+00   -3.5272952902e+01    2.0966695533e+00    5.1200000000e+02    4.8380292969e-04    4.3359375000e-01
       148   -1.5344272399e+01    2.3636611972e+02   -2.6158707327e+01    1.0814434927e+01    7.4337713534e+00   -3.5636124840e+01    2.0436461598e+00    5.1200000000e+02    4.8432914551e-04    4.3359375000e-01
       149   -1.5381565561e+01    2.3755925967e+02   -2.5982347896e+01    1.0600782336e+01    7.3873894637e+00   -3.5242648304e+01    1.8729109443e+00    5.1200000000e+02    4.8297482422e-04    4.2968750000e-01
       150   -1.5364822440e+01    2.3720178063e+02   -2.6046595550e+01    1.0681773110e+01    7.3915390269e+00   -3.5312343908e+01    1.8742093316e+00    5.1200000000e+02    4.7766109619e-04    4.3710937500e-01
       151   -1.5358554219e+01    2.3667338930e+02   -2.5715238166e+01    1.0356683947e+01    7.3625534737e+00   -3.5550562383e+01    2.4727707437e+00    5.1200000000e+02    4.7985082520e-04    4.3085937500e-01
       152   -1.5321540056e+01    2.3554507170e+02   -2.5652123441e+01    1.0330583385e+01    7.4456631925e+00   -3.5255586642e+01    2.1578000089e+00    5.1200000000e+02    4.7823819092e-04    4.3984375000e-01
       153   -1.5257999827e+01    2.3354855277e+02   -2.5758968988e+01    1.0500969161e+01    7.3808461251e+00   -3.5134802465e+01    1.9949873516e+00    5.1200000000e+02    4.8195095459e-04    4.4492187500e-01
       154   -1.5284530430e+01    2.3436391320e+02   -2.5957395092e+01    1.0672864662e+01    7.4203165113e+00   -3.5268154858e+01    1.8904432543e+00    5.1200000000e+02    4.7686951416e-04    4.4062500000e-01
       155   -1.5304523188e+01    2.3495675428e+02   -2.6213682881e+01    1.0909159693e+01    7.4812368622e+00   -3.5588583353e+01    1.8936636097e+00    5.1200000000e+02    4.8061220459e-04    4.2812500000e-01
       156   -1.5242380284e+01    2.3306725988e+02   -2.5906530002e+01    1.0664149718e+01    7.4271430893e+00   -3.5325030046e+01    1.9913569551e+00    5.1200000000e+02    4.7659904053e-04    4.2968750000e-01
       157   -1.5341619162e+01    2.3613188341e+02   -2.5917643216e+01    1.0576024054e+01    7.3913280007e+00   -3.5219553810e+01    1.9105825934e+00    5.1200000000e+02    4.7662796387e-04    4.3164062500e-01
       158   -1.5310065204e+01    2.3540257254e+02   -2.5745686049e+01    1.0435620845e+01    7.4054050596e+00   -3.5206785007e+01    2.0556938979e+00    5.1200000000e+02    4.7661832031e-04    4.3007812500e-01
       159   -1.5291137717e+01    2.3475070513e+02   -2.5809914409e+01    1.0518776692e+01    7.3483478662e+00   -3.5001621070e+01    1.8433587949e+00    5.1200000000e+02    4.7660179932e-04    4.3710937500e-01
       160   -1.5306375073e+01    2.3537590449e+02   -2.6072892551e+01    1.0766517478e+01    7.3670355320e+00   -3.5332985264e+01    1.8930571809e+00    5.1200000000e+02    4.7862523926e-04    4.1875000000e-01
       161   -1.5356800546e+01    2.3686723573e+02   -2.6336913657e+01    1.0980113111e+01    7.3666488383e+00   -3.5339247498e+01    1.6356850030e+00    5.1200000000e+02    4.8085106934e-04    4.3007812500e-01
       162   -1.5337961316e+01    2.3624097580e+02   -2.5655095545e+01    1.0317134230e+01    7.4485368545e+00   -3.5330775864e+01    2.2271434641e+00    5.1200000000e+02    4.7881792480e-04    4.3476562500e-01
       163   -1.5311190435e+01    2.3528832420e+02   -2.5888906014e+01    1.0577715580e+01    7.4616719849e+00   -3.5460146668e+01    2.1095686688e+00    5.1200000000e+02    4.7829989746e-04    4.4218750000e-01
       164   -1.5286067863e+01    2.3444350497e+02   -2.5846247905e+01    1.0560180042e+01    7.4255114941e+00   -3.5379799335e+01    2.1080399359e+00    5.1200000000e+02    4.7466855225e-04    4.4804687500e-01
       165   -1.5347528587e+01    2.3630063765e+02   -2.5952992624e+01    1.0605464037e+01    7.3850712915e+00   -3.5547113853e+01    2.2090499379e+00    5.1200000000e+02    4.7447903076e-04    4.2382812500e-01
       166   -1.5325651309e+01    2.3558878259e+02   -2.5914902998e+01    1.0589251690e+01    7.3771032400e+00   -3.5611226543e+01    2.3192203043e+00    5.1200000000e+02    4.7834151611e-04    4.2812500000e-01
       167   -1.5318913144e+01    2.3536917604e+02   -2.6112276948e+01    1.0793363804e+01    7.4962443368e+00   -3.5986623002e+01    2.3781017173e+00    5.1200000000e+02    4.7739909668e-04    4.1718750000e-01
       168   -1.5327777779e+01    2.3565979287e+02   -2.6233846208e+01    1.0906068430e+01    7.4302027713e+00   -3.5927901404e+01    2.2638524241e+00    5.1200000000e+02    4.7693531494e-04    4.4609375000e-01
       169   -1.5348419964e+01    2.3662370593e+02   -2.6159025941e+01    1.0810605978e+01    7.4404615856e+00   -3.5825576016e+01    2.2260884890e+00    5.1200000000e+02    4.7938802979e-04    4.5156250000e-01
       170   -1.5307586889e+01    2.3517045758e+02   -2.6168113495e+01    1.0860526606e+01    7.4991943122e+00   -3.5748501445e+01    2.0811936381e+00    5.1200000000e+02    4.7555977051e-04    4.1679687500e-01
       171   -1.5291221187e+01    2.3469018553e+02   -2.5961411493e+01    1.0670190306e+01    7.4881915638e+00   -3.5425145231e+01    1.9755421738e+00    5.1200000000e+02    4.7540455078e-04    4.3164062500e-01
       172   -1.5388944208e+01    2.3805684563e+02   -2.6533089978e+01    1.1144145770e+01    7.4235891015e+00   -3.5572506322e+01    1.6158272423e+00    5.1200000000e+02    4.8219518555e-04    4.4375000000e-01
       173   -1.5316115859e+01    2.3532540158e+02   -2.5723415655e+01    1.0407299796e+01    7.4055814552e+00   -3.4782058813e+01    1.6530617031e+00    5.1200000000e+02    4.7437041504e-04    4.4414062500e-01
       174   -1.5383862609e+01    2.3746787946e+02   -2.5848598469e+01    1.0464735860e+01    7.3486491407e+00   -3.4779532886e+01    1.5822852760e+00    5.1200000000e+02    4.7483669678e-04    4.4414062500e-01
       175   -1.5298425842e+01    2.3481216659e+02   -2.5670797964e+01    1.0372372122e+01    7.3886632883e+00   -3.4720992547e+01    1.6615312948e+00    5.1200000000e+02    4.7838951416e-04    4.3867187500e-01
       176   -1.5267082477e+01    2.3394969707e+02   -2.6166009046e+01    1.0898926568e+01    7.4989162496e+00   -3.5555229174e+01    1.8903038785e+00    5.1200000000e+02    4.7570889404e-04    4.3281250000e-01
       177   -1.5289880658e+01    2.3448999189e+02   -2.5737637831e+01    1.0447757172e+01    7.4321344998e+00   -3.4994471858e+01    1.8246995271e+00    5.1200000000e+02    4.7676079590e-04    4.3203125000e-01
       178   -1.5302837425e+01    2.3493418656e+02   -2.5632842859e+01    1.0330005434e+01    7.3678198217e+00   -3.4683455573e+01    1.6827928920e+00    5.1200000000e+02    4.8079999268e-04    4.4414062500e-01
       179   -1.5289104407e+01    2.3448846965e+02   -2.5491536572e+01    1.0202432164e+01    7.3414772035e+00   -3.4643593751e+01    1.8105799755e+00    5.1200000000e+02    4.7708435059e-04    4.4062500000e-01
       180   -1.5288203641e+01    2.3443681727e+02   -2.5599548162e+01    1.0311344521e+01    7.3538224579e+00   -3.4483832741e+01    1.5304621210e+00    5.1200000000e+02    4.7402741455e-04    4.1835937500e-01
       181   -1.5288950745e+01    2.3448991959e+02   -2.5441250236e+01    1.0152299491e+01    7.3293866240e+00   -3.4671850513e+01    1.9012136529e+00    5.1200000000e+02    4.7628154053e-04    4.3984375000e-01
       182   -1.5294656225e+01    2.3467958530e+02   -2.5505452549e+01    1.0210796323e+01    7.3430501569e+00   -3.5151048731e+01    2.3025460260e+00    5.1200000000e+02    4.7269594971e-04    4.2578125000e-01
       183   -1.5287726733e+01    2.3442918165e+02   -2.5509608756e+01    1.0221882023e+01    7.2412206686e+00   -3.4877795560e+01    2.1269661363e+00    5.1200000000e+02    4.7330145264e-04    4.2187500000e-01
       184   -1.5274126732e+01    2.3416957596e+02   -2.5811340219e+01    1.0537213487e+01    7.3471848894e+00   -3.4899886400e+01    1.7413612915e+00    5.1200000000e+02    4.7890161621e-04    4.4687500000e-01
       185   -1.5330585831e+01    2.3579141614e+02   -2.5949957485e+01    1.0619371654e+01    7.4092678436e+00   -3.5256527113e+01    1.8973017842e+00    5.1200000000e+02    4.8098762939e-04    4.4570312500e-01
       186   -1.5283196451e+01    2.3422180558e+02   -2.5709146320e+01    1.0425949869e+01    7.4059755300e+00   -3.4984705132e+01    1.8695832816e+00    5.1200000000e+02    4.7746672363e-04    4.4023437500e-01
       187   -1.5335560620e+01    2.3577092134e+02   -2.5683144304e+01    1.0347583683e+01    7.3843755606e+00   -3.5316371476e+01    2.2488516118e+00    5.1200000000e+02    4.7594843506e-04    4.2421875000e-01
       188   -1.5367347093e+01    2.3717567399e+02   -2.6214991892e+01    1.0847644799e+01    7.4409858036e+00   -3.5858319901e+01    2.2023422058e+00    5.1200000000e+02    4.7835267822e-04    4.3398437500e-01
       189   -1.5373651083e+01    2.3735402636e+02   -2.6185036152e+01    1.0811385069e+01    7.5063974892e+00   -3.6231578535e+01    2.5401448944e+00    5.1200000000e+02    4.8193999756e-04    4.6757812500e-01
       190   -1.5329986667e+01    2.3581884854e+02   -2.6012920613e+01    1.0682933946e+01    7.4513225463e+00   -3.5868486196e+01    2.4042430365e+00    5.1200000000e+02    4.7945424805e-04    4.3671875000e-01
       191   -1.5333603580e+01    2.3601504455e+02   -2.5807041845e+01    1.0473438265e+01    7.3965906313e+00   -3.5423722928e+01    2.2200904522e+00    5.1200000000e+02    4.7766368896e-04    4.2109375000e-01
       192   -1.5325471807e+01    2.3570767852e+02   -2.6103879023e+01    1.0778407215e+01    7.4016902101e+00   -3.5655548326e+01    2.1499790934e+00    5.1200000000e+02    4.7929057373e-04    4.3359375000e-01
       193   -1.5316803016e+01    2.3534095391e+02   -2.6379765433e+01    1.1062962417e+01    7.4353364715e+00   -3.5797322677e+01    1.9822207720e+00    5.1200000000e+02    4.8401903076e-04    4.4179687500e-01
       194   -1.5300967027e+01    2.3485874032e+02   -2.5909606249e+01    1.0608639221e+01    7.4996035105e+00   -3.5659553048e+01    2.2503432883e+00    5.1200000000e+02    4.7963497314e-04    4.4882812500e-01
       195   -1.5327347961e+01    2.3561200232e+02   -2.5600611888e+01    1.0273263928e+01    7.3909939961e+00   -3.4850554390e+01    1.8589485052e+00    5.1200000000e+02    4.7949906494e-04    4.4765625000e-01
       196   -1.5271704393e+01    2.3397554254e+02   -2.5828038571e+01    1.0556334178e+01    7.3489278078e+00   -3.4747623425e+01    1.5706570461e+00    5.1200000000e+02    4.8007541504e-04    4.5664062500e-01
       197   -1.5277383339e+01    2.3404885024e+02   -2.5554468873e+01    1.0277085533e+01    7.3564880388e+00   -3.4840172623e+01    1.9292157118e+00    5.1200000000e+02    4.8151161133e-04    4.3984375000e-01
       198   -1.5245241666e+01    2.3309000957e+02   -2.5396997387e+01    1.0151755722e+01    7.3708051308e+00   -3.4551321699e+01    1.7835191807e+00    5.1200000000e+02    4.8870107666e-04    4.3710937500e-01
       199   -1.5282326442e+01    2.3432645300e+02   -2.5477994224e+01    1.0195667782e+01    7.3588496195e+00   -3.4759703398e+01    1.9228595544e+00    5.1200000000e+02    4.7498027100e-04    4.2578125000e-01
