#   index    LocalEnergy         LocalEnergy_sq      LocalPotential      Kinetic             ElecElec            LocalECP            NonLocalECP         BlockWeight         BlockCPU            AcceptRatio         
         0   -1.5338514888e+01    2.3589800586e+02   -2.5820481169e+01    1.0481966281e+01    7.4037381585e+00   -3.5529909369e+01    2.3056900413e+00    5.1200000000e+02    4.7258097900e-04    4.3046875000e-01
         1   -1.5300800418e+01    2.3474240685e+02   -2.5809475760e+01    1.0508675343e+01    7.4207015811e+00   -3.5445715720e+01    2.2155383787e+00    5.1200000000e+02    4.7913727539e-04    4.1523437500e-01
         2   -1.5314328005e+01    2.3514228124e+02   -2.5705407048e+01    1.0391079043e+01    7.3858093067e+00   -3.5752754968e+01    2.6615386128e+00    5.1200000000e+02    4.8004658447e-04    4.3984375000e-01
         3   -1.5359019715e+01    2.3664343579e+02   -2.6033245399e+01    1.0674225684e+01    7.3891390559e+00   -3.5810966821e+01    2.3885823654e+00    5.1200000000e+02    4.8072464844e-04    4.1484375000e-01
         4   -1.5327269776e+01    2.3556476272e+02   -2.6143418980e+01    1.0816149204e+01    7.3835659023e+00   -3.5211587874e+01    1.6846029915e+00    5.1200000000e+02    4.7888728027e-04    4.3085937500e-01
         5   -1.5289515374e+01    2.3435679055e+02   -2.6092926626e+01    1.0803411252e+01    7.4662052074e+00   -3.5516561674e+01    1.9574298411e+00    5.1200000000e+02    4.8254152344e-04    4.4218750000e-01
         6   -1.5312202210e+01    2.3491927977e+02   -2.5759889388e+01    1.0447687178e+01    7.3721807498e+00   -3.4801437578e+01    1.6693674403e+00    5.1200000000e+02    4.7895624023e-04    4.2265625000e-01
         7   -1.5317642705e+01    2.3510017246e+02   -2.5901786355e+01    1.0584143650e+01    7.3210694886e+00   -3.4961947367e+01    1.7390915236e+00    5.1200000000e+02    4.7876705322e-04    4.3242187500e-01
         8   -1.5341811315e+01    2.3599206709e+02   -2.5761992989e+01    1.0420181675e+01    7.4058074801e+00   -3.5043600508e+01    1.8758000388e+00    5.1200000000e+02    4.8202662109e-04    4.4960937500e-01
         9   -1.5394784857e+01    2.3761830343e+02   -2.5688392525e+01    1.0293607667e+01    7.5842979669e+00   -3.5736430485e+01    2.4637399941e+00    5.1200000000e+02    4.9036091309e-04    4.3164062500e-01
        10   -1.5369163273e+01    2.3685324386e+02   -2.5970957245e+01    1.0601793972e+01    7.5247681405e+00   -3.5927426382e+01    2.4317009970e+00    5.1200000000e+02    4.7816614990e-04    4.2695312500e-01
        11   -1.5346603539e+01    2.3629254013e+02   -2.6086260559e+01    1.0739657020e+01    7.5902728005e+00   -3.5960457603e+01    2.2839242442e+00    5.1200000000e+02    4.8420471191e-04    4.1171875000e-01
        12   -1.5406594510e+01    2.3813172018e+02   -2.6080456808e+01    1.0673862298e+01    7.4651594465e+00   -3.5440376034e+01    1.8947597795e+00    5.1200000000e+02    4.8410016113e-04    4.3125000000e-01
        13   -1.5415418620e+01    2.3829878298e+02   -2.6181390877e+01    1.0765972257e+01    7.5463726760e+00   -3.6313432215e+01    2.5856686623e+00    5.1200000000e+02    4.8309518555e-04    4.2578125000e-01
        14   -1.5390383717e+01    2.3734871684e+02   -2.5633240766e+01    1.0242857050e+01    7.4475575144e+00   -3.5607960908e+01    2.5271626277e+00    5.1200000000e+02    4.7905477295e-04    4.2187500000e-01
        15   -1.5384562509e+01    2.3724576586e+02   -2.5691496314e+01    1.0306933804e+01    7.3742089341e+00   -3.5386383877e+01    2.3206786293e+00    5.1200000000e+02    4.8178328613e-04    4.3476562500e-01
        16   -1.5397036610e+01    2.3772857966e+02   -2.5712545233e+01    1.0315508624e+01    7.3017366631e+00   -3.5544265250e+01    2.5299833538e+00    5.1200000000e+02    4.8018783691e-04    4.3984375000e-01
        17   -1.5342552744e+01    2.3610969504e+02   -2.6047100237e+01    1.0704547493e+01    7.4173580875e+00   -3.5931183395e+01    2.4667250701e+00    5.1200000000e+02    4.8429959717e-04    4.4023437500e-01
        18   -1.5363476045e+01    2.3679745487e+02   -2.6187881026e+01    1.0824404981e+01    7.5305910969e+00   -3.5957803096e+01    2.2393309732e+00    5.1200000000e+02    4.8363439697e-04    4.3398437500e-01
        19   -1.5345777358e+01    2.3619947270e+02   -2.6305382771e+01    1.0959605413e+01    7.5816710353e+00   -3.6064749024e+01    2.1776952180e+00    5.1200000000e+02    4.8619137695e-04    4.2539062500e-01
        20   -1.5348964457e+01    2.3634488233e+02   -2.6127364817e+01    1.0778400360e+01    7.4788227528e+00   -3.5805361570e+01    2.1991739992e+00    5.1200000000e+02    4.8450207520e-04    4.1914062500e-01
        21   -1.5378814613e+01    2.3718036603e+02   -2.6336383580e+01    1.0957568967e+01    7.4888177617e+00   -3.5890912091e+01    2.0657107493e+00    5.1200000000e+02    4.8722268555e-04    4.1718750000e-01
        22   -1.5404367687e+01    2.3799925435e+02   -2.6596166204e+01    1.1191798518e+01    7.4233122550e+00   -3.6258988118e+01    2.2395096588e+00    5.1200000000e+02    4.8426263428e-04    4.2773437500e-01
        23   -1.5365879119e+01    2.3680762416e+02   -2.6470782528e+01    1.1104903409e+01    7.4600779335e+00   -3.5997401596e+01    2.0665411342e+00    5.1200000000e+02    4.8262727783e-04    4.1054687500e-01
        24   -1.5397049815e+01    2.3764995115e+02   -2.6002852930e+01    1.0605803115e+01    7.4506093148e+00   -3.5783807694e+01    2.3303454490e+00    5.1200000000e+02    4.8171663330e-04    4.2656250000e-01
        25   -1.5390955768e+01    2.3747081506e+02   -2.5894847016e+01    1.0503891248e+01    7.4484664457e+00   -3.5552910126e+01    2.2095966645e+00    5.1200000000e+02    4.8080381592e-04    4.1875000000e-01
        26   -1.5350330191e+01    2.3622447916e+02   -2.6034023053e+01    1.0683692862e+01    7.3967746610e+00   -3.5830023040e+01    2.3992253262e+00    5.1200000000e+02    4.7884224854e-04    4.3242187500e-01
        27   -1.5396295561e+01    2.3766661190e+02   -2.5961867512e+01    1.0565571951e+01    7.4259788842e+00   -3.5806304303e+01    2.4184579063e+00    5.1200000000e+02    4.8169030518e-04    4.3984375000e-01
        28   -1.5359846981e+01    2.3656130847e+02   -2.5839007730e+01    1.0479160750e+01    7.3557606964e+00   -3.5464210227e+01    2.2694417998e+00    5.1200000000e+02    4.7781307373e-04    4.4882812500e-01
        29   -1.5309419366e+01    2.3499071656e+02   -2.5771413331e+01    1.0461993964e+01    7.4778839069e+00   -3.5439071138e+01    2.1897739003e+00    5.1200000000e+02    4.7838832764e-04    4.2851562500e-01
        30   -1.5403424034e+01    2.3792523698e+02   -2.5904537837e+01    1.0501113803e+01    7.5666000189e+00   -3.6297152138e+01    2.8260142821e+00    5.1200000000e+02    4.7970231201e-04    4.3242187500e-01
        31   -1.5355125273e+01    2.3646802120e+02   -2.5855764912e+01    1.0500639639e+01    7.4336362979e+00   -3.5715746438e+01    2.4263452281e+00    5.1200000000e+02    4.8169527832e-04    4.2343750000e-01
        32   -1.5383526358e+01    2.3736984640e+02   -2.6082950447e+01    1.0699424090e+01    7.4570058411e+00   -3.5950724679e+01    2.4107683906e+00    5.1200000000e+02    4.7871018066e-04    4.2929687500e-01
        33   -1.5357431358e+01    2.3654746613e+02   -2.6290198942e+01    1.0932767584e+01    7.4331718376e+00   -3.6165875843e+01    2.4425050633e+00    5.1200000000e+02    4.7645280762e-04    4.2656250000e-01
        34   -1.5395963357e+01    2.3788718902e+02   -2.6289268073e+01    1.0893304716e+01    7.4531760197e+00   -3.6208421942e+01    2.4659778497e+00    5.1200000000e+02    4.7920821289e-04    4.3515625000e-01
        35   -1.5334660062e+01    2.3585520850e+02   -2.6470573046e+01    1.1135912984e+01    7.3272668238e+00   -3.5421186189e+01    1.6233463197e+00    5.1200000000e+02    4.8519170166e-04    4.1484375000e-01
        36   -1.5306928269e+01    2.3504592644e+02   -2.5802744958e+01    1.0495816689e+01    7.3278109480e+00   -3.4937712905e+01    1.8071569991e+00    5.1200000000e+02    4.7573836914e-04    4.3203125000e-01
        37   -1.5284053889e+01    2.3438673660e+02   -2.6068249162e+01    1.0784195273e+01    7.3303140876e+00   -3.4958465172e+01    1.5599019221e+00    5.1200000000e+02    4.7952370117e-04    4.5507812500e-01
        38   -1.5346658657e+01    2.3621400677e+02   -2.5840999116e+01    1.0494340459e+01    7.2862058934e+00   -3.5090502686e+01    1.9632976766e+00    5.1200000000e+02    4.7563825195e-04    4.2851562500e-01
        39   -1.5314152752e+01    2.3519235159e+02   -2.5958080531e+01    1.0643927779e+01    7.3353253292e+00   -3.5452466428e+01    2.1590605678e+00    5.1200000000e+02    4.8105829102e-04    4.3671875000e-01
        40   -1.5298179160e+01    2.3472319212e+02   -2.5874130088e+01    1.0575950928e+01    7.4547901314e+00   -3.5102564879e+01    1.7736446598e+00    5.1200000000e+02    4.8102669678e-04    4.2656250000e-01
        41   -1.5388151094e+01    2.3753072663e+02   -2.6075616820e+01    1.0687465726e+01    7.5027844643e+00   -3.5345464628e+01    1.7670633433e+00    5.1200000000e+02    4.8102590088e-04    4.2148437500e-01
        42   -1.5376246556e+01    2.3712208286e+02   -2.6185840747e+01    1.0809594192e+01    7.4689612810e+00   -3.5469672863e+01    1.8148708352e+00    5.1200000000e+02    4.8454837402e-04    4.1953125000e-01
        43   -1.5331670959e+01    2.3594125351e+02   -2.6002826146e+01    1.0671155187e+01    7.5179156940e+00   -3.5741408687e+01    2.2206668472e+00    5.1200000000e+02    4.8648369385e-04    4.2734375000e-01
        44   -1.5375273309e+01    2.3706552458e+02   -2.5968244976e+01    1.0592971667e+01    7.3822908105e+00   -3.5395778486e+01    2.0452426998e+00    5.1200000000e+02    4.8109270264e-04    4.3007812500e-01
        45   -1.5356781165e+01    2.3651102601e+02   -2.6186016686e+01    1.0829235522e+01    7.4291046157e+00   -3.5783825087e+01    2.1687037853e+00    5.1200000000e+02    4.7786329346e-04    4.0625000000e-01
        46   -1.5369238181e+01    2.3675316638e+02   -2.6019309115e+01    1.0650070935e+01    7.4033046994e+00   -3.5540476698e+01    2.1178628836e+00    5.1200000000e+02    4.8182609619e-04    4.2695312500e-01
        47   -1.5364844126e+01    2.3665371430e+02   -2.5897174773e+01    1.0532330646e+01    7.5074991964e+00   -3.5474953108e+01    2.0702791391e+00    5.1200000000e+02    4.8666458984e-04    4.2031250000e-01
        48   -1.5373288454e+01    2.3688824125e+02   -2.5791067190e+01    1.0417778736e+01    7.4951373470e+00   -3.5532305358e+01    2.2461008210e+00    5.1200000000e+02    4.8263152588e-04    4.2695312500e-01
        49   -1.5299128479e+01    2.3477715462e+02   -2.5516375978e+01    1.0217247499e+01    7.4699116116e+00   -3.5494606856e+01    2.5083192671e+00    5.1200000000e+02    4.9009472168e-04    4.4765625000e-01
        50   -1.5338210227e+01    2.3599095124e+02   -2.5904771338e+01    1.0566561112e+01    7.5232299991e+00   -3.5611516649e+01    2.1835153114e+00    5.1200000000e+02    4.8668179688e-04    4.3906250000e-01
        51   -1.5349979825e+01    2.3623675909e+02   -2.5917950226e+01    1.0567970401e+01    7.4403669036e+00   -3.5357746745e+01    1.9994296154e+00    5.1200000000e+02    4.8670466064e-04    4.1445312500e-01
        52   -1.5379020681e+01    2.3713747853e+02   -2.5776200600e+01    1.0397179920e+01    7.3859771696e+00   -3.5287308434e+01    2.1251306640e+00    5.1200000000e+02    4.8538768311e-04    4.2851562500e-01
        53   -1.5372075590e+01    2.3709249765e+02   -2.6125085794e+01    1.0753010204e+01    7.4528042713e+00   -3.5910610405e+01    2.3327203393e+00    5.1200000000e+02    4.8302129883e-04    4.1953125000e-01
        54   -1.5360025232e+01    2.3654044440e+02   -2.5777455214e+01    1.0417429982e+01    7.3631800864e+00   -3.5272617504e+01    2.1319822039e+00    5.1200000000e+02    4.7878562988e-04    4.2187500000e-01
        55   -1.5359479988e+01    2.3648641031e+02   -2.5822770193e+01    1.0463290206e+01    7.3758750674e+00   -3.5275427767e+01    2.0767825063e+00    5.1200000000e+02    4.8216867676e-04    4.1679687500e-01
        56   -1.5327625082e+01    2.3558872199e+02   -2.5662405351e+01    1.0334780269e+01    7.3187026556e+00   -3.5028437392e+01    2.0473293850e+00    5.1200000000e+02    4.7737041016e-04    4.2304687500e-01
        57   -1.5342870825e+01    2.3610383713e+02   -2.5599326094e+01    1.0256455270e+01    7.4017835161e+00   -3.4994067999e+01    1.9929583884e+00    5.1200000000e+02    4.7893341064e-04    4.2851562500e-01
        58   -1.5336507993e+01    2.3579248280e+02   -2.5780213325e+01    1.0443705333e+01    7.3272599067e+00   -3.5314415442e+01    2.2069422100e+00    5.1200000000e+02    4.7722009766e-04    4.3203125000e-01
        59   -1.5347873838e+01    2.3614506832e+02   -2.5564669505e+01    1.0216795666e+01    7.2844987866e+00   -3.5001893058e+01    2.1527247670e+00    5.1200000000e+02    4.7778682617e-04    4.1835937500e-01
        60   -1.5378432144e+01    2.3724870407e+02   -2.5798646858e+01    1.0420214714e+01    7.3555302934e+00   -3.5159069918e+01    2.0048927665e+00    5.1200000000e+02    4.7761614990e-04    4.3085937500e-01
        61   -1.5375799410e+01    2.3711817505e+02   -2.5806544637e+01    1.0430745226e+01    7.4113677156e+00   -3.5240730353e+01    2.0228180011e+00    5.1200000000e+02    4.8404011963e-04    4.0429687500e-01
        62   -1.5351834322e+01    2.3626481413e+02   -2.5862585078e+01    1.0510750756e+01    7.4813340498e+00   -3.5599587213e+01    2.2556680855e+00    5.1200000000e+02    4.8064510010e-04    4.2265625000e-01
        63   -1.5411556206e+01    2.4126294131e+02   -2.6878512926e+01    1.1466956720e+01    7.5468344182e+00   -3.5516391297e+01    1.0910439522e+00    5.1200000000e+02    4.8090449707e-04    4.1250000000e-01
        64   -1.5311559777e+01    2.3519050429e+02   -2.6500524354e+01    1.1188964577e+01    7.4998485016e+00   -3.6077078002e+01    2.0767051462e+00    5.1200000000e+02    4.8024686279e-04    4.1523437500e-01
        65   -1.5297984685e+01    2.3479571068e+02   -2.6252717393e+01    1.0954732708e+01    7.5384816268e+00   -3.5724606403e+01    1.9334073841e+00    5.1200000000e+02    4.8116272949e-04    4.1015625000e-01
        66   -1.5303578280e+01    2.3484537137e+02   -2.6047969863e+01    1.0744391583e+01    7.5340473324e+00   -3.5607180696e+01    2.0251634999e+00    5.1200000000e+02    4.8236119873e-04    4.3632812500e-01
        67   -1.5339082578e+01    2.3615692504e+02   -2.6139063379e+01    1.0799980801e+01    7.5498779951e+00   -3.5595431007e+01    1.9064896335e+00    5.1200000000e+02    4.8311020020e-04    4.1953125000e-01
        68   -1.5355296365e+01    2.3653905436e+02   -2.6044549827e+01    1.0689253462e+01    7.5651560527e+00   -3.5777117818e+01    2.1674119387e+00    5.1200000000e+02    4.8291424072e-04    4.1015625000e-01
        69   -1.5325769891e+01    2.3546550248e+02   -2.6310141009e+01    1.0984371117e+01    7.5389127999e+00   -3.6226269517e+01    2.3772157080e+00    5.1200000000e+02    4.8448153076e-04    4.1679687500e-01
        70   -1.5339152322e+01    2.3584041309e+02   -2.6183619426e+01    1.0844467104e+01    7.5046569482e+00   -3.5880908686e+01    2.1926323119e+00    5.1200000000e+02    4.8232427490e-04    4.2929687500e-01
        71   -1.5364976105e+01    2.3670780515e+02   -2.6232843842e+01    1.0867867737e+01    7.3978718465e+00   -3.5876541623e+01    2.2458259340e+00    5.1200000000e+02    4.7946124023e-04    4.3242187500e-01
        72   -1.5376205854e+01    2.3701371661e+02   -2.6222487678e+01    1.0846281825e+01    7.3810413193e+00   -3.5838990986e+01    2.2354619884e+00    5.1200000000e+02    4.7810496582e-04    4.1718750000e-01
        73   -1.5374000901e+01    2.3694507382e+02   -2.6250815697e+01    1.0876814796e+01    7.3767532341e+00   -3.5704090711e+01    2.0765217806e+00    5.1200000000e+02    4.8003781982e-04    4.1640625000e-01
        74   -1.5407629757e+01    2.3801055185e+02   -2.6245535507e+01    1.0837905749e+01    7.4794008981e+00   -3.5883824528e+01    2.1588881236e+00    5.1200000000e+02    4.8191508545e-04    4.2578125000e-01
        75   -1.5428029300e+01    2.3864845018e+02   -2.6490176747e+01    1.1062147447e+01    7.5297684580e+00   -3.6275713376e+01    2.2557681715e+00    5.1200000000e+02    4.8356919678e-04    4.3320312500e-01
        76   -1.5365765287e+01    2.3672871996e+02   -2.6192460325e+01    1.0826695038e+01    7.5649691840e+00   -3.5856300770e+01    2.0988712607e+00    5.1200000000e+02    4.8646171631e-04    4.3281250000e-01
        77   -1.5385318788e+01    2.3731706699e+02   -2.6459829264e+01    1.1074510476e+01    7.5604500048e+00   -3.6303356250e+01    2.2830769817e+00    5.1200000000e+02    4.8812858643e-04    4.4101562500e-01
        78   -1.5373335228e+01    2.3714909385e+02   -2.6808789607e+01    1.1435454379e+01    7.5553469005e+00   -3.6607450684e+01    2.2433141766e+00    5.1200000000e+02    4.8639123535e-04    4.2617187500e-01
        79   -1.5347147921e+01    2.3635264913e+02   -2.5861707771e+01    1.0514559850e+01    7.5459806270e+00   -3.5711619099e+01    2.3039307006e+00    5.1200000000e+02    4.8068061768e-04    4.2421875000e-01
        80   -1.5329050984e+01    2.3570487044e+02   -2.5785643172e+01    1.0456592188e+01    7.3455914556e+00   -3.5112778284e+01    1.9815436569e+00    5.1200000000e+02    4.7887249268e-04    4.3164062500e-01
        81   -1.5355938642e+01    2.3649171408e+02   -2.5665928380e+01    1.0309989737e+01    7.3305071665e+00   -3.4775164812e+01    1.7787292664e+00    5.1200000000e+02    4.7573304199e-04    4.1601562500e-01
        82   -1.5318358171e+01    2.3536533899e+02   -2.5593918628e+01    1.0275560457e+01    7.3398052339e+00   -3.4629545786e+01    1.6958219245e+00    5.1200000000e+02    4.7720286377e-04    4.2226562500e-01
        83   -1.5278923301e+01    2.3412606630e+02   -2.5721892608e+01    1.0442969307e+01    7.3651055415e+00   -3.5065902960e+01    1.9789048106e+00    5.1200000000e+02    4.7508800537e-04    4.1210937500e-01
        84   -1.5343473751e+01    2.3613188475e+02   -2.5744727802e+01    1.0401254051e+01    7.4484913151e+00   -3.5629705514e+01    2.4364863969e+00    5.1200000000e+02    4.7624675537e-04    4.2734375000e-01
        85   -1.5369094137e+01    2.3692134231e+02   -2.5828861725e+01    1.0459767587e+01    7.3686084652e+00   -3.5483158391e+01    2.2856882007e+00    5.1200000000e+02    4.7438685303e-04    4.2773437500e-01
        86   -1.5374788323e+01    2.3699301702e+02   -2.5775760882e+01    1.0400972559e+01    7.4458836556e+00   -3.5593650429e+01    2.3720058917e+00    5.1200000000e+02    4.7354501709e-04    4.2265625000e-01
        87   -1.5295072403e+01    2.3457444330e+02   -2.6067351517e+01    1.0772279114e+01    7.3560379579e+00   -3.5307583604e+01    1.8841941285e+00    5.1200000000e+02    4.8356567627e-04    4.2773437500e-01
        88   -1.5313331166e+01    2.3507187067e+02   -2.6067294564e+01    1.0753963399e+01    7.3068875237e+00   -3.5055098680e+01    1.6809165922e+00    5.1200000000e+02    4.7663139648e-04    4.4648437500e-01
        89   -1.5361324592e+01    2.3658169759e+02   -2.5770078848e+01    1.0408754256e+01    7.3085604531e+00   -3.5048604357e+01    1.9699650558e+00    5.1200000000e+02    4.7303587158e-04    4.2539062500e-01
        90   -1.5327503497e+01    2.3548515036e+02   -2.5785612328e+01    1.0458108832e+01    7.3351082251e+00   -3.5426965328e+01    2.3062447746e+00    5.1200000000e+02    4.7046133789e-04    4.1210937500e-01
        91   -1.5359377876e+01    2.3654745180e+02   -2.5784482427e+01    1.0425104551e+01    7.3040173538e+00   -3.5251872579e+01    2.1633727984e+00    5.1200000000e+02    4.7444418701e-04    4.3007812500e-01
        92   -1.5399309436e+01    2.3778687022e+02   -2.6014937112e+01    1.0615627676e+01    7.2690881728e+00   -3.5452357440e+01    2.1683321556e+00    5.1200000000e+02    4.7534182617e-04    4.4023437500e-01
        93   -1.5368274208e+01    2.3686958351e+02   -2.6285981512e+01    1.0917707304e+01    7.3618631011e+00   -3.5705872919e+01    2.0580283064e+00    5.1200000000e+02    4.7588868164e-04    4.3281250000e-01
        94   -1.5396194975e+01    2.3774071693e+02   -2.6416953242e+01    1.1020758267e+01    7.2826116777e+00   -3.5797385097e+01    2.0978201774e+00    5.1200000000e+02    4.7220294678e-04    4.3437500000e-01
        95   -1.5371195540e+01    2.3697548967e+02   -2.6410898184e+01    1.1039702644e+01    7.3128459565e+00   -3.5719526488e+01    1.9957823472e+00    5.1200000000e+02    4.7947479980e-04    4.3359375000e-01
        96   -1.5384036223e+01    2.3732562570e+02   -2.5878525700e+01    1.0494489477e+01    7.3152907326e+00   -3.5496970511e+01    2.3031540787e+00    5.1200000000e+02    4.7846584473e-04    4.3554687500e-01
        97   -1.5381458747e+01    2.3724206838e+02   -2.5923598286e+01    1.0542139539e+01    7.4618861134e+00   -3.5737084534e+01    2.3516001341e+00    5.1200000000e+02    4.7813291504e-04    4.3984375000e-01
        98   -1.5373158539e+01    2.3702749457e+02   -2.6243612471e+01    1.0870453932e+01    7.4473730492e+00   -3.5750693374e+01    2.0597078539e+00    5.1200000000e+02    4.7530797363e-04    4.1562500000e-01
        99   -1.5350165366e+01    2.3626496409e+02   -2.6017489577e+01    1.0667324211e+01    7.4645667895e+00   -3.5842236283e+01    2.3601799165e+00    5.1200000000e+02    4.8009781738e-04    4.2578125000e-01
       100   -1.5381193031e+01    2.3720571383e+02   -2.5927794243e+01    1.0546601212e+01    7.4309745537e+00   -3.5493407589e+01    2.1346387918e+00    5.1200000000e+02    4.7932298340e-04    4.2265625000e-01
       101   -1.5377627316e+01    2.3722176701e+02   -2.6094446695e+01    1.0716819379e+01    7.4162430489e+00   -3.5605592581e+01    2.0949028369e+00    5.1200000000e+02    4.8029979248e-04    4.2421875000e-01
       102   -1.5342620753e+01    2.3608490687e+02   -2.6379901253e+01    1.1037280500e+01    7.4256473174e+00   -3.5885371783e+01    2.0798232124e+00    5.1200000000e+02    4.7514865478e-04    3.9726562500e-01
       103   -1.5384790293e+01    2.3742118062e+02   -2.6242024630e+01    1.0857234337e+01    7.4161671510e+00   -3.6029437987e+01    2.3712462064e+00    5.1200000000e+02    4.8170839355e-04    4.2421875000e-01
       104   -1.5401454572e+01    2.3786963561e+02   -2.6086608311e+01    1.0685153739e+01    7.3569462275e+00   -3.5590070028e+01    2.1465154903e+00    5.1200000000e+02    4.7710966553e-04    4.2187500000e-01
       105   -1.5373065978e+01    2.3703048451e+02   -2.6045192383e+01    1.0672126405e+01    7.3369526256e+00   -3.5459840199e+01    2.0776951901e+00    5.1200000000e+02    4.7858236328e-04    4.1484375000e-01
       106   -1.5388215616e+01    2.3761198768e+02   -2.6192060500e+01    1.0803844884e+01    7.4381259432e+00   -3.5718436836e+01    2.0882503932e+00    5.1200000000e+02    4.8048769775e-04    4.2265625000e-01
       107   -1.5314913615e+01    2.3538217400e+02   -2.6225331011e+01    1.0910417396e+01    7.4075005788e+00   -3.5546341009e+01    1.9135094193e+00    5.1200000000e+02    4.8333123291e-04    4.3320312500e-01
       108   -1.5443942725e+01    2.3924887917e+02   -2.6179899405e+01    1.0735956680e+01    7.4305171072e+00   -3.5529757686e+01    1.9193411741e+00    5.1200000000e+02    4.7912361816e-04    4.1601562500e-01
       109   -1.5415520124e+01    2.3827513909e+02   -2.6108057753e+01    1.0692537629e+01    7.3769388809e+00   -3.5628121540e+01    2.1431249066e+00    5.1200000000e+02    4.8058991455e-04    4.3710937500e-01
       110   -1.5386613350e+01    2.3729656127e+02   -2.5926594257e+01    1.0539980906e+01    7.4044756000e+00   -3.5493682028e+01    2.1626121712e+00    5.1200000000e+02    4.8033785889e-04    4.3359375000e-01
       111   -1.5382926016e+01    2.3734192343e+02   -2.6011463521e+01    1.0628537505e+01    7.3984456413e+00   -3.5657670204e+01    2.2477610420e+00    5.1200000000e+02    4.7568096436e-04    4.1914062500e-01
       112   -1.5384363136e+01    2.3736401477e+02   -2.6288444300e+01    1.0904081164e+01    7.4564864107e+00   -3.5807829303e+01    2.0628985918e+00    5.1200000000e+02    4.7955992920e-04    4.4765625000e-01
       113   -1.5438802866e+01    2.3901244082e+02   -2.6350296307e+01    1.0911493441e+01    7.4888689577e+00   -3.6003336958e+01    2.1641716931e+00    5.1200000000e+02    4.8897625977e-04    4.4492187500e-01
       114   -1.5363235335e+01    2.3655448867e+02   -2.6058147709e+01    1.0694912374e+01    7.4323586530e+00   -3.5434803049e+01    1.9442966865e+00    5.1200000000e+02    4.7974451416e-04    4.2460937500e-01
       115   -1.5323301916e+01    2.3536439234e+02   -2.6045100735e+01    1.0721798819e+01    7.4535118990e+00   -3.5925391890e+01    2.4267792566e+00    5.1200000000e+02    4.8181593018e-04    4.1601562500e-01
       116   -1.5293490881e+01    2.3447403940e+02   -2.6091094395e+01    1.0797603514e+01    7.4562261983e+00   -3.5892285882e+01    2.3449652891e+00    5.1200000000e+02    4.7857867676e-04    4.1406250000e-01
       117   -1.5314508549e+01    2.3511953971e+02   -2.6096561668e+01    1.0782053119e+01    7.4948309942e+00   -3.6007402274e+01    2.4160096123e+00    5.1200000000e+02    4.7955267334e-04    4.2851562500e-01
       118   -1.5360143257e+01    2.3657667591e+02   -2.6093865155e+01    1.0733721898e+01    7.4591386332e+00   -3.5609073344e+01    2.0560695556e+00    5.1200000000e+02    4.7876567871e-04    4.2500000000e-01
       119   -1.5358591332e+01    2.3661159503e+02   -2.6305932396e+01    1.0947341064e+01    7.4295162321e+00   -3.5835467987e+01    2.1000193593e+00    5.1200000000e+02    4.8059402344e-04    4.1914062500e-01
       120   -1.5374945575e+01    2.3714439873e+02   -2.6134734429e+01    1.0759788854e+01    7.5423036723e+00   -3.5643635332e+01    1.9665972306e+00    5.1200000000e+02    4.7781894287e-04    4.3632812500e-01
       121   -1.5369118193e+01    2.3691851691e+02   -2.6241853732e+01    1.0872735538e+01    7.4133395236e+00   -3.5916561490e+01    2.2613682346e+00    5.1200000000e+02    4.8036538330e-04    4.3632812500e-01
       122   -1.5370775428e+01    2.3701089542e+02   -2.6385931542e+01    1.1015156114e+01    7.4749226842e+00   -3.5966277806e+01    2.1054235793e+00    5.1200000000e+02    4.7884937012e-04    4.3125000000e-01
       123   -1.5395654644e+01    2.3771284268e+02   -2.5860064435e+01    1.0464409792e+01    7.4011678079e+00   -3.5432363977e+01    2.1711317341e+00    5.1200000000e+02    4.8033106934e-04    4.3750000000e-01
       124   -1.5375131370e+01    2.3694850835e+02   -2.5899381939e+01    1.0524250569e+01    7.4139576384e+00   -3.5283075874e+01    1.9697362968e+00    5.1200000000e+02    4.7563555176e-04    4.1445312500e-01
       125   -1.5337274019e+01    2.3583402051e+02   -2.5556758010e+01    1.0219483991e+01    7.4206493322e+00   -3.5090030340e+01    2.1126229977e+00    5.1200000000e+02    4.8098639160e-04    4.3593750000e-01
       126   -1.5340979700e+01    2.3607116126e+02   -2.5684982480e+01    1.0344002780e+01    7.4602989317e+00   -3.5187864135e+01    2.0425827231e+00    5.1200000000e+02    4.7821177002e-04    4.4648437500e-01
       127   -1.5369652353e+01    2.3689513081e+02   -2.5725691935e+01    1.0356039582e+01    7.4534205075e+00   -3.5201887516e+01    2.0227750732e+00    5.1200000000e+02    4.7660890137e-04    4.0859375000e-01
       128   -1.5388024036e+01    2.3752113292e+02   -2.5978916361e+01    1.0590892325e+01    7.4495831117e+00   -3.5454430502e+01    2.0259310289e+00    5.1200000000e+02    4.7562960205e-04    4.1406250000e-01
       129   -1.5356914049e+01    2.3656170386e+02   -2.5917591166e+01    1.0560677116e+01    7.2819024969e+00   -3.5250730645e+01    2.0512369821e+00    5.1200000000e+02    4.7676973145e-04    4.4882812500e-01
       130   -1.5372129251e+01    2.3686923387e+02   -2.5605992094e+01    1.0233862843e+01    7.2690273824e+00   -3.5201892068e+01    2.3268725913e+00    5.1200000000e+02    4.7076562744e-04    4.2187500000e-01
       131   -1.5405589193e+01    2.3791731450e+02   -2.5946397947e+01    1.0540808754e+01    7.2556911983e+00   -3.5438572600e+01    2.2364834550e+00    5.1200000000e+02    4.7443208740e-04    4.2460937500e-01
       132   -1.5393114289e+01    2.3756388192e+02   -2.6020763742e+01    1.0627649453e+01    7.2361123820e+00   -3.5380306662e+01    2.1234305380e+00    5.1200000000e+02    4.7382023193e-04    4.3632812500e-01
       133   -1.5368318727e+01    2.3669561243e+02   -2.5842437035e+01    1.0474118308e+01    7.2635980980e+00   -3.5355858833e+01    2.2498237000e+00    5.1200000000e+02    4.7507111328e-04    4.3554687500e-01
       134   -1.5348127969e+01    2.3611415651e+02   -2.5877940517e+01    1.0529812548e+01    7.3425503969e+00   -3.5492723577e+01    2.2722326632e+00    5.1200000000e+02    4.7238639648e-04    4.2500000000e-01
       135   -1.5368851636e+01    2.3701695316e+02   -2.6175174095e+01    1.0806322459e+01    7.4054868060e+00   -3.5576276433e+01    1.9956155319e+00    5.1200000000e+02    4.7296357178e-04    4.1953125000e-01
       136   -1.5354470687e+01    2.3662724750e+02   -2.6100995564e+01    1.0746524877e+01    7.3716686602e+00   -3.5467207115e+01    1.9945428914e+00    5.1200000000e+02    4.8008336914e-04    4.3476562500e-01
       137   -1.5334054142e+01    2.3571623704e+02   -2.5673594795e+01    1.0339540653e+01    7.2723802267e+00   -3.5107608950e+01    2.1616339289e+00    5.1200000000e+02    4.8080925293e-04    4.2500000000e-01
       138   -1.5283863761e+01    2.3415728635e+02   -2.5473301674e+01    1.0189437914e+01    7.2281214298e+00   -3.4527281011e+01    1.8258579063e+00    5.1200000000e+02    4.7693647705e-04    4.2382812500e-01
       139   -1.5341729495e+01    2.3598194014e+02   -2.5757563409e+01    1.0415833914e+01    7.3034637622e+00   -3.5057519720e+01    1.9964925489e+00    5.1200000000e+02    4.8572335449e-04    4.2148437500e-01
       140   -1.5341749890e+01    2.3597679896e+02   -2.5468085120e+01    1.0126335230e+01    7.2953066039e+00   -3.4684829608e+01    1.9214378837e+00    5.1200000000e+02    4.7870772705e-04    4.2539062500e-01
       141   -1.5411876705e+01    2.3833596314e+02   -2.5674843125e+01    1.0262966420e+01    7.3268620348e+00   -3.5076844122e+01    2.0751389621e+00    5.1200000000e+02    4.8210487549e-04    4.4570312500e-01
       142   -1.5395716569e+01    2.3822028330e+02   -2.5868091126e+01    1.0472374557e+01    7.4481292558e+00   -3.5395793108e+01    2.0795727255e+00    5.1200000000e+02    4.8057356445e-04    4.5078125000e-01
       143   -1.5346725146e+01    2.3633763792e+02   -2.5768743978e+01    1.0422018833e+01    7.3611988060e+00   -3.5127041501e+01    1.9970987165e+00    5.1200000000e+02    4.7906595215e-04    4.3437500000e-01
       144   -1.5309232932e+01    2.3530027656e+02   -2.6012414953e+01    1.0703182020e+01    7.3955510555e+00   -3.5249578004e+01    1.8416119959e+00    5.1200000000e+02    4.7444308105e-04    4.2890625000e-01
       145   -1.5368922406e+01    2.3701427940e+02   -2.5881191313e+01    1.0512268906e+01    7.4426872099e+00   -3.5436066704e+01    2.1121881812e+00    5.1200000000e+02    4.7694010010e-04    4.3242187500e-01
       146   -1.5358561485e+01    2.3655753156e+02   -2.5784207636e+01    1.0425646150e+01    7.3301033779e+00   -3.5072393447e+01    1.9580824335e+00    5.1200000000e+02    4.7744710449e-04    4.4648437500e-01
       147   -1.5337336842e+01    2.3578951015e+02   -2.5511106681e+01    1.0173769839e+01    7.4540166743e+00   -3.4868728429e+01    1.9036050742e+00    5.1200000000e+02    4.8025633057e-04    4.3281250000e-01
       148   -1.5301201915e+01    2.3470599152e+02   -2.5368115827e+01    1.0066913912e+01    7.3213556777e+00   -3.4833469359e+01    2.1439978541e+00    5.1200000000e+02    4.7856541992e-04    4.4726562500e-01
       149   -1.5300762549e+01    2.3472194743e+02   -2.5391987823e+01    1.0091225274e+01    7.2521004515e+00   -3.4842991139e+01    2.1989028651e+00    5.1200000000e+02    4.7353574463e-04    4.1875000000e-01
       150   -1.5341482094e+01    2.3603831461e+02   -2.5564808116e+01    1.0223326022e+01    7.3450464393e+00   -3.5202836258e+01    2.2929817032e+00    5.1200000000e+02    4.7442757080e-04    4.5546875000e-01
       151   -1.5414155620e+01    2.3848250546e+02   -2.5863830458e+01    1.0449674838e+01    7.3043360679e+00   -3.5346423364e+01    2.1782568381e+00    5.1200000000e+02    4.7925597168e-04    4.4335937500e-01
       152   -1.5418040176e+01    2.3859068076e+02   -2.5801874885e+01    1.0383834709e+01    7.2776831317e+00   -3.5229314213e+01    2.1497561961e+00    5.1200000000e+02    4.7500194336e-04    4.4960937500e-01
       153   -1.5424791217e+01    2.3861032074e+02   -2.5656278517e+01    1.0231487300e+01    7.2299743878e+00   -3.4920412862e+01    2.0341599575e+00    5.1200000000e+02    4.7550913574e-04    4.2539062500e-01
       154   -1.5379927503e+01    2.3714025877e+02   -2.5764642283e+01    1.0384714780e+01    7.2223083933e+00   -3.4985228783e+01    1.9982781063e+00    5.1200000000e+02    4.7456202637e-04    4.3203125000e-01
       155   -1.5375999681e+01    2.3705322543e+02   -2.5769060232e+01    1.0393060551e+01    7.3527879098e+00   -3.5222654238e+01    2.1008060962e+00    5.1200000000e+02    4.8020265869e-04    4.4570312500e-01
       156   -1.5399467312e+01    2.3778619425e+02   -2.5929757990e+01    1.0530290678e+01    7.3987287078e+00   -3.5552868282e+01    2.2243815834e+00    5.1200000000e+02    4.7694707519e-04    4.1796875000e-01
       157   -1.5390202134e+01    2.3752979776e+02   -2.5954262807e+01    1.0564060673e+01    7.4082381106e+00   -3.5666545308e+01    2.3040443907e+00    5.1200000000e+02    4.7990472900e-04    4.1523437500e-01
       158   -1.5374465097e+01    2.3712122892e+02   -2.6091229511e+01    1.0716764414e+01    7.4378133569e+00   -3.5759627810e+01    2.2305849426e+00    5.1200000000e+02    4.7838585449e-04    4.2890625000e-01
       159   -1.5377821859e+01    2.3729781378e+02   -2.5858307696e+01    1.0480485837e+01    7.3716217066e+00   -3.5484052728e+01    2.2541233252e+00    5.1200000000e+02    4.7812133057e-04    4.4101562500e-01
       160   -1.5323006721e+01    2.3563940136e+02   -2.5709826327e+01    1.0386819606e+01    7.3275856940e+00   -3.5145956458e+01    2.1085444375e+00    5.1200000000e+02    4.7248741699e-04    4.3671875000e-01
       161   -1.5340856533e+01    2.3618514743e+02   -2.6505644640e+01    1.1164788106e+01    7.3299942785e+00   -3.5376874982e+01    1.5412360639e+00    5.1200000000e+02    4.7650090332e-04    4.4023437500e-01
       162   -1.5349951892e+01    2.3626164605e+02   -2.6135330869e+01    1.0785378977e+01    7.3241444853e+00   -3.5656874161e+01    2.1973988071e+00    5.1200000000e+02    4.7766190430e-04    4.2656250000e-01
       163   -1.5369352756e+01    2.3684153695e+02   -2.6229975116e+01    1.0860622360e+01    7.4193643475e+00   -3.5694148050e+01    2.0448085860e+00    5.1200000000e+02    4.8275862793e-04    4.1875000000e-01
       164   -1.5303765297e+01    2.3490544181e+02   -2.6260819219e+01    1.0957053922e+01    7.4206422897e+00   -3.6049025339e+01    2.3675638304e+00    5.1200000000e+02    4.8163626953e-04    4.0820312500e-01
       165   -1.5351655144e+01    2.3639380026e+02   -2.6322874785e+01    1.0971219641e+01    7.5307879950e+00   -3.6148632253e+01    2.2949694730e+00    5.1200000000e+02    4.9029851318e-04    4.2734375000e-01
       166   -1.5406725259e+01    2.3840547156e+02   -2.6526331528e+01    1.1119606269e+01    7.4974364603e+00   -3.6178992200e+01    2.1552242117e+00    5.1200000000e+02    4.8395586426e-04    4.3593750000e-01
       167   -1.5370227980e+01    2.3729811376e+02   -2.6581149620e+01    1.1210921640e+01    7.4607076141e+00   -3.6139967743e+01    2.0981105092e+00    5.1200000000e+02    4.8266195068e-04    4.2421875000e-01
       168   -1.5360480252e+01    2.3714671748e+02   -2.6544104935e+01    1.1183624683e+01    7.5373925734e+00   -3.6222062839e+01    2.1405653303e+00    5.1200000000e+02    4.8272373291e-04    4.3437500000e-01
       169   -1.5335715831e+01    2.3595577989e+02   -2.6139259777e+01    1.0803543946e+01    7.3943971197e+00   -3.5705931288e+01    2.1722743910e+00    5.1200000000e+02    4.7983079590e-04    4.3632812500e-01
       170   -1.5314933970e+01    2.3529493850e+02   -2.6007470777e+01    1.0692536807e+01    7.3844202158e+00   -3.5466774054e+01    2.0748830611e+00    5.1200000000e+02    4.7893802979e-04    4.2226562500e-01
       171   -1.5318469133e+01    2.3531940466e+02   -2.5832260242e+01    1.0513791109e+01    7.4962020840e+00   -3.5261919030e+01    1.9334567043e+00    5.1200000000e+02    4.8422271484e-04    4.3515625000e-01
       172   -1.5327343867e+01    2.3560197150e+02   -2.5773313738e+01    1.0445969871e+01    7.3805421995e+00   -3.5355709934e+01    2.2018539964e+00    5.1200000000e+02    4.8128353760e-04    4.3593750000e-01
       173   -1.5365275541e+01    2.3676027420e+02   -2.5926152983e+01    1.0560877442e+01    7.4955990618e+00   -3.5643711337e+01    2.2219592924e+00    5.1200000000e+02    4.8143893555e-04    4.3671875000e-01
       174   -1.5340961152e+01    2.3613372741e+02   -2.6246763397e+01    1.0905802245e+01    7.5466907416e+00   -3.5855941300e+01    2.0624871616e+00    5.1200000000e+02    4.8050991699e-04    4.2929687500e-01
       175   -1.5332922754e+01    2.3590194205e+02   -2.6205010204e+01    1.0872087451e+01    7.5471265754e+00   -3.5860793279e+01    2.1086564989e+00    5.1200000000e+02    4.8273599854e-04    4.1992187500e-01
       176   -1.5376531278e+01    2.3720313232e+02   -2.5982531976e+01    1.0606000698e+01    7.5239090064e+00   -3.5610935336e+01    2.1044943534e+00    5.1200000000e+02    4.8006375977e-04    4.1640625000e-01
       177   -1.5325713601e+01    2.3558041854e+02   -2.6050653586e+01    1.0724939985e+01    7.4908268311e+00   -3.5608469780e+01    2.0669893627e+00    5.1200000000e+02    4.7954289307e-04    4.1210937500e-01
       178   -1.5296100426e+01    2.3508605562e+02   -2.5786519847e+01    1.0490419421e+01    7.4603690691e+00   -3.5442559695e+01    2.1956707792e+00    5.1200000000e+02    4.7765637695e-04    4.1953125000e-01
       179   -1.5350343252e+01    2.3634201691e+02   -2.6024655717e+01    1.0674312465e+01    7.4557829278e+00   -3.5498663100e+01    2.0182244551e+00    5.1200000000e+02    4.7983786133e-04    4.2851562500e-01
       180   -1.5390570864e+01    2.3747880295e+02   -2.6541306543e+01    1.1150735679e+01    7.4469242865e+00   -3.6030027495e+01    2.0417966657e+00    5.1200000000e+02    4.8265032471e-04    4.2773437500e-01
       181   -1.5355739026e+01    2.3636141164e+02   -2.6301545260e+01    1.0945806235e+01    7.4544505846e+00   -3.5752392957e+01    1.9963971119e+00    5.1200000000e+02    4.8130456055e-04    4.2187500000e-01
       182   -1.5395475946e+01    2.3766284879e+02   -2.6377942170e+01    1.0982466224e+01    7.4280927901e+00   -3.5897887595e+01    2.0918526348e+00    5.1200000000e+02    4.8317275879e-04    4.3828125000e-01
       183   -1.5437888604e+01    2.3913071413e+02   -2.6685487810e+01    1.1247599206e+01    7.5228913000e+00   -3.6188905707e+01    1.9805265969e+00    5.1200000000e+02    4.8696109863e-04    4.2109375000e-01
       184   -1.5373173143e+01    2.3708721643e+02   -2.6523319937e+01    1.1150146794e+01    7.4631283940e+00   -3.5918909708e+01    1.9324613772e+00    5.1200000000e+02    6.0303505615e-04    4.2226562500e-01
       185   -1.5370367362e+01    2.3683510612e+02   -2.6384127858e+01    1.1013760496e+01    7.5195391524e+00   -3.5616220281e+01    1.7125532706e+00    5.1200000000e+02    4.9987332764e-04    4.2695312500e-01
       186   -1.5369134319e+01    2.3682822328e+02   -2.6319860974e+01    1.0950726654e+01    7.4898415101e+00   -3.5706014187e+01    1.8963117031e+00    5.1200000000e+02    4.9361510254e-04    4.3320312500e-01
       187   -1.5377913357e+01    2.3711227053e+02   -2.6144995606e+01    1.0767082250e+01    7.5068979814e+00   -3.5784235812e+01    2.1323422245e+00    5.1200000000e+02    4.8930488769e-04    4.2265625000e-01
       188   -1.5373334178e+01    2.3698698460e+02   -2.6487244747e+01    1.1113910568e+01    7.6453504359e+00   -3.5994039669e+01    1.8614444862e+00    5.1200000000e+02    4.8952585693e-04    4.2304687500e-01
       189   -1.5383821347e+01    2.3742911188e+02   -2.6625603998e+01    1.1241782650e+01    7.5657689288e+00   -3.6512570128e+01    2.3211972013e+00    5.1200000000e+02    4.9122340332e-04    4.1757812500e-01
       190   -1.5373168699e+01    2.3698102382e+02   -2.6433211308e+01    1.1060042609e+01    7.5618493294e+00   -3.6317228226e+01    2.3221675883e+00    5.1200000000e+02    4.9127852783e-04    4.2890625000e-01
       191   -1.5338956663e+01    2.3599627143e+02   -2.6285890794e+01    1.0946934131e+01    7.5945785745e+00   -3.6195026476e+01    2.3145571071e+00    5.1200000000e+02    5.0055430664e-04    4.1210937500e-01
       192   -1.5375034845e+01    2.3717658540e+02   -2.6259741962e+01    1.0884707116e+01    7.6032479984e+00   -3.6029636079e+01    2.1666461191e+00    5.1200000000e+02    4.8935685547e-04    4.3476562500e-01
       193   -1.5358948481e+01    2.3647779930e+02   -2.6217824724e+01    1.0858876243e+01    7.5552981023e+00   -3.5951407948e+01    2.1782851216e+00    5.1200000000e+02    4.9276038330e-04    4.3281250000e-01
       194   -1.5369467423e+01    2.3702819610e+02   -2.6141966204e+01    1.0772498782e+01    7.4364539702e+00   -3.6093002543e+01    2.5145823682e+00    5.1200000000e+02    4.8815834473e-04    4.5117187500e-01
       195   -1.5348881163e+01    2.3620570251e+02   -2.6284030421e+01    1.0935149258e+01    7.5225037861e+00   -3.6282649546e+01    2.4761153389e+00    5.1200000000e+02    4.9173040527e-04    4.2812500000e-01
       196   -1.5402966535e+01    2.3803017595e+02   -2.6407608474e+01    1.1004641940e+01    7.3967722563e+00   -3.6024482285e+01    2.2201015539e+00    5.1200000000e+02    4.8668994141e-04    4.2070312500e-01
       197   -1.5364630211e+01    2.3677078148e+02   -2.6423409393e+01    1.1058779182e+01    7.4500005850e+00   -3.6152961731e+01    2.2795517524e+00    5.1200000000e+02    4.8712578857e-04    4.1914062500e-01
       198   -1.5376139420e+01    2.3720198561e+02   -2.6329537889e+01    1.0953398469e+01    7.4838245889e+00   -3.6045219717e+01    2.2318572395e+00    5.1200000000e+02    4.8354029297e-04    4.1445312500e-01
       199   -1.5311926384e+01    2.3503534244e+02   -2.6172211801e+01    1.0860285417e+01    7.4286045584e+00   -3.5738709506e+01    2.1378931463e+00    5.1200000000e+02    4.8481000488e-04    4.2148437500e-01
