#   index    LocalEnergy         LocalEnergy_sq      LocalPotential      Kinetic             ElecElec            LocalECP            NonLocalECP         BlockWeight         BlockCPU            AcceptRatio         
         0   -1.5860152919e+01    2.5216088977e+02   -2.7183641931e+01    1.1323489012e+01    1.0104141519e+01   -3.9121156896e+01    1.8333734458e+00    8.1920000000e+03    3.8721026917e-03    6.9728597005e-01
         1   -1.5840917047e+01    2.5159922530e+02   -2.7314082625e+01    1.1473165578e+01    1.0142882956e+01   -3.9523611281e+01    2.0666457007e+00    8.1920000000e+03    3.8901554773e-03    7.0023600260e-01
         2   -1.5835589128e+01    2.5140976560e+02   -2.7236594944e+01    1.1401005816e+01    1.0100253766e+01   -3.9403156389e+01    2.0663076795e+00    8.1920000000e+03    3.8926417242e-03    7.0001220703e-01
         3   -1.5844738673e+01    2.5172519319e+02   -2.7219598752e+01    1.1374860079e+01    1.0086468490e+01   -3.9392964586e+01    2.0868973438e+00    8.1920000000e+03    3.8658716660e-03    7.0259602865e-01
         4   -1.5847424934e+01    2.5186005648e+02   -2.7160220306e+01    1.1312795372e+01    1.0012061704e+01   -3.9273305213e+01    2.1010232033e+00    8.1920000000e+03    3.8633020258e-03    7.0147705078e-01
         5   -1.5843436776e+01    2.5168463919e+02   -2.7088894558e+01    1.1245457782e+01    1.0030627404e+01   -3.9225484830e+01    2.1059628682e+00    8.1920000000e+03    3.8304687759e-03    6.9781494141e-01
         6   -1.5822660304e+01    2.5101757901e+02   -2.7114215333e+01    1.1291555028e+01    9.9916792774e+00   -3.9143729800e+01    2.0378351903e+00    8.1920000000e+03    3.8427629007e-03    7.0597330729e-01
         7   -1.5847669100e+01    2.5184183352e+02   -2.7237664451e+01    1.1389995351e+01    1.0103718797e+01   -3.9406291136e+01    2.0649078876e+00    8.1920000000e+03    3.8742395703e-03    6.9822184245e-01
         8   -1.5854875721e+01    2.5204596644e+02   -2.7369262373e+01    1.1514386653e+01    1.0095218460e+01   -3.9466714329e+01    2.0022334952e+00    8.1920000000e+03    3.8813629074e-03    6.9995117187e-01
         9   -1.5872829180e+01    2.5261474080e+02   -2.7248623572e+01    1.1375794392e+01    1.0079408284e+01   -3.9325128021e+01    1.9970961648e+00    8.1920000000e+03    3.8695033777e-03    6.9860839844e-01
        10   -1.5849591989e+01    2.5190305088e+02   -2.7085316788e+01    1.1235724799e+01    1.0042725535e+01   -3.9134552484e+01    2.0065101609e+00    8.1920000000e+03    3.8494146005e-03    7.0029703776e-01
        11   -1.5855993297e+01    2.5217674528e+02   -2.6990378226e+01    1.1134384930e+01    9.9573705133e+00   -3.8927981122e+01    1.9802323824e+00    8.1920000000e+03    3.8180831943e-03    7.0343017578e-01
        12   -1.5843739191e+01    2.5179084606e+02   -2.6923667191e+01    1.1079927999e+01    9.9865339786e+00   -3.9061113031e+01    2.1509118618e+00    8.1920000000e+03    3.8319528134e-03    7.0414225260e-01
        13   -1.5848315427e+01    2.5193202375e+02   -2.7328884746e+01    1.1480569319e+01    1.0047292836e+01   -3.9470719666e+01    2.0945420832e+00    8.1920000000e+03    3.8337413022e-03    7.0192464193e-01
        14   -1.5825586624e+01    2.5121522769e+02   -2.7111150462e+01    1.1285563838e+01    1.0010884483e+01   -3.9116230452e+01    1.9941955075e+00    8.1920000000e+03    3.8633635059e-03    7.0001220703e-01
        15   -1.5849791551e+01    2.5232025888e+02   -2.7196391146e+01    1.1346599595e+01    1.0094518708e+01   -3.9393535403e+01    2.1026255492e+00    8.1920000000e+03    3.8739646527e-03    7.0320638021e-01
        16   -1.5840467536e+01    2.5235432092e+02   -2.7273584365e+01    1.1433116828e+01    1.0089649057e+01   -3.9416112510e+01    2.0528790875e+00    8.1920000000e+03    3.8625404782e-03    6.9913736979e-01
        17   -1.5869075599e+01    2.5272739056e+02   -2.7357868266e+01    1.1488792667e+01    1.0108010450e+01   -3.9552099744e+01    2.0862210274e+00    8.1920000000e+03    3.8722409985e-03    6.9783528646e-01
        18   -1.5833959544e+01    2.5158290860e+02   -2.7491717121e+01    1.1657757577e+01    1.0111292351e+01   -3.9708832956e+01    2.1058234841e+00    8.1920000000e+03    3.8769591919e-03    6.9995117187e-01
        19   -1.5842220482e+01    2.5167550343e+02   -2.7360481063e+01    1.1518260581e+01    1.0049411281e+01   -3.9413269331e+01    2.0033769875e+00    8.1920000000e+03    3.8676851431e-03    7.0229085286e-01
        20   -1.5868695634e+01    2.5250540987e+02   -2.7201287493e+01    1.1332591859e+01    1.0025415543e+01   -3.9379020897e+01    2.1523178612e+00    8.1920000000e+03    3.8597063397e-03    6.9608561198e-01
        21   -1.5862292366e+01    2.5228773154e+02   -2.7260270986e+01    1.1397978620e+01    1.0076827426e+01   -3.9441671952e+01    2.1045735404e+00    8.1920000000e+03    3.8406497006e-03    7.0292154948e-01
        22   -1.5862505358e+01    2.5231815311e+02   -2.7187318923e+01    1.1324813565e+01    1.0093856370e+01   -3.9362591156e+01    2.0814158640e+00    8.1920000000e+03    3.8737212155e-03    6.9850667318e-01
        23   -1.5848889776e+01    2.5186208712e+02   -2.7364759074e+01    1.1515869297e+01    1.0160883866e+01   -3.9556115172e+01    2.0304722330e+00    8.1920000000e+03    3.8933923032e-03    6.9997151693e-01
        24   -1.5833580863e+01    2.5134719109e+02   -2.7220446150e+01    1.1386865287e+01    1.0120851040e+01   -3.9343726721e+01    2.0024295306e+00    8.1920000000e+03    3.8695884198e-03    6.9793701172e-01
        25   -1.5865400336e+01    2.5238752195e+02   -2.7149713745e+01    1.1284313409e+01    1.0040874790e+01   -3.9216246058e+01    2.0256575228e+00    8.1920000000e+03    3.8634336307e-03    7.0222981771e-01
        26   -1.5838296934e+01    2.5151472554e+02   -2.7079797202e+01    1.1241500268e+01    1.0020606399e+01   -3.9097986062e+01    1.9975824606e+00    8.1920000000e+03    3.8531050253e-03    7.0292154948e-01
        27   -1.5844537723e+01    2.5174012150e+02   -2.7089556303e+01    1.1245018581e+01    1.0079993790e+01   -3.9203611408e+01    2.0340613152e+00    8.1920000000e+03    3.8528317523e-03    7.0157877604e-01
        28   -1.5869851380e+01    2.5258676919e+02   -2.7333281113e+01    1.1463429732e+01    1.0099518214e+01   -3.9411381407e+01    1.9785820809e+00    8.1920000000e+03    3.8555372397e-03    6.9984944661e-01
        29   -1.5852912892e+01    2.5206192583e+02   -2.7397107635e+01    1.1544194743e+01    1.0071283062e+01   -3.9474259164e+01    2.0058684666e+00    8.1920000000e+03    3.8590584286e-03    7.0066324870e-01
        30   -1.5846596214e+01    2.5183653626e+02   -2.7351238861e+01    1.1504642647e+01    1.0043371513e+01   -3.9392564558e+01    1.9979541842e+00    8.1920000000e+03    3.8446933762e-03    7.0273844401e-01
        31   -1.5839566644e+01    2.5160594478e+02   -2.7375891503e+01    1.1536324859e+01    1.0086952177e+01   -3.9541846053e+01    2.0790023721e+00    8.1920000000e+03    3.8636165305e-03    7.0015462240e-01
        32   -1.5876749166e+01    2.5274811741e+02   -2.7255386566e+01    1.1378637400e+01    1.0115579436e+01   -3.9396205215e+01    2.0252392134e+00    8.1920000000e+03    3.8746511191e-03    7.0186360677e-01
        33   -1.5868733882e+01    2.5255944008e+02   -2.7235954553e+01    1.1367220670e+01    1.0047979555e+01   -3.9273072215e+01    1.9891381073e+00    8.1920000000e+03    3.8623993793e-03    7.0031738281e-01
        34   -1.5856951700e+01    2.5211947633e+02   -2.7260020382e+01    1.1403068683e+01    1.0066169798e+01   -3.9362433602e+01    2.0362434214e+00    8.1920000000e+03    3.8772585507e-03    7.0271809896e-01
        35   -1.5835512254e+01    2.5140823928e+02   -2.7196265378e+01    1.1360753124e+01    1.0048665224e+01   -3.9214306243e+01    1.9693756399e+00    8.1920000000e+03    3.8571175778e-03    7.0359293620e-01
        36   -1.5853890389e+01    2.5213338350e+02   -2.7130887871e+01    1.1276997482e+01    1.0034815647e+01   -3.9221788515e+01    2.0560849966e+00    8.1920000000e+03    3.8503135056e-03    6.9978841146e-01
        37   -1.5845608186e+01    2.5173715520e+02   -2.7154158417e+01    1.1308550231e+01    1.0062317207e+01   -3.9277361722e+01    2.0608860980e+00    8.1920000000e+03    3.8725543658e-03    6.9812011719e-01
        38   -1.5856450132e+01    2.5211516660e+02   -2.7191173881e+01    1.1334723749e+01    1.0038770519e+01   -3.9182585699e+01    1.9526412985e+00    8.1920000000e+03    3.8679509534e-03    7.0064290365e-01
        39   -1.5859198074e+01    2.5221696749e+02   -2.7306523668e+01    1.1447325594e+01    1.0070961786e+01   -3.9351222439e+01    1.9737369851e+00    8.1920000000e+03    3.8815611688e-03    7.0064290365e-01
        40   -1.5863676406e+01    2.5232870583e+02   -2.7429899604e+01    1.1566223199e+01    1.0101163940e+01   -3.9525414872e+01    1.9943513272e+00    8.1920000000e+03    3.8727771497e-03    6.9673665365e-01
        41   -1.5871403219e+01    2.5271915710e+02   -2.7412103957e+01    1.1540700737e+01    1.0063852100e+01   -3.9480637370e+01    2.0046813125e+00    8.1920000000e+03    3.8692471402e-03    7.0202636719e-01
        42   -1.5837288681e+01    2.5154236863e+02   -2.7351865920e+01    1.1514577239e+01    1.0069458918e+01   -3.9492465271e+01    2.0711404335e+00    8.1920000000e+03    3.8586765887e-03    6.9946289062e-01
        43   -1.5840021640e+01    2.5165929972e+02   -2.7377688286e+01    1.1537666645e+01    1.0099019219e+01   -3.9557361101e+01    2.0806535963e+00    8.1920000000e+03    3.8779679962e-03    6.9803873698e-01
        44   -1.5855498154e+01    2.5210542086e+02   -2.7317888709e+01    1.1462390554e+01    1.0066847236e+01   -3.9376800404e+01    1.9920644591e+00    8.1920000000e+03    3.8693864923e-03    6.9885253906e-01
        45   -1.5854990083e+01    2.5205449924e+02   -2.7224628326e+01    1.1369638243e+01    1.0073780885e+01   -3.9344785124e+01    2.0463759131e+00    8.1920000000e+03    3.8658912521e-03    7.0196533203e-01
        46   -1.5852068544e+01    2.5194593565e+02   -2.7318928224e+01    1.1466859680e+01    1.0059982359e+01   -3.9437156618e+01    2.0582460356e+00    8.1920000000e+03    3.8640684772e-03    6.9958496094e-01
        47   -1.5855476816e+01    2.5216672318e+02   -2.7170440258e+01    1.1314963442e+01    1.0020883466e+01   -3.9193413669e+01    2.0020899446e+00    8.1920000000e+03    3.8559871378e-03    7.0037841797e-01
        48   -1.5852499733e+01    2.5197047910e+02   -2.6993875775e+01    1.1141376042e+01    9.9531276065e+00   -3.8982327918e+01    2.0353245371e+00    8.1920000000e+03    3.8443529755e-03    7.0414225260e-01
        49   -1.5849895448e+01    2.5193323890e+02   -2.7121828936e+01    1.1271933488e+01    9.9655438234e+00   -3.9013637438e+01    1.9262646788e+00    8.1920000000e+03    3.8651134225e-03    7.0233154297e-01
        50   -1.5831167787e+01    2.5133202595e+02   -2.7284606873e+01    1.1453439085e+01    1.0018255325e+01   -3.9284934168e+01    1.9820719705e+00    8.1920000000e+03    3.8579480853e-03    7.0033772786e-01
        51   -1.5829575652e+01    2.5125338666e+02   -2.7305779732e+01    1.1476204080e+01    1.0123854564e+01   -3.9387966386e+01    1.9583320894e+00    8.1920000000e+03    3.8917181039e-03    7.0001220703e-01
        52   -1.5859702556e+01    2.5227948820e+02   -2.7417906333e+01    1.1558203778e+01    1.0114270761e+01   -3.9549678722e+01    2.0175016277e+00    8.1920000000e+03    3.8844745728e-03    7.0349121094e-01
        53   -1.5841915721e+01    2.5171180582e+02   -2.7263056558e+01    1.1421140838e+01    1.0114290401e+01   -3.9396832257e+01    2.0194852985e+00    8.1920000000e+03    3.8749512561e-03    7.0151774089e-01
        54   -1.5854428522e+01    2.5208466170e+02   -2.7325705672e+01    1.1471277151e+01    1.0105154801e+01   -3.9477930889e+01    2.0470704154e+00    8.1920000000e+03    3.8819130618e-03    6.9675699870e-01
        55   -1.5835457165e+01    2.5153893196e+02   -2.7320224273e+01    1.1484767108e+01    1.0002267044e+01   -3.9288096407e+01    1.9656050911e+00    8.1920000000e+03    3.8379212299e-03    7.0190429687e-01
        56   -1.5854983644e+01    2.5206224413e+02   -2.7250528369e+01    1.1395544725e+01    1.0064194317e+01   -3.9320480641e+01    2.0057579545e+00    8.1920000000e+03    3.8603208105e-03    7.0279947917e-01
        57   -1.5856908614e+01    2.5216637718e+02   -2.7464636931e+01    1.1607728318e+01    1.0096755783e+01   -3.9615192591e+01    2.0537998768e+00    8.1920000000e+03    3.8699564206e-03    6.9995117187e-01
        58   -1.5855854084e+01    2.5216938760e+02   -2.7103525102e+01    1.1247671018e+01    1.0053594703e+01   -3.9231280552e+01    2.0741607464e+00    8.1920000000e+03    3.8622776913e-03    7.0493570964e-01
        59   -1.5868442441e+01    2.5253598220e+02   -2.7076624361e+01    1.1208181920e+01    1.0027567030e+01   -3.9223474016e+01    2.1192826249e+00    8.1920000000e+03    3.8535925061e-03    7.0141601562e-01
        60   -1.5861058601e+01    2.5227714526e+02   -2.7100554934e+01    1.1239496332e+01    1.0066385486e+01   -3.9230219098e+01    2.0632786789e+00    8.1920000000e+03    3.8670359406e-03    7.0050048828e-01
        61   -1.5870379640e+01    2.5256900325e+02   -2.7237347635e+01    1.1366967995e+01    1.0058606897e+01   -3.9331627915e+01    2.0356733833e+00    8.1920000000e+03    3.8674151865e-03    7.0074462891e-01
        62   -1.5838175507e+01    2.5152641320e+02   -2.7172471640e+01    1.1334296133e+01    9.9941286557e+00   -3.9186214050e+01    2.0196137547e+00    8.1920000000e+03    3.8327368063e-03    7.0412190755e-01
        63   -1.5850942829e+01    2.5193140646e+02   -2.7123008317e+01    1.1272065489e+01    9.9958468066e+00   -3.9245568445e+01    2.1267133209e+00    8.1920000000e+03    3.8332706628e-03    6.9871012370e-01
        64   -1.5865642173e+01    2.5242658591e+02   -2.6986909806e+01    1.1121267632e+01    1.0028318362e+01   -3.9139971420e+01    2.1247432527e+00    8.1920000000e+03    3.8567441934e-03    7.0082600911e-01
        65   -1.5843336955e+01    2.5171578640e+02   -2.6962197618e+01    1.1118860663e+01    9.9498710833e+00   -3.8960469104e+01    2.0484004020e+00    8.1920000000e+03    3.8307584082e-03    7.0800781250e-01
        66   -1.5846947373e+01    2.5182587163e+02   -2.7208393535e+01    1.1361446162e+01    1.0050274209e+01   -3.9303748951e+01    2.0450812075e+00    8.1920000000e+03    3.8734048306e-03    7.0440673828e-01
        67   -1.5859280603e+01    2.5220460952e+02   -2.7401235898e+01    1.1541955295e+01    1.0079044523e+01   -3.9456574742e+01    1.9762943210e+00    8.1920000000e+03    3.8690788684e-03    6.9901529948e-01
        68   -1.5847069902e+01    2.5179650402e+02   -2.7286280322e+01    1.1439210419e+01    1.0040974294e+01   -3.9308509528e+01    1.9812549125e+00    8.1920000000e+03    3.8522926514e-03    7.0135498047e-01
        69   -1.5859754531e+01    2.5239358007e+02   -2.7037645598e+01    1.1177891067e+01    9.9898208032e+00   -3.9142475442e+01    2.1150090406e+00    8.1920000000e+03    3.8467740848e-03    7.0442708333e-01
        70   -1.5838736416e+01    2.5158219122e+02   -2.7202571046e+01    1.1363834630e+01    1.0060840442e+01   -3.9170860163e+01    1.9074486758e+00    8.1920000000e+03    3.8635494894e-03    7.0090738932e-01
        71   -1.5844005288e+01    2.5172441997e+02   -2.7433319118e+01    1.1589313830e+01    1.0074066960e+01   -3.9532150338e+01    2.0247642610e+00    8.1920000000e+03    3.8735340802e-03    7.0235188802e-01
        72   -1.5858471958e+01    2.5221058898e+02   -2.7312563832e+01    1.1454091875e+01    1.0084515856e+01   -3.9457901376e+01    2.0608216880e+00    8.1920000000e+03    3.8746548544e-03    6.9917805990e-01
        73   -1.5827059712e+01    2.5116039756e+02   -2.7391894919e+01    1.1564835207e+01    1.0111016820e+01   -3.9522554476e+01    2.0196427375e+00    8.1920000000e+03    3.8570958514e-03    6.9818115234e-01
        74   -1.5835630907e+01    2.5143161277e+02   -2.7171729009e+01    1.1336098102e+01    1.0026606628e+01   -3.9221981508e+01    2.0236458707e+00    8.1920000000e+03    3.8524683325e-03    6.9736735026e-01
        75   -1.5823173570e+01    2.5105512370e+02   -2.7322530278e+01    1.1499356709e+01    1.0047195764e+01   -3.9441518587e+01    2.0717925445e+00    8.1920000000e+03    3.8331774670e-03    7.0011393229e-01
        76   -1.5867232974e+01    2.5254603710e+02   -2.7202130698e+01    1.1334897724e+01    1.0046839761e+01   -3.9277339024e+01    2.0283685641e+00    8.1920000000e+03    3.8461982446e-03    6.9942220052e-01
        77   -1.5843954729e+01    2.5183101450e+02   -2.7211461436e+01    1.1367506707e+01    1.0089139015e+01   -3.9399496944e+01    2.0988964932e+00    8.1920000000e+03    3.8742353113e-03    7.0218912760e-01
        78   -1.5838387093e+01    2.5155077926e+02   -2.6912788553e+01    1.1074401460e+01    1.0007810073e+01   -3.8949642850e+01    2.0290442243e+00    8.1920000000e+03    3.8488937842e-03    7.0096842448e-01
        79   -1.5837413775e+01    2.5149746022e+02   -2.7287867142e+01    1.1450453368e+01    1.0012783198e+01   -3.9289536120e+01    1.9888857790e+00    8.1920000000e+03    3.8443740475e-03    7.0117187500e-01
        80   -1.5854529049e+01    2.5209433044e+02   -2.7269930439e+01    1.1415401390e+01    1.0038744164e+01   -3.9447894008e+01    2.1392194045e+00    8.1920000000e+03    3.8428901013e-03    6.9942220052e-01
        81   -1.5853468187e+01    2.5208934075e+02   -2.7299826741e+01    1.1446358555e+01    1.0066676449e+01   -3.9400982971e+01    2.0344797810e+00    8.1920000000e+03    3.8454722760e-03    7.0206705729e-01
        82   -1.5881035729e+01    2.5290610795e+02   -2.7128507417e+01    1.1247471688e+01    1.0023446060e+01   -3.9099460257e+01    1.9475067794e+00    8.1920000000e+03    3.8460580176e-03    7.0166015625e-01
        83   -1.5855114752e+01    2.5228331649e+02   -2.7114334810e+01    1.1259220058e+01    1.0009038434e+01   -3.9153711343e+01    2.0303380987e+00    8.1920000000e+03    3.8588732178e-03    7.0141601562e-01
        84   -1.5855795046e+01    2.5228112541e+02   -2.7318709112e+01    1.1462914065e+01    1.0115403093e+01   -3.9457355885e+01    2.0232436799e+00    8.1920000000e+03    3.8767445227e-03    6.9759114583e-01
        85   -1.5837416178e+01    2.5189302607e+02   -2.7353489322e+01    1.1516073144e+01    1.0110888693e+01   -3.9513719320e+01    2.0493413041e+00    8.1920000000e+03    3.8717158780e-03    6.9801839193e-01
        86   -1.5823025174e+01    2.5149235324e+02   -2.7181131425e+01    1.1358106251e+01    1.0064265162e+01   -3.9322493559e+01    2.0770969715e+00    8.1920000000e+03    3.8684248862e-03    7.0314534505e-01
        87   -1.5848920428e+01    2.5205604588e+02   -2.7361815125e+01    1.1512894698e+01    1.0111745456e+01   -3.9577036374e+01    2.1034757930e+00    8.1920000000e+03    3.8797882855e-03    6.9940185547e-01
        88   -1.5807801489e+01    2.5204730228e+02   -2.7161792514e+01    1.1353991025e+01    1.0084796438e+01   -3.9270079502e+01    2.0234905501e+00    8.1920000000e+03    3.8649015384e-03    6.9934082031e-01
        89   -1.5807029380e+01    2.5240896355e+02   -2.7230583079e+01    1.1423553699e+01    1.0109146409e+01   -3.9416637364e+01    2.0769078763e+00    8.1920000000e+03    3.8687371368e-03    7.0251464844e-01
        90   -1.5798574129e+01    2.5175661214e+02   -2.7312374017e+01    1.1513799888e+01    1.0113697133e+01   -3.9485865459e+01    2.0597943092e+00    8.1920000000e+03    3.8734866718e-03    6.9541422526e-01
        91   -1.5822130860e+01    2.5247104599e+02   -2.7244857437e+01    1.1422726577e+01    1.0098197180e+01   -3.9403162793e+01    2.0601081755e+00    8.1920000000e+03    3.8621478882e-03    7.0056152344e-01
        92   -1.5808914334e+01    2.5217489439e+02   -2.7145905541e+01    1.1336991207e+01    1.0050000890e+01   -3.9289974701e+01    2.0940682699e+00    8.1920000000e+03    3.8566914587e-03    7.0143636068e-01
        93   -1.5812329461e+01    2.5262914323e+02   -2.7154306482e+01    1.1341977021e+01    1.0019172475e+01   -3.9258201424e+01    2.0847224666e+00    8.1920000000e+03    3.8191972528e-03    7.0601399740e-01
        94   -1.5827079541e+01    2.5248519926e+02   -2.7326708947e+01    1.1499629406e+01    1.0050894543e+01   -3.9430591614e+01    2.0529881237e+00    8.1920000000e+03    3.8466906454e-03    6.9925944010e-01
        95   -1.5835274538e+01    2.5197166688e+02   -2.7115023125e+01    1.1279748588e+01    1.0040236970e+01   -3.9157482800e+01    2.0022227042e+00    8.1920000000e+03    3.8682083713e-03    7.0058186849e-01
        96   -1.5836789137e+01    2.5215342816e+02   -2.7316241970e+01    1.1479452832e+01    1.0089295851e+01   -3.9428924516e+01    2.0233866951e+00    8.1920000000e+03    3.8650170963e-03    6.9938151042e-01
        97   -1.5855335228e+01    2.5224168194e+02   -2.7221655924e+01    1.1366320697e+01    1.0067063102e+01   -3.9383240212e+01    2.0945211862e+00    8.1920000000e+03    3.8575635312e-03    7.0174153646e-01
        98   -1.5845750753e+01    2.5284504034e+02   -2.7284819604e+01    1.1439068852e+01    1.0022638848e+01   -3.9306671449e+01    1.9992129974e+00    8.1920000000e+03    3.8420839655e-03    7.0186360677e-01
        99   -1.5865642348e+01    2.5258777265e+02   -2.7332991881e+01    1.1467349532e+01    1.0123433493e+01   -3.9577219992e+01    2.1207946182e+00    8.1920000000e+03    3.8757466965e-03    7.0054117839e-01
       100   -1.5840897204e+01    2.5178953502e+02   -2.7326327787e+01    1.1485430583e+01    1.0119567918e+01   -3.9548445808e+01    2.1025501034e+00    8.1920000000e+03    3.8570216241e-03    6.9824218750e-01
       101   -1.5856244817e+01    2.5219427995e+02   -2.7457688009e+01    1.1601443191e+01    1.0149292317e+01   -3.9668459641e+01    2.0614793153e+00    8.1920000000e+03    3.8890172580e-03    6.9429524740e-01
       102   -1.5850563782e+01    2.5200860581e+02   -2.7627662525e+01    1.1777098742e+01    1.0121493370e+01   -3.9663799785e+01    1.9146438907e+00    8.1920000000e+03    3.8646531338e-03    6.9989013672e-01
       103   -1.5848605965e+01    2.5184650896e+02   -2.7237447778e+01    1.1388841813e+01    1.0077464616e+01   -3.9355978423e+01    2.0410660295e+00    8.1920000000e+03    3.8453318884e-03    7.0159912109e-01
       104   -1.5851401189e+01    2.5204116709e+02   -2.7161258200e+01    1.1309857011e+01    1.0038029009e+01   -3.9304290487e+01    2.1050032782e+00    8.1920000000e+03    3.8589579465e-03    7.0157877604e-01
       105   -1.5858191100e+01    2.5223876331e+02   -2.7223106209e+01    1.1364915110e+01    1.0051996433e+01   -3.9349718675e+01    2.0746160328e+00    8.1920000000e+03    3.8562280148e-03    7.0204671224e-01
       106   -1.5849005195e+01    2.5187570722e+02   -2.7164997404e+01    1.1315992209e+01    1.0041058264e+01   -3.9310184473e+01    2.1041288058e+00    8.1920000000e+03    3.8646415942e-03    7.0155843099e-01
       107   -1.5815249829e+01    2.5074844041e+02   -2.7099550659e+01    1.1284300830e+01    1.0029735026e+01   -3.9157718956e+01    2.0284332712e+00    8.1920000000e+03    3.8501998663e-03    7.0220947266e-01
       108   -1.5842608055e+01    2.5163978509e+02   -2.7066118171e+01    1.1223510117e+01    1.0063942229e+01   -3.9093235892e+01    1.9631754913e+00    8.1920000000e+03    3.8684264420e-03    7.0261637370e-01
       109   -1.5832536574e+01    2.5135667844e+02   -2.7321604761e+01    1.1489068187e+01    1.0013457765e+01   -3.9372868799e+01    2.0378062740e+00    8.1920000000e+03    3.8473688776e-03    6.9907633464e-01
       110   -1.5841463645e+01    2.5171191734e+02   -2.7345528245e+01    1.1504064601e+01    1.0037127427e+01   -3.9401353607e+01    2.0186979345e+00    8.1920000000e+03    3.8429896594e-03    6.9594319661e-01
       111   -1.5844462951e+01    2.5183294484e+02   -2.7366637315e+01    1.1522174364e+01    1.0137175960e+01   -3.9548129692e+01    2.0443164173e+00    8.1920000000e+03    3.8679101068e-03    6.9980875651e-01
       112   -1.5835504395e+01    2.5146005196e+02   -2.7479912854e+01    1.1644408458e+01    1.0134979657e+01   -3.9679978557e+01    2.0650860469e+00    8.1920000000e+03    3.9044533405e-03    6.9639078776e-01
       113   -1.5846615001e+01    2.5181985084e+02   -2.7227774060e+01    1.1381159058e+01    1.0073624174e+01   -3.9386972356e+01    2.0855741221e+00    8.1920000000e+03    3.8580933270e-03    7.0098876953e-01
       114   -1.5827655337e+01    2.5116970940e+02   -2.7297597943e+01    1.1469942606e+01    1.0084666120e+01   -3.9273518765e+01    1.8912547022e+00    8.1920000000e+03    3.8665812396e-03    6.9952392578e-01
       115   -1.5834353463e+01    2.5143644367e+02   -2.7391024610e+01    1.1556671147e+01    1.0045107093e+01   -3.9471480113e+01    2.0353484104e+00    8.1920000000e+03    3.8571456995e-03    7.0003255208e-01
       116   -1.5836723668e+01    2.5152721435e+02   -2.7240159206e+01    1.1403435538e+01    1.0082469137e+01   -3.9366137852e+01    2.0435095087e+00    8.1920000000e+03    3.8407105249e-03    7.0524088542e-01
       117   -1.5851386882e+01    2.5199562540e+02   -2.7212192337e+01    1.1360805455e+01    1.0025259141e+01   -3.9136302630e+01    1.8988511518e+00    8.1920000000e+03    3.8616132962e-03    6.9936116536e-01
       118   -1.5867318165e+01    2.5241470550e+02   -2.7243808487e+01    1.1376490322e+01    1.0146881588e+01   -3.9407376406e+01    2.0166863310e+00    8.1920000000e+03    3.9201219080e-03    6.9689941406e-01
       119   -1.5848587575e+01    2.5187979428e+02   -2.7141868431e+01    1.1293280856e+01    1.0072243506e+01   -3.9257419253e+01    2.0433073159e+00    8.1920000000e+03    3.8699728824e-03    7.0078531901e-01
       120   -1.5864655101e+01    2.5237803323e+02   -2.7142443255e+01    1.1277788154e+01    1.0036496412e+01   -3.9277586478e+01    2.0986468110e+00    8.1920000000e+03    3.8557061548e-03    7.0170084635e-01
       121   -1.5847765570e+01    2.5193626354e+02   -2.6994986116e+01    1.1147220546e+01    1.0039927450e+01   -3.9171900807e+01    2.1369872412e+00    8.1920000000e+03    3.8464752206e-03    7.0227050781e-01
       122   -1.5840006115e+01    2.5156590877e+02   -2.6920684005e+01    1.1080677891e+01    9.9559856525e+00   -3.8954121571e+01    2.0774519129e+00    8.1920000000e+03    3.8436244186e-03    7.0412190755e-01
       123   -1.5849379051e+01    2.5190272647e+02   -2.7016706857e+01    1.1167327805e+01    9.9776314224e+00   -3.8972571113e+01    1.9782328342e+00    8.1920000000e+03    3.8474145337e-03    7.0147705078e-01
       124   -1.5847218095e+01    2.5183657763e+02   -2.7144694500e+01    1.1297476405e+01    9.9940691558e+00   -3.9133198420e+01    1.9944347643e+00    8.1920000000e+03    3.8654637982e-03    7.0576985677e-01
       125   -1.5841338717e+01    2.5168876147e+02   -2.7076168149e+01    1.1234829432e+01    9.9694683760e+00   -3.9103467270e+01    2.0578307455e+00    8.1920000000e+03    3.8342387265e-03    7.0599365234e-01
       126   -1.5870504112e+01    2.5259480440e+02   -2.7157322328e+01    1.1286818216e+01    9.9830938815e+00   -3.9133292226e+01    1.9928760169e+00    8.1920000000e+03    3.8510530667e-03    7.0450846354e-01
       127   -1.5873769444e+01    2.5275248408e+02   -2.7226848655e+01    1.1353079211e+01    9.9935011408e+00   -3.9211946651e+01    1.9915968554e+00    8.1920000000e+03    3.8426455139e-03    7.0098876953e-01
       128   -1.5834396992e+01    2.5150048145e+02   -2.7217739056e+01    1.1383342064e+01    1.0019085678e+01   -3.9204798807e+01    1.9679740728e+00    8.1920000000e+03    3.8463463593e-03    7.0375569661e-01
       129   -1.5841985999e+01    2.5170030268e+02   -2.7260764125e+01    1.1418778126e+01    1.0024119849e+01   -3.9352479536e+01    2.0675955622e+00    8.1920000000e+03    3.8765465372e-03    7.0092773437e-01
       130   -1.5838458888e+01    2.5162902863e+02   -2.7439749523e+01    1.1601290636e+01    1.0076615319e+01   -3.9466260003e+01    1.9498951605e+00    8.1920000000e+03    3.8664890823e-03    6.9797770182e-01
       131   -1.5842939803e+01    2.5168297813e+02   -2.7204265624e+01    1.1361325821e+01    1.0072915938e+01   -3.9327888965e+01    2.0507074027e+00    8.1920000000e+03    3.8579731302e-03    6.9905598958e-01
       132   -1.5829400124e+01    2.5122581011e+02   -2.7010468663e+01    1.1181068538e+01    1.0006133544e+01   -3.9055691437e+01    2.0390892300e+00    8.1920000000e+03    3.8382695587e-03    7.0597330729e-01
       133   -1.5833349289e+01    2.5141875813e+02   -2.7042071254e+01    1.1208721965e+01    1.0014629028e+01   -3.9129110028e+01    2.0724097463e+00    8.1920000000e+03    3.8458788986e-03    7.0631917318e-01
       134   -1.5861265221e+01    2.5227675688e+02   -2.7197439143e+01    1.1336173922e+01    1.0052992812e+01   -3.9242023090e+01    1.9915911350e+00    8.1920000000e+03    3.8603897363e-03    7.0277913411e-01
       135   -1.5862682576e+01    2.5224558020e+02   -2.7022790683e+01    1.1160108107e+01    1.0002253262e+01   -3.9011976848e+01    1.9869329030e+00    8.1920000000e+03    3.8747986548e-03    7.0141601562e-01
       136   -1.5851767675e+01    2.5197241825e+02   -2.7025831150e+01    1.1174063475e+01    1.0001636879e+01   -3.8927224743e+01    1.8997567136e+00    8.1920000000e+03    3.8570132407e-03    7.0249430339e-01
       137   -1.5863850934e+01    2.5233435026e+02   -2.7108984706e+01    1.1245133771e+01    9.9861764778e+00   -3.9051476500e+01    1.9563153164e+00    8.1920000000e+03    3.8543110840e-03    7.0343017578e-01
       138   -1.5862008140e+01    2.5230703041e+02   -2.7296017576e+01    1.1434009436e+01    1.0050538964e+01   -3.9326720938e+01    1.9801643989e+00    8.1920000000e+03    3.8546517578e-03    6.9942220052e-01
       139   -1.5874835082e+01    2.5268607999e+02   -2.7191842227e+01    1.1317007145e+01    1.0077456483e+01   -3.9320262440e+01    2.0509637311e+00    8.1920000000e+03    3.8625000528e-03    6.9604492187e-01
       140   -1.5833099608e+01    2.5141631224e+02   -2.7433227245e+01    1.1600127638e+01    1.0137163842e+01   -3.9703105015e+01    2.1327139281e+00    8.1920000000e+03    3.8777169202e-03    6.9661458333e-01
       141   -1.5839249793e+01    2.5166311128e+02   -2.7308085325e+01    1.1468835532e+01    1.0098618874e+01   -3.9330286405e+01    1.9235822067e+00    8.1920000000e+03    3.8724472156e-03    6.9828287760e-01
       142   -1.5842803658e+01    2.5176167176e+02   -2.7324753197e+01    1.1481949539e+01    1.0120070731e+01   -3.9508105687e+01    2.0632817584e+00    8.1920000000e+03    3.8642743530e-03    6.9852701823e-01
       143   -1.5830248985e+01    2.5139277543e+02   -2.7289610321e+01    1.1459361336e+01    1.0050436090e+01   -3.9361571638e+01    2.0215252267e+00    8.1920000000e+03    3.8612246198e-03    6.9946289062e-01
       144   -1.5829829299e+01    2.5126570690e+02   -2.7149593743e+01    1.1319764443e+01    1.0046792614e+01   -3.9249203501e+01    2.0528171443e+00    8.1920000000e+03    3.8708742206e-03    7.0237223307e-01
       145   -1.5851577327e+01    2.5195311310e+02   -2.7186352456e+01    1.1334775129e+01    1.0021604082e+01   -3.9200569206e+01    1.9926126673e+00    8.1920000000e+03    3.8477720490e-03    7.0345052083e-01
       146   -1.5866863400e+01    2.5247413178e+02   -2.7396551030e+01    1.1529687630e+01    1.0074931032e+01   -3.9477823014e+01    2.0063409522e+00    8.1920000000e+03    3.8550193637e-03    6.9952392578e-01
       147   -1.5848141418e+01    2.5181732860e+02   -2.7188637321e+01    1.1340495903e+01    1.0052178860e+01   -3.9257492434e+01    2.0166762522e+00    8.1920000000e+03    3.8752913730e-03    7.0027669271e-01
       148   -1.5861145216e+01    2.5224131627e+02   -2.7157433485e+01    1.1296288269e+01    1.0064507960e+01   -3.9165714969e+01    1.9437735244e+00    8.1920000000e+03    3.8409621762e-03    7.0119222005e-01
       149   -1.5816621682e+01    2.5084867282e+02   -2.7009491554e+01    1.1192869873e+01    1.0042521923e+01   -3.9102411853e+01    2.0503983755e+00    8.1920000000e+03    3.8385216534e-03    7.0111083984e-01
       150   -1.5845032949e+01    2.5178198078e+02   -2.7303120631e+01    1.1458087682e+01    1.0109052165e+01   -3.9493241052e+01    2.0810682561e+00    8.1920000000e+03    3.8721646320e-03    6.9948323568e-01
       151   -1.5864411728e+01    2.5256343248e+02   -2.7501978194e+01    1.1637566466e+01    1.0105944879e+01   -3.9732770031e+01    2.1248469579e+00    8.1920000000e+03    3.8802806683e-03    6.9868977865e-01
       152   -1.5847401036e+01    2.5179348791e+02   -2.7200019362e+01    1.1352618326e+01    1.0029589034e+01   -3.9276270578e+01    2.0466621824e+00    8.1920000000e+03    3.8721135403e-03    6.9795735677e-01
       153   -1.5866199397e+01    2.5243968935e+02   -2.7094109276e+01    1.1227909879e+01    1.0010213644e+01   -3.9252080651e+01    2.1477577311e+00    8.1920000000e+03    3.8702778320e-03    7.0265706380e-01
       154   -1.5877547914e+01    2.5276685310e+02   -2.7197239723e+01    1.1319691809e+01    1.0014192460e+01   -3.9137144173e+01    1.9257119906e+00    8.1920000000e+03    3.8516489667e-03    7.0365397135e-01
       155   -1.5847664608e+01    2.5181992679e+02   -2.7208121545e+01    1.1360456938e+01    1.0046355816e+01   -3.9290866418e+01    2.0363890565e+00    8.1920000000e+03    3.8456653836e-03    7.0340983073e-01
       156   -1.5869333731e+01    2.5252787954e+02   -2.7191636481e+01    1.1322302750e+01    1.0006793071e+01   -3.9256701473e+01    2.0582719216e+00    8.1920000000e+03    3.8526943311e-03    7.0267740885e-01
       157   -1.5866037570e+01    2.5239892057e+02   -2.7182338850e+01    1.1316301280e+01    1.0055077370e+01   -3.9355052209e+01    2.1176359896e+00    8.1920000000e+03    3.8528268045e-03    7.0066324870e-01
       158   -1.5841598763e+01    2.5164496414e+02   -2.6966234817e+01    1.1124636054e+01    9.9878466928e+00   -3.9035193703e+01    2.0811121931e+00    8.1920000000e+03    3.8534674829e-03    6.9999186198e-01
       159   -1.5824694314e+01    2.5104940627e+02   -2.7024365787e+01    1.1199671473e+01    9.9617352405e+00   -3.9008940504e+01    2.0228394762e+00    8.1920000000e+03    3.8297197974e-03    7.0408121745e-01
       160   -1.5854961695e+01    2.5212692427e+02   -2.7099398227e+01    1.1244436532e+01    1.0031765240e+01   -3.9225751273e+01    2.0945878060e+00    8.1920000000e+03    3.8493717038e-03    7.0123291016e-01
       161   -1.5840209714e+01    2.5155386703e+02   -2.7225802583e+01    1.1385592869e+01    1.0068960310e+01   -3.9263619350e+01    1.9688564571e+00    8.1920000000e+03    3.8680764651e-03    7.0153808594e-01
       162   -1.5844842461e+01    2.5172338718e+02   -2.7331870879e+01    1.1487028418e+01    1.0129152753e+01   -3.9542812777e+01    2.0817891446e+00    8.1920000000e+03    3.8808999484e-03    7.0324707031e-01
       163   -1.5862693563e+01    2.5231874936e+02   -2.7296000267e+01    1.1433306704e+01    1.0060860222e+01   -3.9378460026e+01    2.0215995365e+00    8.1920000000e+03    3.8729231680e-03    7.0259602865e-01
       164   -1.5853332383e+01    2.5202905881e+02   -2.7228596857e+01    1.1375264475e+01    1.0055152516e+01   -3.9353433231e+01    2.0696838571e+00    8.1920000000e+03    3.8603833606e-03    7.0086669922e-01
       165   -1.5874754517e+01    2.5275068898e+02   -2.7251794762e+01    1.1377040245e+01    1.0029069816e+01   -3.9331574439e+01    2.0507098615e+00    8.1920000000e+03    3.8535483127e-03    7.0048014323e-01
       166   -1.5851544754e+01    2.5206716318e+02   -2.7237794883e+01    1.1386250129e+01    1.0010953155e+01   -3.9232811676e+01    1.9840636368e+00    8.1920000000e+03    3.8483747989e-03    7.0314534505e-01
       167   -1.5813938746e+01    2.5085222487e+02   -2.7237254245e+01    1.1423315499e+01    1.0034714958e+01   -3.9289947797e+01    2.0179785944e+00    8.1920000000e+03    3.8483804684e-03    6.9927978516e-01
       168   -1.5816554983e+01    2.5090175591e+02   -2.7238214667e+01    1.1421659684e+01    1.0025013917e+01   -3.9319295808e+01    2.0560672243e+00    8.1920000000e+03    3.8494546252e-03    7.0033772786e-01
       169   -1.5859879140e+01    2.5233809312e+02   -2.7122386277e+01    1.1262507136e+01    1.0026091869e+01   -3.9130572300e+01    1.9820941537e+00    8.1920000000e+03    3.8628311368e-03    7.0452880859e-01
       170   -1.5850485264e+01    2.5190077720e+02   -2.7261833343e+01    1.1411348079e+01    1.0025714448e+01   -3.9362093635e+01    2.0745458445e+00    8.1920000000e+03    3.8683600693e-03    7.0501708984e-01
       171   -1.5859205848e+01    2.5228363211e+02   -2.7328258363e+01    1.1469052515e+01    1.0050369590e+01   -3.9415551266e+01    2.0369233125e+00    8.1920000000e+03    3.8565675214e-03    7.0111083984e-01
       172   -1.5861301128e+01    2.5223686092e+02   -2.7314927052e+01    1.1453625924e+01    9.9967942016e+00   -3.9318196812e+01    2.0064755589e+00    8.1920000000e+03    3.8434851730e-03    7.0269775391e-01
       173   -1.5842436368e+01    2.5165310005e+02   -2.7251710024e+01    1.1409273656e+01    1.0062811811e+01   -3.9378537415e+01    2.0640155800e+00    8.1920000000e+03    3.8627805786e-03    7.0279947917e-01
       174   -1.5831586437e+01    2.5129829163e+02   -2.7104427685e+01    1.1272841248e+01    1.0024703528e+01   -3.9278572434e+01    2.1494412212e+00    8.1920000000e+03    3.8390047729e-03    6.9974772135e-01
       175   -1.5833611375e+01    2.5135837346e+02   -2.6905370981e+01    1.1071759605e+01    9.9880565411e+00   -3.8913512343e+01    2.0200848214e+00    8.1920000000e+03    3.8227030420e-03    7.0349121094e-01
       176   -1.5850405758e+01    2.5193231907e+02   -2.7205761353e+01    1.1355355595e+01    1.0044690630e+01   -3.9187414566e+01    1.9369625820e+00    8.1920000000e+03    3.8573035660e-03    7.0336914062e-01
       177   -1.5849585709e+01    2.5185951960e+02   -2.7158262242e+01    1.1308676533e+01    1.0053948434e+01   -3.9232286682e+01    2.0200760055e+00    8.1920000000e+03    3.8701975821e-03    7.0180257161e-01
       178   -1.5854212128e+01    2.5203061469e+02   -2.7286264679e+01    1.1432052550e+01    1.0073397316e+01   -3.9420061256e+01    2.0603992614e+00    8.1920000000e+03    3.8489878278e-03    6.9761149089e-01
       179   -1.5855905711e+01    2.5208267596e+02   -2.7160801512e+01    1.1304895801e+01    1.0006563229e+01   -3.9230609430e+01    2.0632446884e+00    8.1920000000e+03    3.8566035339e-03    7.0090738932e-01
       180   -1.5855170142e+01    2.5205161153e+02   -2.7010906724e+01    1.1155736582e+01    9.9596926429e+00   -3.9058916081e+01    2.0883167135e+00    8.1920000000e+03    3.8256860559e-03    7.0135498047e-01
       181   -1.5871781791e+01    2.5264586334e+02   -2.7272123102e+01    1.1400341311e+01    9.9840549645e+00   -3.9293655928e+01    2.0374778609e+00    8.1920000000e+03    3.8578276358e-03    7.0438639323e-01
       182   -1.5867695525e+01    2.5251339836e+02   -2.7284646008e+01    1.1416950483e+01    1.0042395830e+01   -3.9475143821e+01    2.1481019827e+00    8.1920000000e+03    3.8657653766e-03    7.0096842448e-01
       183   -1.5857301206e+01    2.5208620109e+02   -2.7141781536e+01    1.1284480330e+01    1.0035126777e+01   -3.9329438394e+01    2.1525300801e+00    8.1920000000e+03    3.8615773495e-03    6.9948323568e-01
       184   -1.5880168107e+01    2.5290754699e+02   -2.7219281470e+01    1.1339113363e+01    1.0015402846e+01   -3.9315465425e+01    2.0807811087e+00    8.1920000000e+03    3.8368707394e-03    7.0155843099e-01
       185   -1.5860190074e+01    2.5221804124e+02   -2.7286376617e+01    1.1426186544e+01    1.0062098254e+01   -3.9474840101e+01    2.1263652299e+00    8.1920000000e+03    3.8383908286e-03    7.0170084635e-01
       186   -1.5853243665e+01    2.5199820232e+02   -2.7307905120e+01    1.1454661456e+01    1.0063743702e+01   -3.9441365225e+01    2.0697164031e+00    8.1920000000e+03    3.8483431909e-03    7.0190429687e-01
       187   -1.5849980031e+01    2.5189664368e+02   -2.7297383045e+01    1.1447403015e+01    1.0095120209e+01   -3.9540683615e+01    2.1481803599e+00    8.1920000000e+03    3.8694829303e-03    7.0218912760e-01
       188   -1.5852361582e+01    2.5199087557e+02   -2.7256082620e+01    1.1403721038e+01    1.0072263206e+01   -3.9423988788e+01    2.0956429622e+00    8.1920000000e+03    3.8599311539e-03    7.0129394531e-01
       189   -1.5848028793e+01    2.5204687084e+02   -2.7290140498e+01    1.1442111705e+01    1.0089698681e+01   -3.9473654705e+01    2.0938155262e+00    8.1920000000e+03    3.8638528281e-03    7.0216878255e-01
       190   -1.5845271029e+01    2.5176788373e+02   -2.7295930077e+01    1.1450659048e+01    1.0017147088e+01   -3.9364050253e+01    2.0509730878e+00    8.1920000000e+03    3.8409960489e-03    6.9903564453e-01
       191   -1.5840333912e+01    2.5159942150e+02   -2.7268829448e+01    1.1428495536e+01    1.0000873366e+01   -3.9228895497e+01    1.9591926839e+00    8.1920000000e+03    3.8536153027e-03    6.9938151042e-01
       192   -1.5851024921e+01    2.5198632430e+02   -2.6972931947e+01    1.1121907027e+01    9.9352900208e+00   -3.8871179525e+01    1.9629575567e+00    8.1920000000e+03    3.8206826181e-03    7.0068359375e-01
       193   -1.5858365693e+01    2.5220012129e+02   -2.6988589441e+01    1.1130223748e+01    9.9363565314e+00   -3.8868132355e+01    1.9431863822e+00    8.1920000000e+03    3.8378961942e-03    7.0556640625e-01
       194   -1.5860227531e+01    2.5228142637e+02   -2.7004468212e+01    1.1144240681e+01    9.9570375326e+00   -3.9010209939e+01    2.0487041943e+00    8.1920000000e+03    3.8266659897e-03    7.0540364583e-01
       195   -1.5822890908e+01    2.5104879581e+02   -2.6823239746e+01    1.1000348838e+01    9.9565757441e+00   -3.8747683524e+01    1.9678680339e+00    8.1920000000e+03    3.8270665198e-03    7.0550537109e-01
       196   -1.5850908724e+01    2.5192941280e+02   -2.7057636129e+01    1.1206727405e+01    9.9518876442e+00   -3.8984521485e+01    1.9749977113e+00    8.1920000000e+03    3.8249894110e-03    7.0361328125e-01
       197   -1.5846269797e+01    2.5177417203e+02   -2.6998498040e+01    1.1152228243e+01    9.9316273199e+00   -3.8930559581e+01    2.0004342202e+00    8.1920000000e+03    3.8289534024e-03    7.0941162109e-01
       198   -1.5851850507e+01    2.5208290545e+02   -2.7231664055e+01    1.1379813548e+01    1.0061101889e+01   -3.9292724313e+01    1.9999583696e+00    8.1920000000e+03    3.8639930170e-03    7.0054117839e-01
       199   -1.5850143338e+01    2.5190298602e+02   -2.7147291375e+01    1.1297148036e+01    1.0054786692e+01   -3.9313140630e+01    2.1110625637e+00    8.1920000000e+03    3.8743451987e-03    6.9925944010e-01
