#   index    LocalEnergy         LocalEnergy_sq      LocalPotential      Kinetic             ElecElec            LocalECP            NonLocalECP         BlockWeight         BlockCPU            AcceptRatio         
         0   -1.5842958128e+01    2.5169377043e+02   -2.6863075047e+01    1.1020116919e+01    9.9129541520e+00   -3.9049334824e+01    2.2733056248e+00    2.0480000000e+03    9.4068298248e-04    7.0043945312e-01
         1   -1.5824240695e+01    2.5126632071e+02   -2.7157046733e+01    1.1332806037e+01    9.9594414319e+00   -3.9054076897e+01    1.9375887327e+00    2.0480000000e+03    9.6973091461e-04    6.9864908854e-01
         2   -1.5833339146e+01    2.5141288273e+02   -2.7172851184e+01    1.1339512038e+01    9.8859927544e+00   -3.8899939214e+01    1.8410952757e+00    2.0480000000e+03    9.5582343201e-04    7.0475260417e-01
         3   -1.5832846756e+01    2.5147426713e+02   -2.7046136982e+01    1.1213290226e+01    9.8623304413e+00   -3.8669005520e+01    1.7605380967e+00    2.0480000000e+03    9.4925891968e-04    7.0605468750e-01
         4   -1.5860139694e+01    2.5231765327e+02   -2.7129659031e+01    1.1269519337e+01    9.9202718555e+00   -3.8827059006e+01    1.7771281199e+00    2.0480000000e+03    9.4964567474e-04    7.0117187500e-01
         5   -1.5870564741e+01    2.5265446864e+02   -2.6957163207e+01    1.1086598466e+01    9.9370032386e+00   -3.8793015401e+01    1.8988489554e+00    2.0480000000e+03    9.4566175934e-04    6.9807942708e-01
         6   -1.5841166271e+01    2.5171630682e+02   -2.7107398459e+01    1.1266232188e+01    9.9710907865e+00   -3.8998923726e+01    1.9204344813e+00    2.0480000000e+03    9.5991753387e-04    7.0670572917e-01
         7   -1.5831198763e+01    2.5140338113e+02   -2.7011084527e+01    1.1179885763e+01    9.9371537798e+00   -3.8893482128e+01    1.9452438212e+00    2.0480000000e+03    9.4865708008e-04    6.9954427083e-01
         8   -1.5852968847e+01    2.5203005451e+02   -2.7139033261e+01    1.1286064414e+01    9.9231750763e+00   -3.9017137978e+01    1.9549296401e+00    2.0480000000e+03    9.5598217651e-04    7.0638020833e-01
         9   -1.5875649143e+01    2.5275269654e+02   -2.6964189534e+01    1.1088540391e+01    9.9057295574e+00   -3.8852662331e+01    1.9827432398e+00    2.0480000000e+03    9.5238675018e-04    7.0377604167e-01
        10   -1.5844633175e+01    2.5175384739e+02   -2.7062678252e+01    1.1218045077e+01    9.8768651911e+00   -3.8736194423e+01    1.7966509795e+00    2.0480000000e+03    9.5197192200e-04    7.0263671875e-01
        11   -1.5834076131e+01    2.5134711392e+02   -2.6966408477e+01    1.1132332346e+01    9.8140340708e+00   -3.8658100425e+01    1.8776578774e+00    2.0480000000e+03    9.5046163391e-04    7.0434570312e-01
        12   -1.5870588101e+01    2.5253008727e+02   -2.7184560343e+01    1.1313972241e+01    9.8326975555e+00   -3.8894997516e+01    1.8777396181e+00    2.0480000000e+03    9.4980989868e-04    7.0621744792e-01
        13   -1.5850199085e+01    2.5196738637e+02   -2.7238295594e+01    1.1388096509e+01    9.9572757956e+00   -3.9107916507e+01    1.9123451178e+00    2.0480000000e+03    9.5914205200e-04    7.0629882812e-01
        14   -1.5851229699e+01    2.5196602317e+02   -2.7256283246e+01    1.1405053547e+01    9.9623742335e+00   -3.9184872209e+01    1.9662147295e+00    2.0480000000e+03    9.5773995941e-04    7.0377604167e-01
        15   -1.5867083088e+01    2.5247855153e+02   -2.7061156887e+01    1.1194073799e+01    9.9070176176e+00   -3.9122531650e+01    2.1543571456e+00    2.0480000000e+03    9.6001295197e-04    6.9938151042e-01
        16   -1.5872003651e+01    2.5266029876e+02   -2.7162648238e+01    1.1290644587e+01    9.9578919139e+00   -3.9045112587e+01    1.9245724352e+00    2.0480000000e+03    9.5235450073e-04    7.0255533854e-01
        17   -1.5863156037e+01    2.5234683500e+02   -2.7146403906e+01    1.1283247869e+01    1.0025083172e+01   -3.9238302359e+01    2.0668152817e+00    2.0480000000e+03    9.5282784363e-04    7.0434570312e-01
        18   -1.5839164276e+01    2.5156869137e+02   -2.7158636708e+01    1.1319472432e+01    9.9349312183e+00   -3.9135056604e+01    2.0414886780e+00    2.0480000000e+03    9.5148912170e-04    7.0402018229e-01
        19   -1.5851539120e+01    2.5193035424e+02   -2.7062441456e+01    1.1210902335e+01    9.9479597423e+00   -3.9183416848e+01    2.1730156498e+00    2.0480000000e+03    9.5000898651e-04    6.9962565104e-01
        20   -1.5827851485e+01    2.5122152211e+02   -2.7064785699e+01    1.1236934214e+01    9.9350025133e+00   -3.9108507275e+01    2.1087190624e+00    2.0480000000e+03    9.5799942963e-04    7.0629882812e-01
        21   -1.5800410075e+01    2.5031080843e+02   -2.6943313343e+01    1.1142903268e+01    9.9087181586e+00   -3.8933501290e+01    2.0814697882e+00    2.0480000000e+03    9.5361901306e-04    7.0475260417e-01
        22   -1.5834294295e+01    2.5141133423e+02   -2.7131477991e+01    1.1297183695e+01    9.9233071069e+00   -3.9055411752e+01    2.0006266544e+00    2.0480000000e+03    9.5335500183e-04    6.9954427083e-01
        23   -1.5852001200e+01    2.5201144070e+02   -2.7003377327e+01    1.1151376127e+01    9.9280490148e+00   -3.9023877189e+01    2.0924508479e+00    2.0480000000e+03    9.4989866730e-04    6.9946289062e-01
        24   -1.5826152325e+01    2.5121215288e+02   -2.7011694954e+01    1.1185542630e+01    9.9651663757e+00   -3.9111221870e+01    2.1343605402e+00    2.0480000000e+03    9.6625449463e-04    6.9921875000e-01
        25   -1.5835070957e+01    2.5153981812e+02   -2.7183717346e+01    1.1348646389e+01    9.9801808822e+00   -3.9290627874e+01    2.1267296458e+00    2.0480000000e+03    9.5897273682e-04    6.9775390625e-01
        26   -1.5834998692e+01    2.5139501831e+02   -2.6891444038e+01    1.1056445347e+01    9.8709536882e+00   -3.8754221795e+01    1.9918240683e+00    2.0480000000e+03    9.4178924225e-04    6.9905598958e-01
        27   -1.5819114595e+01    2.5090403316e+02   -2.6556309439e+01    1.0737194844e+01    9.8036029260e+00   -3.8439354122e+01    2.0794417572e+00    2.0480000000e+03    9.4714087555e-04    7.0328776042e-01
        28   -1.5857911344e+01    2.5222898108e+02   -2.6791730636e+01    1.0933819292e+01    9.8337427258e+00   -3.8864582040e+01    2.2391086775e+00    2.0480000000e+03    9.3878151581e-04    7.0922851562e-01
        29   -1.5820191360e+01    2.5123374673e+02   -2.6788101112e+01    1.0967909753e+01    9.8433844307e+00   -3.8637197956e+01    2.0057124126e+00    2.0480000000e+03    9.4118313507e-04    7.0678710937e-01
        30   -1.5820142557e+01    2.5098560958e+02   -2.6913643396e+01    1.1093500839e+01    9.8501950920e+00   -3.8737171709e+01    1.9733332204e+00    2.0480000000e+03    9.4473536072e-04    7.0279947917e-01
        31   -1.5823646674e+01    2.5116561808e+02   -2.7148453092e+01    1.1324806418e+01    9.8772413953e+00   -3.8906692884e+01    1.8809983966e+00    2.0480000000e+03    9.4849301178e-04    6.9514973958e-01
        32   -1.5845659823e+01    2.5183960849e+02   -2.7166043657e+01    1.1320383834e+01    9.9137237590e+00   -3.8845762287e+01    1.7659948703e+00    2.0480000000e+03    9.5766639069e-04    7.0548502604e-01
        33   -1.5856625992e+01    2.5226412805e+02   -2.7337990852e+01    1.1481364861e+01    9.8731127119e+00   -3.8967298055e+01    1.7561944909e+00    2.0480000000e+03    9.5402112976e-04    7.0686848958e-01
        34   -1.5854435212e+01    2.5208792696e+02   -2.7355781444e+01    1.1501346233e+01    9.9704962825e+00   -3.9398106043e+01    2.0718283165e+00    2.0480000000e+03    9.5546678558e-04    7.0426432292e-01
        35   -1.5823661308e+01    2.5116676237e+02   -2.7073132235e+01    1.1249470928e+01    9.9082989889e+00   -3.8973322666e+01    1.9918914420e+00    2.0480000000e+03    9.5657877319e-04    6.9970703125e-01
        36   -1.5842613022e+01    2.5178128805e+02   -2.7192122481e+01    1.1349509459e+01    9.9804011396e+00   -3.9183304194e+01    2.0107805739e+00    2.0480000000e+03    9.5891646698e-04    7.0239257812e-01
        37   -1.5827724670e+01    2.5134189066e+02   -2.7218089333e+01    1.1390364663e+01    9.9683228595e+00   -3.9131147933e+01    1.9447357409e+00    2.0480000000e+03    9.5379875305e-04    7.0393880208e-01
        38   -1.5842013225e+01    2.5168349164e+02   -2.6933634922e+01    1.1091621697e+01    9.8906459171e+00   -3.8833436852e+01    2.0091560133e+00    2.0480000000e+03    9.5095225769e-04    7.0825195312e-01
        39   -1.5839280040e+01    2.5162350850e+02   -2.7015379334e+01    1.1176099293e+01    9.8929875408e+00   -3.9077322742e+01    2.1689558676e+00    2.0480000000e+03    9.4827766815e-04    6.9645182292e-01
        40   -1.5822937405e+01    2.5113896759e+02   -2.7064307857e+01    1.1241370452e+01    9.9216828685e+00   -3.9136831022e+01    2.1508402970e+00    2.0480000000e+03    9.4618756744e-04    7.0605468750e-01
        41   -1.5833243810e+01    2.5152252589e+02   -2.7026604711e+01    1.1193360901e+01    9.9144517060e+00   -3.9076017961e+01    2.1349615435e+00    2.0480000000e+03    9.6174331085e-04    7.0279947917e-01
        42   -1.5852636678e+01    2.5196996352e+02   -2.6901131265e+01    1.1048494587e+01    9.8882853320e+00   -3.8619715686e+01    1.8302990889e+00    2.0480000000e+03    9.5204052368e-04    7.0922851562e-01
        43   -1.5821705276e+01    2.5107458312e+02   -2.7122364003e+01    1.1300658727e+01    9.9196090574e+00   -3.9084014868e+01    2.0420418067e+00    2.0480000000e+03    9.5975533264e-04    7.0654296875e-01
        44   -1.5830474866e+01    2.5134833108e+02   -2.7040764313e+01    1.1210289446e+01    9.8918935975e+00   -3.8940615171e+01    2.0079572614e+00    2.0480000000e+03    9.4970760406e-04    7.0076497396e-01
        45   -1.5820531078e+01    2.5103053473e+02   -2.6995114662e+01    1.1174583584e+01    9.9375485320e+00   -3.8928266806e+01    1.9956036120e+00    2.0480000000e+03    9.5201242004e-04    7.0662434896e-01
        46   -1.5835676256e+01    2.5185520088e+02   -2.7103988139e+01    1.1268311883e+01    9.9501654063e+00   -3.8957213265e+01    1.9030597197e+00    2.0480000000e+03    9.5856910431e-04    7.0377604167e-01
        47   -1.5831805313e+01    2.5145997509e+02   -2.7091538344e+01    1.1259733031e+01    9.9312983963e+00   -3.9086666065e+01    2.0638293252e+00    2.0480000000e+03    9.7519212860e-04    7.0027669271e-01
        48   -1.5828146268e+01    2.5123827439e+02   -2.6905683230e+01    1.1077536962e+01    9.9375672512e+00   -3.8907371726e+01    2.0641212445e+00    2.0480000000e+03    9.5387415802e-04    7.0442708333e-01
        49   -1.5852856301e+01    2.5207573632e+02   -2.6838010121e+01    1.0985153820e+01    9.9094304564e+00   -3.8794389242e+01    2.0469486652e+00    2.0480000000e+03    9.5205931976e-04    7.0515950521e-01
        50   -1.5838574608e+01    2.5159037166e+02   -2.7011998567e+01    1.1173423960e+01    9.9350576269e+00   -3.9002130039e+01    2.0550738447e+00    2.0480000000e+03    9.5073148804e-04    7.0532226562e-01
        51   -1.5867718805e+01    2.5259717411e+02   -2.7075071271e+01    1.1207352466e+01    9.8890531872e+00   -3.8908118263e+01    1.9439938039e+00    2.0480000000e+03    9.5273098846e-04    7.0491536458e-01
        52   -1.5816350905e+01    2.5092452873e+02   -2.6941590734e+01    1.1125239829e+01    9.9483626836e+00   -3.8937254479e+01    2.0473010608e+00    2.0480000000e+03    9.4819945282e-04    7.0027669271e-01
        53   -1.5825666714e+01    2.5127577852e+02   -2.7084356690e+01    1.1258689976e+01    9.9073482898e+00   -3.8905036875e+01    1.9133318949e+00    2.0480000000e+03    9.5500762848e-04    6.9775390625e-01
        54   -1.5830373618e+01    2.5123541340e+02   -2.6860534006e+01    1.1030160387e+01    9.8919970877e+00   -3.8724128054e+01    1.9715969602e+00    2.0480000000e+03    9.4697258942e-04    7.0361328125e-01
        55   -1.5840478030e+01    2.5160487741e+02   -2.6966281933e+01    1.1125803903e+01    9.8703589370e+00   -3.8830069648e+01    1.9934287779e+00    2.0480000000e+03    9.5216961060e-04    7.0035807292e-01
        56   -1.5809769013e+01    2.5055419849e+02   -2.6772543979e+01    1.0962774966e+01    9.8331080529e+00   -3.8626876060e+01    2.0212240277e+00    2.0480000000e+03    9.4370418732e-04    7.0125325521e-01
        57   -1.5825789562e+01    2.5105836498e+02   -2.6842879400e+01    1.1017089838e+01    9.8567997699e+00   -3.8745233181e+01    2.0455540103e+00    2.0480000000e+03    9.4714741028e-04    7.0271809896e-01
        58   -1.5838050032e+01    2.5149668038e+02   -2.6836585345e+01    1.0998535313e+01    9.8273017700e+00   -3.8649994903e+01    1.9861077879e+00    2.0480000000e+03    9.4198340271e-04    7.1240234375e-01
        59   -1.5826390045e+01    2.5116135700e+02   -2.6733821260e+01    1.0907431215e+01    9.7866017820e+00   -3.8632672076e+01    2.1122490345e+00    2.0480000000e+03    9.4830734344e-04    7.0304361979e-01
        60   -1.5833213107e+01    2.5137946445e+02   -2.6941891125e+01    1.1108678018e+01    9.8123752055e+00   -3.8669343014e+01    1.9150766840e+00    2.0480000000e+03    9.4551302795e-04    7.0483398437e-01
        61   -1.5843551213e+01    2.5169442920e+02   -2.6829041089e+01    1.0985489877e+01    9.8922856839e+00   -3.8876132164e+01    2.1548053902e+00    2.0480000000e+03    9.4914959839e-04    7.1044921875e-01
        62   -1.5853580512e+01    2.5213667469e+02   -2.6810046961e+01    1.0956466448e+01    9.8569209094e+00   -3.8603179780e+01    1.9362119097e+00    2.0480000000e+03    9.5185563660e-04    6.9978841146e-01
        63   -1.5849418068e+01    2.5188810663e+02   -2.6812113192e+01    1.0962695125e+01    9.7998216926e+00   -3.8703356713e+01    2.0914218281e+00    2.0480000000e+03    9.5109116150e-04    7.0849609375e-01
        64   -1.5845606786e+01    2.5179870530e+02   -2.6859098405e+01    1.1013491619e+01    9.8748306629e+00   -3.8685116856e+01    1.9511877884e+00    2.0480000000e+03    9.4849610168e-04    7.0572916667e-01
        65   -1.5840567071e+01    2.5155743394e+02   -2.6944031389e+01    1.1103464318e+01    9.9216673321e+00   -3.8631830710e+01    1.7661319886e+00    2.0480000000e+03    9.4477724304e-04    7.0711263021e-01
        66   -1.5808254707e+01    2.5058472896e+02   -2.6917963937e+01    1.1109709230e+01    9.9329273894e+00   -3.8841425832e+01    1.9905345054e+00    2.0480000000e+03    9.4925645325e-04    7.0361328125e-01
        67   -1.5804865966e+01    2.5049888936e+02   -2.6853029107e+01    1.1048163141e+01    9.8668847647e+00   -3.8750184717e+01    2.0302708455e+00    2.0480000000e+03    9.5239783936e-04    7.0084635417e-01
        68   -1.5818291930e+01    2.5087381428e+02   -2.6954643850e+01    1.1136351920e+01    9.8293982495e+00   -3.8698565294e+01    1.9145231943e+00    2.0480000000e+03    9.5005330048e-04    6.9962565104e-01
        69   -1.5839329145e+01    2.5154003371e+02   -2.6749720092e+01    1.0910390946e+01    9.8449159348e+00   -3.8658003886e+01    2.0633678600e+00    2.0480000000e+03    9.5305375031e-04    7.0979817708e-01
        70   -1.5837351573e+01    2.5155392401e+02   -2.7037140931e+01    1.1199789358e+01    9.9014399197e+00   -3.8834036892e+01    1.8954560415e+00    2.0480000000e+03    9.7051638123e-04    6.9962565104e-01
        71   -1.5855383647e+01    2.5208228778e+02   -2.7141322194e+01    1.1285938547e+01    9.9889123699e+00   -3.9123765762e+01    1.9935311975e+00    2.0480000000e+03    9.4970442383e-04    7.0589192708e-01
        72   -1.5840908715e+01    2.5167423229e+02   -2.7030794341e+01    1.1189885626e+01    1.0020177839e+01   -3.9092400581e+01    2.0414284011e+00    2.0480000000e+03    9.5890239258e-04    7.0043945312e-01
        73   -1.5871719400e+01    2.5261949685e+02   -2.7035918554e+01    1.1164199154e+01    9.9675047426e+00   -3.9001441172e+01    1.9980178752e+00    2.0480000000e+03    9.5538783325e-04    7.0304361979e-01
        74   -1.5844800630e+01    2.5177472951e+02   -2.7194483429e+01    1.1349682799e+01    9.9887233425e+00   -3.9110377769e+01    1.9271709975e+00    2.0480000000e+03    9.5917317902e-04    7.0222981771e-01
        75   -1.5842893708e+01    2.5179391121e+02   -2.7075143300e+01    1.1232249592e+01    9.9630188546e+00   -3.9039155254e+01    2.0009930999e+00    2.0480000000e+03    9.5569162659e-04    7.0092773437e-01
        76   -1.5826598593e+01    2.5118269216e+02   -2.7171951153e+01    1.1345352560e+01    9.9045628569e+00   -3.9022466398e+01    1.9459523882e+00    2.0480000000e+03    9.5082578705e-04    7.0328776042e-01
        77   -1.5829173713e+01    2.5125307040e+02   -2.7065857791e+01    1.1236684078e+01    9.9109606490e+00   -3.8935859927e+01    1.9590414872e+00    2.0480000000e+03    9.5335938934e-04    7.0808919271e-01
        78   -1.5808010361e+01    2.5085536940e+02   -2.6939134240e+01    1.1131123879e+01    9.9070150497e+00   -3.8955028758e+01    2.1088794678e+00    2.0480000000e+03    9.5602607056e-04    7.0003255208e-01
        79   -1.5789216445e+01    2.4996286304e+02   -2.6996479327e+01    1.1207262882e+01    9.9497827175e+00   -3.9063931694e+01    2.1176696501e+00    2.0480000000e+03    9.5432108246e-04    7.0817057292e-01
        80   -1.5834166711e+01    2.5149005960e+02   -2.7258150981e+01    1.1423984270e+01    9.9302430392e+00   -3.9181020652e+01    1.9926266321e+00    2.0480000000e+03    9.5122016144e-04    7.0760091146e-01
        81   -1.5821725442e+01    2.5111102773e+02   -2.7132205718e+01    1.1310480276e+01    9.8990180488e+00   -3.9104871291e+01    2.0736475237e+00    2.0480000000e+03    9.5344562164e-04    6.9954427083e-01
        82   -1.5828791669e+01    2.5128240020e+02   -2.7143359536e+01    1.1314567867e+01    9.9113294020e+00   -3.9204943543e+01    2.1502546050e+00    2.0480000000e+03    9.5230897430e-04    7.0336914062e-01
        83   -1.5849998193e+01    2.5185214786e+02   -2.7129817034e+01    1.1279818841e+01    9.9511472675e+00   -3.9115166825e+01    2.0342025236e+00    2.0480000000e+03    9.5970629181e-04    7.0060221354e-01
        84   -1.5860895097e+01    2.5231014994e+02   -2.7040412621e+01    1.1179517524e+01    9.8996626638e+00   -3.8951832099e+01    2.0117568136e+00    2.0480000000e+03    9.4602365082e-04    7.0556640625e-01
        85   -1.5862910316e+01    2.5244388667e+02   -2.7298642651e+01    1.1435732335e+01    9.9846407245e+00   -3.9229022305e+01    1.9457389297e+00    2.0480000000e+03    9.4795343292e-04    6.9677734375e-01
        86   -1.5853126867e+01    2.5207411330e+02   -2.7492793364e+01    1.1639666498e+01    9.9227225236e+00   -3.9440427110e+01    2.0249112221e+00    2.0480000000e+03    9.5185289703e-04    6.9506835937e-01
        87   -1.5809847648e+01    2.5062447568e+02   -2.7021620725e+01    1.1211773077e+01    9.9587009770e+00   -3.9072596656e+01    2.0922749548e+00    2.0480000000e+03    9.5846135284e-04    7.0393880208e-01
        88   -1.5833543815e+01    2.5142444958e+02   -2.7204884490e+01    1.1371340675e+01    9.9285468803e+00   -3.9025699148e+01    1.8922677776e+00    2.0480000000e+03    9.4999986023e-04    7.0247395833e-01
        89   -1.5850900664e+01    2.5194148994e+02   -2.7248660992e+01    1.1397760328e+01    9.9515789141e+00   -3.9239153074e+01    2.0389131684e+00    2.0480000000e+03    9.5043829346e-04    6.9514973958e-01
        90   -1.5832389117e+01    2.5139756264e+02   -2.7162268299e+01    1.1329879182e+01    9.9232325318e+00   -3.9146061356e+01    2.0605605250e+00    2.0480000000e+03    9.5088120422e-04    7.0166015625e-01
        91   -1.5846765662e+01    2.5185222933e+02   -2.7028271847e+01    1.1181506185e+01    9.9483408724e+00   -3.9048810226e+01    2.0721975067e+00    2.0480000000e+03    9.5271074249e-04    7.0231119792e-01
        92   -1.5843844308e+01    2.5173315039e+02   -2.6981968421e+01    1.1138124113e+01    9.9360819968e+00   -3.9011125443e+01    2.0930750255e+00    2.0480000000e+03    9.5552976501e-04    7.0768229167e-01
        93   -1.5831724608e+01    2.5131263108e+02   -2.7086892235e+01    1.1255167627e+01    9.9376540664e+00   -3.9076277197e+01    2.0517308961e+00    2.0480000000e+03    9.5514187164e-04    6.9775390625e-01
        94   -1.5847503698e+01    2.5187368774e+02   -2.7224140068e+01    1.1376636370e+01    9.9563134644e+00   -3.9358571267e+01    2.1781177342e+00    2.0480000000e+03    9.6443049927e-04    7.0109049479e-01
        95   -1.5817608838e+01    2.5087703039e+02   -2.6916115140e+01    1.1098506302e+01    9.9736079658e+00   -3.9011527515e+01    2.1218044098e+00    2.0480000000e+03    9.5862593475e-04    7.0694986979e-01
        96   -1.5833988687e+01    2.5131966984e+02   -2.7170975167e+01    1.1336986480e+01    9.9012946413e+00   -3.9144296581e+01    2.0720267725e+00    2.0480000000e+03    9.5047857239e-04    6.9767252604e-01
        97   -1.5863773109e+01    2.5250458191e+02   -2.7047711250e+01    1.1183938141e+01    9.9474457966e+00   -3.8963911701e+01    1.9687546550e+00    2.0480000000e+03    9.5132547028e-04    7.0467122396e-01
        98   -1.5849408468e+01    2.5190597976e+02   -2.7130090630e+01    1.1280682161e+01    9.9063723840e+00   -3.9134800488e+01    2.0983374740e+00    2.0480000000e+03    9.5092763367e-04    7.0076497396e-01
        99   -1.5878290427e+01    2.5287174387e+02   -2.7175277084e+01    1.1296986657e+01    9.9632297666e+00   -3.9144604493e+01    2.0060976422e+00    2.0480000000e+03    9.6497257629e-04    6.9677734375e-01
       100   -1.5895250329e+01    2.5341271930e+02   -2.7051702306e+01    1.1156451976e+01    9.9430250902e+00   -3.8982623619e+01    1.9878962227e+00    2.0480000000e+03    9.5608913208e-04    6.9832356771e-01
       101   -1.5862642056e+01    2.5250499029e+02   -2.6940983306e+01    1.1078341250e+01    9.8991277768e+00   -3.8788713886e+01    1.9486028038e+00    2.0480000000e+03    9.5100137177e-04    6.9612630208e-01
       102   -1.5839711770e+01    2.5159927051e+02   -2.7009112875e+01    1.1169401105e+01    9.9811210965e+00   -3.9020187144e+01    2.0299531726e+00    2.0480000000e+03    9.5509030121e-04    6.9482421875e-01
       103   -1.5850927613e+01    2.5190215030e+02   -2.7053483767e+01    1.1202556154e+01    9.9918206221e+00   -3.9111176894e+01    2.0658725051e+00    2.0480000000e+03    9.5432180817e-04    7.0149739583e-01
       104   -1.5853674917e+01    2.5199031729e+02   -2.7030603969e+01    1.1176929052e+01    1.0027242419e+01   -3.9176278422e+01    2.1184320340e+00    2.0480000000e+03    9.5664973175e-04    7.0987955729e-01
       105   -1.5837696274e+01    2.5156134753e+02   -2.7112171723e+01    1.1274475449e+01    9.9927838741e+00   -3.9138147873e+01    2.0331922767e+00    2.0480000000e+03    9.6092177429e-04    7.0825195312e-01
       106   -1.5844372950e+01    2.5167535512e+02   -2.6872050277e+01    1.1027677326e+01    9.9521887010e+00   -3.8856299182e+01    2.0320602042e+00    2.0480000000e+03    9.5553835175e-04    7.1004231771e-01
       107   -1.5852604703e+01    2.5207640491e+02   -2.6963842762e+01    1.1111238059e+01    9.9655976610e+00   -3.8970865083e+01    2.0414246606e+00    2.0480000000e+03    9.4721915833e-04    6.9555664062e-01
       108   -1.5865306618e+01    2.5287715350e+02   -2.7171631633e+01    1.1306325015e+01    1.0004597314e+01   -3.9144652450e+01    1.9684235030e+00    2.0480000000e+03    9.5388038361e-04    7.0149739583e-01
       109   -1.5823543299e+01    2.5114909107e+02   -2.7167212467e+01    1.1343669168e+01    9.9771242691e+00   -3.9205502945e+01    2.0611662099e+00    2.0480000000e+03    9.5012688538e-04    6.9498697917e-01
       110   -1.5830376519e+01    2.5129952726e+02   -2.7119811315e+01    1.1289434797e+01    9.9540566616e+00   -3.9210018662e+01    2.1361506851e+00    2.0480000000e+03    9.5740160553e-04    7.0328776042e-01
       111   -1.5849980845e+01    2.5191394766e+02   -2.7085480990e+01    1.1235500145e+01    9.9425730342e+00   -3.9005251358e+01    1.9771973340e+00    2.0480000000e+03    9.5078811829e-04    6.9205729167e-01
       112   -1.5878349633e+01    2.5280102590e+02   -2.7175203296e+01    1.1296853663e+01    9.9227236492e+00   -3.9071189951e+01    1.9732630065e+00    2.0480000000e+03    9.5680890228e-04    6.9767252604e-01
       113   -1.5833088926e+01    2.5142758913e+02   -2.7312851724e+01    1.1479762798e+01    9.9407539163e+00   -3.9202357765e+01    1.9487521245e+00    2.0480000000e+03    9.5139808899e-04    7.0190429687e-01
       114   -1.5851398998e+01    2.5197091694e+02   -2.7039021168e+01    1.1187622170e+01    9.9137024395e+00   -3.8950693436e+01    1.9979698285e+00    2.0480000000e+03    9.5750879700e-04    6.9864908854e-01
       115   -1.5842585969e+01    2.5181589120e+02   -2.6940708094e+01    1.1098122124e+01    9.8970200877e+00   -3.8752808991e+01    1.9150808098e+00    2.0480000000e+03    9.5650079926e-04    7.0076497396e-01
       116   -1.5821633419e+01    2.5105101857e+02   -2.7144253593e+01    1.1322620174e+01    9.9343136758e+00   -3.9182752855e+01    2.1041855862e+00    2.0480000000e+03    9.5544578705e-04    7.0833333333e-01
       117   -1.5842228449e+01    2.5169840197e+02   -2.7104401504e+01    1.1262173054e+01    9.9059892396e+00   -3.9130336912e+01    2.1199461689e+00    2.0480000000e+03    9.7208624329e-04    7.0166015625e-01
       118   -1.5850210994e+01    2.5211499891e+02   -2.7204844180e+01    1.1354633186e+01    9.9498767864e+00   -3.9325944073e+01    2.1712231069e+00    2.0480000000e+03    9.5184102997e-04    7.0385742187e-01
       119   -1.5855312559e+01    2.5226057456e+02   -2.7340412212e+01    1.1485099653e+01    1.0044481167e+01   -3.9431260320e+01    2.0463669399e+00    2.0480000000e+03    9.6456205658e-04    7.0003255208e-01
       120   -1.5834025369e+01    2.5154728336e+02   -2.7188002375e+01    1.1353977005e+01    9.9660488164e+00   -3.9235600753e+01    2.0815495620e+00    2.0480000000e+03    9.5710815155e-04    7.0231119792e-01
       121   -1.5863328363e+01    2.5274075912e+02   -2.7374715876e+01    1.1511387512e+01    9.9641421495e+00   -3.9257978921e+01    1.9191208954e+00    2.0480000000e+03    9.5031841553e-04    7.0296223958e-01
       122   -1.5862188735e+01    2.5234946217e+02   -2.7163467144e+01    1.1301278409e+01    9.9764593535e+00   -3.9225121706e+01    2.0851952087e+00    2.0480000000e+03    9.5297752411e-04    7.0654296875e-01
       123   -1.5838127742e+01    2.5180399630e+02   -2.7221039947e+01    1.1382912205e+01    9.9924751081e+00   -3.9196219206e+01    1.9827041508e+00    2.0480000000e+03    9.5060801666e-04    7.0345052083e-01
       124   -1.5846237893e+01    2.5187872486e+02   -2.7088413095e+01    1.1242175202e+01    9.9348634400e+00   -3.8988708532e+01    1.9654319969e+00    2.0480000000e+03    9.5276031036e-04    6.9856770833e-01
       125   -1.5826665121e+01    2.5139707572e+02   -2.7251334470e+01    1.1424669349e+01    9.9713190124e+00   -3.9267559410e+01    2.0449059280e+00    2.0480000000e+03    9.5900994354e-04    7.0817057292e-01
       126   -1.5822933020e+01    2.5106101038e+02   -2.7112051156e+01    1.1289118136e+01    9.9179232384e+00   -3.9129588486e+01    2.0996140920e+00    2.0480000000e+03    9.4794313019e-04    6.9734700521e-01
       127   -1.5862003457e+01    2.5235470678e+02   -2.7123895544e+01    1.1261892087e+01    9.9433961830e+00   -3.9080691579e+01    2.0133998526e+00    2.0480000000e+03    9.5522173859e-04    7.0174153646e-01
       128   -1.5843467579e+01    2.5166823672e+02   -2.7134698346e+01    1.1291230767e+01    9.9473620112e+00   -3.8881764236e+01    1.7997038788e+00    2.0480000000e+03    9.5797737457e-04    7.0353190104e-01
       129   -1.5853020545e+01    2.5205840042e+02   -2.7048276101e+01    1.1195255556e+01    9.9187535872e+00   -3.8972889360e+01    2.0058596726e+00    2.0480000000e+03    9.5769797516e-04    6.9759114583e-01
       130   -1.5840214221e+01    2.5168781987e+02   -2.6767080761e+01    1.0926866540e+01    9.9002399618e+00   -3.8801602170e+01    2.1342814479e+00    2.0480000000e+03    9.5287577362e-04    6.9807942708e-01
       131   -1.5862911191e+01    2.5245246806e+02   -2.7021591018e+01    1.1158679827e+01    9.9404582913e+00   -3.8924159860e+01    1.9621105504e+00    2.0480000000e+03    9.5344701447e-04    7.0426432292e-01
       132   -1.5839954803e+01    2.5164156524e+02   -2.6954396233e+01    1.1114441430e+01    9.9201668023e+00   -3.8942389718e+01    2.0678266823e+00    2.0480000000e+03    9.5637892517e-04    7.0296223958e-01
       133   -1.5808353980e+01    2.5057602302e+02   -2.7035207957e+01    1.1226853978e+01    9.9182099389e+00   -3.8902311590e+01    1.9488936935e+00    2.0480000000e+03    9.5717239166e-04    7.1036783854e-01
       134   -1.5847011980e+01    2.5181202110e+02   -2.7031607501e+01    1.1184595521e+01    9.8672550582e+00   -3.8769540104e+01    1.8706775441e+00    2.0480000000e+03    9.4606859955e-04    7.0418294271e-01
       135   -1.5845349970e+01    2.5175193084e+02   -2.6881762093e+01    1.1036412123e+01    9.8578719112e+00   -3.8589339206e+01    1.8497052008e+00    2.0480000000e+03    9.5336580444e-04    7.0263671875e-01
       136   -1.5816367047e+01    2.5082977848e+02   -2.6789672961e+01    1.0973305914e+01    9.8941077206e+00   -3.8609012408e+01    1.9252317268e+00    2.0480000000e+03    9.4237676880e-04    7.0817057292e-01
       137   -1.5809962280e+01    2.5063140657e+02   -2.6908530416e+01    1.1098568136e+01    9.8703223042e+00   -3.8882511274e+01    2.1036585535e+00    2.0480000000e+03    9.5275800995e-04    7.0694986979e-01
       138   -1.5800884096e+01    2.5042765782e+02   -2.6694783337e+01    1.0893899241e+01    9.8121638005e+00   -3.8513162465e+01    2.0062153282e+00    2.0480000000e+03    9.5307549835e-04    6.9986979167e-01
       139   -1.5840651494e+01    2.5165152933e+02   -2.6833206937e+01    1.0992555444e+01    9.8547130957e+00   -3.8702559849e+01    2.0146398160e+00    2.0480000000e+03    9.4537773041e-04    7.0678710937e-01
       140   -1.5846894143e+01    2.5193644797e+02   -2.7027703852e+01    1.1180809708e+01    9.9063296602e+00   -3.8907751193e+01    1.9737176812e+00    2.0480000000e+03    9.6574734314e-04    7.0450846354e-01
       141   -1.5831885176e+01    2.5139933804e+02   -2.7062311044e+01    1.1230425868e+01    9.9137793636e+00   -3.9029100976e+01    2.0530105688e+00    2.0480000000e+03    9.5247610748e-04    7.0100911458e-01
       142   -1.5874198062e+01    2.5271748536e+02   -2.7076221234e+01    1.1202023173e+01    9.8658335835e+00   -3.8984557631e+01    2.0425028128e+00    2.0480000000e+03    9.4401151001e-04    6.9913736979e-01
       143   -1.5859617665e+01    2.5229318246e+02   -2.7115057487e+01    1.1255439822e+01    9.8908106913e+00   -3.8927199669e+01    1.9213314904e+00    2.0480000000e+03    9.5013852814e-04    7.0410156250e-01
       144   -1.5848975502e+01    2.5195786719e+02   -2.6877518418e+01    1.1028542916e+01    9.8453998635e+00   -3.8590089305e+01    1.8671710232e+00    2.0480000000e+03    9.4916653809e-04    7.0149739583e-01
       145   -1.5824195687e+01    2.5105820159e+02   -2.6905168878e+01    1.1080973191e+01    9.8654062499e+00   -3.8699827442e+01    1.9292523133e+00    2.0480000000e+03    9.5003310516e-04    7.0027669271e-01
       146   -1.5827986279e+01    2.5119813795e+02   -2.6752862490e+01    1.0924876211e+01    9.8775083851e+00   -3.8677539786e+01    2.0471689109e+00    2.0480000000e+03    9.4889853607e-04    7.0255533854e-01
       147   -1.5810139679e+01    2.5075381065e+02   -2.6844619357e+01    1.1034479678e+01    9.8829091765e+00   -3.8843136242e+01    2.1156077084e+00    2.0480000000e+03    9.5248506927e-04    7.1061197917e-01
       148   -1.5848118515e+01    2.5190845114e+02   -2.6972889240e+01    1.1124770725e+01    9.8546669054e+00   -3.8700003030e+01    1.8724468840e+00    2.0480000000e+03    9.4914281677e-04    7.0166015625e-01
       149   -1.5828135579e+01    2.5120453140e+02   -2.6969049195e+01    1.1140913616e+01    9.8938048345e+00   -3.8909754951e+01    2.0469009208e+00    2.0480000000e+03    9.5774630768e-04    7.0279947917e-01
       150   -1.5852656975e+01    2.5208027481e+02   -2.6870056025e+01    1.1017399050e+01    9.8729541384e+00   -3.8915143412e+01    2.1721332484e+00    2.0480000000e+03    9.4738180298e-04    7.0670572917e-01
       151   -1.5863916090e+01    2.5246967461e+02   -2.6951455840e+01    1.1087539750e+01    9.9231517574e+00   -3.9017776740e+01    2.1431691423e+00    2.0480000000e+03    9.4849199921e-04    7.0052083333e-01
       152   -1.5832606874e+01    2.5140008012e+02   -2.6951526995e+01    1.1118920121e+01    9.8908999029e+00   -3.9000949258e+01    2.1585223606e+00    2.0480000000e+03    9.5171801727e-04    7.0166015625e-01
       153   -1.5845319389e+01    2.5197171638e+02   -2.6874013382e+01    1.1028693993e+01    9.9311050479e+00   -3.8924795787e+01    2.1196773570e+00    2.0480000000e+03    9.5190571503e-04    7.0678710937e-01
       154   -1.5844868416e+01    2.5182380060e+02   -2.6890726878e+01    1.1045858462e+01    9.9097649714e+00   -3.8999795490e+01    2.1993036412e+00    2.0480000000e+03    9.4678002655e-04    6.9734700521e-01
       155   -1.5852515627e+01    2.5218403855e+02   -2.7047254884e+01    1.1194739257e+01    9.9023416316e+00   -3.9031044982e+01    2.0814484673e+00    2.0480000000e+03    9.5194536682e-04    7.0564778646e-01
       156   -1.5836364681e+01    2.5147600838e+02   -2.7118720975e+01    1.1282356293e+01    9.9079555461e+00   -3.9042424233e+01    2.0157477126e+00    2.0480000000e+03    9.5147415924e-04    7.0792643229e-01
       157   -1.5809834062e+01    2.5063300151e+02   -2.7130500970e+01    1.1320666908e+01    9.9586364041e+00   -3.9054109033e+01    1.9649716588e+00    2.0480000000e+03    9.6059609558e-04    6.9946289062e-01
       158   -1.5841133647e+01    2.5163083118e+02   -2.7153514528e+01    1.1312380881e+01    9.9457997102e+00   -3.9189357161e+01    2.0900429226e+00    2.0480000000e+03    9.5669243805e-04    7.0084635417e-01
       159   -1.5850117818e+01    2.5196152691e+02   -2.7064944465e+01    1.1214826647e+01    9.9148194676e+00   -3.8934254637e+01    1.9544907042e+00    2.0480000000e+03    9.5656244934e-04    6.9750976562e-01
       160   -1.5881792381e+01    2.5293844693e+02   -2.6957297961e+01    1.1075505580e+01    9.9375042749e+00   -3.8825969021e+01    1.9311667854e+00    2.0480000000e+03    9.5416314819e-04    7.0597330729e-01
       161   -1.5849705362e+01    2.5212913923e+02   -2.6903191625e+01    1.1053486263e+01    9.8201498100e+00   -3.8639683060e+01    1.9163416246e+00    2.0480000000e+03    9.5231275757e-04    7.0613606771e-01
       162   -1.5840213410e+01    2.5191930311e+02   -2.6922127043e+01    1.1081913633e+01    9.7887988312e+00   -3.8621630286e+01    1.9107044124e+00    2.0480000000e+03    9.4184727142e-04    7.0589192708e-01
       163   -1.5863426297e+01    2.5259580064e+02   -2.6889312445e+01    1.1025886148e+01    9.8491001291e+00   -3.8764364553e+01    2.0259519783e+00    2.0480000000e+03    9.6639147430e-04    7.0068359375e-01
       164   -1.5872522696e+01    2.5271486137e+02   -2.7179316638e+01    1.1306793943e+01    9.9440377332e+00   -3.9117263542e+01    1.9939091704e+00    2.0480000000e+03    9.4706658264e-04    7.0271809896e-01
       165   -1.5871721507e+01    2.5263390055e+02   -2.6975741666e+01    1.1104020158e+01    9.9306022338e+00   -3.9034985103e+01    2.1286412036e+00    2.0480000000e+03    9.4915689087e-04    7.0174153646e-01
       166   -1.5836160803e+01    2.5156746670e+02   -2.6904574494e+01    1.1068413690e+01    9.9143383441e+00   -3.8727208996e+01    1.9082961581e+00    2.0480000000e+03    9.4698569489e-04    7.0361328125e-01
       167   -1.5824674687e+01    2.5123170893e+02   -2.7119651265e+01    1.1294976578e+01    9.9483422308e+00   -3.9122487845e+01    2.0544943496e+00    2.0480000000e+03    9.5465712769e-04    7.0670572917e-01
       168   -1.5825658179e+01    2.5116231797e+02   -2.7115363969e+01    1.1289705790e+01    9.9254338625e+00   -3.8898387252e+01    1.8575894212e+00    2.0480000000e+03    9.5461946747e-04    6.9409179687e-01
       169   -1.5841023935e+01    2.5171036961e+02   -2.7127273045e+01    1.1286249110e+01    9.8819088297e+00   -3.8966833645e+01    1.9576517703e+00    2.0480000000e+03    9.5364860016e-04    7.0914713542e-01
       170   -1.5844163104e+01    2.5175269336e+02   -2.7093084582e+01    1.1248921478e+01    9.9167068988e+00   -3.8954116131e+01    1.9443246501e+00    2.0480000000e+03    9.5647486298e-04    6.9978841146e-01
       171   -1.5841879185e+01    2.5162190824e+02   -2.6945849087e+01    1.1103969902e+01    9.9094716590e+00   -3.8587350128e+01    1.7320293818e+00    2.0480000000e+03    9.4575586395e-04    7.0776367187e-01
       172   -1.5854002514e+01    2.5208554316e+02   -2.7084551668e+01    1.1230549153e+01    9.8745516990e+00   -3.8878133904e+01    1.9190305368e+00    2.0480000000e+03    9.4292783478e-04    6.9506835937e-01
       173   -1.5851402270e+01    2.5201850955e+02   -2.7018217362e+01    1.1166815092e+01    9.8862417375e+00   -3.8996352811e+01    2.0918937118e+00    2.0480000000e+03    9.4893945831e-04    7.0263671875e-01
       174   -1.5819009406e+01    2.5101785785e+02   -2.7044383894e+01    1.1225374487e+01    9.9076082891e+00   -3.9043103007e+01    2.0911108245e+00    2.0480000000e+03    9.5627959839e-04    7.0393880208e-01
       175   -1.5820143989e+01    2.5115035129e+02   -2.7162782964e+01    1.1342638975e+01    9.9450667440e+00   -3.9103944837e+01    1.9960951293e+00    2.0480000000e+03    9.5753824036e-04    7.0499674479e-01
       176   -1.5844525792e+01    2.5180452276e+02   -2.7093659385e+01    1.1249133594e+01    9.9892618721e+00   -3.9065528806e+01    1.9826075483e+00    2.0480000000e+03    9.4985984222e-04    7.0141601562e-01
       177   -1.5824242282e+01    2.5107487449e+02   -2.7147920316e+01    1.1323678034e+01    9.9160504341e+00   -3.9131457800e+01    2.0674870501e+00    2.0480000000e+03    9.5432524353e-04    7.0743815104e-01
       178   -1.5801563184e+01    2.5042779570e+02   -2.7102604543e+01    1.1301041359e+01    9.9777576908e+00   -3.9080901939e+01    2.0005397050e+00    2.0480000000e+03    9.5603586731e-04    7.0214843750e-01
       179   -1.5821568965e+01    2.5105403026e+02   -2.7153880600e+01    1.1332311635e+01    9.9322837878e+00   -3.8946768891e+01    1.8606045034e+00    2.0480000000e+03    9.4799449432e-04    7.0402018229e-01
       180   -1.5839009899e+01    2.5155354548e+02   -2.7097755420e+01    1.1258745522e+01    9.9878441839e+00   -3.9035566336e+01    1.9499667317e+00    2.0480000000e+03    9.5573830902e-04    6.9799804687e-01
       181   -1.5858977846e+01    2.5240158573e+02   -2.7292976602e+01    1.1433998756e+01    9.9039014772e+00   -3.9090287335e+01    1.8934092560e+00    2.0480000000e+03    9.4723724091e-04    7.0052083333e-01
       182   -1.5840809331e+01    2.5173941500e+02   -2.7015786240e+01    1.1174976909e+01    9.9439271737e+00   -3.8865206687e+01    1.9054932739e+00    2.0480000000e+03    9.4964756042e-04    7.0377604167e-01
       183   -1.5821086967e+01    2.5103762188e+02   -2.7087082792e+01    1.1265995826e+01    9.8793680534e+00   -3.8912239709e+01    1.9457888632e+00    2.0480000000e+03    9.5425712494e-04    7.0442708333e-01
       184   -1.5833313368e+01    2.5152063581e+02   -2.6993057655e+01    1.1159744286e+01    9.9455073326e+00   -3.9192686399e+01    2.2541214118e+00    2.0480000000e+03    9.5063753998e-04    7.0540364583e-01
       185   -1.5857400256e+01    2.5231079992e+02   -2.6894866057e+01    1.1037465801e+01    9.9369264753e+00   -3.8835334033e+01    2.0035415007e+00    2.0480000000e+03    9.4627690308e-04    7.0890299479e-01
       186   -1.5836360176e+01    2.5154816563e+02   -2.7076853332e+01    1.1240493156e+01    9.9455559098e+00   -3.8931404944e+01    1.9089957021e+00    2.0480000000e+03    9.5465394928e-04    7.0654296875e-01
       187   -1.5844878407e+01    2.5177286256e+02   -2.6852176616e+01    1.1007298209e+01    9.8319193174e+00   -3.8497985903e+01    1.8138899695e+00    2.0480000000e+03    9.4121661285e-04    6.9954427083e-01
       188   -1.5870085743e+01    2.5258292541e+02   -2.6822093924e+01    1.0952008181e+01    9.8347565601e+00   -3.8718326048e+01    2.0614755636e+00    2.0480000000e+03    9.4818017822e-04    7.0572916667e-01
       189   -1.5864996332e+01    2.5241943488e+02   -2.6959967888e+01    1.1094971556e+01    9.8729192611e+00   -3.8906729524e+01    2.0738423750e+00    2.0480000000e+03    9.4833275024e-04    7.0703125000e-01
       190   -1.5863450546e+01    2.5240760120e+02   -2.7139141544e+01    1.1275690998e+01    9.9128001004e+00   -3.8918217689e+01    1.8662760447e+00    2.0480000000e+03    9.5439387207e-04    6.9930013021e-01
       191   -1.5853875265e+01    2.5207758659e+02   -2.7065855939e+01    1.1211980674e+01    9.8904631869e+00   -3.8963940227e+01    2.0076211005e+00    2.0480000000e+03    9.4676414642e-04    7.0987955729e-01
       192   -1.5848202589e+01    2.5204015194e+02   -2.7136972217e+01    1.1288769628e+01    9.9407142678e+00   -3.9101614419e+01    2.0239279348e+00    2.0480000000e+03    9.5514295349e-04    7.0011393229e-01
       193   -1.5889094277e+01    2.5350141562e+02   -2.7228117241e+01    1.1339022965e+01    9.9026855677e+00   -3.9060735998e+01    1.9299331893e+00    2.0480000000e+03    9.4745130005e-04    6.9783528646e-01
       194   -1.5806643871e+01    2.5071593894e+02   -2.6895236363e+01    1.1088592492e+01    9.8340592086e+00   -3.8898513866e+01    2.1692182939e+00    2.0480000000e+03    9.5391274933e-04    7.0930989583e-01
       195   -1.5806472652e+01    2.5083292498e+02   -2.6833010726e+01    1.1026538074e+01    9.8760403209e+00   -3.8837472314e+01    2.1284212664e+00    2.0480000000e+03    9.4709301147e-04    7.0450846354e-01
       196   -1.5858403127e+01    2.5227702555e+02   -2.6731400235e+01    1.0872997109e+01    9.8468177206e+00   -3.8559043108e+01    1.9808251524e+00    2.0480000000e+03    9.4431350098e-04    7.0231119792e-01
       197   -1.5830744104e+01    2.5141850385e+02   -2.6924614404e+01    1.1093870300e+01    9.9108120335e+00   -3.8720621206e+01    1.8851947688e+00    2.0480000000e+03    9.5069076111e-04    6.9938151042e-01
       198   -1.5833232914e+01    2.5151977660e+02   -2.7140871297e+01    1.1307638383e+01    9.9479803166e+00   -3.8993767122e+01    1.9049155076e+00    2.0480000000e+03    9.5327378662e-04    7.0833333333e-01
       199   -1.5860202147e+01    2.5228312923e+02   -2.7152783293e+01    1.1292581146e+01    9.9158748119e+00   -3.9085405238e+01    2.0167471335e+00    2.0480000000e+03    9.5490329193e-04    7.0548502604e-01
