#   index    LocalEnergy         LocalEnergy_sq      LocalPotential      Kinetic             ElecElec            LocalECP            NonLocalECP         BlockWeight         BlockCPU            AcceptRatio         
         0   -1.5846975711e+01    2.5175985041e+02   -2.7139228531e+01    1.1292252820e+01    1.0086048953e+01   -3.9433233180e+01    2.2079556960e+00    2.0480000000e+03    9.4843598389e-04    7.0434570312e-01
         1   -1.5848577348e+01    2.5191137636e+02   -2.7205828262e+01    1.1357250914e+01    1.0101022901e+01   -3.9390203179e+01    2.0833520169e+00    2.0480000000e+03    9.5255494080e-04    6.9946289062e-01
         2   -1.5849976025e+01    2.5195847895e+02   -2.7224265971e+01    1.1374289946e+01    1.0105236366e+01   -3.9415157156e+01    2.0856548193e+00    2.0480000000e+03    9.6093168701e-04    7.0214843750e-01
         3   -1.5844511458e+01    2.5171109672e+02   -2.7374802072e+01    1.1530290614e+01    1.0069838436e+01   -3.9452522892e+01    2.0078823841e+00    2.0480000000e+03    9.5850679504e-04    6.9254557292e-01
         4   -1.5873350465e+01    2.5265406361e+02   -2.7316817337e+01    1.1443466872e+01    1.0063836504e+01   -3.9449963704e+01    2.0693098630e+00    2.0480000000e+03    9.5525773010e-04    6.9653320312e-01
         5   -1.5849702442e+01    2.5188868503e+02   -2.7250520297e+01    1.1400817854e+01    1.0021377625e+01   -3.9313011520e+01    2.0411135992e+00    2.0480000000e+03    9.4785596741e-04    6.9588216146e-01
         6   -1.5845198057e+01    2.5190818217e+02   -2.7279066414e+01    1.1433868356e+01    1.0081257753e+01   -3.9348568669e+01    1.9882445023e+00    2.0480000000e+03    9.4476501526e-04    7.0011393229e-01
         7   -1.5837756516e+01    2.5161486575e+02   -2.7212086152e+01    1.1374329636e+01    1.0095138568e+01   -3.9471949499e+01    2.1647247798e+00    2.0480000000e+03    9.5278510040e-04    6.9555664062e-01
         8   -1.5831719734e+01    2.5150716159e+02   -2.7311147733e+01    1.1479427999e+01    1.0129243212e+01   -3.9431725518e+01    1.9913345736e+00    2.0480000000e+03    9.5929001221e-04    6.9449869792e-01
         9   -1.5784824972e+01    2.4987777343e+02   -2.7208063311e+01    1.1423238339e+01    1.0089224632e+01   -3.9249913910e+01    1.9526259682e+00    2.0480000000e+03    9.5662243439e-04    7.0100911458e-01
        10   -1.5841913184e+01    2.5189878654e+02   -2.7269937211e+01    1.1428024027e+01    1.0095903298e+01   -3.9356050269e+01    1.9902097599e+00    2.0480000000e+03    9.6871117889e-04    7.0336914062e-01
        11   -1.5868376734e+01    2.5256527105e+02   -2.7325956764e+01    1.1457580030e+01    1.0147780479e+01   -3.9615467402e+01    2.1417301579e+00    2.0480000000e+03    9.5820229706e-04    6.9897460937e-01
        12   -1.5863915122e+01    2.5240361405e+02   -2.7480269723e+01    1.1616354602e+01    1.0125276379e+01   -3.9672276335e+01    2.0667302321e+00    2.0480000000e+03    9.5481848907e-04    6.9409179687e-01
        13   -1.5896003504e+01    2.5339809809e+02   -2.7295015688e+01    1.1399012183e+01    1.0057849691e+01   -3.9499557833e+01    2.1466924541e+00    2.0480000000e+03    9.5818356934e-04    7.0019531250e-01
        14   -1.5856267097e+01    2.5210204285e+02   -2.7236297926e+01    1.1380030829e+01    1.0076384722e+01   -3.9426867697e+01    2.1141850490e+00    2.0480000000e+03    9.5780436340e-04    7.0410156250e-01
        15   -1.5862773857e+01    2.5231781596e+02   -2.7321839070e+01    1.1459065213e+01    1.0083785796e+01   -3.9590323341e+01    2.1846984755e+00    2.0480000000e+03    9.5784597137e-04    7.0467122396e-01
        16   -1.5878605286e+01    2.5280444929e+02   -2.7314139251e+01    1.1435533965e+01    1.0107167729e+01   -3.9446063120e+01    2.0247561404e+00    2.0480000000e+03    9.5284044159e-04    6.9604492187e-01
        17   -1.5868855440e+01    2.5246615862e+02   -2.7186357492e+01    1.1317502052e+01    1.0139064353e+01   -3.9496586440e+01    2.1711645958e+00    2.0480000000e+03    9.5354951080e-04    6.9685872396e-01
        18   -1.5881432088e+01    2.5295789502e+02   -2.7195730165e+01    1.1314298076e+01    1.0142081012e+01   -3.9587167811e+01    2.2493566349e+00    2.0480000000e+03    9.5858733795e-04    6.9742838542e-01
        19   -1.5884792451e+01    2.5295479508e+02   -2.7292923816e+01    1.1408131365e+01    1.0104749627e+01   -3.9312523750e+01    1.9148503064e+00    2.0480000000e+03    9.6083737305e-04    6.9685872396e-01
        20   -1.5886761934e+01    2.5310169414e+02   -2.7360660234e+01    1.1473898299e+01    1.0135278568e+01   -3.9397822420e+01    1.9018836179e+00    2.0480000000e+03    9.5383535950e-04    6.9905598958e-01
        21   -1.5833682879e+01    2.5149153961e+02   -2.7209025097e+01    1.1375342218e+01    1.0085432232e+01   -3.9445453002e+01    2.1509956735e+00    2.0480000000e+03    9.5285436584e-04    7.0336914062e-01
        22   -1.5837964869e+01    2.5163639346e+02   -2.7348935662e+01    1.1510970793e+01    1.0139064623e+01   -3.9527967817e+01    2.0399675324e+00    2.0480000000e+03    9.5812682251e-04    6.9791666667e-01
        23   -1.5871064726e+01    2.5258329451e+02   -2.7389390629e+01    1.1518325902e+01    1.0153807255e+01   -3.9499044796e+01    1.9558469124e+00    2.0480000000e+03    9.5756294403e-04    6.9270833333e-01
        24   -1.5846213947e+01    2.5178515848e+02   -2.7576954048e+01    1.1730740101e+01    1.0178097895e+01   -3.9710436583e+01    1.9553846399e+00    2.0480000000e+03    9.6354660461e-04    7.0345052083e-01
        25   -1.5852763283e+01    2.5198206542e+02   -2.7273258662e+01    1.1420495378e+01    1.0095777125e+01   -3.9411583983e+01    2.0425481966e+00    2.0480000000e+03    9.5993351135e-04    6.9506835937e-01
        26   -1.5848763657e+01    2.5184071414e+02   -2.7105229600e+01    1.1256465943e+01    1.0043944286e+01   -3.9225203924e+01    2.0760300376e+00    2.0480000000e+03    9.5145487030e-04    6.9571940104e-01
        27   -1.5876467781e+01    2.5286112105e+02   -2.7293245628e+01    1.1416777848e+01    1.0123021825e+01   -3.9560381347e+01    2.1441138937e+00    2.0480000000e+03    9.4903843353e-04    6.9750976562e-01
        28   -1.5849298829e+01    2.5189980471e+02   -2.7179707726e+01    1.1330408897e+01    1.0019214383e+01   -3.9180423965e+01    1.9815018557e+00    2.0480000000e+03    9.4832152222e-04    7.0035807292e-01
        29   -1.5842765527e+01    2.5176664485e+02   -2.7064803676e+01    1.1222038149e+01    1.0020040687e+01   -3.8940968544e+01    1.8561241809e+00    2.0480000000e+03    9.5395979065e-04    7.0751953125e-01
        30   -1.5844789593e+01    2.5177475148e+02   -2.7213869883e+01    1.1369080290e+01    1.0030478595e+01   -3.9355761283e+01    2.1114128045e+00    2.0480000000e+03    9.5293874542e-04    6.9759114583e-01
        31   -1.5822745535e+01    2.5135451036e+02   -2.7285265780e+01    1.1462520245e+01    1.0085280389e+01   -3.9363775403e+01    1.9932292336e+00    2.0480000000e+03    9.5637100891e-04    6.9848632812e-01
        32   -1.5829784233e+01    2.5122623711e+02   -2.7178392125e+01    1.1348607892e+01    1.0082739378e+01   -3.9392595181e+01    2.1314636779e+00    2.0480000000e+03    9.5481279602e-04    7.0857747396e-01
        33   -1.5856259661e+01    2.5216885660e+02   -2.7298878224e+01    1.1442618563e+01    1.0124899829e+01   -3.9539939366e+01    2.1161613128e+00    2.0480000000e+03    9.7709706940e-04    7.0109049479e-01
        34   -1.5864397213e+01    2.5258346583e+02   -2.7646137996e+01    1.1781740783e+01    1.0124713378e+01   -3.9843853589e+01    2.0730022157e+00    2.0480000000e+03    9.5323338898e-04    6.9930013021e-01
        35   -1.5889005189e+01    2.5326509190e+02   -2.7386243568e+01    1.1497238379e+01    1.0033389922e+01   -3.9461962325e+01    2.0423288349e+00    2.0480000000e+03    9.4978627716e-04    6.9384765625e-01
        36   -1.5864969497e+01    2.5238407837e+02   -2.7305566081e+01    1.1440596584e+01    1.0069773638e+01   -3.9415886980e+01    2.0405472619e+00    2.0480000000e+03    9.5712182922e-04    7.0410156250e-01
        37   -1.5887179010e+01    2.5330369476e+02   -2.7371374211e+01    1.1484195201e+01    1.0084729904e+01   -3.9400249930e+01    1.9441458143e+00    2.0480000000e+03    9.5537233978e-04    6.9734700521e-01
        38   -1.5853473279e+01    2.5214611612e+02   -2.7337879519e+01    1.1484406240e+01    1.0023793432e+01   -3.9290298105e+01    1.9286251539e+00    2.0480000000e+03    9.5490891541e-04    6.9580078125e-01
        39   -1.5831143474e+01    2.5130533452e+02   -2.7008210998e+01    1.1177067524e+01    9.9743756101e+00   -3.9146984538e+01    2.1643979296e+00    2.0480000000e+03    9.4788343872e-04    6.9433593750e-01
        40   -1.5832059472e+01    2.5134440659e+02   -2.7088735997e+01    1.1256676526e+01    9.9907345624e+00   -3.9123468499e+01    2.0439979390e+00    2.0480000000e+03    9.5146862885e-04    7.0166015625e-01
        41   -1.5841644629e+01    2.5171102672e+02   -2.7118070228e+01    1.1276425598e+01    1.0053201744e+01   -3.9238877541e+01    2.0676055701e+00    2.0480000000e+03    9.4506327850e-04    7.0458984375e-01
        42   -1.5836621834e+01    2.5166101072e+02   -2.7347074099e+01    1.1510452264e+01    1.0085231759e+01   -3.9539567218e+01    2.1072613597e+00    2.0480000000e+03    9.5132585297e-04    7.0117187500e-01
        43   -1.5853471623e+01    2.5197104603e+02   -2.7292949952e+01    1.1439478328e+01    1.0069521107e+01   -3.9326196421e+01    1.9637253626e+00    2.0480000000e+03    9.5214869141e-04    6.9449869792e-01
        44   -1.5840698418e+01    2.5160367622e+02   -2.7234372836e+01    1.1393674418e+01    1.0109838984e+01   -3.9414411167e+01    2.0701993463e+00    2.0480000000e+03    9.5817631531e-04    6.9759114583e-01
        45   -1.5843068471e+01    2.5166807859e+02   -2.7092584324e+01    1.1249515853e+01    1.0076468830e+01   -3.9330231938e+01    2.1611787849e+00    2.0480000000e+03    9.6239983459e-04    6.9986979167e-01
        46   -1.5852151107e+01    2.5190820736e+02   -2.7366007816e+01    1.1513856709e+01    1.0075323065e+01   -3.9400715259e+01    1.9593843779e+00    2.0480000000e+03    9.5419954620e-04    6.9930013021e-01
        47   -1.5851369919e+01    2.5191868945e+02   -2.7195731178e+01    1.1344361259e+01    1.0063768544e+01   -3.9259475792e+01    1.9999760698e+00    2.0480000000e+03    9.5093656586e-04    7.0271809896e-01
        48   -1.5854183546e+01    2.5198373577e+02   -2.7280491712e+01    1.1426308166e+01    1.0040777175e+01   -3.9152404246e+01    1.8311353588e+00    2.0480000000e+03    9.5448052826e-04    7.0206705729e-01
        49   -1.5850363757e+01    2.5187780595e+02   -2.7535298953e+01    1.1684935196e+01    1.0124600962e+01   -3.9620158504e+01    1.9602585893e+00    2.0480000000e+03    9.5787827728e-04    6.9604492187e-01
        50   -1.5832764071e+01    2.5135672094e+02   -2.7508426622e+01    1.1675662551e+01    1.0079579214e+01   -3.9499170541e+01    1.9111647052e+00    2.0480000000e+03    9.5265144653e-04    6.9750976562e-01
        51   -1.5847662841e+01    2.5186777651e+02   -2.7441429408e+01    1.1593766567e+01    1.0120308333e+01   -3.9551254473e+01    1.9895167325e+00    2.0480000000e+03    9.5347845734e-04    7.0117187500e-01
        52   -1.5856896842e+01    2.5219700736e+02   -2.7210425019e+01    1.1353528177e+01    1.0091176055e+01   -3.9464062651e+01    2.1624615773e+00    2.0480000000e+03    9.4775286835e-04    7.0434570312e-01
        53   -1.5845675037e+01    2.5177820411e+02   -2.7328396520e+01    1.1482721483e+01    1.0120933171e+01   -3.9580452893e+01    2.1311232009e+00    2.0480000000e+03    9.5507311707e-04    7.0255533854e-01
        54   -1.5840555971e+01    2.5162971432e+02   -2.7301960249e+01    1.1461404278e+01    1.0052099671e+01   -3.9471848086e+01    2.1177881665e+00    2.0480000000e+03    9.4773159027e-04    7.0670572917e-01
        55   -1.5856878969e+01    2.5230881088e+02   -2.7420058894e+01    1.1563179925e+01    1.0131557499e+01   -3.9563959800e+01    2.0123434061e+00    2.0480000000e+03    9.5397004120e-04    7.0450846354e-01
        56   -1.5843485548e+01    2.5169006758e+02   -2.7358874249e+01    1.1515388701e+01    1.0095838549e+01   -3.9517751467e+01    2.0630386682e+00    2.0480000000e+03    9.6737007629e-04    6.9628906250e-01
        57   -1.5855622707e+01    2.5212373944e+02   -2.7573266495e+01    1.1717643789e+01    1.0091103507e+01   -3.9539281812e+01    1.8749118101e+00    2.0480000000e+03    9.5210041016e-04    7.0491536458e-01
        58   -1.5869544768e+01    2.5259245313e+02   -2.7354972759e+01    1.1485427992e+01    1.0071717713e+01   -3.9492652282e+01    2.0659618099e+00    2.0480000000e+03    9.4686294556e-04    6.9791666667e-01
        59   -1.5846352006e+01    2.5171827289e+02   -2.7353098408e+01    1.1506746403e+01    1.0017368377e+01   -3.9447391863e+01    2.0769250781e+00    2.0480000000e+03    9.4835685303e-04    6.9930013021e-01
        60   -1.5838157706e+01    2.5156623314e+02   -2.7461595379e+01    1.1623437672e+01    1.0076961778e+01   -3.9621013915e+01    2.0824567585e+00    2.0480000000e+03    9.5059042938e-04    7.0052083333e-01
        61   -1.5835628821e+01    2.5142198461e+02   -2.7207435377e+01    1.1371806557e+01    1.0062582796e+01   -3.9262261572e+01    1.9922433988e+00    2.0480000000e+03    9.5621026184e-04    7.0198567708e-01
        62   -1.5847065584e+01    2.5182863225e+02   -2.7091159562e+01    1.1244093978e+01    1.0062996559e+01   -3.9289228598e+01    2.1350724773e+00    2.0480000000e+03    9.5286401947e-04    6.9303385417e-01
        63   -1.5841478120e+01    2.5166777793e+02   -2.7097788073e+01    1.1256309953e+01    1.0019813165e+01   -3.8919125125e+01    1.8015238860e+00    2.0480000000e+03    9.4836642700e-04    7.0157877604e-01
        64   -1.5836674996e+01    2.5146036260e+02   -2.7137146272e+01    1.1300471276e+01    1.0066100786e+01   -3.9279479889e+01    2.0762328313e+00    2.0480000000e+03    9.4494434509e-04    6.9750976562e-01
        65   -1.5832123290e+01    2.5145233903e+02   -2.7213697648e+01    1.1381574358e+01    1.0109708804e+01   -3.9283718685e+01    1.9603122328e+00    2.0480000000e+03    9.5488495483e-04    6.9604492187e-01
        66   -1.5850040927e+01    2.5191985343e+02   -2.7362187223e+01    1.1512146296e+01    1.0129073517e+01   -3.9600821422e+01    2.1095606816e+00    2.0480000000e+03    9.5251500580e-04    7.0426432292e-01
        67   -1.5857805006e+01    2.5213760318e+02   -2.7540762170e+01    1.1682957165e+01    1.0170789852e+01   -3.9708848034e+01    1.9972960122e+00    2.0480000000e+03    9.5698304840e-04    6.9433593750e-01
        68   -1.5846606742e+01    2.5177558501e+02   -2.7367265057e+01    1.1520658315e+01    1.0125332236e+01   -3.9541501672e+01    2.0489043789e+00    2.0480000000e+03    9.5068462372e-04    6.9905598958e-01
        69   -1.5821322519e+01    2.5100657506e+02   -2.7426431142e+01    1.1605108623e+01    1.0164871445e+01   -3.9643490763e+01    2.0521881757e+00    2.0480000000e+03    9.5042752167e-04    6.9466145833e-01
        70   -1.5859778814e+01    2.5226182135e+02   -2.7429717179e+01    1.1569938365e+01    1.0133485109e+01   -3.9548331620e+01    1.9851293310e+00    2.0480000000e+03    9.5621201355e-04    6.9449869792e-01
        71   -1.5832652906e+01    2.5136837456e+02   -2.7348508899e+01    1.1515855993e+01    1.0081248331e+01   -3.9423063360e+01    1.9933061309e+00    2.0480000000e+03    9.5328988678e-04    7.0450846354e-01
        72   -1.5844091574e+01    2.5174976388e+02   -2.7248020685e+01    1.1403929111e+01    1.0090627264e+01   -3.9280408076e+01    1.9417601269e+00    2.0480000000e+03    9.5119576904e-04    7.0450846354e-01
        73   -1.5836351048e+01    2.5148167801e+02   -2.7142319984e+01    1.1305968936e+01    1.0033292453e+01   -3.9342739949e+01    2.1671275118e+00    2.0480000000e+03    9.5182444275e-04    6.9832356771e-01
        74   -1.5841867775e+01    2.5177197997e+02   -2.7133386355e+01    1.1291518579e+01    9.9735961890e+00   -3.9002412587e+01    1.8954300430e+00    2.0480000000e+03    9.4464235413e-04    7.0499674479e-01
        75   -1.5850323410e+01    2.5184886962e+02   -2.7116219396e+01    1.1265895986e+01    1.0062307152e+01   -3.9199351049e+01    2.0208245009e+00    2.0480000000e+03    9.5167243317e-04    7.0296223958e-01
        76   -1.5884316931e+01    2.5294204599e+02   -2.7286582529e+01    1.1402265597e+01    1.0079284238e+01   -3.9408416952e+01    2.0425501853e+00    2.0480000000e+03    9.4998766235e-04    7.0239257812e-01
        77   -1.5870286852e+01    2.5253497171e+02   -2.7324398621e+01    1.1454111769e+01    1.0057875452e+01   -3.9321334966e+01    1.9390608932e+00    2.0480000000e+03    9.5490201996e-04    7.0174153646e-01
        78   -1.5851145542e+01    2.5196013267e+02   -2.7250880001e+01    1.1399734459e+01    1.0091346330e+01   -3.9552140851e+01    2.2099145198e+00    2.0480000000e+03    9.5795940643e-04    7.0198567708e-01
        79   -1.5854537431e+01    2.5228986254e+02   -2.7193870074e+01    1.1339332644e+01    1.0059661168e+01   -3.9347557473e+01    2.0940262308e+00    2.0480000000e+03    9.6371525818e-04    6.9596354167e-01
        80   -1.5859869390e+01    2.5218937358e+02   -2.7144795002e+01    1.1284925612e+01    1.0084260184e+01   -3.9414856141e+01    2.1858009559e+00    2.0480000000e+03    9.5875265686e-04    7.0507812500e-01
        81   -1.5819591288e+01    2.5112248490e+02   -2.7318262240e+01    1.1498670951e+01    1.0186867655e+01   -3.9907403073e+01    2.4022731783e+00    2.0480000000e+03    9.5730890625e-04    7.0507812500e-01
        82   -1.5838316522e+01    2.5156989167e+02   -2.6985966667e+01    1.1147650145e+01    1.0127618712e+01   -3.9435409447e+01    2.3218240683e+00    2.0480000000e+03    9.5156207123e-04    6.9547526042e-01
        83   -1.5840071287e+01    2.5159662773e+02   -2.7159847405e+01    1.1319776118e+01    1.0077864904e+01   -3.9404577393e+01    2.1668650842e+00    2.0480000000e+03    9.5517265503e-04    6.9694010417e-01
        84   -1.5820286741e+01    2.5096978319e+02   -2.7347654112e+01    1.1527367370e+01    1.0104608659e+01   -3.9411697647e+01    1.9594348762e+00    2.0480000000e+03    9.5499194458e-04    6.9946289062e-01
        85   -1.5834370567e+01    2.5144026911e+02   -2.7468810277e+01    1.1634439710e+01    1.0112084363e+01   -3.9702354239e+01    2.1214595986e+00    2.0480000000e+03    9.5187680176e-04    7.0174153646e-01
        86   -1.5818056896e+01    2.5089784101e+02   -2.7496443490e+01    1.1678386594e+01    1.0137038804e+01   -3.9651227417e+01    2.0177451230e+00    2.0480000000e+03    9.5773035065e-04    7.0239257812e-01
        87   -1.5816455069e+01    2.5080812688e+02   -2.7350173114e+01    1.1533718045e+01    1.0153249034e+01   -3.9576435728e+01    2.0730135811e+00    2.0480000000e+03    9.5636984711e-04    7.0166015625e-01
        88   -1.5826129419e+01    2.5135867608e+02   -2.7327816047e+01    1.1501686628e+01    1.0157318286e+01   -3.9695230136e+01    2.2100958030e+00    2.0480000000e+03    9.5767171783e-04    7.0336914062e-01
        89   -1.5820009552e+01    2.5090521624e+02   -2.7441045523e+01    1.1621035971e+01    1.0187914863e+01   -3.9619817772e+01    1.9908573854e+00    2.0480000000e+03    9.5653415558e-04    7.0288085937e-01
        90   -1.5808396644e+01    2.5058692859e+02   -2.7374547396e+01    1.1566150752e+01    1.0069006180e+01   -3.9442483601e+01    1.9989300244e+00    2.0480000000e+03    9.4834239136e-04    6.9832356771e-01
        91   -1.5832040164e+01    2.5127896973e+02   -2.7297598616e+01    1.1465558452e+01    1.0175197425e+01   -3.9468849556e+01    1.9960535152e+00    2.0480000000e+03    9.5787593445e-04    7.0117187500e-01
        92   -1.5855627122e+01    2.5205357998e+02   -2.7328681626e+01    1.1473054504e+01    1.0151782339e+01   -3.9547521797e+01    2.0670578328e+00    2.0480000000e+03    9.5611774078e-04    6.9612630208e-01
        93   -1.5850525478e+01    2.5197239975e+02   -2.7194913196e+01    1.1344387718e+01    1.0052016462e+01   -3.9439355954e+01    2.1924262967e+00    2.0480000000e+03    9.5077584351e-04    7.0125325521e-01
        94   -1.5850817570e+01    2.5204863888e+02   -2.7444287730e+01    1.1593470160e+01    1.0074597653e+01   -3.9525273097e+01    2.0063877144e+00    2.0480000000e+03    9.4724514648e-04    6.9702148437e-01
        95   -1.5856682363e+01    2.5223461201e+02   -2.7275463447e+01    1.1418781084e+01    1.0081964716e+01   -3.9583870324e+01    2.2264421610e+00    2.0480000000e+03    9.4986062225e-04    7.0011393229e-01
        96   -1.5861574311e+01    2.5254397840e+02   -2.7516935704e+01    1.1655361394e+01    1.0109694954e+01   -3.9643151164e+01    2.0165205052e+00    2.0480000000e+03    9.5240967468e-04    7.0353190104e-01
        97   -1.5842630654e+01    2.5165887605e+02   -2.6959498586e+01    1.1116867932e+01    1.0033223300e+01   -3.9068333509e+01    2.0756116222e+00    2.0480000000e+03    9.4937670898e-04    7.0410156250e-01
        98   -1.5815339506e+01    2.5074512277e+02   -2.6915739944e+01    1.1100400438e+01    9.9911999498e+00   -3.9050806030e+01    2.1438661365e+00    2.0480000000e+03    9.4297295197e-04    7.0312500000e-01
        99   -1.5843374014e+01    2.5164244654e+02   -2.7016440237e+01    1.1173066223e+01    9.9977089334e+00   -3.8978220339e+01    1.9640711684e+00    2.0480000000e+03    9.4837420044e-04    7.0776367187e-01
       100   -1.5839507743e+01    2.5154128083e+02   -2.7269166711e+01    1.1429658968e+01    1.0066130399e+01   -3.9340218657e+01    2.0049215473e+00    2.0480000000e+03    9.5081865387e-04    7.0125325521e-01
       101   -1.5819799374e+01    2.5098518595e+02   -2.7160857896e+01    1.1341058522e+01    1.0087733002e+01   -3.9416028481e+01    2.1674375824e+00    2.0480000000e+03    9.5423229675e-04    7.0157877604e-01
       102   -1.5820075780e+01    2.5096599400e+02   -2.7237814972e+01    1.1417739191e+01    1.0010901013e+01   -3.9228030520e+01    1.9793145359e+00    2.0480000000e+03    9.6367818268e-04    6.9913736979e-01
       103   -1.5864134200e+01    2.5238947391e+02   -2.7273654163e+01    1.1409519963e+01    1.0076773576e+01   -3.9490472536e+01    2.1400447976e+00    2.0480000000e+03    9.4918865265e-04    7.0336914062e-01
       104   -1.5840996791e+01    2.5170441346e+02   -2.7108789959e+01    1.1267793167e+01    1.0064931654e+01   -3.9312931642e+01    2.1392100292e+00    2.0480000000e+03    9.5529493164e-04    6.9889322917e-01
       105   -1.5848527137e+01    2.5199826874e+02   -2.7277636675e+01    1.1429109538e+01    1.0013414280e+01   -3.9180219557e+01    1.8891686019e+00    2.0480000000e+03    9.4884243408e-04    6.9938151042e-01
       106   -1.5842052223e+01    2.5172837253e+02   -2.7185433887e+01    1.1343381664e+01    1.0047032796e+01   -3.9255422630e+01    2.0229559468e+00    2.0480000000e+03    9.4941549042e-04    7.0255533854e-01
       107   -1.5816738388e+01    2.5089384864e+02   -2.7197005915e+01    1.1380267527e+01    1.0069263881e+01   -3.9399722441e+01    2.1334526452e+00    2.0480000000e+03    9.4849643707e-04    6.9702148437e-01
       108   -1.5831576620e+01    2.5133953897e+02   -2.7064722237e+01    1.1233145618e+01    1.0033428095e+01   -3.9197054402e+01    2.0989040695e+00    2.0480000000e+03    9.4017228516e-04    7.0515950521e-01
       109   -1.5797294083e+01    2.5023162561e+02   -2.7151290500e+01    1.1353996417e+01    1.0020796244e+01   -3.9156684143e+01    1.9845973997e+00    2.0480000000e+03    9.5013886047e-04    7.0922851562e-01
       110   -1.5817288801e+01    2.5089777667e+02   -2.7200907270e+01    1.1383618469e+01    1.0057421895e+01   -3.9412074729e+01    2.1537455636e+00    2.0480000000e+03    9.4646016022e-04    7.0385742187e-01
       111   -1.5817341941e+01    2.5085511411e+02   -2.7267625766e+01    1.1450283825e+01    1.0056069493e+01   -3.9301379410e+01    1.9776841520e+00    2.0480000000e+03    9.4637260315e-04    6.9889322917e-01
       112   -1.5854695138e+01    2.5202275664e+02   -2.7299887314e+01    1.1445192177e+01    1.0082785231e+01   -3.9412751720e+01    2.0300791750e+00    2.0480000000e+03    9.4994364136e-04    7.0052083333e-01
       113   -1.5841102645e+01    2.5180295554e+02   -2.7302643784e+01    1.1461541139e+01    1.0036687300e+01   -3.9398498456e+01    2.0591673716e+00    2.0480000000e+03    9.4528010345e-04    7.0271809896e-01
       114   -1.5834416865e+01    2.5137965702e+02   -2.7306218407e+01    1.1471801542e+01    1.0036020938e+01   -3.9369777436e+01    2.0275380902e+00    2.0480000000e+03    9.4787422180e-04    7.0125325521e-01
       115   -1.5820008120e+01    2.5099162375e+02   -2.7097743183e+01    1.1277735064e+01    1.0000188209e+01   -3.9106109757e+01    2.0081783645e+00    2.0480000000e+03    9.4897349518e-04    7.0084635417e-01
       116   -1.5831800129e+01    2.5136497184e+02   -2.7241374283e+01    1.1409574154e+01    9.9620829456e+00   -3.9124412583e+01    1.9209553538e+00    2.0480000000e+03    9.4727760284e-04    7.0670572917e-01
       117   -1.5847228194e+01    2.5176788383e+02   -2.7140735478e+01    1.1293507283e+01    1.0027522640e+01   -3.9158836583e+01    1.9905784651e+00    2.0480000000e+03    9.4336237701e-04    7.0068359375e-01
       118   -1.5878769113e+01    2.5293203556e+02   -2.7301664517e+01    1.1422895405e+01    1.0062062552e+01   -3.9439211483e+01    2.0754844132e+00    2.0480000000e+03    9.5034131226e-04    7.0222981771e-01
       119   -1.5844837586e+01    2.5175272832e+02   -2.7280878924e+01    1.1436041337e+01    1.0087972160e+01   -3.9559310832e+01    2.1904597481e+00    2.0480000000e+03    9.4910067810e-04    6.9620768229e-01
       120   -1.5867633692e+01    2.5242976337e+02   -2.7332706027e+01    1.1465072335e+01    1.0104686508e+01   -3.9499912639e+01    2.0625201051e+00    2.0480000000e+03    9.5792430145e-04    6.9962565104e-01
       121   -1.5852052985e+01    2.5202863971e+02   -2.7273940219e+01    1.1421887234e+01    1.0037276627e+01   -3.9309367094e+01    1.9981502482e+00    2.0480000000e+03    9.4561701111e-04    7.0125325521e-01
       122   -1.5814197895e+01    2.5072601041e+02   -2.7247318679e+01    1.1433120784e+01    1.0043063313e+01   -3.9268240044e+01    1.9778580523e+00    2.0480000000e+03    9.4698464203e-04    6.9881184896e-01
       123   -1.5821830744e+01    2.5098791525e+02   -2.7610028948e+01    1.1788198204e+01    1.0154133353e+01   -3.9843404630e+01    2.0792423299e+00    2.0480000000e+03    9.6304989075e-04    6.9270833333e-01
       124   -1.5877292011e+01    2.5276441094e+02   -2.7663346154e+01    1.1786054143e+01    1.0064205790e+01   -3.9840210799e+01    2.1126588560e+00    2.0480000000e+03    9.5560907776e-04    6.9604492187e-01
       125   -1.5843013862e+01    2.5168313278e+02   -2.7398992069e+01    1.1555978207e+01    1.0069356995e+01   -3.9501120446e+01    2.0327713826e+00    2.0480000000e+03    9.6214287109e-04    7.0076497396e-01
       126   -1.5820066922e+01    2.5092708067e+02   -2.7277796888e+01    1.1457729966e+01    1.0111350966e+01   -3.9633456254e+01    2.2443084002e+00    2.0480000000e+03    9.5052920868e-04    7.0206705729e-01
       127   -1.5837660491e+01    2.5152960912e+02   -2.7477189559e+01    1.1639529068e+01    1.0100199034e+01   -3.9645675733e+01    2.0682871394e+00    2.0480000000e+03    9.5201588745e-04    6.9889322917e-01
       128   -1.5812926164e+01    2.5068416285e+02   -2.7294468064e+01    1.1481541899e+01    1.0117813190e+01   -3.9506925128e+01    2.0946438736e+00    2.0480000000e+03    9.6063518127e-04    7.0035807292e-01
       129   -1.5809237106e+01    2.5072487533e+02   -2.7277716171e+01    1.1468479065e+01    1.0095380441e+01   -3.9326083502e+01    1.9529868895e+00    2.0480000000e+03    9.5366983948e-04    6.9458007812e-01
       130   -1.5802955745e+01    2.5040079542e+02   -2.7430163839e+01    1.1627208094e+01    1.0123966610e+01   -3.9424898062e+01    1.8707676133e+00    2.0480000000e+03    9.4844999054e-04    7.0792643229e-01
       131   -1.5849054991e+01    2.5203057676e+02   -2.7422543670e+01    1.1573488679e+01    1.0104190820e+01   -3.9709326117e+01    2.1825916270e+00    2.0480000000e+03    9.5203299011e-04    7.0003255208e-01
       132   -1.5845219585e+01    2.5180932853e+02   -2.7654116619e+01    1.1808897034e+01    1.0132574385e+01   -3.9865286950e+01    2.0785959462e+00    2.0480000000e+03    9.6273388824e-04    6.9970703125e-01
       133   -1.5862436912e+01    2.5227462243e+02   -2.7403755675e+01    1.1541318763e+01    1.0092675952e+01   -3.9491421447e+01    1.9949898200e+00    2.0480000000e+03    9.5293968628e-04    7.0125325521e-01
       134   -1.5856519393e+01    2.5224884889e+02   -2.7114290250e+01    1.1257770856e+01    1.0082377125e+01   -3.9193169099e+01    1.9965017239e+00    2.0480000000e+03    9.4938171326e-04    6.9930013021e-01
       135   -1.5891664060e+01    2.5326508202e+02   -2.7202675603e+01    1.1311011542e+01    1.0058418969e+01   -3.9197411245e+01    1.9363166729e+00    2.0480000000e+03    9.5178777679e-04    6.9742838542e-01
       136   -1.5871465518e+01    2.5264060527e+02   -2.7268875514e+01    1.1397409995e+01    1.0055802425e+01   -3.9194081551e+01    1.8694036116e+00    2.0480000000e+03    9.4580309082e-04    6.9799804687e-01
       137   -1.5877357753e+01    2.5286439494e+02   -2.7066136851e+01    1.1188779098e+01    1.0053639040e+01   -3.9030543428e+01    1.9107675377e+00    2.0480000000e+03    9.4809938324e-04    7.0296223958e-01
       138   -1.5852164547e+01    2.5208298562e+02   -2.7542702110e+01    1.1690537563e+01    1.0119423406e+01   -3.9630971879e+01    1.9688463636e+00    2.0480000000e+03    9.5718222839e-04    7.0361328125e-01
       139   -1.5899245417e+01    2.5345501147e+02   -2.7342695080e+01    1.1443449664e+01    1.0084908954e+01   -3.9492275075e+01    2.0646710400e+00    2.0480000000e+03    9.5624999695e-04    7.0458984375e-01
       140   -1.5867884948e+01    2.5248194892e+02   -2.7382830971e+01    1.1514946023e+01    1.0123849927e+01   -3.9709259436e+01    2.2025785380e+00    2.0480000000e+03    9.5210174042e-04    6.9702148437e-01
       141   -1.5851192074e+01    2.5197967467e+02   -2.7326796050e+01    1.1475603976e+01    1.0071794290e+01   -3.9473006137e+01    2.0744157969e+00    2.0480000000e+03    9.4799027313e-04    6.9954427083e-01
       142   -1.5866825797e+01    2.5243361038e+02   -2.7525230290e+01    1.1658404493e+01    1.0084096321e+01   -3.9614873114e+01    2.0055465033e+00    2.0480000000e+03    9.5162537628e-04    6.9750976562e-01
       143   -1.5886249309e+01    2.5308114221e+02   -2.7462497736e+01    1.1576248427e+01    1.0071587097e+01   -3.9685189529e+01    2.1511046962e+00    2.0480000000e+03    9.5163177338e-04    6.9124348958e-01
       144   -1.5821229971e+01    2.5098749438e+02   -2.7625288692e+01    1.1804058721e+01    1.0126859774e+01   -3.9869572296e+01    2.1174238303e+00    2.0480000000e+03    9.5058279999e-04    6.9083658854e-01
       145   -1.5841379899e+01    2.5163401328e+02   -2.7439789385e+01    1.1598409486e+01    1.0106836338e+01   -3.9770160061e+01    2.2235343386e+00    2.0480000000e+03    9.5677272675e-04    6.9677734375e-01
       146   -1.5829954103e+01    2.5128941967e+02   -2.7534540754e+01    1.1704586651e+01    1.0111753043e+01   -3.9913366353e+01    2.2670725560e+00    2.0480000000e+03    9.5348092346e-04    7.0247395833e-01
       147   -1.5867622044e+01    2.5259015938e+02   -2.7309586782e+01    1.1441964738e+01    1.0088942375e+01   -3.9665086147e+01    2.2665569896e+00    2.0480000000e+03    9.5788408081e-04    6.9270833333e-01
       148   -1.5863014824e+01    2.5228259604e+02   -2.7272219328e+01    1.1409204504e+01    1.0061020981e+01   -3.9460080217e+01    2.1268399077e+00    2.0480000000e+03    9.6518153320e-04    6.9710286458e-01
       149   -1.5851374673e+01    2.5192000105e+02   -2.7566315966e+01    1.1714941292e+01    1.0051687331e+01   -3.9556635471e+01    1.9386321747e+00    2.0480000000e+03    9.5302469788e-04    6.9970703125e-01
       150   -1.5860712071e+01    2.5223045882e+02   -2.7478629235e+01    1.1617917164e+01    1.0073944697e+01   -3.9611141617e+01    2.0585676851e+00    2.0480000000e+03    9.5501138916e-04    6.9913736979e-01
       151   -1.5853878655e+01    2.5198318418e+02   -2.7432532746e+01    1.1578654091e+01    1.0042073786e+01   -3.9505986394e+01    2.0313798609e+00    2.0480000000e+03    9.4762959656e-04    6.9986979167e-01
       152   -1.5851274078e+01    2.5195102287e+02   -2.7439674762e+01    1.1588400684e+01    1.0075741662e+01   -3.9532627051e+01    2.0172106278e+00    2.0480000000e+03    9.5673785492e-04    6.9783528646e-01
       153   -1.5829215647e+01    2.5123291492e+02   -2.7294149751e+01    1.1464934104e+01    1.0101960733e+01   -3.9325489821e+01    1.9293793373e+00    2.0480000000e+03    9.5812433228e-04    7.0100911458e-01
       154   -1.5831297611e+01    2.5133411682e+02   -2.7243387526e+01    1.1412089915e+01    1.0161860497e+01   -3.9433448316e+01    2.0282002925e+00    2.0480000000e+03    9.5627955902e-04    7.0076497396e-01
       155   -1.5817708941e+01    2.5082782094e+02   -2.7211125819e+01    1.1393416878e+01    1.0123501831e+01   -3.9184316283e+01    1.8496886333e+00    2.0480000000e+03    9.6022805359e-04    7.0198567708e-01
       156   -1.5839438194e+01    2.5151051406e+02   -2.7219933257e+01    1.1380495063e+01    1.0088024958e+01   -3.9331301369e+01    2.0233431535e+00    2.0480000000e+03    9.5763867401e-04    6.9653320312e-01
       157   -1.5833264236e+01    2.5128331811e+02   -2.7233522269e+01    1.1400258033e+01    1.0116722371e+01   -3.9217232577e+01    1.8669879370e+00    2.0480000000e+03    9.6105755920e-04    6.9653320312e-01
       158   -1.5849823589e+01    2.5182751529e+02   -2.7279594738e+01    1.1429771149e+01    1.0151906347e+01   -3.9489632324e+01    2.0581312389e+00    2.0480000000e+03    9.5553844086e-04    7.0556640625e-01
       159   -1.5857566525e+01    2.5210254793e+02   -2.7085588124e+01    1.1228021599e+01    1.0113588255e+01   -3.9478518230e+01    2.2793418503e+00    2.0480000000e+03    9.5858989288e-04    6.9401041667e-01
       160   -1.5866095337e+01    2.5235035716e+02   -2.7318650457e+01    1.1452555120e+01    1.0166007713e+01   -3.9646160667e+01    2.1615024965e+00    2.0480000000e+03    9.5519786652e-04    6.9124348958e-01
       161   -1.5822249106e+01    2.5102375685e+02   -2.7091380916e+01    1.1269131810e+01    1.0141239884e+01   -3.9518579450e+01    2.2859586499e+00    2.0480000000e+03    9.5932789734e-04    6.8961588542e-01
       162   -1.5849138019e+01    2.5195195885e+02   -2.7107612059e+01    1.1258474040e+01    1.0014168567e+01   -3.9226267516e+01    2.1044868905e+00    2.0480000000e+03    9.5418571930e-04    7.0182291667e-01
       163   -1.5854209801e+01    2.5204707236e+02   -2.7062028603e+01    1.1207818803e+01    9.9581863692e+00   -3.9214949639e+01    2.1947346667e+00    2.0480000000e+03    9.4732890717e-04    7.0703125000e-01
       164   -1.5856693738e+01    2.5214889289e+02   -2.7084432315e+01    1.1227738577e+01    1.0032764248e+01   -3.9087998122e+01    1.9708015590e+00    2.0480000000e+03    9.5325395355e-04    6.9889322917e-01
       165   -1.5861062199e+01    2.5223325357e+02   -2.7234659786e+01    1.1373597587e+01    1.0083911258e+01   -3.9469948580e+01    2.1513775373e+00    2.0480000000e+03    9.5322032745e-04    7.0377604167e-01
       166   -1.5837295900e+01    2.5149035182e+02   -2.7031094626e+01    1.1193798726e+01    1.0048282240e+01   -3.9077436313e+01    1.9980594473e+00    2.0480000000e+03    9.5336374390e-04    7.0385742187e-01
       167   -1.5838107031e+01    2.5151426119e+02   -2.7093312736e+01    1.1255205705e+01    1.0070338456e+01   -3.9290948219e+01    2.1272970268e+00    2.0480000000e+03    9.4993101166e-04    6.9759114583e-01
       168   -1.5869263719e+01    2.5255781785e+02   -2.6972720199e+01    1.1103456480e+01    1.0017278170e+01   -3.9102741796e+01    2.1127434272e+00    2.0480000000e+03    9.4885720795e-04    6.9946289062e-01
       169   -1.5822868019e+01    2.5106790986e+02   -2.7004437966e+01    1.1181569947e+01    1.0114000399e+01   -3.9184433892e+01    2.0659955271e+00    2.0480000000e+03    9.5429901947e-04    7.0174153646e-01
       170   -1.5865925477e+01    2.5248355193e+02   -2.7139886880e+01    1.1273961402e+01    1.0056819716e+01   -3.9136600400e+01    1.9398938045e+00    2.0480000000e+03    9.4359681396e-04    6.9913736979e-01
       171   -1.5847241175e+01    2.5193966431e+02   -2.7055767894e+01    1.1208526719e+01    1.0077202839e+01   -3.9245030129e+01    2.1120593963e+00    2.0480000000e+03    9.6755736206e-04    6.9653320312e-01
       172   -1.5874630268e+01    2.5275655956e+02   -2.7102999433e+01    1.1228369165e+01    1.0060403931e+01   -3.9154842494e+01    1.9914391301e+00    2.0480000000e+03    9.4822220551e-04    7.0361328125e-01
       173   -1.5847100186e+01    2.5182678505e+02   -2.7117886595e+01    1.1270786409e+01    1.0026543416e+01   -3.9117279172e+01    1.9728491614e+00    2.0480000000e+03    9.4993480072e-04    7.0222981771e-01
       174   -1.5869527613e+01    2.5250744076e+02   -2.7278630412e+01    1.1409102799e+01    1.0028180121e+01   -3.9192976241e+01    1.8861657085e+00    2.0480000000e+03    9.5221643372e-04    7.0166015625e-01
       175   -1.5833192887e+01    2.5139830018e+02   -2.7257291073e+01    1.1424098187e+01    1.0116925132e+01   -3.9360065283e+01    1.9858490783e+00    2.0480000000e+03    9.5633243195e-04    7.0157877604e-01
       176   -1.5863557009e+01    2.5238531259e+02   -2.7241376305e+01    1.1377819296e+01    1.0043527067e+01   -3.9364808931e+01    2.0799055590e+00    2.0480000000e+03    9.5606659302e-04    7.0296223958e-01
       177   -1.5873560135e+01    2.5263175177e+02   -2.7242878959e+01    1.1369318824e+01    1.0092331339e+01   -3.9425604122e+01    2.0903938239e+00    2.0480000000e+03    9.5696108917e-04    6.9759114583e-01
       178   -1.5849554348e+01    2.5189341484e+02   -2.7244306229e+01    1.1394751881e+01    1.0086554557e+01   -3.9345969120e+01    2.0151083343e+00    2.0480000000e+03    9.5344962708e-04    7.0027669271e-01
       179   -1.5846813632e+01    2.5179673872e+02   -2.7354543051e+01    1.1507729419e+01    1.0121128267e+01   -3.9530331988e+01    2.0546606694e+00    2.0480000000e+03    9.5604214142e-04    6.9694010417e-01
       180   -1.5887037050e+01    2.5322264808e+02   -2.7290891187e+01    1.1403854137e+01    1.0115523339e+01   -3.9556484778e+01    2.1500702529e+00    2.0480000000e+03    9.5904340637e-04    6.9702148437e-01
       181   -1.5848532745e+01    2.5183304229e+02   -2.7194161527e+01    1.1345628782e+01    1.0156833330e+01   -3.9338692985e+01    1.9876981281e+00    2.0480000000e+03    9.5808308624e-04    7.0133463542e-01
       182   -1.5830651765e+01    2.5125569224e+02   -2.7221190115e+01    1.1390538349e+01    1.0113625973e+01   -3.9261404536e+01    1.9265884481e+00    2.0480000000e+03    9.5238086243e-04    6.9661458333e-01
       183   -1.5872594455e+01    2.5259784888e+02   -2.7183181877e+01    1.1310587422e+01    1.0094280904e+01   -3.9375675718e+01    2.0982129363e+00    2.0480000000e+03    9.5117046143e-04    6.9783528646e-01
       184   -1.5838207918e+01    2.5147286602e+02   -2.7002919292e+01    1.1164711373e+01    1.0044381249e+01   -3.9041028971e+01    1.9937284300e+00    2.0480000000e+03    9.5183205475e-04    7.0613606771e-01
       185   -1.5820631097e+01    2.5093095818e+02   -2.7042126924e+01    1.1221495827e+01    1.0071147860e+01   -3.9159181080e+01    2.0459062957e+00    2.0480000000e+03    9.4984911560e-04    7.0043945312e-01
       186   -1.5848091924e+01    2.5177854377e+02   -2.6913910533e+01    1.1065818609e+01    1.0059795862e+01   -3.9352050504e+01    2.3783441093e+00    2.0480000000e+03    9.4881848999e-04    7.0353190104e-01
       187   -1.5862678941e+01    2.5235359598e+02   -2.6883491870e+01    1.1020812929e+01    1.0077334787e+01   -3.9069098375e+01    2.1082717184e+00    2.0480000000e+03    9.4644677795e-04    6.9189453125e-01
       188   -1.5852592087e+01    2.5192469851e+02   -2.6857237125e+01    1.1004645038e+01    1.0060912468e+01   -3.9198615202e+01    2.2804656087e+00    2.0480000000e+03    9.4859978302e-04    7.0247395833e-01
       189   -1.5868610017e+01    2.5255981857e+02   -2.6982272201e+01    1.1113662184e+01    1.0107197681e+01   -3.9200565767e+01    2.1110958843e+00    2.0480000000e+03    9.5291233124e-04    6.9653320312e-01
       190   -1.5855035979e+01    2.5204856737e+02   -2.7028262418e+01    1.1173226438e+01    1.0053528927e+01   -3.9115625168e+01    2.0338338232e+00    2.0480000000e+03    9.5902449921e-04    7.0296223958e-01
       191   -1.5876721914e+01    2.5272772329e+02   -2.7184622266e+01    1.1307900351e+01    1.0051013208e+01   -3.9370361392e+01    2.1347259189e+00    2.0480000000e+03    9.5068832855e-04    7.0166015625e-01
       192   -1.5860705374e+01    2.5217278925e+02   -2.7204384613e+01    1.1343679239e+01    1.0081048451e+01   -3.9261631447e+01    1.9761983829e+00    2.0480000000e+03    9.4827449280e-04    7.0532226562e-01
       193   -1.5854754665e+01    2.5194406714e+02   -2.7179985837e+01    1.1325231172e+01    1.0060321380e+01   -3.9339841370e+01    2.0995341523e+00    2.0480000000e+03    9.5382373047e-04    7.0874023437e-01
       194   -1.5861285407e+01    2.5216373456e+02   -2.7091841439e+01    1.1230556032e+01    1.0059182541e+01   -3.9227894734e+01    2.0768707541e+00    2.0480000000e+03    9.6764051147e-04    7.0507812500e-01
       195   -1.5853575692e+01    2.5213551008e+02   -2.7411253482e+01    1.1557677789e+01    1.0135260028e+01   -3.9550255678e+01    2.0037421687e+00    2.0480000000e+03    9.5568383545e-04    7.0402018229e-01
       196   -1.5861215410e+01    2.5221240787e+02   -2.7243571924e+01    1.1382356513e+01    1.0058997352e+01   -3.9323296562e+01    2.0207272861e+00    2.0480000000e+03    9.5040467834e-04    7.0092773437e-01
       197   -1.5872989273e+01    2.5259795168e+02   -2.7397379388e+01    1.1524390115e+01    1.0052380815e+01   -3.9496021744e+01    2.0462615411e+00    2.0480000000e+03    9.5546812073e-04    6.9612630208e-01
       198   -1.5897592829e+01    2.5364781491e+02   -2.7526000000e+01    1.1628407171e+01    1.0047207982e+01   -3.9596986482e+01    2.0237785002e+00    2.0480000000e+03    9.4975540649e-04    6.9848632812e-01
       199   -1.5868932301e+01    2.5246746053e+02   -2.7230818644e+01    1.1361886343e+01    1.0064634980e+01   -3.9352075406e+01    2.0566217818e+00    2.0480000000e+03    9.5649731110e-04    7.0011393229e-01
