#   index    LocalEnergy         LocalEnergy_sq      LocalPotential      Kinetic             ElecElec            LocalECP            NonLocalECP         BlockWeight         BlockCPU            AcceptRatio         
         0   -1.5873683238e+01    2.5266704641e+02   -2.7516811480e+01    1.1643128242e+01    1.0056450154e+01   -3.9601288541e+01    2.0280269077e+00    2.0480000000e+03    9.4978964417e-04    7.0467122396e-01
         1   -1.5832392412e+01    2.5135906415e+02   -2.7370543872e+01    1.1538151460e+01    1.0096473713e+01   -3.9518889437e+01    2.0518718524e+00    2.0480000000e+03    9.5808156219e-04    7.0125325521e-01
         2   -1.5853673989e+01    2.5207266151e+02   -2.7540946120e+01    1.1687272132e+01    1.0077515758e+01   -3.9694460845e+01    2.0759989670e+00    2.0480000000e+03    9.6049462158e-04    6.9995117187e-01
         3   -1.5859179253e+01    2.5228393343e+02   -2.7532984802e+01    1.1673805549e+01    1.0032080938e+01   -3.9539093744e+01    1.9740280043e+00    2.0480000000e+03    9.5281150635e-04    6.9563802083e-01
         4   -1.5818640792e+01    2.5101075470e+02   -2.7296334755e+01    1.1477693963e+01    9.9982389040e+00   -3.9150697100e+01    1.8561234414e+00    2.0480000000e+03    9.5921222748e-04    7.0361328125e-01
         5   -1.5814249900e+01    2.5075804326e+02   -2.7221049923e+01    1.1406800023e+01    1.0015336428e+01   -3.9282731073e+01    2.0463447213e+00    2.0480000000e+03    9.6838261261e-04    7.0174153646e-01
         6   -1.5826540806e+01    2.5118640752e+02   -2.7043055697e+01    1.1216514891e+01    9.9822670315e+00   -3.9053309420e+01    2.0279866917e+00    2.0480000000e+03    9.5044177063e-04    7.0548502604e-01
         7   -1.5816620232e+01    2.5083106012e+02   -2.6997252634e+01    1.1180632402e+01    9.9774954331e+00   -3.8979548000e+01    2.0047999326e+00    2.0480000000e+03    9.4451121124e-04    7.0694986979e-01
         8   -1.5822096689e+01    2.5094244067e+02   -2.7116223037e+01    1.1294126349e+01    1.0039882112e+01   -3.9206333718e+01    2.0502285692e+00    2.0480000000e+03    9.4884422577e-04    7.0499674479e-01
         9   -1.5826233191e+01    2.5120720582e+02   -2.7094225554e+01    1.1267992363e+01    1.0034428602e+01   -3.9049383953e+01    1.9207297973e+00    2.0480000000e+03    9.5464861847e-04    7.0833333333e-01
        10   -1.5841620930e+01    2.5169593233e+02   -2.7281896253e+01    1.1440275323e+01    1.0025857163e+01   -3.9254345758e+01    1.9465923419e+00    2.0480000000e+03    9.5588653931e-04    6.9848632812e-01
        11   -1.5822868692e+01    2.5108757135e+02   -2.7121548124e+01    1.1298679432e+01    1.0054436868e+01   -3.9153554379e+01    1.9775693877e+00    2.0480000000e+03    9.5335049927e-04    6.9230143229e-01
        12   -1.5823420089e+01    2.5108887368e+02   -2.7158722277e+01    1.1335302188e+01    1.0056981492e+01   -3.9134031929e+01    1.9183281600e+00    2.0480000000e+03    9.5115415741e-04    7.0084635417e-01
        13   -1.5823467330e+01    2.5112755407e+02   -2.7127200767e+01    1.1303733437e+01    9.9738201281e+00   -3.9137350818e+01    2.0363299227e+00    2.0480000000e+03    9.4561857788e-04    7.0792643229e-01
        14   -1.5841055805e+01    2.5163807270e+02   -2.7168001390e+01    1.1326945585e+01    1.0005446390e+01   -3.9198033845e+01    2.0245860657e+00    2.0480000000e+03    9.5033188354e-04    7.0735677083e-01
        15   -1.5850215106e+01    2.5189631279e+02   -2.7090470518e+01    1.1240255412e+01    9.9947474093e+00   -3.8971869450e+01    1.8866515234e+00    2.0480000000e+03    9.5352663696e-04    7.1036783854e-01
        16   -1.5840475775e+01    2.5170550801e+02   -2.7091214167e+01    1.1250738392e+01    1.0014817809e+01   -3.9143323175e+01    2.0372911987e+00    2.0480000000e+03    9.5012352020e-04    6.9881184896e-01
        17   -1.5827484773e+01    2.5122063320e+02   -2.7066257834e+01    1.1238773061e+01    1.0043485066e+01   -3.8976268912e+01    1.8665260114e+00    2.0480000000e+03    9.5218415466e-04    6.9506835937e-01
        18   -1.5819187425e+01    2.5095058126e+02   -2.7193018126e+01    1.1373830701e+01    1.0014973948e+01   -3.9264103470e+01    2.0561113957e+00    2.0480000000e+03    9.5248142853e-04    7.0410156250e-01
        19   -1.5858394023e+01    2.5215291154e+02   -2.7288860237e+01    1.1430466213e+01    1.0040649496e+01   -3.9449444972e+01    2.1199352391e+00    2.0480000000e+03    9.5611817902e-04    7.0751953125e-01
        20   -1.5819129407e+01    2.5087832331e+02   -2.7136590256e+01    1.1317460850e+01    1.0065889156e+01   -3.9276403999e+01    2.0739245873e+00    2.0480000000e+03    9.5141954468e-04    7.0133463542e-01
        21   -1.5807307133e+01    2.5057631319e+02   -2.7231594227e+01    1.1424287093e+01    1.0089321759e+01   -3.9283363142e+01    1.9624471557e+00    2.0480000000e+03    9.5495832214e-04    7.0605468750e-01
        22   -1.5817399336e+01    2.5088445864e+02   -2.7262211340e+01    1.1444812004e+01    1.0055522022e+01   -3.9181109163e+01    1.8633758008e+00    2.0480000000e+03    9.4434033447e-04    7.0206705729e-01
        23   -1.5839684905e+01    2.5156831438e+02   -2.7100986531e+01    1.1261301625e+01    1.0050864537e+01   -3.9056238707e+01    1.9043876391e+00    2.0480000000e+03    9.5426039917e-04    7.0141601562e-01
        24   -1.5807779879e+01    2.5058291737e+02   -2.7198562451e+01    1.1390782572e+01    1.0098802592e+01   -3.9139480127e+01    1.8421150841e+00    2.0480000000e+03    9.5892383545e-04    6.9628906250e-01
        25   -1.5866336784e+01    2.5246269970e+02   -2.7229833828e+01    1.1363497045e+01    1.0066642765e+01   -3.9256707223e+01    1.9602306291e+00    2.0480000000e+03    9.6548599091e-04    6.9653320312e-01
        26   -1.5846855929e+01    2.5192335378e+02   -2.7127405111e+01    1.1280549183e+01    1.0017249139e+01   -3.9246493819e+01    2.1018395686e+00    2.0480000000e+03    9.5557176453e-04    6.9807942708e-01
        27   -1.5839092611e+01    2.5154814599e+02   -2.7052776699e+01    1.1213684088e+01    1.0060625026e+01   -3.9285714795e+01    2.1723130701e+00    2.0480000000e+03    9.5411387573e-04    7.0581054687e-01
        28   -1.5841446692e+01    2.5164512310e+02   -2.7055016206e+01    1.1213569514e+01    1.0068240917e+01   -3.9223955146e+01    2.1006980223e+00    2.0480000000e+03    9.7778721283e-04    7.0084635417e-01
        29   -1.5859615329e+01    2.5225989084e+02   -2.7199581629e+01    1.1339966299e+01    1.0111264437e+01   -3.9328981141e+01    2.0181350753e+00    2.0480000000e+03    9.5809881897e-04    7.0735677083e-01
        30   -1.5848304399e+01    2.5198260483e+02   -2.7081516597e+01    1.1233212197e+01    1.0121967005e+01   -3.9274214656e+01    2.0707310553e+00    2.0480000000e+03    9.5325355896e-04    6.9905598958e-01
        31   -1.5835856818e+01    2.5141715305e+02   -2.7227687291e+01    1.1391830473e+01    1.0105449864e+01   -3.9317885977e+01    1.9847488221e+00    2.0480000000e+03    9.5695275665e-04    6.9970703125e-01
        32   -1.5852985382e+01    2.5204845073e+02   -2.7279359111e+01    1.1426373730e+01    1.0125544347e+01   -3.9506918700e+01    2.1020152417e+00    2.0480000000e+03    9.5477183350e-04    7.0458984375e-01
        33   -1.5836273699e+01    2.5155897410e+02   -2.7270690680e+01    1.1434416981e+01    1.0132237629e+01   -3.9639970840e+01    2.2370425315e+00    2.0480000000e+03    9.5975280304e-04    6.9995117187e-01
        34   -1.5851271896e+01    2.5212275755e+02   -2.7529695158e+01    1.1678423262e+01    1.0090428614e+01   -3.9593685907e+01    1.9735621355e+00    2.0480000000e+03    9.5918347565e-04    7.0084635417e-01
        35   -1.5870093776e+01    2.5259635040e+02   -2.7144320452e+01    1.1274226676e+01    1.0043722657e+01   -3.9208796952e+01    2.0207538427e+00    2.0480000000e+03    9.5787562439e-04    7.0182291667e-01
        36   -1.5824632740e+01    2.5107060096e+02   -2.7123844718e+01    1.1299211978e+01    1.0088114623e+01   -3.9139100803e+01    1.9271414626e+00    2.0480000000e+03    9.5520651062e-04    7.0011393229e-01
        37   -1.5849020322e+01    2.5193640031e+02   -2.7250816419e+01    1.1401796096e+01    1.0026267496e+01   -3.9176031449e+01    1.8989475341e+00    2.0480000000e+03    9.4484809052e-04    6.9938151042e-01
        38   -1.5851822737e+01    2.5216369314e+02   -2.7342165464e+01    1.1490342727e+01    1.0064362329e+01   -3.9416542077e+01    2.0100142843e+00    2.0480000000e+03    9.6279491699e-04    7.0572916667e-01
        39   -1.5841757882e+01    2.5160276236e+02   -2.7185129703e+01    1.1343371821e+01    9.9686403217e+00   -3.9052326901e+01    1.8985568770e+00    2.0480000000e+03    9.4724537872e-04    7.0166015625e-01
        40   -1.5838188112e+01    2.5150191812e+02   -2.6987151951e+01    1.1148963839e+01    9.9590404703e+00   -3.9005166662e+01    2.0589742405e+00    2.0480000000e+03    9.5046096008e-04    7.0556640625e-01
        41   -1.5864039359e+01    2.5235323163e+02   -2.6985001073e+01    1.1120961714e+01    1.0009796988e+01   -3.9057282657e+01    2.0624845958e+00    2.0480000000e+03    9.6176041931e-04    7.0857747396e-01
        42   -1.5835655671e+01    2.5157097745e+02   -2.6945707028e+01    1.1110051357e+01    1.0015503676e+01   -3.8821424094e+01    1.8602133897e+00    2.0480000000e+03    9.5334917267e-04    7.0491536458e-01
        43   -1.5875901850e+01    2.5275122232e+02   -2.6949143566e+01    1.1073241715e+01    1.0077658971e+01   -3.8870326594e+01    1.8435240570e+00    2.0480000000e+03    9.5844042664e-04    7.0377604167e-01
        44   -1.5870618959e+01    2.5252985921e+02   -2.7050640216e+01    1.1180021257e+01    1.0051785576e+01   -3.9127475958e+01    2.0250501663e+00    2.0480000000e+03    9.6259192566e-04    7.0361328125e-01
        45   -1.5873859783e+01    2.5260524359e+02   -2.7311986908e+01    1.1438127125e+01    1.0045769285e+01   -3.9407078824e+01    2.0493226310e+00    2.0480000000e+03    9.5333482422e-04    6.9677734375e-01
        46   -1.5839771889e+01    2.5171102708e+02   -2.7477208506e+01    1.1637436617e+01    1.0112019145e+01   -3.9483306149e+01    1.8940784973e+00    2.0480000000e+03    9.5733508362e-04    6.9596354167e-01
        47   -1.5829549598e+01    2.5132655759e+02   -2.7480118849e+01    1.1650569251e+01    1.0045883037e+01   -3.9426652366e+01    1.9006504803e+00    2.0480000000e+03    9.5657486328e-04    7.0011393229e-01
        48   -1.5825842058e+01    2.5116940303e+02   -2.7189157448e+01    1.1363315390e+01    1.0042133252e+01   -3.9323760515e+01    2.0924698155e+00    2.0480000000e+03    9.5503089142e-04    7.0231119792e-01
        49   -1.5895708362e+01    2.5348520563e+02   -2.7425007899e+01    1.1529299538e+01    1.0083477101e+01   -3.9672642125e+01    2.1641571245e+00    2.0480000000e+03    9.5077280914e-04    7.0214843750e-01
        50   -1.5873178459e+01    2.5271292779e+02   -2.7347603223e+01    1.1474424763e+01    1.0100692641e+01   -3.9416713700e+01    1.9684178357e+00    2.0480000000e+03    9.5811836639e-04    7.0222981771e-01
        51   -1.5887082905e+01    2.5311538119e+02   -2.7521114514e+01    1.1634031609e+01    1.0170341773e+01   -3.9674242915e+01    1.9827866274e+00    2.0480000000e+03    9.5769761414e-04    6.9645182292e-01
        52   -1.5856064462e+01    2.5222729945e+02   -2.7453074518e+01    1.1597010056e+01    1.0125166675e+01   -3.9460851360e+01    1.8826101664e+00    2.0480000000e+03    9.7069010132e-04    7.0043945312e-01
        53   -1.5855423997e+01    2.5208797435e+02   -2.7461373985e+01    1.1605949988e+01    1.0069423224e+01   -3.9490568287e+01    1.9597710778e+00    2.0480000000e+03    9.5621630554e-04    6.9401041667e-01
        54   -1.5844943668e+01    2.5176718605e+02   -2.7348921542e+01    1.1503977874e+01    1.0076353987e+01   -3.9510836957e+01    2.0855614283e+00    2.0480000000e+03    9.5527440796e-04    7.0117187500e-01
        55   -1.5870258084e+01    2.5279287516e+02   -2.7229885451e+01    1.1359627367e+01    1.0110297716e+01   -3.9585222587e+01    2.2450394200e+00    2.0480000000e+03    9.6108853424e-04    7.0084635417e-01
        56   -1.5839414607e+01    2.5149697225e+02   -2.7137358555e+01    1.1297943947e+01    1.0074398127e+01   -3.9267756220e+01    2.0559995379e+00    2.0480000000e+03    9.5522720703e-04    7.0564778646e-01
        57   -1.5813799522e+01    2.5072761968e+02   -2.7189914999e+01    1.1376115477e+01    1.0127665163e+01   -3.9356641179e+01    2.0390610162e+00    2.0480000000e+03    9.5086320831e-04    7.0125325521e-01
        58   -1.5853785939e+01    2.5208756826e+02   -2.7579347359e+01    1.1725561420e+01    1.0077548534e+01   -3.9483671433e+01    1.8267755393e+00    2.0480000000e+03    9.5525985016e-04    6.9881184896e-01
        59   -1.5839712560e+01    2.5155219851e+02   -2.7499092073e+01    1.1659379513e+01    1.0060750474e+01   -3.9552358750e+01    1.9925162026e+00    2.0480000000e+03    9.5314620880e-04    7.0377604167e-01
        60   -1.5862383952e+01    2.5342723598e+02   -2.7475903313e+01    1.1613519361e+01    1.0129523045e+01   -3.9727103148e+01    2.1216767904e+00    2.0480000000e+03    9.5970709778e-04    7.0100911458e-01
        61   -1.5858479571e+01    2.5210393245e+02   -2.7257019602e+01    1.1398540030e+01    1.0073368379e+01   -3.9277459261e+01    1.9470712805e+00    2.0480000000e+03    9.5242356842e-04    6.9458007812e-01
        62   -1.5832560240e+01    2.5123563255e+02   -2.7375134498e+01    1.1542574258e+01    1.0070538452e+01   -3.9434497635e+01    1.9888246846e+00    2.0480000000e+03    9.5130456360e-04    7.0206705729e-01
        63   -1.5839601117e+01    2.5144515133e+02   -2.7262556800e+01    1.1422955683e+01    1.0083594119e+01   -3.9344794311e+01    1.9986433927e+00    2.0480000000e+03    9.5436036133e-04    7.0190429687e-01
        64   -1.5844428308e+01    2.5166170983e+02   -2.7123275324e+01    1.1278847015e+01    1.0098278350e+01   -3.9278758901e+01    2.0572052270e+00    2.0480000000e+03    9.5333047333e-04    7.0019531250e-01
        65   -1.5860530283e+01    2.5216565326e+02   -2.7078454422e+01    1.1217924139e+01    1.0120089204e+01   -3.9182308768e+01    1.9837651427e+00    2.0480000000e+03    9.5561577332e-04    6.9962565104e-01
        66   -1.5883698965e+01    2.5299542218e+02   -2.7130599868e+01    1.1246900903e+01    1.0082354950e+01   -3.9151055417e+01    1.9381005982e+00    2.0480000000e+03    9.5328225861e-04    6.9897460937e-01
        67   -1.5883075286e+01    2.5295534342e+02   -2.7385361954e+01    1.1502286668e+01    1.0134109942e+01   -3.9370791396e+01    1.8513195004e+00    2.0480000000e+03    9.5901371582e-04    7.0271809896e-01
        68   -1.5844604383e+01    2.5170175171e+02   -2.7308607375e+01    1.1464002992e+01    1.0059564001e+01   -3.9329457831e+01    1.9612864556e+00    2.0480000000e+03    9.5415094696e-04    7.0475260417e-01
        69   -1.5854789227e+01    2.5197244158e+02   -2.7246513238e+01    1.1391724011e+01    1.0079414267e+01   -3.9330877610e+01    2.0049501052e+00    2.0480000000e+03    9.5255164856e-04    6.9832356771e-01
        70   -1.5838443114e+01    2.5159008820e+02   -2.7196966529e+01    1.1358523415e+01    1.0080041389e+01   -3.9405012807e+01    2.1280048896e+00    2.0480000000e+03    9.5842272949e-04    7.0149739583e-01
        71   -1.5840949047e+01    2.5160937006e+02   -2.7204477916e+01    1.1363528869e+01    1.0032847837e+01   -3.9331700847e+01    2.0943750938e+00    2.0480000000e+03    9.6071547089e-04    7.0092773437e-01
        72   -1.5819559770e+01    2.5096162926e+02   -2.7250639721e+01    1.1431079951e+01    1.0060006899e+01   -3.9238647555e+01    1.9280009350e+00    2.0480000000e+03    9.5490107819e-04    7.0629882812e-01
        73   -1.5839243568e+01    2.5162454262e+02   -2.7321733154e+01    1.1482489586e+01    1.0092070413e+01   -3.9362371250e+01    1.9485676827e+00    2.0480000000e+03    9.5393488281e-04    7.0035807292e-01
        74   -1.5829893652e+01    2.5120981849e+02   -2.7257166791e+01    1.1427273139e+01    9.9703694074e+00   -3.9083820667e+01    1.8562844692e+00    2.0480000000e+03    9.4896879852e-04    7.0003255208e-01
        75   -1.5832158066e+01    2.5130221561e+02   -2.7272934450e+01    1.1440776384e+01    9.9857929958e+00   -3.9155205475e+01    1.8964780289e+00    2.0480000000e+03    9.6173028290e-04    6.9954427083e-01
        76   -1.5841150291e+01    2.5158789634e+02   -2.7187228747e+01    1.1346078456e+01    1.0125906071e+01   -3.9255277663e+01    1.9421428451e+00    2.0480000000e+03    9.5541425781e-04    6.9539388021e-01
        77   -1.5817731497e+01    2.5094759089e+02   -2.7190306807e+01    1.1372575310e+01    1.0120996886e+01   -3.9347382909e+01    2.0360792157e+00    2.0480000000e+03    9.5118994324e-04    6.9970703125e-01
        78   -1.5813831836e+01    2.5073581885e+02   -2.7140731150e+01    1.1326899314e+01    1.0085277482e+01   -3.9361816954e+01    2.1358083215e+00    2.0480000000e+03    9.4984679138e-04    7.0402018229e-01
        79   -1.5817968157e+01    2.5096818054e+02   -2.7165230977e+01    1.1347262820e+01    1.0058902102e+01   -3.9257731331e+01    2.0335982521e+00    2.0480000000e+03    9.5221078278e-04    7.0768229167e-01
        80   -1.5821182728e+01    2.5101844154e+02   -2.7125571105e+01    1.1304388377e+01    1.0029487074e+01   -3.9233141525e+01    2.0780833461e+00    2.0480000000e+03    9.5350759735e-04    7.0125325521e-01
        81   -1.5832842351e+01    2.5135202710e+02   -2.7218873092e+01    1.1386030741e+01    1.0050165392e+01   -3.9159319316e+01    1.8902808312e+00    2.0480000000e+03    9.5848135803e-04    7.0971679687e-01
        82   -1.5830040752e+01    2.5123290132e+02   -2.7190660461e+01    1.1360619709e+01    1.0093698699e+01   -3.9401902840e+01    2.1175436801e+00    2.0480000000e+03    9.6100495880e-04    7.0027669271e-01
        83   -1.5828084772e+01    2.5122211820e+02   -2.7227273622e+01    1.1399188851e+01    1.0069049635e+01   -3.9353780186e+01    2.0574569286e+00    2.0480000000e+03    9.5653217651e-04    6.9881184896e-01
        84   -1.5837793654e+01    2.5155514419e+02   -2.7419418524e+01    1.1581624870e+01    1.0082580740e+01   -3.9435365419e+01    1.9333661553e+00    2.0480000000e+03    9.5400306183e-04    7.0678710937e-01
        85   -1.5869590760e+01    2.5258463691e+02   -2.7123538150e+01    1.1253947390e+01    1.0077672405e+01   -3.9216000662e+01    2.0147901071e+00    2.0480000000e+03    9.5042156403e-04    7.0076497396e-01
        86   -1.5845879651e+01    2.5172609422e+02   -2.6988676839e+01    1.1142797188e+01    1.0073679628e+01   -3.9158058516e+01    2.0957020489e+00    2.0480000000e+03    9.4645992523e-04    7.0043945312e-01
        87   -1.5844553217e+01    2.5169437549e+02   -2.6978055720e+01    1.1133502503e+01    1.0055778200e+01   -3.9180853643e+01    2.1470197226e+00    2.0480000000e+03    9.5630000122e-04    7.0271809896e-01
        88   -1.5866943158e+01    2.5236968182e+02   -2.7230879605e+01    1.1363936447e+01    1.0056723054e+01   -3.9386821934e+01    2.0992192748e+00    2.0480000000e+03    9.6250972229e-04    7.0442708333e-01
        89   -1.5856908444e+01    2.5208431992e+02   -2.7377477027e+01    1.1520568584e+01    1.0076186060e+01   -3.9524904896e+01    2.0712418079e+00    2.0480000000e+03    9.6038501282e-04    7.0247395833e-01
        90   -1.5853080745e+01    2.5205796201e+02   -2.7253271207e+01    1.1400190462e+01    1.0090055441e+01   -3.9459194016e+01    2.1158673686e+00    2.0480000000e+03    9.5723141937e-04    6.8684895833e-01
        91   -1.5871071288e+01    2.5254309135e+02   -2.7239452333e+01    1.1368381045e+01    1.0093618187e+01   -3.9489256468e+01    2.1561859479e+00    2.0480000000e+03    9.6082990356e-04    6.9946289062e-01
        92   -1.5851562024e+01    2.5187308564e+02   -2.7024618387e+01    1.1173056363e+01    1.0036175366e+01   -3.9153307945e+01    2.0925141928e+00    2.0480000000e+03    9.5666993072e-04    6.9873046875e-01
        93   -1.5855997035e+01    2.5208203383e+02   -2.7114310221e+01    1.1258313187e+01    1.0031617144e+01   -3.9226312138e+01    2.0803847729e+00    2.0480000000e+03    9.5197443451e-04    6.9954427083e-01
        94   -1.5883794739e+01    2.5305823784e+02   -2.7193135648e+01    1.1309340909e+01    1.0080366114e+01   -3.9347291672e+01    2.0737899101e+00    2.0480000000e+03    9.5574656281e-04    6.9775390625e-01
        95   -1.5851000770e+01    2.5192930603e+02   -2.7217917728e+01    1.1366916958e+01    1.0145942611e+01   -3.9592651572e+01    2.2287912335e+00    2.0480000000e+03    9.5248793610e-04    6.9384765625e-01
        96   -1.5873199848e+01    2.5263176015e+02   -2.7258006274e+01    1.1384806426e+01    1.0113534522e+01   -3.9384949756e+01    2.0134089602e+00    2.0480000000e+03    9.6342826111e-04    7.0279947917e-01
        97   -1.5867667929e+01    2.5248130341e+02   -2.7236586174e+01    1.1368918245e+01    1.0141849116e+01   -3.9438881352e+01    2.0604460619e+00    2.0480000000e+03    9.5674039337e-04    7.0393880208e-01
        98   -1.5831242209e+01    2.5136808914e+02   -2.7194096398e+01    1.1362854188e+01    1.0135324212e+01   -3.9528094025e+01    2.1986734155e+00    2.0480000000e+03    9.7415240845e-04    6.9612630208e-01
        99   -1.5834233417e+01    2.5137437533e+02   -2.7194117699e+01    1.1359884282e+01    1.0108094969e+01   -3.9426282290e+01    2.1240696221e+00    2.0480000000e+03    9.6054797638e-04    7.0483398437e-01
       100   -1.5853168158e+01    2.5201050668e+02   -2.7311811172e+01    1.1458643015e+01    1.0048448204e+01   -3.9497670710e+01    2.1374113345e+00    2.0480000000e+03    9.5625273956e-04    6.9840494792e-01
       101   -1.5856119794e+01    2.5210162803e+02   -2.7364383317e+01    1.1508263523e+01    1.0137829352e+01   -3.9690658115e+01    2.1884454458e+00    2.0480000000e+03    9.6346056976e-04    7.0011393229e-01
       102   -1.5842345924e+01    2.5167619919e+02   -2.7384646436e+01    1.1542300512e+01    1.0114717014e+01   -3.9584374214e+01    2.0850107639e+00    2.0480000000e+03    9.5959914734e-04    6.9848632812e-01
       103   -1.5844078779e+01    2.5173055519e+02   -2.7299960049e+01    1.1455881270e+01    1.0090733724e+01   -3.9522714504e+01    2.1320207314e+00    2.0480000000e+03    9.5889196381e-04    7.0263671875e-01
       104   -1.5849084786e+01    2.5200569204e+02   -2.7453986712e+01    1.1604901926e+01    1.0110794354e+01   -3.9621610251e+01    2.0568291852e+00    2.0480000000e+03    9.5120726929e-04    6.9905598958e-01
       105   -1.5825752501e+01    2.5109363992e+02   -2.7288711172e+01    1.1462958671e+01    1.0178699143e+01   -3.9605566181e+01    2.1381558666e+00    2.0480000000e+03    9.6409654694e-04    6.9531250000e-01
       106   -1.5846813807e+01    2.5218322114e+02   -2.7367204282e+01    1.1520390475e+01    1.0139397062e+01   -3.9448265399e+01    1.9416640550e+00    2.0480000000e+03    9.5581929871e-04    6.9360351562e-01
       107   -1.5809280459e+01    2.5055138363e+02   -2.7364616936e+01    1.1555336477e+01    1.0198682213e+01   -3.9696442634e+01    2.1331434844e+00    2.0480000000e+03    9.6043200714e-04    6.9791666667e-01
       108   -1.5840673602e+01    2.5158671836e+02   -2.7379836129e+01    1.1539162528e+01    1.0168635748e+01   -3.9591920400e+01    2.0434485224e+00    2.0480000000e+03    9.6290844330e-04    6.9978841146e-01
       109   -1.5838482600e+01    2.5154482914e+02   -2.7333040155e+01    1.1494557554e+01    1.0146973693e+01   -3.9554386327e+01    2.0743724786e+00    2.0480000000e+03    9.5414093781e-04    7.0052083333e-01
       110   -1.5822370560e+01    2.5094582819e+02   -2.7283309876e+01    1.1460939317e+01    1.0104405012e+01   -3.9397226570e+01    2.0095116822e+00    2.0480000000e+03    9.6055881836e-04    6.9970703125e-01
       111   -1.5870610133e+01    2.5254849178e+02   -2.7170337745e+01    1.1299727612e+01    1.0082281336e+01   -3.9340211656e+01    2.0875925752e+00    2.0480000000e+03    9.5378558411e-04    6.9571940104e-01
       112   -1.5859156837e+01    2.5223938782e+02   -2.7191379735e+01    1.1332222898e+01    1.0078805261e+01   -3.9284207424e+01    2.0140224282e+00    2.0480000000e+03    9.5668863251e-04    6.9962565104e-01
       113   -1.5860405640e+01    2.5227188637e+02   -2.7187004127e+01    1.1326598487e+01    1.0083968858e+01   -3.9377134326e+01    2.1061613417e+00    2.0480000000e+03    9.6094731445e-04    6.9694010417e-01
       114   -1.5875645541e+01    2.5276635178e+02   -2.7081764263e+01    1.1206118722e+01    1.0097127179e+01   -3.9258919398e+01    2.0800279555e+00    2.0480000000e+03    9.6051164947e-04    7.0279947917e-01
       115   -1.5861395396e+01    2.5219261803e+02   -2.7335146087e+01    1.1473750691e+01    1.0071188961e+01   -3.9434276947e+01    2.0279418985e+00    2.0480000000e+03    9.5885735382e-04    7.0239257812e-01
       116   -1.5864142402e+01    2.5230378213e+02   -2.7228578834e+01    1.1364436432e+01    1.0110843885e+01   -3.9362780851e+01    2.0233581320e+00    2.0480000000e+03    9.6443796204e-04    6.9978841146e-01
       117   -1.5837434670e+01    2.5147530021e+02   -2.7166357983e+01    1.1328923314e+01    1.0110685695e+01   -3.9345021845e+01    2.0679781658e+00    2.0480000000e+03    9.5573315369e-04    7.0458984375e-01
       118   -1.5848874231e+01    2.5184992459e+02   -2.7213724477e+01    1.1364850246e+01    1.0114741960e+01   -3.9301771621e+01    1.9733051845e+00    2.0480000000e+03    9.5326502045e-04    6.9824218750e-01
       119   -1.5856480143e+01    2.5209498378e+02   -2.6991807054e+01    1.1135326912e+01    1.0064394619e+01   -3.9110110478e+01    2.0539088045e+00    2.0480000000e+03    9.5522374878e-04    6.9685872396e-01
       120   -1.5854078905e+01    2.5208261902e+02   -2.7182421097e+01    1.1328342192e+01    1.0074802944e+01   -3.9495282031e+01    2.2380579899e+00    2.0480000000e+03    9.5302250244e-04    7.0239257812e-01
       121   -1.5852824887e+01    2.5201265377e+02   -2.7225612335e+01    1.1372787449e+01    1.0073024765e+01   -3.9349038277e+01    2.0504011765e+00    2.0480000000e+03    9.6730773102e-04    7.0060221354e-01
       122   -1.5847352963e+01    2.5179288486e+02   -2.7195038612e+01    1.1347685649e+01    1.0066914466e+01   -3.9177017171e+01    1.9150640925e+00    2.0480000000e+03    9.5420141998e-04    6.9685872396e-01
       123   -1.5883751329e+01    2.5298666801e+02   -2.7341969455e+01    1.1458218126e+01    1.0051179845e+01   -3.9373865524e+01    1.9807162239e+00    2.0480000000e+03    9.5711397339e-04    7.0141601562e-01
       124   -1.5895000385e+01    2.5335510410e+02   -2.7317284123e+01    1.1422283738e+01    1.0046459774e+01   -3.9360312973e+01    1.9965690771e+00    2.0480000000e+03    9.5561051727e-04    6.9881184896e-01
       125   -1.5878542539e+01    2.5282447880e+02   -2.7311883201e+01    1.1433340662e+01    1.0045787110e+01   -3.9472590441e+01    2.1149201294e+00    2.0480000000e+03    9.5383108215e-04    7.0174153646e-01
       126   -1.5887010553e+01    2.5310464320e+02   -2.7223389361e+01    1.1336378809e+01    1.0031235034e+01   -3.9461283216e+01    2.2066588215e+00    2.0480000000e+03    9.4972444397e-04    6.9986979167e-01
       127   -1.5879333525e+01    2.5281237664e+02   -2.7234142373e+01    1.1354808848e+01    1.0036358855e+01   -3.9310939011e+01    2.0404377832e+00    2.0480000000e+03    9.4988503784e-04    7.0328776042e-01
       128   -1.5837968094e+01    2.5150070760e+02   -2.7106462626e+01    1.1268494532e+01    1.0011297927e+01   -3.9212488742e+01    2.0947281894e+00    2.0480000000e+03    9.5341415192e-04    7.0515950521e-01
       129   -1.5837852443e+01    2.5156266305e+02   -2.7129643747e+01    1.1291791304e+01    1.0032090794e+01   -3.9273005297e+01    2.1112707551e+00    2.0480000000e+03    9.4952109039e-04    7.0328776042e-01
       130   -1.5848555910e+01    2.5174616856e+02   -2.6954959384e+01    1.1106403474e+01    1.0001386586e+01   -3.8971774653e+01    2.0154286838e+00    2.0480000000e+03    9.5988947052e-04    7.0312500000e-01
       131   -1.5867945552e+01    2.5240445243e+02   -2.7068557436e+01    1.1200611883e+01    1.0121906415e+01   -3.9208296440e+01    2.0178325896e+00    2.0480000000e+03    9.5914966370e-04    7.0556640625e-01
       132   -1.5844735328e+01    2.5171835710e+02   -2.7032938766e+01    1.1188203439e+01    9.9895886432e+00   -3.9099782181e+01    2.0772547712e+00    2.0480000000e+03    9.5903881042e-04    7.0109049479e-01
       133   -1.5910196577e+01    2.5732714535e+02   -2.7420196832e+01    1.1510000254e+01    1.0035087792e+01   -3.9250581784e+01    1.7952971606e+00    2.0480000000e+03    9.5885231750e-04    7.0133463542e-01
       134   -1.5830271626e+01    2.5127039749e+02   -2.7291706140e+01    1.1461434514e+01    1.0077804767e+01   -3.9352167729e+01    1.9826568224e+00    2.0480000000e+03    9.5607210968e-04    7.0450846354e-01
       135   -1.5833755510e+01    2.5149497094e+02   -2.7238726935e+01    1.1404971425e+01    1.0076692036e+01   -3.9406464431e+01    2.0910454603e+00    2.0480000000e+03    9.4849853455e-04    6.9628906250e-01
       136   -1.5833441370e+01    2.5146083403e+02   -2.7309444670e+01    1.1476003300e+01    1.0065830571e+01   -3.9554172375e+01    2.1788971340e+00    2.0480000000e+03    9.5175138367e-04    6.9889322917e-01
       137   -1.5830166482e+01    2.5132740594e+02   -2.6973900353e+01    1.1143733870e+01    1.0035321235e+01   -3.9127603879e+01    2.1183822919e+00    2.0480000000e+03    9.5069607697e-04    7.0467122396e-01
       138   -1.5830973741e+01    2.5137295225e+02   -2.7172060535e+01    1.1341086794e+01    1.0052785688e+01   -3.9224314679e+01    1.9994684561e+00    2.0480000000e+03    9.4914709717e-04    6.9791666667e-01
       139   -1.5824090375e+01    2.5107479152e+02   -2.7285832203e+01    1.1461741828e+01    1.0038774635e+01   -3.9363627631e+01    2.0390207928e+00    2.0480000000e+03    9.4853838074e-04    6.9799804687e-01
       140   -1.5830283436e+01    2.5133389141e+02   -2.6875640379e+01    1.1045356943e+01    1.0005867194e+01   -3.9069413006e+01    2.1879054338e+00    2.0480000000e+03    9.5425733612e-04    7.0296223958e-01
       141   -1.5843190300e+01    2.5174055030e+02   -2.7056271339e+01    1.1213081039e+01    1.0061955037e+01   -3.9080066574e+01    1.9618401978e+00    2.0480000000e+03    9.4564212555e-04    7.0084635417e-01
       142   -1.5829788991e+01    2.5130239265e+02   -2.7201843849e+01    1.1372054859e+01    1.0081783789e+01   -3.9293122322e+01    2.0094946831e+00    2.0480000000e+03    9.5729788818e-04    6.9010416667e-01
       143   -1.5838886966e+01    2.5156801495e+02   -2.6980438933e+01    1.1141551967e+01    1.0075576499e+01   -3.9214585255e+01    2.1585698230e+00    2.0480000000e+03    9.5806786194e-04    7.0377604167e-01
       144   -1.5884806179e+01    2.5300193638e+02   -2.7287425473e+01    1.1402619295e+01    1.0065646301e+01   -3.9438087034e+01    2.0850152602e+00    2.0480000000e+03    9.6876122192e-04    7.0166015625e-01
       145   -1.5856953208e+01    2.5209118115e+02   -2.7269303514e+01    1.1412350305e+01    1.0029842554e+01   -3.9303656767e+01    2.0045106985e+00    2.0480000000e+03    9.5241379883e-04    7.0043945312e-01
       146   -1.5883532343e+01    2.5293575657e+02   -2.7063798701e+01    1.1180266358e+01    1.0040738541e+01   -3.9123462391e+01    2.0189251492e+00    2.0480000000e+03    9.5048718384e-04    7.0296223958e-01
       147   -1.5854760058e+01    2.5205870100e+02   -2.7143928781e+01    1.1289168723e+01    1.0004661325e+01   -3.8992683373e+01    1.8440932675e+00    2.0480000000e+03    9.5059388611e-04    6.9539388021e-01
       148   -1.5859217865e+01    2.5222869635e+02   -2.7375944629e+01    1.1516726764e+01    1.0039574860e+01   -3.9206947949e+01    1.7914284600e+00    2.0480000000e+03    9.5626415955e-04    7.0084635417e-01
       149   -1.5856432089e+01    2.5220152098e+02   -2.7453769046e+01    1.1597336956e+01    1.0083652226e+01   -3.9383409633e+01    1.8459883619e+00    2.0480000000e+03    9.6115771515e-04    7.0206705729e-01
       150   -1.5859303438e+01    2.5228630628e+02   -2.7457651072e+01    1.1598347634e+01    1.0101844835e+01   -3.9551651691e+01    1.9921557836e+00    2.0480000000e+03    9.6201504913e-04    6.9580078125e-01
       151   -1.5845622674e+01    2.5182526424e+02   -2.7278817306e+01    1.1433194632e+01    1.0067866893e+01   -3.9345934736e+01    1.9992505367e+00    2.0480000000e+03    9.6479326904e-04    7.0336914062e-01
       152   -1.5893556320e+01    2.5335300703e+02   -2.7272542633e+01    1.1378986314e+01    1.0030592003e+01   -3.9266786148e+01    1.9636515117e+00    2.0480000000e+03    9.5296958893e-04    6.9954427083e-01
       153   -1.5871875069e+01    2.5264238795e+02   -2.7262127674e+01    1.1390252606e+01    1.0096404451e+01   -3.9346144706e+01    1.9876125808e+00    2.0480000000e+03    9.5418048035e-04    6.9539388021e-01
       154   -1.5882481641e+01    2.5304273092e+02   -2.7046224496e+01    1.1163742855e+01    1.0090224251e+01   -3.9176129207e+01    2.0396804595e+00    2.0480000000e+03    9.5569379059e-04    7.0052083333e-01
       155   -1.5887917550e+01    2.5329273270e+02   -2.7255813695e+01    1.1367896146e+01    1.0098400200e+01   -3.9303078206e+01    1.9488643104e+00    2.0480000000e+03    9.5774173157e-04    7.0190429687e-01
       156   -1.5880574946e+01    2.5283107557e+02   -2.7230283057e+01    1.1349708111e+01    1.0077351637e+01   -3.9112096381e+01    1.8044616877e+00    2.0480000000e+03    9.5643489532e-04    7.0206705729e-01
       157   -1.5871996963e+01    2.5283877089e+02   -2.7215419606e+01    1.1343422643e+01    9.9897549089e+00   -3.9201116934e+01    1.9959424188e+00    2.0480000000e+03    9.5333521545e-04    7.0231119792e-01
       158   -1.5882864947e+01    2.5308967269e+02   -2.7154303527e+01    1.1271438580e+01    1.0038072103e+01   -3.9184489604e+01    1.9921139728e+00    2.0480000000e+03    9.4862709076e-04    6.9873046875e-01
       159   -1.5851233714e+01    2.5199150472e+02   -2.7113870711e+01    1.1262636998e+01    1.0062523038e+01   -3.9084164022e+01    1.9077702729e+00    2.0480000000e+03    9.5087700043e-04    7.0581054687e-01
       160   -1.5830826880e+01    2.5151710237e+02   -2.7263039213e+01    1.1432212333e+01    1.0080583259e+01   -3.9352086317e+01    2.0084638442e+00    2.0480000000e+03    9.4991741669e-04    7.0182291667e-01
       161   -1.5864596102e+01    2.5238401391e+02   -2.7332647495e+01    1.1468051393e+01    1.0069138373e+01   -3.9380478332e+01    1.9786924635e+00    2.0480000000e+03    9.5463045380e-04    7.0125325521e-01
       162   -1.5882133087e+01    2.5329534457e+02   -2.7434757157e+01    1.1552624070e+01    1.0098750484e+01   -3.9541394873e+01    2.0078872321e+00    2.0480000000e+03    9.5948733276e-04    7.0035807292e-01
       163   -1.5866840418e+01    2.5238318744e+02   -2.6983982258e+01    1.1117141840e+01    1.0033697502e+01   -3.9088639936e+01    2.0709601763e+00    2.0480000000e+03    9.4790504547e-04    7.1101888021e-01
       164   -1.5872484993e+01    2.5260334700e+02   -2.7078474798e+01    1.1205989804e+01    1.0033384862e+01   -3.9059452776e+01    1.9475931158e+00    2.0480000000e+03    9.5766493195e-04    7.0621744792e-01
       165   -1.5852811447e+01    2.5190985928e+02   -2.6992285071e+01    1.1139473625e+01    9.9650557217e+00   -3.8939093412e+01    1.9817526187e+00    2.0480000000e+03    9.5530945740e-04    7.0190429687e-01
       166   -1.5873320849e+01    2.5267601335e+02   -2.7156496296e+01    1.1283175448e+01    1.0033830050e+01   -3.9163467095e+01    1.9731407481e+00    2.0480000000e+03    9.5201147095e-04    7.0109049479e-01
       167   -1.5854201684e+01    2.5218488668e+02   -2.7014084770e+01    1.1159883086e+01    9.9654923158e+00   -3.8802276679e+01    1.8226995931e+00    2.0480000000e+03    9.6425461914e-04    7.0613606771e-01
       168   -1.5873446659e+01    2.5292284550e+02   -2.6921291727e+01    1.1047845068e+01    9.9759551216e+00   -3.8793080844e+01    1.8958339954e+00    2.0480000000e+03    9.4789511322e-04    7.0450846354e-01
       169   -1.5862192320e+01    2.5223942272e+02   -2.6900623529e+01    1.1038431209e+01    9.9935754978e+00   -3.8926815915e+01    2.0326168879e+00    2.0480000000e+03    9.4679617706e-04    7.0052083333e-01
       170   -1.5843784920e+01    2.5165073615e+02   -2.7179013253e+01    1.1335228333e+01    9.9517698082e+00   -3.9013818936e+01    1.8830358753e+00    2.0480000000e+03    9.5050872375e-04    6.9970703125e-01
       171   -1.5843603964e+01    2.5165212355e+02   -2.7023833235e+01    1.1180229271e+01    9.9831258609e+00   -3.9110135268e+01    2.1031761722e+00    2.0480000000e+03    9.5081049500e-04    6.9986979167e-01
       172   -1.5832578765e+01    2.5129264811e+02   -2.6940982782e+01    1.1108404017e+01    9.9840629392e+00   -3.8977856112e+01    2.0528103903e+00    2.0480000000e+03    9.4562775238e-04    7.0385742187e-01
       173   -1.5870177509e+01    2.5258407502e+02   -2.7016130911e+01    1.1145953402e+01    1.0026992771e+01   -3.9155182543e+01    2.1120588607e+00    2.0480000000e+03    9.4883861572e-04    7.0629882812e-01
       174   -1.5817114977e+01    2.5080291881e+02   -2.7055484350e+01    1.1238369373e+01    1.0016938892e+01   -3.9100723205e+01    2.0282999625e+00    2.0480000000e+03    9.4809663177e-04    7.0304361979e-01
       175   -1.5838903230e+01    2.5167869806e+02   -2.6930318116e+01    1.1091414886e+01    1.0005933916e+01   -3.8939896487e+01    2.0036444543e+00    2.0480000000e+03    9.4270505707e-04    6.9718424479e-01
       176   -1.5837967756e+01    2.5218267359e+02   -2.7156614235e+01    1.1318646479e+01    1.0007515939e+01   -3.9190731976e+01    2.0266018030e+00    2.0480000000e+03    9.5744044586e-04    7.0760091146e-01
       177   -1.5842850242e+01    2.5166542548e+02   -2.7327111351e+01    1.1484261110e+01    1.0064382097e+01   -3.9342167781e+01    1.9506743327e+00    2.0480000000e+03    9.6326052277e-04    7.0149739583e-01
       178   -1.5843817594e+01    2.5161781122e+02   -2.6990200216e+01    1.1146382621e+01    9.9989795597e+00   -3.8984810257e+01    1.9956304814e+00    2.0480000000e+03    9.5483818329e-04    6.9799804687e-01
       179   -1.5866358650e+01    2.5245809278e+02   -2.7145038238e+01    1.1278679589e+01    1.0025509253e+01   -3.9170254843e+01    1.9997073515e+00    2.0480000000e+03    9.6181750549e-04    7.0231119792e-01
       180   -1.5826289212e+01    2.5106082259e+02   -2.7027220956e+01    1.1200931744e+01    1.0001840502e+01   -3.8999349203e+01    1.9702877453e+00    2.0480000000e+03    9.5681555267e-04    7.0703125000e-01
       181   -1.5840294734e+01    2.5155328577e+02   -2.7279913851e+01    1.1439619117e+01    1.0108015827e+01   -3.9328708828e+01    1.9407791503e+00    2.0480000000e+03    9.6291626617e-04    7.0662434896e-01
       182   -1.5858634042e+01    2.5210174213e+02   -2.7191483570e+01    1.1332849528e+01    1.0037871624e+01   -3.9147819178e+01    1.9184639844e+00    2.0480000000e+03    9.5962606110e-04    7.0434570312e-01
       183   -1.5820831540e+01    2.5099411775e+02   -2.7232897426e+01    1.1412065887e+01    1.0069571727e+01   -3.9220634533e+01    1.9181653795e+00    2.0480000000e+03    9.5483518311e-04    6.9645182292e-01
       184   -1.5846975717e+01    2.5187239182e+02   -2.7310851695e+01    1.1463875978e+01    1.0005721992e+01   -3.9261486223e+01    1.9449125350e+00    2.0480000000e+03    9.5313316437e-04    7.0263671875e-01
       185   -1.5822516810e+01    2.5097792035e+02   -2.7084503026e+01    1.1261986216e+01    9.9571022545e+00   -3.8874089241e+01    1.8324839607e+00    2.0480000000e+03    9.5578461792e-04    7.0686848958e-01
       186   -1.5829772605e+01    2.5117532798e+02   -2.6907160433e+01    1.1077387828e+01    9.9379798093e+00   -3.8762890379e+01    1.9177501373e+00    2.0480000000e+03    9.4731518249e-04    7.0385742187e-01
       187   -1.5831146774e+01    2.5127352683e+02   -2.6869886147e+01    1.1038739372e+01    9.9017214311e+00   -3.8738704763e+01    1.9670971848e+00    2.0480000000e+03    9.4363432800e-04    7.0499674479e-01
       188   -1.5862983438e+01    2.5232395536e+02   -2.6951381108e+01    1.1088397671e+01    9.9429482752e+00   -3.8593826469e+01    1.6994970858e+00    2.0480000000e+03    9.5036855347e-04    7.1118164062e-01
       189   -1.5858282890e+01    2.5217834466e+02   -2.7066761820e+01    1.1208478930e+01    9.9802960556e+00   -3.8969133311e+01    1.9220754349e+00    2.0480000000e+03    9.5064624664e-04    7.0402018229e-01
       190   -1.5827600864e+01    2.5119128931e+02   -2.7229470895e+01    1.1401870031e+01    1.0036196242e+01   -3.9270370682e+01    2.0047035442e+00    2.0480000000e+03    9.6662838257e-04    7.0540364583e-01
       191   -1.5829557867e+01    2.5133971893e+02   -2.7261997025e+01    1.1432439159e+01    9.9839718958e+00   -3.9188448754e+01    1.9424798328e+00    2.0480000000e+03    9.4858933380e-04    7.0133463542e-01
       192   -1.5856974468e+01    2.5215927364e+02   -2.7288904901e+01    1.1431930433e+01    1.0064938270e+01   -3.9458198720e+01    2.1043555499e+00    2.0480000000e+03    9.4988954437e-04    7.0393880208e-01
       193   -1.5856061679e+01    2.5205741469e+02   -2.7375890458e+01    1.1519828779e+01    1.0096648872e+01   -3.9659661234e+01    2.1871219039e+00    2.0480000000e+03    9.5817730774e-04    7.0629882812e-01
       194   -1.5852943031e+01    2.5202620432e+02   -2.7036013179e+01    1.1183070148e+01    1.0132295424e+01   -3.9518775153e+01    2.3504665498e+00    2.0480000000e+03    9.6148275452e-04    7.0149739583e-01
       195   -1.5866878044e+01    2.5257385422e+02   -2.7332771276e+01    1.1465893232e+01    1.0113080222e+01   -3.9620631543e+01    2.1747800451e+00    2.0480000000e+03    9.6395749176e-04    6.9433593750e-01
       196   -1.5866023901e+01    2.5230039123e+02   -2.7156397268e+01    1.1290373366e+01    1.0129203133e+01   -3.9269645826e+01    1.9840454256e+00    2.0480000000e+03    9.6121184448e-04    6.9718424479e-01
       197   -1.5852898263e+01    2.5199457241e+02   -2.7097851745e+01    1.1244953482e+01    1.0111537216e+01   -3.9155075476e+01    1.9456865156e+00    2.0480000000e+03    9.6733317566e-04    6.9327799479e-01
       198   -1.5825213927e+01    2.5112604112e+02   -2.7080305691e+01    1.1255091764e+01    1.0084997284e+01   -3.9165867906e+01    2.0005649304e+00    2.0480000000e+03    9.5860537415e-04    6.9816080729e-01
       199   -1.5840260274e+01    2.5162440153e+02   -2.7112925762e+01    1.1272665487e+01    1.0111382699e+01   -3.9171901940e+01    1.9475934790e+00    2.0480000000e+03    9.5935566437e-04    6.9938151042e-01
