#   index    LocalEnergy         LocalEnergy_sq      LocalPotential      Kinetic             ElecElec            LocalECP            NonLocalECP         BlockWeight         BlockCPU            AcceptRatio         
         0   -1.5887558056e+01    2.5315478602e+02   -2.7508111712e+01    1.1620553656e+01    1.0242470999e+01   -3.9975765169e+01    2.2251824573e+00    1.7211000000e+04    4.1065225586e-02    9.8253537889e-01
         1   -1.5888254002e+01    2.5313956810e+02   -2.7462681619e+01    1.1574427617e+01    1.0164182476e+01   -3.9596688210e+01    1.9698241150e+00    1.7307000000e+04    3.8404771719e-02    9.8208947262e-01
         2   -1.5900654291e+01    2.5358482514e+02   -2.7463515660e+01    1.1562861369e+01    1.0172421172e+01   -3.9587271333e+01    1.9513345009e+00    1.7326000000e+04    3.9268661641e-02    9.8205522736e-01
         3   -1.5892234193e+01    2.5330717128e+02   -2.7456926283e+01    1.1564692090e+01    1.0181547061e+01   -3.9707355831e+01    2.0688824867e+00    1.7221000000e+04    3.8985883203e-02    9.8256739724e-01
         4   -1.5897040312e+01    2.5339278717e+02   -2.7437929812e+01    1.1540889500e+01    1.0116454341e+01   -3.9630404599e+01    2.0760204463e+00    1.7080000000e+04    3.9135966016e-02    9.8208406858e-01
         5   -1.5903071732e+01    2.5360934816e+02   -2.7459361806e+01    1.1556290074e+01    1.0126438315e+01   -3.9615153083e+01    2.0293529616e+00    1.7031000000e+04    3.8044424297e-02    9.8215277050e-01
         6   -1.5893986368e+01    2.5335531194e+02   -2.7528504977e+01    1.1634518608e+01    1.0196913039e+01   -3.9641574595e+01    1.9161565798e+00    1.6837000000e+04    3.7033505273e-02    9.8279502100e-01
         7   -1.5887023180e+01    2.5333391112e+02   -2.7710720710e+01    1.1823697531e+01    1.0201309584e+01   -3.9923892836e+01    2.0118625422e+00    1.6776000000e+04    3.5714339688e-02    9.8168161772e-01
         8   -1.5882741046e+01    2.5293868153e+02   -2.7629458489e+01    1.1746717443e+01    1.0194643044e+01   -3.9884606067e+01    2.0605045345e+00    1.6556000000e+04    3.6442174297e-02    9.8198468784e-01
         9   -1.5892780644e+01    2.5336833245e+02   -2.7630051131e+01    1.1737270486e+01    1.0246557346e+01   -3.9842703386e+01    1.9660949094e+00    1.6453000000e+04    3.4799474688e-02    9.8181355394e-01
        10   -1.5906083973e+01    2.5370827681e+02   -2.7515886381e+01    1.1609802407e+01    1.0244175200e+01   -3.9774149312e+01    2.0140877315e+00    1.6490000000e+04    3.4434604336e-02    9.8227978076e-01
        11   -1.5902646163e+01    2.5358140549e+02   -2.7467177516e+01    1.1564531353e+01    1.0191453236e+01   -3.9734257270e+01    2.0756265184e+00    1.6392000000e+04    3.4515082695e-02    9.8177236273e-01
        12   -1.5897603518e+01    2.5358500898e+02   -2.7489308916e+01    1.1591705397e+01    1.0168401411e+01   -3.9675243157e+01    2.0175328303e+00    1.6458000000e+04    3.4542611523e-02    9.8243199976e-01
        13   -1.5887512405e+01    2.5310372478e+02   -2.7657423551e+01    1.1769911146e+01    1.0194886322e+01   -3.9780370586e+01    1.9280607134e+00    1.6373000000e+04    3.4535770195e-02    9.8221018829e-01
        14   -1.5884397978e+01    2.5297187435e+02   -2.7548325948e+01    1.1663927970e+01    1.0211323099e+01   -3.9825970254e+01    2.0663212069e+00    1.6381000000e+04    3.4804135156e-02    9.8174257212e-01
        15   -1.5903027269e+01    2.5360067767e+02   -2.7332572270e+01    1.1429545001e+01    1.0141545213e+01   -3.9522644443e+01    2.0485269601e+00    1.6273000000e+04    3.4224950430e-02    9.8288812968e-01
        16   -1.5891260078e+01    2.5325071288e+02   -2.7523336074e+01    1.1632075997e+01    1.0197725316e+01   -3.9733609716e+01    2.0125483257e+00    1.6209000000e+04    3.4629879102e-02    9.8180227655e-01
        17   -1.5890567429e+01    2.5320879676e+02   -2.7419588891e+01    1.1529021462e+01    1.0174839067e+01   -3.9563334501e+01    1.9689065429e+00    1.6288000000e+04    3.3958817773e-02    9.8192559377e-01
        18   -1.5886453525e+01    2.5320227622e+02   -2.7423603456e+01    1.1537149931e+01    1.0126788399e+01   -3.9526398347e+01    1.9760064922e+00    1.6213000000e+04    3.4680437734e-02    9.8285129726e-01
        19   -1.5917513006e+01    2.5408547679e+02   -2.7546662483e+01    1.1629149477e+01    1.0153868861e+01   -3.9693081780e+01    1.9925504360e+00    1.6112000000e+04    3.4579963789e-02    9.8212196064e-01
        20   -1.5899277402e+01    2.5349466454e+02   -2.7496177718e+01    1.1596900316e+01    1.0137065260e+01   -3.9625151471e+01    1.9919084923e+00    1.6198000000e+04    3.4721480664e-02    9.8240824209e-01
        21   -1.5892764693e+01    2.5345484514e+02   -2.7318575692e+01    1.1425810999e+01    1.0090774752e+01   -3.9364506506e+01    1.9551560618e+00    1.6262000000e+04    3.4694869141e-02    9.8237202803e-01
        22   -1.5886547267e+01    2.5305586910e+02   -2.7430696651e+01    1.1544149385e+01    1.0105185334e+01   -3.9496763410e+01    1.9608814241e+00    1.6431000000e+04    3.4330903828e-02    9.8267920035e-01
        23   -1.5889250983e+01    2.5323020646e+02   -2.7446281981e+01    1.1557030998e+01    1.0102335785e+01   -3.9532317874e+01    1.9837001075e+00    1.6571000000e+04    3.4723290938e-02    9.8204005688e-01
        24   -1.5893590755e+01    2.5332931275e+02   -2.7502760584e+01    1.1609169829e+01    1.0102367870e+01   -3.9620590557e+01    2.0154621030e+00    1.6534000000e+04    3.4271801016e-02    9.8279808520e-01
        25   -1.5884877007e+01    2.5300131893e+02   -2.7491451322e+01    1.1606574315e+01    1.0138527244e+01   -3.9669288592e+01    2.0393100257e+00    1.6483000000e+04    3.5204337500e-02    9.8209551948e-01
        26   -1.5899364972e+01    2.5352596319e+02   -2.7623419380e+01    1.1724054408e+01    1.0141979940e+01   -3.9786537916e+01    2.0211385956e+00    1.6307000000e+04    3.4043339844e-02    9.8175325908e-01
        27   -1.5883215304e+01    2.5295888894e+02   -2.7465548813e+01    1.1582333508e+01    1.0132653364e+01   -3.9626313144e+01    2.0281109679e+00    1.6137000000e+04    3.4320820703e-02    9.8157832571e-01
        28   -1.5892920663e+01    2.5329843022e+02   -2.7699608361e+01    1.1806687698e+01    1.0198826247e+01   -3.9892880745e+01    1.9944461374e+00    1.6058000000e+04    3.4606550703e-02    9.8118228246e-01
        29   -1.5896135392e+01    2.5335146414e+02   -2.7475637851e+01    1.1579502459e+01    1.0146624434e+01   -3.9687433133e+01    2.0651708488e+00    1.6055000000e+04    3.4491689063e-02    9.8209738188e-01
        30   -1.5885702694e+01    2.5303784272e+02   -2.7682886470e+01    1.1797183777e+01    1.0183433888e+01   -3.9862860501e+01    1.9965401427e+00    1.6037000000e+04    3.4474827109e-02    9.8233900282e-01
        31   -1.5888664519e+01    2.5318135394e+02   -2.7572394303e+01    1.1683729784e+01    1.0190283604e+01   -3.9782745581e+01    2.0200676743e+00    1.6062000000e+04    3.4705836250e-02    9.8245171875e-01
        32   -1.5889871388e+01    2.5319072893e+02   -2.7551709582e+01    1.1661838194e+01    1.0152167292e+01   -3.9698297940e+01    1.9944210655e+00    1.6096000000e+04    3.4803571602e-02    9.8194473970e-01
        33   -1.5889720216e+01    2.5317231978e+02   -2.7604091010e+01    1.1714370794e+01    1.0158908139e+01   -3.9865724426e+01    2.1027252773e+00    1.6177000000e+04    3.4810839141e-02    9.8189119515e-01
        34   -1.5892570583e+01    2.5336781880e+02   -2.7441768863e+01    1.1549198280e+01    1.0162857224e+01   -3.9646324865e+01    2.0416987777e+00    1.6310000000e+04    3.4273637187e-02    9.8289749398e-01
        35   -1.5894545086e+01    2.5330868706e+02   -2.7524931920e+01    1.1630386833e+01    1.0169859671e+01   -3.9642682627e+01    1.9478910361e+00    1.6268000000e+04    3.4388206836e-02    9.8208688614e-01
        36   -1.5884083545e+01    2.5294667768e+02   -2.7448104685e+01    1.1564021140e+01    1.0202023345e+01   -3.9633539157e+01    1.9834111275e+00    1.6338000000e+04    3.4575214805e-02    9.8231540489e-01
        37   -1.5887894533e+01    2.5309129182e+02   -2.7638494990e+01    1.1750600457e+01    1.0244829060e+01   -3.9965960769e+01    2.0826367191e+00    1.6316000000e+04    3.5415009336e-02    9.8188973111e-01
        38   -1.5887772943e+01    2.5312547794e+02   -2.7802090593e+01    1.1914317650e+01    1.0268959623e+01   -4.0140547921e+01    2.0694977046e+00    1.6261000000e+04    3.4717506992e-02    9.8205135294e-01
        39   -1.5892084027e+01    2.5325687208e+02   -2.7820521202e+01    1.1928437175e+01    1.0293327958e+01   -4.0124160485e+01    2.0103113260e+00    1.6171000000e+04    3.4388046484e-02    9.8187189417e-01
        40   -1.5899310757e+01    2.5353738163e+02   -2.7850494776e+01    1.1951184020e+01    1.0268214423e+01   -4.0193687584e+01    2.0749783842e+00    1.6193000000e+04    3.5228922344e-02    9.8200467808e-01
        41   -1.5892534532e+01    2.5324786449e+02   -2.7630319869e+01    1.1737785337e+01    1.0247250712e+01   -3.9996435017e+01    2.1188644359e+00    1.6219000000e+04    3.5299501641e-02    9.8228358772e-01
        42   -1.5890775200e+01    2.5323973780e+02   -2.7508859036e+01    1.1618083836e+01    1.0245931314e+01   -3.9848496893e+01    2.0937065441e+00    1.6168000000e+04    3.4638516016e-02    9.8242993442e-01
        43   -1.5884694626e+01    2.5306089692e+02   -2.7565625517e+01    1.1680930891e+01    1.0227424943e+01   -3.9834494322e+01    2.0414438624e+00    1.6111000000e+04    3.4795374492e-02    9.8108650992e-01
        44   -1.5892306756e+01    2.5327435623e+02   -2.7626707660e+01    1.1734400904e+01    1.0263153453e+01   -4.0079731672e+01    2.1898705584e+00    1.6252000000e+04    3.4808858594e-02    9.8204969193e-01
        45   -1.5905744110e+01    2.5373798338e+02   -2.7804762580e+01    1.1899018470e+01    1.0271722151e+01   -4.0147832943e+01    2.0713482116e+00    1.6306000000e+04    3.4414185430e-02    9.8209002838e-01
        46   -1.5887986800e+01    2.5316420421e+02   -2.7689854848e+01    1.1801868048e+01    1.0299031392e+01   -4.0014501861e+01    2.0256156207e+00    1.6456000000e+04    3.4983127930e-02    9.8226853989e-01
        47   -1.5892447847e+01    2.5325857042e+02   -2.7894847896e+01    1.2002400049e+01    1.0324360329e+01   -4.0270036537e+01    2.0508283116e+00    1.6565000000e+04    3.4437470078e-02    9.8105181486e-01
        48   -1.5893399251e+01    2.5332239996e+02   -2.7519484288e+01    1.1626085037e+01    1.0206604901e+01   -3.9772312138e+01    2.0462229492e+00    1.6636000000e+04    3.7103153008e-02    9.8209248576e-01
        49   -1.5887809239e+01    2.5314312253e+02   -2.7314763646e+01    1.1426954407e+01    1.0194640585e+01   -3.9486312815e+01    1.9769085834e+00    1.6549000000e+04    3.5007558281e-02    9.8296596302e-01
        50   -1.5894734710e+01    2.5329221837e+02   -2.7430753717e+01    1.1536019006e+01    1.0197211964e+01   -3.9661334941e+01    2.0333692594e+00    1.6456000000e+04    3.5303036289e-02    9.8216199355e-01
        51   -1.5875137322e+01    2.5266606472e+02   -2.7515736589e+01    1.1640599267e+01    1.0202589739e+01   -3.9736960283e+01    2.0186339548e+00    1.6462000000e+04    3.4527857422e-02    9.8250194410e-01
        52   -1.5884356526e+01    2.5303604630e+02   -2.7674318250e+01    1.1789961725e+01    1.0225328954e+01   -3.9920917347e+01    2.0212701434e+00    1.6356000000e+04    3.5198271250e-02    9.8265653932e-01
        53   -1.5900791535e+01    2.5353726550e+02   -2.7641855281e+01    1.1741063746e+01    1.0231813657e+01   -3.9987027040e+01    2.1133581021e+00    1.6354000000e+04    3.4552973906e-02    9.8293045486e-01
        54   -1.5900036717e+01    2.5350592636e+02   -2.7656510892e+01    1.1756474176e+01    1.0207291519e+01   -3.9966050667e+01    2.1022482556e+00    1.6465000000e+04    3.4928480391e-02    9.8245997423e-01
        55   -1.5897441231e+01    2.5340644621e+02   -2.7660726640e+01    1.1763285409e+01    1.0218190308e+01   -3.9803884943e+01    1.9249679942e+00    1.6452000000e+04    3.3962856914e-02    9.8287160910e-01
        56   -1.5900837269e+01    2.5355374243e+02   -2.7500410961e+01    1.1599573693e+01    1.0231365473e+01   -3.9835908857e+01    2.1041324222e+00    1.6469000000e+04    3.4680338008e-02    9.8200022298e-01
        57   -1.5894558973e+01    2.5331240233e+02   -2.7503625512e+01    1.1609066538e+01    1.0215508991e+01   -3.9717194733e+01    1.9980602301e+00    1.6417000000e+04    3.4956162227e-02    9.8257055028e-01
        58   -1.5903597167e+01    2.5360012907e+02   -2.7294081841e+01    1.1390484674e+01    1.0172212286e+01   -3.9514554680e+01    2.0482605529e+00    1.6293000000e+04    3.5152990195e-02    9.8255782210e-01
        59   -1.5903931712e+01    2.5361212623e+02   -2.7411277797e+01    1.1507346085e+01    1.0158984336e+01   -3.9525170892e+01    1.9549087592e+00    1.6438000000e+04    3.4918117578e-02    9.8268113145e-01
        60   -1.5899969973e+01    2.5349232439e+02   -2.7551627983e+01    1.1651658010e+01    1.0199321372e+01   -3.9782710650e+01    2.0317612953e+00    1.6529000000e+04    3.4545685391e-02    9.8268377412e-01
        61   -1.5898295246e+01    2.5343299499e+02   -2.7449586869e+01    1.1551291623e+01    1.0155507361e+01   -3.9586200136e+01    1.9811059057e+00    1.6532000000e+04    3.5300983320e-02    9.8263074363e-01
        62   -1.5902264409e+01    2.5357694393e+02   -2.7479316940e+01    1.1577052532e+01    1.0202437900e+01   -3.9596888598e+01    1.9151337583e+00    1.6529000000e+04    3.5681567539e-02    9.8266579812e-01
        63   -1.5898190776e+01    2.5346544569e+02   -2.7550483349e+01    1.1652292573e+01    1.0184671663e+01   -3.9678337957e+01    1.9431829456e+00    1.6497000000e+04    3.4626510742e-02    9.8240665873e-01
        64   -1.5900888095e+01    2.5354087071e+02   -2.7350681851e+01    1.1449793756e+01    1.0146602957e+01   -3.9602812782e+01    2.1055279744e+00    1.6355000000e+04    3.4865002187e-02    9.8283159425e-01
        65   -1.5900994844e+01    2.5354373379e+02   -2.7430394215e+01    1.1529399371e+01    1.0143185556e+01   -3.9544314655e+01    1.9707348841e+00    1.6420000000e+04    3.7486141875e-02    9.8245545494e-01
        66   -1.5902221628e+01    2.5361236926e+02   -2.7515464482e+01    1.1613242854e+01    1.0203497025e+01   -3.9731268077e+01    2.0123065698e+00    1.6562000000e+04    5.6276796289e-02    9.8208313740e-01
        67   -1.5907655210e+01    2.5372891809e+02   -2.7643145302e+01    1.1735490092e+01    1.0218254345e+01   -3.9858918842e+01    1.9975191960e+00    1.6487000000e+04    5.6076250625e-02    9.8164507053e-01
        68   -1.5911341666e+01    2.5388096447e+02   -2.7627599257e+01    1.1716257591e+01    1.0215101116e+01   -3.9889548455e+01    2.0468480823e+00    1.6433000000e+04    5.6054125469e-02    9.8185534596e-01
        69   -1.5902277351e+01    2.5358294765e+02   -2.7563577716e+01    1.1661300365e+01    1.0213813885e+01   -3.9804408197e+01    2.0270165962e+00    1.6432000000e+04    5.6517280820e-02    9.8261383272e-01
        70   -1.5878164006e+01    2.5279059170e+02   -2.7498584117e+01    1.1620420111e+01    1.0149058833e+01   -3.9747565371e+01    2.0999224205e+00    1.6299000000e+04    5.6335631055e-02    9.8244534016e-01
        71   -1.5893443272e+01    2.5335109024e+02   -2.7514518957e+01    1.1621075685e+01    1.0177903740e+01   -3.9764009587e+01    2.0715868897e+00    1.6379000000e+04    5.6274978867e-02    9.8288913724e-01
        72   -1.5885068552e+01    2.5299966193e+02   -2.7654317247e+01    1.1769248695e+01    1.0178923363e+01   -3.9905699275e+01    2.0724586644e+00    1.6442000000e+04    5.6280215312e-02    9.8269045482e-01
        73   -1.5902824258e+01    2.5360175029e+02   -2.7640288855e+01    1.1737464597e+01    1.0230481662e+01   -3.9935844979e+01    2.0650744625e+00    1.6477000000e+04    5.6230320117e-02    9.8183465358e-01
        74   -1.5905357721e+01    2.5371547008e+02   -2.7743372957e+01    1.1838015236e+01    1.0185162666e+01   -3.9911592414e+01    1.9830567914e+00    1.6393000000e+04    5.5952596523e-02    9.8165172425e-01
        75   -1.5908071477e+01    2.5380505636e+02   -2.7605389777e+01    1.1697318300e+01    1.0187604830e+01   -3.9890568743e+01    2.0975741359e+00    1.6430000000e+04    5.6386179688e-02    9.8220988069e-01
        76   -1.5894193101e+01    2.5334525021e+02   -2.7498108980e+01    1.1603915879e+01    1.0210926093e+01   -3.9857117952e+01    2.1480828791e+00    1.6417000000e+04    5.6151436328e-02    9.8203989625e-01
        77   -1.5891190614e+01    2.5319967224e+02   -2.7500404261e+01    1.1609213647e+01    1.0176721042e+01   -3.9675834013e+01    1.9987087090e+00    1.6340000000e+04    5.6320515781e-02    9.8284203850e-01
        78   -1.5894620583e+01    2.5339976295e+02   -2.7652887281e+01    1.1758266698e+01    1.0214038322e+01   -3.9846454733e+01    1.9795291295e+00    1.6439000000e+04    5.5901106758e-02    9.8253520635e-01
        79   -1.5890864083e+01    2.5325816621e+02   -2.7590928536e+01    1.1700064452e+01    1.0252495705e+01   -3.9904406071e+01    2.0609818295e+00    1.6477000000e+04    5.6268252852e-02    9.8205172240e-01
        80   -1.5901823467e+01    2.5357712364e+02   -2.7505079719e+01    1.1603256252e+01    1.0211269546e+01   -3.9806847907e+01    2.0904986422e+00    1.6382000000e+04    5.5955394727e-02    9.8266369955e-01
        81   -1.5906058600e+01    2.5366962044e+02   -2.7613846351e+01    1.1707787752e+01    1.0211870197e+01   -3.9843958310e+01    2.0182417615e+00    1.6272000000e+04    5.5673184922e-02    9.8263098074e-01
        82   -1.5909866610e+01    2.5383591967e+02   -2.7926433024e+01    1.2016566414e+01    1.0277465675e+01   -4.0175739613e+01    1.9718409144e+00    1.6196000000e+04    5.5449569023e-02    9.8088107468e-01
        83   -1.5901681256e+01    2.5355413788e+02   -2.7824997659e+01    1.1923316402e+01    1.0309499486e+01   -4.0230641334e+01    2.0961441896e+00    1.6293000000e+04    5.7222195078e-02    9.8164240099e-01
        84   -1.5875174076e+01    2.5267980367e+02   -2.7698938944e+01    1.1823764868e+01    1.0286191831e+01   -4.0111849421e+01    2.1267186459e+00    1.6351000000e+04    5.7289530234e-02    9.8153440429e-01
        85   -1.5879272422e+01    2.5286742011e+02   -2.7528583163e+01    1.1649310740e+01    1.0290298997e+01   -3.9921614674e+01    2.1027325148e+00    1.6370000000e+04    5.7202605859e-02    9.8166897046e-01
        86   -1.5886081834e+01    2.5302262046e+02   -2.7365604203e+01    1.1479522369e+01    1.0261483041e+01   -3.9612837928e+01    1.9857506830e+00    1.6387000000e+04    5.6964343867e-02    9.8264750678e-01
        87   -1.5908575302e+01    2.5390146903e+02   -2.7577224386e+01    1.1668649084e+01    1.0277639286e+01   -3.9834451152e+01    1.9795874799e+00    1.6351000000e+04    5.7975671172e-02    9.8285032178e-01
        88   -1.5906569572e+01    2.5377140260e+02   -2.7808404697e+01    1.1901835125e+01    1.0341759241e+01   -4.0194295218e+01    2.0441312804e+00    1.6424000000e+04    5.6679339492e-02    9.8190445716e-01
        89   -1.5893050314e+01    2.5328840997e+02   -2.7918868573e+01    1.2025818259e+01    1.0385450445e+01   -4.0319849673e+01    2.0155306547e+00    1.6495000000e+04    5.6896075469e-02    9.8158712496e-01
        90   -1.5897360959e+01    2.5340351482e+02   -2.7673120308e+01    1.1775759349e+01    1.0308237365e+01   -3.9989371201e+01    2.0080135278e+00    1.6558000000e+04    5.7020329961e-02    9.8277963889e-01
        91   -1.5906940698e+01    2.5385970326e+02   -2.7818914749e+01    1.1911974050e+01    1.0333610113e+01   -4.0141217690e+01    1.9886928283e+00    1.6421000000e+04    5.7101021445e-02    9.8176900364e-01
        92   -1.5886342893e+01    2.5310197544e+02   -2.7880319146e+01    1.1993976253e+01    1.0357945877e+01   -4.0331231339e+01    2.0929663153e+00    1.6409000000e+04    5.6395231680e-02    9.8152428757e-01
        93   -1.5900637286e+01    2.5353115817e+02   -2.7825810774e+01    1.1925173488e+01    1.0357816368e+01   -4.0276786876e+01    2.0931597337e+00    1.6363000000e+04    5.7509676875e-02    9.8189587037e-01
        94   -1.5897835120e+01    2.5346033015e+02   -2.7761542218e+01    1.1863707098e+01    1.0287064246e+01   -4.0144645311e+01    2.0960388466e+00    1.6363000000e+04    5.7059959258e-02    9.8227333234e-01
        95   -1.5888755977e+01    2.5314300370e+02   -2.7901963488e+01    1.2013207512e+01    1.0283067806e+01   -4.0154343969e+01    1.9693126742e+00    1.6381000000e+04    5.7008449688e-02    9.8160004286e-01
        96   -1.5876076499e+01    2.5273324250e+02   -2.7748379126e+01    1.1872302627e+01    1.0257000562e+01   -3.9950674049e+01    1.9452943606e+00    1.6179000000e+04    5.6632760781e-02    9.8179545953e-01
        97   -1.5876182717e+01    2.5272101003e+02   -2.7483141253e+01    1.1606958535e+01    1.0225878822e+01   -3.9680229644e+01    1.9712095697e+00    1.5990000000e+04    5.6745410508e-02    9.8279776748e-01
        98   -1.5916777139e+01    2.5402052653e+02   -2.7433422918e+01    1.1516645779e+01    1.0215318673e+01   -3.9621814882e+01    1.9730732913e+00    1.6101000000e+04    5.7348087812e-02    9.8263197812e-01
        99   -1.5883745951e+01    2.5304541151e+02   -2.7617464314e+01    1.1733718363e+01    1.0193003177e+01   -3.9633512058e+01    1.8230445677e+00    1.6080000000e+04    5.7388278711e-02    9.8295390504e-01
       100   -1.5883082423e+01    2.5296624313e+02   -2.7473846637e+01    1.1590764215e+01    1.0231315775e+01   -3.9667913188e+01    1.9627507762e+00    1.6018000000e+04    5.7099231133e-02    9.8273167521e-01
       101   -1.5891878152e+01    2.5323554731e+02   -2.7492402070e+01    1.1600523918e+01    1.0202595893e+01   -3.9595523484e+01    1.9005255207e+00    1.6045000000e+04    5.7619752734e-02    9.8228675788e-01
       102   -1.5888458601e+01    2.5314540207e+02   -2.7386083341e+01    1.1497624740e+01    1.0197450359e+01   -3.9588565896e+01    2.0050321955e+00    1.6026000000e+04    5.7259402773e-02    9.8248979759e-01
       103   -1.5892095304e+01    2.5332686611e+02   -2.7660240179e+01    1.1768144876e+01    1.0183869555e+01   -3.9838301802e+01    1.9941920675e+00    1.6095000000e+04    5.7061716133e-02    9.8236863076e-01
       104   -1.5899497100e+01    2.5350639668e+02   -2.7777149093e+01    1.1877651992e+01    1.0203382609e+01   -4.0029964615e+01    2.0494329128e+00    1.6074000000e+04    5.6651528672e-02    9.8237492585e-01
       105   -1.5897709583e+01    2.5342460066e+02   -2.7691284705e+01    1.1793575122e+01    1.0194143549e+01   -3.9896618057e+01    2.0111898026e+00    1.6147000000e+04    5.7410151016e-02    9.8229269460e-01
       106   -1.5892214416e+01    2.5330377565e+02   -2.7734862560e+01    1.1842648144e+01    1.0242753527e+01   -3.9992346125e+01    2.0147300376e+00    1.6210000000e+04    5.7067874883e-02    9.8254189429e-01
       107   -1.5902527570e+01    2.5358203690e+02   -2.7537020879e+01    1.1634493309e+01    1.0258904620e+01   -3.9853734597e+01    2.0578090984e+00    1.6365000000e+04    5.7112109688e-02    9.8280766778e-01
       108   -1.5905620242e+01    2.5368736670e+02   -2.7352451690e+01    1.1446831448e+01    1.0210746278e+01   -3.9726876709e+01    2.1636787415e+00    1.6530000000e+04    5.6441502656e-02    9.8179720141e-01
       109   -1.5894287493e+01    2.5334203341e+02   -2.7488869804e+01    1.1594582310e+01    1.0182320171e+01   -3.9753960170e+01    2.0827701960e+00    1.6431000000e+04    5.7115941289e-02    9.8236169367e-01
       110   -1.5897296402e+01    2.5344608327e+02   -2.7712291254e+01    1.1814994853e+01    1.0194628101e+01   -3.9945279953e+01    2.0383605973e+00    1.6216000000e+04    5.6494310859e-02    9.8284655538e-01
       111   -1.5884587215e+01    2.5301066580e+02   -2.7430228251e+01    1.1545641036e+01    1.0167426683e+01   -3.9508162241e+01    1.9105073070e+00    1.6135000000e+04    5.7109626016e-02    9.8263053009e-01
       112   -1.5884907175e+01    2.5305534325e+02   -2.7474287877e+01    1.1589380702e+01    1.0169697713e+01   -3.9599371746e+01    1.9553861558e+00    1.5965000000e+04    5.7084221016e-02    9.8293449752e-01
       113   -1.5883288086e+01    2.5299697606e+02   -2.7432090485e+01    1.1548802398e+01    1.0203237972e+01   -3.9624861084e+01    1.9895326268e+00    1.5935000000e+04    5.7387708203e-02    9.8219150502e-01
       114   -1.5895099353e+01    2.5331995273e+02   -2.7467489609e+01    1.1572390256e+01    1.0181035250e+01   -3.9673395595e+01    2.0248707351e+00    1.5914000000e+04    5.7136343242e-02    9.8279717415e-01
       115   -1.5883918584e+01    2.5295256433e+02   -2.7460066088e+01    1.1576147505e+01    1.0177237352e+01   -3.9585534880e+01    1.9482314398e+00    1.6092000000e+04    5.7298376172e-02    9.8277454342e-01
       116   -1.5890211616e+01    2.5318405024e+02   -2.7432009113e+01    1.1541797497e+01    1.0206623384e+01   -3.9643551078e+01    2.0049185813e+00    1.6063000000e+04    5.6098425273e-02    9.8252798188e-01
       117   -1.5882138131e+01    2.5293508525e+02   -2.7409893971e+01    1.1527755840e+01    1.0161096854e+01   -3.9547309349e+01    1.9763185239e+00    1.6119000000e+04    5.7099989922e-02    9.8284430520e-01
       118   -1.5879629360e+01    2.5299166813e+02   -2.7394319779e+01    1.1514690418e+01    1.0190979107e+01   -3.9638925896e+01    2.0536270106e+00    1.6015000000e+04    5.6853215664e-02    9.8248977899e-01
       119   -1.5889711717e+01    2.5322451440e+02   -2.7455321713e+01    1.1565609996e+01    1.0214855167e+01   -3.9691221286e+01    2.0210444063e+00    1.6033000000e+04    5.6986900781e-02    9.8242376173e-01
       120   -1.5883286283e+01    2.5298167185e+02   -2.7192139982e+01    1.1308853700e+01    1.0152780698e+01   -3.9405389198e+01    2.0604685179e+00    1.6004000000e+04    5.7042622266e-02    9.8324195851e-01
       121   -1.5893368107e+01    2.5329495756e+02   -2.7387668153e+01    1.1494300045e+01    1.0155852058e+01   -3.9528456497e+01    1.9849362862e+00    1.6142000000e+04    5.6495506836e-02    9.8278390759e-01
       122   -1.5903806557e+01    2.5360321560e+02   -2.7436595083e+01    1.1532788526e+01    1.0219953291e+01   -3.9710155257e+01    2.0536068829e+00    1.6150000000e+04    5.7917884141e-02    9.8235089663e-01
       123   -1.5896685895e+01    2.5338517151e+02   -2.7671752722e+01    1.1775066828e+01    1.0225761638e+01   -3.9961907829e+01    2.0643934688e+00    1.6248000000e+04    4.5767525078e-02    9.8213641789e-01
       124   -1.5896473095e+01    2.5341017386e+02   -2.7746465917e+01    1.1849992822e+01    1.0238200510e+01   -4.0014222816e+01    2.0295563890e+00    1.6361000000e+04    4.5815349023e-02    9.8199450681e-01
       125   -1.5896772579e+01    2.5348993610e+02   -2.7733610671e+01    1.1836838092e+01    1.0238521824e+01   -3.9902161188e+01    1.9300286925e+00    1.6280000000e+04    4.5897031055e-02    9.8202497192e-01
       126   -1.5892492322e+01    2.5327542438e+02   -2.7683375900e+01    1.1790883578e+01    1.0241083562e+01   -3.9903132685e+01    1.9786732241e+00    1.6375000000e+04    4.5131796797e-02    9.8205027224e-01
       127   -1.5913763720e+01    2.5393351253e+02   -2.7724801756e+01    1.1811038036e+01    1.0231115036e+01   -3.9907475027e+01    1.9515582350e+00    1.6345000000e+04    4.6300116172e-02    9.8162651512e-01
       128   -1.5899165472e+01    2.5347994118e+02   -2.7760630925e+01    1.1861465452e+01    1.0241159790e+01   -3.9920176263e+01    1.9183855485e+00    1.6364000000e+04    4.6568001875e-02    9.8258453735e-01
       129   -1.5894506169e+01    2.5341991553e+02   -2.7665053636e+01    1.1770547467e+01    1.0229717154e+01   -3.9957490105e+01    2.0627193149e+00    1.6439000000e+04    4.6310151484e-02    9.8177765545e-01
       130   -1.5914563891e+01    2.5397141795e+02   -2.7461685666e+01    1.1547121776e+01    1.0221268478e+01   -3.9714081025e+01    2.0311268814e+00    1.6474000000e+04    4.5831644922e-02    9.8230600753e-01
       131   -1.5893660397e+01    2.5332504343e+02   -2.7406705915e+01    1.1513045518e+01    1.0175851924e+01   -3.9486073758e+01    1.9035159192e+00    1.6524000000e+04    4.7069988750e-02    9.8249997852e-01
       132   -1.5896527525e+01    2.5339786050e+02   -2.7435084652e+01    1.1538557127e+01    1.0169281937e+01   -3.9682479246e+01    2.0781126572e+00    1.6499000000e+04    4.6183497305e-02    9.8296894723e-01
       133   -1.5894743843e+01    2.5333425541e+02   -2.7668608730e+01    1.1773864886e+01    1.0247706224e+01   -3.9989866957e+01    2.0735520038e+00    1.6423000000e+04    4.6126940117e-02    9.8239189280e-01
       134   -1.5881676288e+01    2.5293918217e+02   -2.7585863875e+01    1.1704187587e+01    1.0247951384e+01   -4.0031175412e+01    2.1973601524e+00    1.6370000000e+04    4.5982065781e-02    9.8210375524e-01
       135   -1.5897028853e+01    2.5345311504e+02   -2.7715204404e+01    1.1818175551e+01    1.0226863254e+01   -3.9921700518e+01    1.9796328604e+00    1.6386000000e+04    4.6054367813e-02    9.8204780832e-01
       136   -1.5891443558e+01    2.5328109938e+02   -2.7682555946e+01    1.1791112388e+01    1.0261955632e+01   -3.9943645274e+01    1.9991336973e+00    1.6413000000e+04    4.6097550391e-02    9.8154559060e-01
       137   -1.5899332578e+01    2.5343226288e+02   -2.7608930654e+01    1.1709598075e+01    1.0245604813e+01   -3.9909469263e+01    2.0549337963e+00    1.6380000000e+04    4.6391454180e-02    9.8247687894e-01
       138   -1.5903918974e+01    2.5368504805e+02   -2.7671747713e+01    1.1767828739e+01    1.0232693316e+01   -3.9925482470e+01    2.0210414411e+00    1.6473000000e+04    4.6512168633e-02    9.8246536490e-01
       139   -1.5910807633e+01    2.5385660342e+02   -2.7684143373e+01    1.1773335740e+01    1.0245184137e+01   -3.9946301111e+01    2.0169736017e+00    1.6363000000e+04    4.6489857305e-02    9.8159325150e-01
       140   -1.5872846650e+01    2.5260005431e+02   -2.7467675777e+01    1.1594829127e+01    1.0246181488e+01   -3.9677655565e+01    1.9637983008e+00    1.6260000000e+04    4.7120651758e-02    9.8212061531e-01
       141   -1.5892055686e+01    2.5325183878e+02   -2.7400538233e+01    1.1508482547e+01    1.0194295138e+01   -3.9477969230e+01    1.8831358592e+00    1.6336000000e+04    4.6735482656e-02    9.8321727019e-01
       142   -1.5897057618e+01    2.5345271312e+02   -2.7751661541e+01    1.1854603923e+01    1.0254916577e+01   -4.0053049403e+01    2.0464712855e+00    1.6334000000e+04    4.6802965430e-02    9.8182856117e-01
       143   -1.5896314287e+01    2.5342461307e+02   -2.7805712203e+01    1.1909397916e+01    1.0245308757e+01   -4.0102851342e+01    2.0518303822e+00    1.6269000000e+04    4.7027435703e-02    9.8174349443e-01
       144   -1.5890108214e+01    2.5321312004e+02   -2.7800831309e+01    1.1910723096e+01    1.0302541542e+01   -4.0109194267e+01    2.0058214162e+00    1.6227000000e+04    4.7134890078e-02    9.8107880494e-01
       145   -1.5914879543e+01    2.5406848405e+02   -2.7833795170e+01    1.1918915627e+01    1.0304140434e+01   -4.0152118537e+01    2.0141829335e+00    1.6305000000e+04    4.7195295977e-02    9.8158469816e-01
       146   -1.5881679004e+01    2.5299228002e+02   -2.7794050668e+01    1.1912371664e+01    1.0294085916e+01   -4.0044597878e+01    1.9564612943e+00    1.6338000000e+04    4.7509444297e-02    9.8173556995e-01
       147   -1.5884646916e+01    2.5299520835e+02   -2.7763584093e+01    1.1878937176e+01    1.0308761481e+01   -4.0066943341e+01    1.9945977672e+00    1.6328000000e+04    4.6834774023e-02    9.8167641674e-01
       148   -1.5900407231e+01    2.5349302156e+02   -2.7654434318e+01    1.1754027087e+01    1.0246371921e+01   -3.9913913028e+01    2.0131067886e+00    1.6227000000e+04    4.6307953281e-02    9.8198759574e-01
       149   -1.5902064241e+01    2.5357208193e+02   -2.7658308147e+01    1.1756243906e+01    1.0225637308e+01   -3.9863637017e+01    1.9796915620e+00    1.6195000000e+04    4.6845581641e-02    9.8246327933e-01
       150   -1.5905735406e+01    2.5374085760e+02   -2.7645114859e+01    1.1739379453e+01    1.0205500693e+01   -3.9845836202e+01    1.9952206501e+00    1.6087000000e+04    4.7267597227e-02    9.8219537330e-01
       151   -1.5913805857e+01    2.5400029244e+02   -2.7502585872e+01    1.1588780015e+01    1.0187999065e+01   -3.9765619524e+01    2.0750345866e+00    1.6101000000e+04    4.6544881797e-02    9.8230406675e-01
       152   -1.5886994893e+01    2.5308701121e+02   -2.7504341720e+01    1.1617346826e+01    1.0220105372e+01   -3.9731369886e+01    2.0069227947e+00    1.6265000000e+04    4.7120258438e-02    9.8137765481e-01
       153   -1.5890286154e+01    2.5324606329e+02   -2.7636045793e+01    1.1745759640e+01    1.0195849686e+01   -3.9862514294e+01    2.0306188155e+00    1.6178000000e+04    4.6359728437e-02    9.8205664261e-01
       154   -1.5883356448e+01    2.5298674334e+02   -2.7576940376e+01    1.1693583928e+01    1.0218148198e+01   -3.9807320030e+01    2.0122314562e+00    1.6184000000e+04    4.5957159414e-02    9.8222510452e-01
       155   -1.5877261647e+01    2.5281585403e+02   -2.7519816340e+01    1.1642554694e+01    1.0234453915e+01   -3.9779728809e+01    2.0254585529e+00    1.6131000000e+04    4.6835679727e-02    9.8216797841e-01
       156   -1.5900751083e+01    2.5356537761e+02   -2.7648845541e+01    1.1748094458e+01    1.0232759751e+01   -3.9933100594e+01    2.0514953028e+00    1.6135000000e+04    4.6422888242e-02    9.8269015956e-01
       157   -1.5898286361e+01    2.5344707962e+02   -2.7586056594e+01    1.1687770232e+01    1.0199744161e+01   -3.9761461271e+01    1.9756605165e+00    1.6333000000e+04    4.7100100391e-02    9.8166605829e-01
       158   -1.5897651999e+01    2.5345141777e+02   -2.7466862982e+01    1.1569210983e+01    1.0223556130e+01   -3.9716460362e+01    2.0260412498e+00    1.6527000000e+04    4.7974871211e-02    9.8279224172e-01
       159   -1.5895984266e+01    2.5342584483e+02   -2.7542732356e+01    1.1646748090e+01    1.0189693076e+01   -3.9700595497e+01    1.9681700650e+00    1.6520000000e+04    4.6884363242e-02    9.8240357041e-01
       160   -1.5905677665e+01    2.5366371322e+02   -2.7667300637e+01    1.1761622973e+01    1.0202764585e+01   -3.9927775424e+01    2.0577102021e+00    1.6400000000e+04    4.6899619531e-02    9.8210631167e-01
       161   -1.5893477075e+01    2.5333804689e+02   -2.7550397992e+01    1.1656920917e+01    1.0168799532e+01   -3.9664814328e+01    1.9456168045e+00    1.6396000000e+04    4.6776977461e-02    9.8269490348e-01
       162   -1.5886107193e+01    2.5305333610e+02   -2.7514751150e+01    1.1628643957e+01    1.0191368972e+01   -3.9771259313e+01    2.0651391911e+00    1.6279000000e+04    4.7485261094e-02    9.8244506000e-01
       163   -1.5885963121e+01    2.5303856168e+02   -2.7551358439e+01    1.1665395318e+01    1.0245375909e+01   -3.9788309860e+01    1.9915755126e+00    1.6357000000e+04    4.7283763203e-02    9.8145639656e-01
       164   -1.5882812387e+01    2.5295751223e+02   -2.7621185308e+01    1.1738372921e+01    1.0249965877e+01   -3.9957223093e+01    2.0860719083e+00    1.6406000000e+04    4.7672365000e-02    9.8165009677e-01
       165   -1.5885028940e+01    2.5308839585e+02   -2.7652474325e+01    1.1767445386e+01    1.0200561371e+01   -3.9809533201e+01    1.9564975052e+00    1.6451000000e+04    4.6968290352e-02    9.8216669824e-01
       166   -1.5896762811e+01    2.5342510253e+02   -2.7574325505e+01    1.1677562695e+01    1.0212537027e+01   -3.9870879400e+01    2.0840168678e+00    1.6411000000e+04    6.5384264648e-02    9.8215839708e-01
       167   -1.5882314546e+01    2.5292950995e+02   -2.7639436231e+01    1.1757121685e+01    1.0224376918e+01   -3.9937517941e+01    2.0737047924e+00    1.6250000000e+04    8.0099089336e-02    9.8153144982e-01
       168   -1.5878219201e+01    2.5287754883e+02   -2.7511609856e+01    1.1633390655e+01    1.0239987742e+01   -3.9937757811e+01    2.1861602134e+00    1.6196000000e+04    4.7087954727e-02    9.8186126491e-01
       169   -1.5898284171e+01    2.5342546476e+02   -2.7612931036e+01    1.1714646865e+01    1.0274565024e+01   -4.0054025409e+01    2.1665293489e+00    1.6250000000e+04    4.7641330195e-02    9.8228551616e-01
       170   -1.5904895462e+01    2.5367237693e+02   -2.7597695208e+01    1.1692799745e+01    1.0291572068e+01   -3.9994732015e+01    2.1054647390e+00    1.6229000000e+04    4.7457961055e-02    9.8200795899e-01
       171   -1.5888444220e+01    2.5310527933e+02   -2.7664545594e+01    1.1776101374e+01    1.0260824117e+01   -3.9887803642e+01    1.9624339313e+00    1.6151000000e+04    4.6618471133e-02    9.8298725948e-01
       172   -1.5903649882e+01    2.5363521692e+02   -2.7830060873e+01    1.1926410991e+01    1.0255425948e+01   -4.0231184616e+01    2.1456977947e+00    1.6126000000e+04    4.6771648867e-02    9.8121526428e-01
       173   -1.5889647169e+01    2.5320180719e+02   -2.7780450215e+01    1.1890803046e+01    1.0230061430e+01   -4.0125161581e+01    2.1146499364e+00    1.6142000000e+04    4.6831335547e-02    9.8228466734e-01
       174   -1.5883155848e+01    2.5292794031e+02   -2.7470784010e+01    1.1587628162e+01    1.0158974859e+01   -3.9653509307e+01    2.0237504386e+00    1.5983000000e+04    4.6803073789e-02    9.8257298002e-01
       175   -1.5885558683e+01    2.5302214553e+02   -2.7350829358e+01    1.1465270674e+01    1.0186957563e+01   -3.9685576864e+01    2.1477899437e+00    1.6007000000e+04    4.7278452578e-02    9.8226673240e-01
       176   -1.5892944011e+01    2.5333524791e+02   -2.7594349236e+01    1.1701405225e+01    1.0179542829e+01   -3.9834044609e+01    2.0601525436e+00    1.6193000000e+04    4.6251528242e-02    9.8209068895e-01
       177   -1.5883390748e+01    2.5299788947e+02   -2.7498819334e+01    1.1615428586e+01    1.0152524077e+01   -3.9610556339e+01    1.9592129282e+00    1.6238000000e+04    4.6714106797e-02    9.8250628230e-01
       178   -1.5888932313e+01    2.5314543449e+02   -2.7407542486e+01    1.1518610173e+01    1.0175848530e+01   -3.9677449254e+01    2.0940582384e+00    1.6231000000e+04    4.6845428516e-02    9.8208003646e-01
       179   -1.5894947947e+01    2.5329836637e+02   -2.7569698909e+01    1.1674750962e+01    1.0223276844e+01   -3.9843402732e+01    2.0504269791e+00    1.6339000000e+04    4.8798082266e-02    9.8230829557e-01
       180   -1.5894250745e+01    2.5336687343e+02   -2.7794103771e+01    1.1899853026e+01    1.0279808455e+01   -4.0216794125e+01    2.1428818995e+00    1.6410000000e+04    4.6678572695e-02    9.8227391465e-01
       181   -1.5896805427e+01    2.5345989441e+02   -2.7909836881e+01    1.2013031455e+01    1.0290916451e+01   -4.0219904226e+01    2.0191508935e+00    1.6349000000e+04    4.6250578125e-02    9.8254611697e-01
       182   -1.5908819162e+01    2.5378883898e+02   -2.7729419532e+01    1.1820600371e+01    1.0287654399e+01   -3.9996627722e+01    1.9795537905e+00    1.6363000000e+04    4.6350062734e-02    9.8185897771e-01
       183   -1.5890933545e+01    2.5321468873e+02   -2.7777453901e+01    1.1886520356e+01    1.0260370307e+01   -3.9988962852e+01    1.9511386439e+00    1.6391000000e+04    4.7069348984e-02    9.8206577243e-01
       184   -1.5904420182e+01    2.5367942309e+02   -2.7728727038e+01    1.1824306855e+01    1.0226850992e+01   -3.9880082347e+01    1.9245043178e+00    1.6368000000e+04    4.5972698867e-02    9.8213522761e-01
       185   -1.5903895464e+01    2.5364912251e+02   -2.7556039493e+01    1.1652144029e+01    1.0181729658e+01   -3.9688332119e+01    1.9505629685e+00    1.6423000000e+04    4.5906707930e-02    9.8236050793e-01
       186   -1.5893313593e+01    2.5328523986e+02   -2.7668826254e+01    1.1775512661e+01    1.0200723937e+01   -3.9745633696e+01    1.8760835055e+00    1.6520000000e+04    4.6542955000e-02    9.8274912198e-01
       187   -1.5897170461e+01    2.5340002818e+02   -2.7599464289e+01    1.1702293828e+01    1.0216821238e+01   -3.9743032527e+01    1.9267470005e+00    1.6455000000e+04    4.6653555898e-02    9.8215742892e-01
       188   -1.5901484515e+01    2.5357345545e+02   -2.7479518637e+01    1.1578034122e+01    1.0205889876e+01   -3.9579946225e+01    1.8945377118e+00    1.6449000000e+04    4.5625492266e-02    9.8242693105e-01
       189   -1.5923255598e+01    2.5425486271e+02   -2.7567593783e+01    1.1644338185e+01    1.0260430058e+01   -3.9857789177e+01    2.0297653361e+00    1.6528000000e+04    4.6247806406e-02    9.8257691490e-01
       190   -1.5913036402e+01    2.5396766062e+02   -2.7676521088e+01    1.1763484686e+01    1.0263708152e+01   -4.0032609748e+01    2.0923805080e+00    1.6694000000e+04    4.8270513359e-02    9.8205527672e-01
       191   -1.5916010276e+01    2.5403691200e+02   -2.7555750048e+01    1.1639739772e+01    1.0226166913e+01   -3.9682723420e+01    1.9008064594e+00    1.6785000000e+04    5.3686244492e-02    9.8256831131e-01
       192   -1.5915636092e+01    2.5402472043e+02   -2.7637753946e+01    1.1722117854e+01    1.0248812873e+01   -3.9941949086e+01    2.0553822663e+00    1.6860000000e+04    4.9274092617e-02    9.8261329045e-01
       193   -1.5884303614e+01    2.5301000638e+02   -2.7987506390e+01    1.2103202777e+01    1.0277063361e+01   -4.0360857866e+01    2.0962881146e+00    1.6707000000e+04    4.8496931250e-02    9.8173559150e-01
       194   -1.5889914091e+01    2.5317174136e+02   -2.7748680511e+01    1.1858766420e+01    1.0283003378e+01   -4.0120596156e+01    2.0889122667e+00    1.6632000000e+04    4.9007289844e-02    9.8191032448e-01
       195   -1.5890356845e+01    2.5322618829e+02   -2.7677527097e+01    1.1787170251e+01    1.0304879382e+01   -4.0049590904e+01    2.0671844252e+00    1.6574000000e+04    4.6244088867e-02    9.8210204277e-01
       196   -1.5893350389e+01    2.5329160143e+02   -2.7387805170e+01    1.1494454781e+01    1.0242624206e+01   -3.9808418955e+01    2.1779895786e+00    1.6638000000e+04    4.7927436445e-02    9.8240093389e-01
       197   -1.5891489058e+01    2.5320572237e+02   -2.7464859405e+01    1.1573370346e+01    1.0254852725e+01   -3.9807140993e+01    2.0874288637e+00    1.6614000000e+04    4.8520154023e-02    9.8200966501e-01
       198   -1.5890162659e+01    2.5318298358e+02   -2.7551386512e+01    1.1661223854e+01    1.0271511690e+01   -3.9828723438e+01    2.0058252359e+00    1.6490000000e+04    4.7633698750e-02    9.8202011331e-01
       199   -1.5903837782e+01    2.5362621860e+02   -2.7594058823e+01    1.1690221041e+01    1.0204019383e+01   -3.9760274377e+01    1.9621961713e+00    1.6600000000e+04    4.7886236602e-02    9.8180975994e-01
       200   -1.5889526448e+01    2.5313394517e+02   -2.7519168823e+01    1.1629642374e+01    1.0171929797e+01   -3.9665660712e+01    1.9745620931e+00    1.6497000000e+04    4.7985151133e-02    9.8246353577e-01
       201   -1.5882255377e+01    2.5294372190e+02   -2.7477745235e+01    1.1595489858e+01    1.0212173122e+01   -3.9679086189e+01    1.9891678319e+00    1.6534000000e+04    4.6874852266e-02    9.8239400649e-01
       202   -1.5892265581e+01    2.5328115795e+02   -2.7511154842e+01    1.1618889260e+01    1.0244910249e+01   -3.9889241451e+01    2.1331763596e+00    1.6447000000e+04    4.7546104141e-02    9.8213291598e-01
       203   -1.5891753786e+01    2.5325735921e+02   -2.7554035317e+01    1.1662281531e+01    1.0173450662e+01   -3.9693953767e+01    1.9664677877e+00    1.6541000000e+04    4.7414979609e-02    9.8170795639e-01
       204   -1.5894951553e+01    2.5328721805e+02   -2.7480846756e+01    1.1585895204e+01    1.0193437263e+01   -3.9698801174e+01    2.0245171549e+00    1.6513000000e+04    4.7053582617e-02    9.8167932063e-01
       205   -1.5887836249e+01    2.5317009040e+02   -2.7529251298e+01    1.1641415049e+01    1.0221139767e+01   -3.9697596809e+01    1.9472057436e+00    1.6524000000e+04    4.7671259219e-02    9.8155882694e-01
       206   -1.5903436200e+01    2.5360378037e+02   -2.7481969279e+01    1.1578533079e+01    1.0218366862e+01   -3.9680392408e+01    1.9800562669e+00    1.6550000000e+04    4.7304712500e-02    9.8167395800e-01
       207   -1.5895320531e+01    2.5358622845e+02   -2.7493871936e+01    1.1598551405e+01    1.0254001850e+01   -3.9752266304e+01    2.0043925184e+00    1.6533000000e+04    4.7458882031e-02    9.8311567697e-01
       208   -1.5895972982e+01    2.5335288431e+02   -2.7595681052e+01    1.1699708070e+01    1.0270281141e+01   -3.9866467952e+01    2.0005057600e+00    1.6579000000e+04    4.7530796758e-02    9.8212165019e-01
       209   -1.5899551988e+01    2.5350929483e+02   -2.7600013476e+01    1.1700461488e+01    1.0292082699e+01   -3.9893171548e+01    2.0010753734e+00    1.6554000000e+04    4.7317379609e-02    9.8216227300e-01
       210   -1.5907760701e+01    2.5371367479e+02   -2.7540787776e+01    1.1633027075e+01    1.0267572408e+01   -3.9847315948e+01    2.0389557638e+00    1.6475000000e+04    4.7063618828e-02    9.8267858404e-01
       211   -1.5896824408e+01    2.5347377497e+02   -2.7696557622e+01    1.1799733214e+01    1.0329849052e+01   -4.0115784619e+01    2.0893779447e+00    1.6381000000e+04    4.7761568672e-02    9.8231216493e-01
       212   -1.5890307780e+01    2.5322072172e+02   -2.7602259602e+01    1.1711951821e+01    1.0313189192e+01   -3.9979116374e+01    2.0636675803e+00    1.6293000000e+04    4.7186453203e-02    9.8180792361e-01
       213   -1.5880002311e+01    2.5288589802e+02   -2.7595233748e+01    1.1715231437e+01    1.0285244653e+01   -3.9806022723e+01    1.9255443233e+00    1.6278000000e+04    4.7420653555e-02    9.8233066603e-01
       214   -1.5892651980e+01    2.5328606712e+02   -2.7780994290e+01    1.1888342311e+01    1.0281870821e+01   -4.0119174959e+01    2.0563098470e+00    1.6308000000e+04    4.7662238945e-02    9.8178645180e-01
       215   -1.5888286731e+01    2.5322669748e+02   -2.7803085001e+01    1.1914798270e+01    1.0283907092e+01   -4.0209708504e+01    2.1227164115e+00    1.6308000000e+04    4.6955430664e-02    9.8211976559e-01
       216   -1.5903826095e+01    2.5367447559e+02   -2.7916330459e+01    1.2012504364e+01    1.0311696187e+01   -4.0388743968e+01    2.1607173225e+00    1.6393000000e+04    4.7307925469e-02    9.8258862112e-01
       217   -1.5898899130e+01    2.5350662084e+02   -2.7934088839e+01    1.2035189709e+01    1.0279487053e+01   -4.0310847342e+01    2.0972714497e+00    1.6511000000e+04    4.7113144609e-02    9.8220532106e-01
       218   -1.5877757457e+01    2.5284333028e+02   -2.7849824324e+01    1.1972066867e+01    1.0232638289e+01   -4.0155399901e+01    2.0729372873e+00    1.6500000000e+04    4.7577502266e-02    9.8164358955e-01
       219   -1.5887919496e+01    2.5315346990e+02   -2.7642603249e+01    1.1754683754e+01    1.0252461868e+01   -3.9963430388e+01    2.0683652711e+00    1.6401000000e+04    4.6957184531e-02    9.8245125132e-01
       220   -1.5906644604e+01    2.5374072137e+02   -2.7557805548e+01    1.1651160945e+01    1.0221755116e+01   -3.9865064488e+01    2.0855038240e+00    1.6441000000e+04    4.7319848008e-02    9.8191559773e-01
       221   -1.5889542014e+01    2.5313747144e+02   -2.7543792629e+01    1.1654250615e+01    1.0217929525e+01   -3.9866717318e+01    2.1049951637e+00    1.6371000000e+04    4.7895883242e-02    9.8218970314e-01
       222   -1.5898117466e+01    2.5345093967e+02   -2.7579194036e+01    1.1681076570e+01    1.0216014300e+01   -3.9904937132e+01    2.1097287967e+00    1.6378000000e+04    4.6874348047e-02    9.8247039565e-01
       223   -1.5893404018e+01    2.5336036824e+02   -2.7525825555e+01    1.1632421537e+01    1.0189790572e+01   -3.9849654304e+01    2.1340381778e+00    1.6283000000e+04    4.7303000469e-02    9.8233680723e-01
       224   -1.5887004500e+01    2.5349748861e+02   -2.7654220628e+01    1.1767216128e+01    1.0162601763e+01   -3.9926992715e+01    2.1101703241e+00    1.6315000000e+04    4.7284113594e-02    9.8197797360e-01
       225   -1.5881938056e+01    2.5290183067e+02   -2.7516876511e+01    1.1634938455e+01    1.0143642898e+01   -3.9565766069e+01    1.9052466600e+00    1.6291000000e+04    4.7531344023e-02    9.8197995165e-01
       226   -1.5901097161e+01    2.5355140841e+02   -2.7601775343e+01    1.1700678181e+01    1.0172764452e+01   -3.9731679409e+01    1.9571396152e+00    1.6318000000e+04    4.7116852227e-02    9.8202364105e-01
       227   -1.5906963899e+01    2.5373085549e+02   -2.7562340476e+01    1.1655376577e+01    1.0145140409e+01   -3.9613172931e+01    1.9056920448e+00    1.6249000000e+04    4.7244071719e-02    9.8223543840e-01
       228   -1.5906355813e+01    2.5379615923e+02   -2.7703391441e+01    1.1797035628e+01    1.0281800794e+01   -4.0104574111e+01    2.1193818750e+00    1.6017000000e+04    4.7698069336e-02    9.8193898515e-01
       229   -1.5893947779e+01    2.5334328756e+02   -2.7690623066e+01    1.1796675287e+01    1.0280597865e+01   -4.0107757487e+01    2.1365365554e+00    1.5932000000e+04    4.6940448555e-02    9.8200261208e-01
       230   -1.5894240054e+01    2.5331177856e+02   -2.7695820836e+01    1.1801580782e+01    1.0259671095e+01   -4.0061475380e+01    2.1059834488e+00    1.5957000000e+04    4.7313132266e-02    9.8214511026e-01
       231   -1.5887493787e+01    2.5310448377e+02   -2.7593903231e+01    1.1706409444e+01    1.0236002514e+01   -3.9767091643e+01    1.9371858982e+00    1.5878000000e+04    4.7277793242e-02    9.8127751751e-01
       232   -1.5896611105e+01    2.5338127036e+02   -2.7451339675e+01    1.1554728570e+01    1.0167705602e+01   -3.9523074758e+01    1.9040294812e+00    1.5894000000e+04    4.7106676719e-02    9.8138629207e-01
       233   -1.5894068370e+01    2.5328397830e+02   -2.7477493934e+01    1.1583425564e+01    1.0142779724e+01   -3.9552224073e+01    1.9319504157e+00    1.6052000000e+04    4.7573319492e-02    9.8270025643e-01
       234   -1.5889421314e+01    2.5318237142e+02   -2.7538511010e+01    1.1649089696e+01    1.0206387448e+01   -3.9744511027e+01    1.9996125693e+00    1.6096000000e+04    4.7181604180e-02    9.8214714978e-01
       235   -1.5905767351e+01    2.5367827187e+02   -2.7499766690e+01    1.1593999339e+01    1.0198311774e+01   -3.9698203331e+01    2.0001248669e+00    1.6226000000e+04    4.7371841914e-02    9.8182633512e-01
       236   -1.5901602588e+01    2.5357569914e+02   -2.7640670361e+01    1.1739067773e+01    1.0228181299e+01   -4.0051227706e+01    2.1823760462e+00    1.6293000000e+04    4.9129353984e-02    9.8251390395e-01
       237   -1.5896384321e+01    2.5339403872e+02   -2.7566712732e+01    1.1670328411e+01    1.0244448414e+01   -3.9956488586e+01    2.1453274400e+00    1.6227000000e+04    4.7579674180e-02    9.8287540545e-01
       238   -1.5909675022e+01    2.5378467134e+02   -2.7760537297e+01    1.1850862274e+01    1.0244268847e+01   -4.0104731523e+01    2.0999253795e+00    1.6258000000e+04    4.7178911289e-02    9.8250358283e-01
       239   -1.5887835714e+01    2.5311017278e+02   -2.7671022982e+01    1.1783187268e+01    1.0199007063e+01   -3.9933638978e+01    2.0636089334e+00    1.6435000000e+04    4.6992983477e-02    9.8166026853e-01
       240   -1.5917810485e+01    2.5417592674e+02   -2.7580997549e+01    1.1663187064e+01    1.0195832721e+01   -3.9868439161e+01    2.0916088912e+00    1.6476000000e+04    4.7106155859e-02    9.8240632234e-01
       241   -1.5904152848e+01    2.5367280570e+02   -2.7716118378e+01    1.1811965530e+01    1.0236296580e+01   -4.0110312450e+01    2.1578974922e+00    1.6536000000e+04    4.7740021797e-02    9.8265464817e-01
       242   -1.5918291403e+01    2.5412854870e+02   -2.7874025577e+01    1.1955734174e+01    1.0288640674e+01   -4.0302799600e+01    2.1401333495e+00    1.6635000000e+04    4.7240434414e-02    9.8247829477e-01
       243   -1.5897371647e+01    2.5345377826e+02   -2.7793826058e+01    1.1896454411e+01    1.0244266430e+01   -4.0066890306e+01    2.0287978180e+00    1.6676000000e+04    4.8210384648e-02    9.8175561366e-01
       244   -1.5877336863e+01    2.5274062638e+02   -2.7539543637e+01    1.1662206773e+01    1.0194536159e+01   -3.9784966520e+01    2.0508867245e+00    1.6492000000e+04    4.7321666953e-02    9.8185269657e-01
       245   -1.5898059860e+01    2.5341534514e+02   -2.7369486098e+01    1.1471426237e+01    1.0184114776e+01   -3.9608345672e+01    2.0547447989e+00    1.6460000000e+04    4.6946915508e-02    9.8213051547e-01
       246   -1.5899849208e+01    2.5352108673e+02   -2.7481885647e+01    1.1582036439e+01    1.0209645909e+01   -3.9690226108e+01    1.9986945519e+00    1.6461000000e+04    4.7264336914e-02    9.8218764879e-01
       247   -1.5891383159e+01    2.5322630310e+02   -2.7543049244e+01    1.1651666085e+01    1.0199366026e+01   -3.9712715989e+01    1.9703007198e+00    1.6414000000e+04    4.6876445586e-02    9.8244449250e-01
       248   -1.5902431426e+01    2.5356352833e+02   -2.7614472729e+01    1.1712041303e+01    1.0254953929e+01   -3.9938637632e+01    2.0692109740e+00    1.6274000000e+04    4.6954458828e-02    9.8234617444e-01
       249   -1.5886247805e+01    2.5306366902e+02   -2.7590995388e+01    1.1704747583e+01    1.0301571436e+01   -3.9992536656e+01    2.0999698313e+00    1.6382000000e+04    4.7607899727e-02    9.8247879652e-01
       250   -1.5908143834e+01    2.5378340753e+02   -2.7795520080e+01    1.1887376246e+01    1.0314968352e+01   -4.0127340574e+01    2.0168521418e+00    1.6513000000e+04    4.7746685977e-02    9.8184572835e-01
       251   -1.5892232569e+01    2.5329992837e+02   -2.7768574384e+01    1.1876341815e+01    1.0347609210e+01   -4.0146105372e+01    2.0299217782e+00    1.6473000000e+04    4.7108792344e-02    9.8228715946e-01
       252   -1.5903167507e+01    2.5360684428e+02   -2.7674690062e+01    1.1771522555e+01    1.0265417718e+01   -3.9933475441e+01    1.9933676617e+00    1.6427000000e+04    4.7008710664e-02    9.8275855655e-01
       253   -1.5897603597e+01    2.5340098089e+02   -2.7532305709e+01    1.1634702112e+01    1.0292861166e+01   -3.9865379088e+01    2.0402122128e+00    1.6440000000e+04    4.7227235625e-02    9.8208042294e-01
       254   -1.5894080677e+01    2.5338600041e+02   -2.7764758725e+01    1.1870678048e+01    1.0275254699e+01   -4.0044063435e+01    2.0040500107e+00    1.6393000000e+04    4.7865897930e-02    9.8259040246e-01
       255   -1.5899454464e+01    2.5354189951e+02   -2.7836376408e+01    1.1936921945e+01    1.0311339960e+01   -4.0296343759e+01    2.1486273910e+00    1.6509000000e+04    4.7688642930e-02    9.8122299496e-01
       256   -1.5893657325e+01    2.5333191599e+02   -2.7812499771e+01    1.1918842446e+01    1.0301586031e+01   -4.0181357298e+01    2.0672714962e+00    1.6558000000e+04    4.7950671602e-02    9.8154633547e-01
       257   -1.5897715903e+01    2.5342481667e+02   -2.7632367650e+01    1.1734651747e+01    1.0260510016e+01   -3.9997961195e+01    2.1050835287e+00    1.6501000000e+04    4.7205899375e-02    9.8254426550e-01
       258   -1.5891138812e+01    2.5328874145e+02   -2.7519762303e+01    1.1628623492e+01    1.0241508371e+01   -3.9823417038e+01    2.0621463633e+00    1.6510000000e+04    4.7502014141e-02    9.8264087216e-01
       259   -1.5901336394e+01    2.5354135869e+02   -2.7502624227e+01    1.1601287833e+01    1.0235450168e+01   -3.9841942798e+01    2.1038684021e+00    1.6460000000e+04    4.7700600898e-02    9.8319564190e-01
       260   -1.5902129171e+01    2.5360362098e+02   -2.7562899248e+01    1.1660770076e+01    1.0189546797e+01   -3.9755914785e+01    2.0034687410e+00    1.6491000000e+04    4.7852137578e-02    9.8208110009e-01
       261   -1.5885873994e+01    2.5303314996e+02   -2.7495313681e+01    1.1609439687e+01    1.0221140062e+01   -3.9744453245e+01    2.0279995017e+00    1.6403000000e+04    4.7837787344e-02    9.8220412031e-01
       262   -1.5891565903e+01    2.5321595942e+02   -2.7620273012e+01    1.1728707109e+01    1.0224279296e+01   -3.9906100686e+01    2.0615483777e+00    1.6319000000e+04    4.7991661484e-02    9.8228843463e-01
       263   -1.5906308182e+01    2.5371526268e+02   -2.7640958647e+01    1.1734650465e+01    1.0233896750e+01   -3.9872179975e+01    1.9973245772e+00    1.6351000000e+04    4.7973487852e-02    9.8272481538e-01
       264   -1.5896893277e+01    2.5343944559e+02   -2.7750936111e+01    1.1854042834e+01    1.0255048743e+01   -4.0040263254e+01    2.0342784001e+00    1.6367000000e+04    4.8228616406e-02    9.8147302630e-01
       265   -1.5903683076e+01    2.5369178587e+02   -2.7707831510e+01    1.1804148434e+01    1.0248289873e+01   -3.9965643768e+01    2.0095223845e+00    1.6448000000e+04    4.7935111523e-02    9.8193418030e-01
       266   -1.5887419849e+01    2.5312345841e+02   -2.7777668134e+01    1.1890248285e+01    1.0260363441e+01   -4.0032708299e+01    1.9946767241e+00    1.6509000000e+04    4.7536957109e-02    9.8195568703e-01
       267   -1.5895516124e+01    2.5340003740e+02   -2.7679472197e+01    1.1783956073e+01    1.0243097810e+01   -3.9885547607e+01    1.9629776004e+00    1.6582000000e+04    4.7592675547e-02    9.8244458294e-01
       268   -1.5901808441e+01    2.5357501217e+02   -2.7687379585e+01    1.1785571145e+01    1.0234180133e+01   -3.9925330219e+01    2.0037705004e+00    1.6519000000e+04    4.7849322148e-02    9.8226565360e-01
       269   -1.5892943283e+01    2.5333362166e+02   -2.7610158999e+01    1.1717215716e+01    1.0207416233e+01   -3.9776125241e+01    1.9585500098e+00    1.6385000000e+04    4.8097607148e-02    9.8172038035e-01
       270   -1.5900406308e+01    2.5351840226e+02   -2.7499059312e+01    1.1598653003e+01    1.0192654374e+01   -3.9663076255e+01    1.9713625693e+00    1.6453000000e+04    4.7940154219e-02    9.8229986909e-01
       271   -1.5895424130e+01    2.5335709324e+02   -2.7667293023e+01    1.1771868894e+01    1.0183271049e+01   -3.9807848935e+01    1.9572848626e+00    1.6394000000e+04    4.8595047344e-02    9.8185373946e-01
       272   -1.5901063949e+01    2.5354500058e+02   -2.7721093527e+01    1.1820029579e+01    1.0252128435e+01   -3.9965869465e+01    1.9926475027e+00    1.6482000000e+04    4.7604462227e-02    9.8269561390e-01
       273   -1.5910446359e+01    2.5386521696e+02   -2.7793701067e+01    1.1883254708e+01    1.0279893775e+01   -4.0115086681e+01    2.0414918387e+00    1.6488000000e+04    4.7833327813e-02    9.8226798909e-01
       274   -1.5901230462e+01    2.5355513902e+02   -2.7613481383e+01    1.1712250921e+01    1.0231313791e+01   -3.9867349583e+01    2.0225544088e+00    1.6643000000e+04    4.8682433828e-02    9.8201612658e-01
       275   -1.5892047007e+01    2.5326435933e+02   -2.7644844546e+01    1.1752797539e+01    1.0273806759e+01   -3.9959227803e+01    2.0405764977e+00    1.6605000000e+04    4.9276243789e-02    9.8252670840e-01
       276   -1.5897352660e+01    2.5348879903e+02   -2.7819022217e+01    1.1921669557e+01    1.0272785938e+01   -4.0218745202e+01    2.1269370476e+00    1.6620000000e+04    4.8369984375e-02    9.8228626962e-01
       277   -1.5899505043e+01    2.5356030813e+02   -2.7870626097e+01    1.1971121054e+01    1.0283624155e+01   -4.0341578026e+01    2.1873277739e+00    1.6438000000e+04    4.7966111406e-02    9.8140094851e-01
       278   -1.5892950968e+01    2.5345180133e+02   -2.7613127031e+01    1.1720176063e+01    1.0205639213e+01   -3.9818105075e+01    1.9993388312e+00    1.6401000000e+04    4.7630431563e-02    9.8202580411e-01
       279   -1.5890366907e+01    2.5322083536e+02   -2.7640607632e+01    1.1750240725e+01    1.0209898301e+01   -3.9910975942e+01    2.0604700087e+00    1.6428000000e+04    4.7368002109e-02    9.8259168858e-01
       280   -1.5889949681e+01    2.5320925861e+02   -2.7637500057e+01    1.1747550377e+01    1.0231711533e+01   -3.9920768248e+01    2.0515566578e+00    1.6613000000e+04    4.8769315859e-02    9.8152217113e-01
       281   -1.5892058369e+01    2.5324728407e+02   -2.7562774405e+01    1.1670716036e+01    1.0260807647e+01   -3.9902793563e+01    2.0792115109e+00    1.6609000000e+04    4.8485403359e-02    9.8334009883e-01
       282   -1.5877104822e+01    2.5276051384e+02   -2.7559082701e+01    1.1681977879e+01    1.0225717089e+01   -3.9887945795e+01    2.1031460052e+00    1.6379000000e+04    4.7838091875e-02    9.8226946305e-01
       283   -1.5880467207e+01    2.5282705224e+02   -2.7411787734e+01    1.1531320528e+01    1.0199118217e+01   -3.9691907122e+01    2.0810011713e+00    1.6268000000e+04    4.7538602500e-02    9.8261539706e-01
       284   -1.5902570462e+01    2.5357949442e+02   -2.7430004595e+01    1.1527434134e+01    1.0194322443e+01   -3.9670697368e+01    2.0463703294e+00    1.6240000000e+04    4.7535001445e-02    9.8258997828e-01
       285   -1.5891847320e+01    2.5318606117e+02   -2.7292618470e+01    1.1400771150e+01    1.0144343252e+01   -3.9471682434e+01    2.0347207115e+00    1.6205000000e+04    4.7556297812e-02    9.8230991494e-01
       286   -1.5888003903e+01    2.5313233579e+02   -2.7490002955e+01    1.1601999052e+01    1.0179424574e+01   -3.9642177585e+01    1.9727500563e+00    1.6355000000e+04    4.7989475703e-02    9.8226816076e-01
       287   -1.5888718433e+01    2.5315854401e+02   -2.7440416780e+01    1.1551698347e+01    1.0171092331e+01   -3.9602938069e+01    1.9914289585e+00    1.6415000000e+04    4.8268430703e-02    9.8147568958e-01
       288   -1.5883613175e+01    2.5294369621e+02   -2.7230306913e+01    1.1346693738e+01    1.0161992550e+01   -3.9432945620e+01    2.0406461558e+00    1.6344000000e+04    4.7853207031e-02    9.8350286658e-01
       289   -1.5886732431e+01    2.5304717264e+02   -2.7388688350e+01    1.1501955918e+01    1.0178045951e+01   -3.9519750252e+01    1.9530159518e+00    1.6071000000e+04    4.7693742656e-02    9.8327045979e-01
       290   -1.5891310168e+01    2.5317847585e+02   -2.7469135875e+01    1.1577825708e+01    1.0218002540e+01   -3.9667604913e+01    1.9804664978e+00    1.6018000000e+04    4.7129186445e-02    9.8249840764e-01
       291   -1.5902897886e+01    2.5358802464e+02   -2.7643876223e+01    1.1740978337e+01    1.0219701749e+01   -3.9824169150e+01    1.9605911778e+00    1.6051000000e+04    4.7813048203e-02    9.8223717377e-01
       292   -1.5873732226e+01    2.5263758322e+02   -2.7583938615e+01    1.1710206390e+01    1.0261145104e+01   -3.9890527911e+01    2.0454441910e+00    1.6200000000e+04    4.8068516133e-02    9.8266571215e-01
       293   -1.5891747273e+01    2.5327230556e+02   -2.7583053028e+01    1.1691305755e+01    1.0204803952e+01   -3.9672748461e+01    1.8848914804e+00    1.6228000000e+04    4.9466813711e-02    9.8250178035e-01
       294   -1.5898946171e+01    2.5353499893e+02   -2.7662640095e+01    1.1763693924e+01    1.0182286547e+01   -3.9771523757e+01    1.9265971153e+00    1.6288000000e+04    4.6800101367e-02    9.8216469584e-01
       295   -1.5898469695e+01    2.5347298891e+02   -2.7598673094e+01    1.1700203399e+01    1.0205145144e+01   -3.9773421916e+01    1.9696036783e+00    1.6293000000e+04    4.7572664102e-02    9.8212444027e-01
       296   -1.5886625783e+01    2.5310606767e+02   -2.7449066940e+01    1.1562441157e+01    1.0209543961e+01   -3.9729403187e+01    2.0707922864e+00    1.6374000000e+04    4.7141458164e-02    9.8261470347e-01
       297   -1.5915115467e+01    2.5401866410e+02   -2.7502767420e+01    1.1587651953e+01    1.0200810805e+01   -3.9736231545e+01    2.0326533200e+00    1.6425000000e+04    4.6823436758e-02    9.8186773879e-01
       298   -1.5885393252e+01    2.5300342383e+02   -2.7398059612e+01    1.1512666360e+01    1.0256826621e+01   -3.9720970700e+01    2.0660844677e+00    1.6307000000e+04    4.6848977461e-02    9.8299465757e-01
       299   -1.5875534809e+01    2.5272898288e+02   -2.7532334574e+01    1.1656799765e+01    1.0253388300e+01   -3.9791727871e+01    2.0060049971e+00    1.6187000000e+04    4.6478368398e-02    9.8185371322e-01
       300   -1.5883745200e+01    2.5297228298e+02   -2.7472163383e+01    1.1588418183e+01    1.0208138724e+01   -3.9672688027e+01    1.9923859203e+00    1.6031000000e+04    4.6825568047e-02    9.8254611190e-01
       301   -1.5880119834e+01    2.5291067284e+02   -2.7484734940e+01    1.1604615106e+01    1.0192653638e+01   -3.9815193255e+01    2.1378046781e+00    1.6060000000e+04    4.6747707305e-02    9.8237813427e-01
       302   -1.5892548559e+01    2.5333115255e+02   -2.7705359607e+01    1.1812811048e+01    1.0217083456e+01   -3.9955031591e+01    2.0325885275e+00    1.6101000000e+04    4.7039769219e-02    9.8234276199e-01
       303   -1.5898533519e+01    2.5344269579e+02   -2.7720314970e+01    1.1821781451e+01    1.0225734465e+01   -3.9943425538e+01    1.9973761031e+00    1.6119000000e+04    4.7325429922e-02    9.8196657124e-01
       304   -1.5895920988e+01    2.5333864302e+02   -2.7676034172e+01    1.1780113185e+01    1.0244382930e+01   -4.0063630789e+01    2.1432136866e+00    1.6116000000e+04    4.7173759141e-02    9.8222435092e-01
       305   -1.5897590849e+01    2.5340504762e+02   -2.7683475472e+01    1.1785884623e+01    1.0293846662e+01   -4.0107567295e+01    2.1302451608e+00    1.6212000000e+04    4.6954586172e-02    9.8262289398e-01
       306   -1.5908943357e+01    2.5385231309e+02   -2.7956013918e+01    1.2047070561e+01    1.0335475621e+01   -4.0377403886e+01    2.0859143468e+00    1.6317000000e+04    4.6839424883e-02    9.8159138113e-01
       307   -1.5892774801e+01    2.5326557062e+02   -2.7787478941e+01    1.1894704140e+01    1.0342803055e+01   -4.0251758647e+01    2.1214766512e+00    1.6428000000e+04    4.6986630742e-02    9.8212235640e-01
       308   -1.5896574887e+01    2.5335283884e+02   -2.7568804031e+01    1.1672229144e+01    1.0272104011e+01   -3.9910637109e+01    2.0697290673e+00    1.6476000000e+04    4.7684675625e-02    9.8253969548e-01
       309   -1.5887761082e+01    2.5309966746e+02   -2.7501636500e+01    1.1613875418e+01    1.0246466351e+01   -3.9773991116e+01    2.0258882653e+00    1.6411000000e+04    4.7416011836e-02    9.8241248865e-01
       310   -1.5898241569e+01    2.5344632129e+02   -2.7723677141e+01    1.1825435572e+01    1.0326450183e+01   -4.0051236110e+01    2.0011087857e+00    1.6431000000e+04    4.7881523086e-02    9.8244583868e-01
       311   -1.5898208360e+01    2.5345466000e+02   -2.7865678573e+01    1.1967470213e+01    1.0348993518e+01   -4.0287621894e+01    2.0729498028e+00    1.6409000000e+04    4.8435867305e-02    9.8159913579e-01
       312   -1.5910846786e+01    2.5391596634e+02   -2.7622332155e+01    1.1711485369e+01    1.0269558946e+01   -4.0030324552e+01    2.1384334506e+00    1.6349000000e+04    4.8599246016e-02    9.8241941066e-01
       313   -1.5906431824e+01    2.5379965263e+02   -2.7656937954e+01    1.1750506129e+01    1.0208243462e+01   -3.9746084301e+01    1.8809028852e+00    1.6381000000e+04    4.7843008359e-02    9.8216656276e-01
       314   -1.5907555695e+01    2.5373226657e+02   -2.7696507952e+01    1.1788952257e+01    1.0202677283e+01   -3.9981175187e+01    2.0819899516e+00    1.6447000000e+04    4.8712951992e-02    9.8215582966e-01
       315   -1.5904778629e+01    2.5363095364e+02   -2.7595580006e+01    1.1690801377e+01    1.0211024096e+01   -3.9864816429e+01    2.0582123267e+00    1.6534000000e+04    4.8222094141e-02    9.8215139365e-01
       316   -1.5919962185e+01    2.5418669328e+02   -2.7629121824e+01    1.1709159639e+01    1.0242798741e+01   -3.9938611269e+01    2.0666907044e+00    1.6537000000e+04    4.8110336797e-02    9.8268807418e-01
       317   -1.5905644221e+01    2.5369088751e+02   -2.7653407011e+01    1.1747762790e+01    1.0201703385e+01   -3.9783692033e+01    1.9285816366e+00    1.6571000000e+04    4.8061069102e-02    9.8202176295e-01
       318   -1.5897601039e+01    2.5346552997e+02   -2.7626477652e+01    1.1728876612e+01    1.0182270265e+01   -3.9866886520e+01    2.0581386032e+00    1.6485000000e+04    4.7936839883e-02    9.8197218582e-01
       319   -1.5890147254e+01    2.5318228235e+02   -2.7346423237e+01    1.1456275983e+01    1.0187795974e+01   -3.9612860421e+01    2.0786412108e+00    1.6232000000e+04    4.6927361953e-02    9.8236800639e-01
       320   -1.5904407487e+01    2.5371477531e+02   -2.7395238086e+01    1.1490830599e+01    1.0191814496e+01   -3.9643371258e+01    2.0563186750e+00    1.6070000000e+04    4.8079237812e-02    9.8295292126e-01
       321   -1.5873939685e+01    2.5265087041e+02   -2.7449142262e+01    1.1575202577e+01    1.0234558737e+01   -3.9717614363e+01    2.0339133633e+00    1.6135000000e+04    4.8090027812e-02    9.8222438525e-01
       322   -1.5887469908e+01    2.5329540015e+02   -2.7658364019e+01    1.1770894111e+01    1.0274157548e+01   -3.9959375468e+01    2.0268539004e+00    1.6276000000e+04    4.7815202656e-02    9.8184201494e-01
       323   -1.5892794461e+01    2.5324630791e+02   -2.7419309428e+01    1.1526514967e+01    1.0222563278e+01   -3.9611862174e+01    1.9699894672e+00    1.6429000000e+04    4.8121471523e-02    9.8220573342e-01
       324   -1.5914993144e+01    2.5404502503e+02   -2.7570847995e+01    1.1655854852e+01    1.0231920068e+01   -3.9742093565e+01    1.9393255016e+00    1.6455000000e+04    4.8131853711e-02    9.8171882694e-01
       325   -1.5895429644e+01    2.5335881533e+02   -2.7605635073e+01    1.1710205429e+01    1.0247446751e+01   -3.9746899188e+01    1.8938173645e+00    1.6431000000e+04    4.8338075898e-02    9.8135812397e-01
       326   -1.5903676703e+01    2.5359332658e+02   -2.7550998269e+01    1.1647321566e+01    1.0199593017e+01   -3.9657160613e+01    1.9065693274e+00    1.6392000000e+04    4.8412215352e-02    9.8245885967e-01
       327   -1.5885346455e+01    2.5300481291e+02   -2.7619720984e+01    1.1734374529e+01    1.0198060606e+01   -3.9878405892e+01    2.0606243028e+00    1.6335000000e+04    4.8493674297e-02    9.8215702752e-01
       328   -1.5902405921e+01    2.5357311841e+02   -2.7559735790e+01    1.1657329869e+01    1.0228911618e+01   -3.9876407164e+01    2.0877597563e+00    1.6334000000e+04    4.7555068320e-02    9.8244287192e-01
       329   -1.5891409299e+01    2.5322263871e+02   -2.7567737437e+01    1.1676328137e+01    1.0246693699e+01   -3.9941667515e+01    2.1272363792e+00    1.6416000000e+04    4.8380508242e-02    9.8249757147e-01
       330   -1.5896102336e+01    2.5339761287e+02   -2.7649323584e+01    1.1753221248e+01    1.0252976101e+01   -3.9993628904e+01    2.0913292191e+00    1.6457000000e+04    4.8289591680e-02    9.8228448397e-01
       331   -1.5894340551e+01    2.5333982821e+02   -2.7562005084e+01    1.1667664533e+01    1.0216446800e+01   -3.9871425648e+01    2.0929737634e+00    1.6501000000e+04    4.7745661797e-02    9.8294124151e-01
       332   -1.5897533052e+01    2.5340422627e+02   -2.7665648102e+01    1.1768115050e+01    1.0217657546e+01   -3.9931002975e+01    2.0476973268e+00    1.6511000000e+04    4.7740480664e-02    9.8235832040e-01
       333   -1.5894054898e+01    2.5326152103e+02   -2.7455046995e+01    1.1560992098e+01    1.0193914570e+01   -3.9738229771e+01    2.0892682059e+00    1.6390000000e+04    4.7836823945e-02    9.8272120822e-01
       334   -1.5900263614e+01    2.5346388431e+02   -2.7520860770e+01    1.1620597156e+01    1.0210522370e+01   -3.9720665534e+01    1.9892823942e+00    1.6327000000e+04    4.7992202539e-02    9.8282217092e-01
       335   -1.5896314397e+01    2.5333016587e+02   -2.7546255149e+01    1.1649940752e+01    1.0238096130e+01   -3.9828808520e+01    2.0444572411e+00    1.6301000000e+04    4.8502801172e-02    9.8192426983e-01
       336   -1.5905198838e+01    2.5368106415e+02   -2.7520486181e+01    1.1615287343e+01    1.0182805069e+01   -3.9633799744e+01    1.9305084937e+00    1.6344000000e+04    4.8264264609e-02    9.8320204785e-01
       337   -1.5892076340e+01    2.5320815007e+02   -2.7569372582e+01    1.1677296242e+01    1.0186249374e+01   -3.9675814854e+01    1.9201928978e+00    1.6353000000e+04    4.8081340586e-02    9.8251662161e-01
       338   -1.5880010977e+01    2.5282706535e+02   -2.7549275112e+01    1.1669264135e+01    1.0230278190e+01   -3.9721940382e+01    1.9423870798e+00    1.6343000000e+04    4.7502862930e-02    9.8184331748e-01
       339   -1.5907449374e+01    2.5376185263e+02   -2.7594728159e+01    1.1687278785e+01    1.0200058168e+01   -3.9717458285e+01    1.9226719584e+00    1.6483000000e+04    4.7789031484e-02    9.8252604476e-01
       340   -1.5887030108e+01    2.5308691516e+02   -2.7737802369e+01    1.1850772261e+01    1.0236646410e+01   -3.9878137555e+01    1.9036887764e+00    1.6500000000e+04    4.7906848750e-02    9.8146577355e-01
       341   -1.5891600707e+01    2.5322897828e+02   -2.7611473187e+01    1.1719872481e+01    1.0194028857e+01   -3.9672691705e+01    1.8671896602e+00    1.6372000000e+04    4.8884655469e-02    9.8178290518e-01
       342   -1.5891216803e+01    2.5319981970e+02   -2.7586322037e+01    1.1695105234e+01    1.0210024151e+01   -3.9738453638e+01    1.9421074492e+00    1.6342000000e+04    4.8592396719e-02    9.8201730603e-01
       343   -1.5893484270e+01    2.5330616051e+02   -2.7648155122e+01    1.1754670852e+01    1.0213634992e+01   -3.9844333304e+01    1.9825431898e+00    1.6337000000e+04    4.8341159102e-02    9.8188890925e-01
       344   -1.5889116501e+01    2.5313364168e+02   -2.7629090826e+01    1.1739974325e+01    1.0218433886e+01   -3.9750054304e+01    1.9025295916e+00    1.6233000000e+04    4.8203309375e-02    9.8234887117e-01
       345   -1.5903276011e+01    2.5365861493e+02   -2.7591548444e+01    1.1688272434e+01    1.0187909986e+01   -3.9871403327e+01    2.0919448961e+00    1.6179000000e+04    4.8260724141e-02    9.8184637621e-01
       346   -1.5897882781e+01    2.5343498403e+02   -2.7505053500e+01    1.1607170718e+01    1.0195425908e+01   -3.9788169322e+01    2.0876899152e+00    1.6313000000e+04    4.8064256094e-02    9.8192229071e-01
       347   -1.5890710380e+01    2.5323302291e+02   -2.7437546223e+01    1.1546835843e+01    1.0158575476e+01   -3.9509424299e+01    1.9133026001e+00    1.6273000000e+04    4.8469305977e-02    9.8235865611e-01
       348   -1.5885643086e+01    2.5303713251e+02   -2.7467916788e+01    1.1582273703e+01    1.0173660259e+01   -3.9500203109e+01    1.8586260614e+00    1.6184000000e+04    4.8083232578e-02    9.8244393320e-01
       349   -1.5884871888e+01    2.5300931968e+02   -2.7532370560e+01    1.1647498672e+01    1.0153518432e+01   -3.9598676939e+01    1.9127879468e+00    1.6177000000e+04    4.8392785312e-02    9.8218344288e-01
       350   -1.5903144299e+01    2.5359013655e+02   -2.7459438424e+01    1.1556294124e+01    1.0209145074e+01   -3.9637026512e+01    1.9684430142e+00    1.6250000000e+04    5.0314404062e-02    9.8293415841e-01
       351   -1.5897266729e+01    2.5340882900e+02   -2.7428752649e+01    1.1531485919e+01    1.0215307950e+01   -3.9681707726e+01    2.0376471278e+00    1.6147000000e+04    4.7522743594e-02    9.8252799805e-01
       352   -1.5891480553e+01    2.5323417637e+02   -2.7402864170e+01    1.1511383617e+01    1.0208019489e+01   -3.9726535344e+01    2.1156516845e+00    1.6110000000e+04    4.7202965547e-02    9.8286133192e-01
       353   -1.5889603021e+01    2.5316969882e+02   -2.7461785861e+01    1.1572182840e+01    1.0190225993e+01   -3.9665319470e+01    2.0133076168e+00    1.6043000000e+04    4.7057807656e-02    9.8262912439e-01
       354   -1.5878733784e+01    2.5281860764e+02   -2.7510609125e+01    1.1631875341e+01    1.0158319722e+01   -3.9676271155e+01    2.0073423083e+00    1.5992000000e+04    4.7849264297e-02    9.8247743023e-01
       355   -1.5896040724e+01    2.5340493326e+02   -2.7557061649e+01    1.1661020926e+01    1.0157587481e+01   -3.9659430090e+01    1.9447809597e+00    1.6086000000e+04    4.6456056211e-02    9.8186153989e-01
       356   -1.5909728369e+01    2.5388936255e+02   -2.7381665169e+01    1.1471936800e+01    1.0152658197e+01   -3.9578824066e+01    2.0445007000e+00    1.6285000000e+04    4.6805207422e-02    9.8182166153e-01
       357   -1.5885248063e+01    2.5294346966e+02   -2.7305945653e+01    1.1420697590e+01    1.0186397350e+01   -3.9578034918e+01    2.0856919149e+00    1.6343000000e+04    4.7073967539e-02    9.8197534186e-01
       358   -1.5883129317e+01    2.5299117034e+02   -2.7719315048e+01    1.1836185731e+01    1.0240224137e+01   -4.0010792935e+01    2.0512537497e+00    1.6450000000e+04    4.7182357578e-02    9.8222785579e-01
       359   -1.5913803435e+01    2.5402938241e+02   -2.7794810944e+01    1.1881007509e+01    1.0258011898e+01   -4.0171737117e+01    2.1189142748e+00    1.6488000000e+04    4.7680451055e-02    9.8157641345e-01
       360   -1.5884345623e+01    2.5300197075e+02   -2.7520215242e+01    1.1635869619e+01    1.0263111063e+01   -3.9902751313e+01    2.1194250084e+00    1.6437000000e+04    4.7271906016e-02    9.8174560983e-01
       361   -1.5887470076e+01    2.5305187146e+02   -2.7497531631e+01    1.1610061555e+01    1.0271176686e+01   -3.9859482647e+01    2.0907743298e+00    1.6487000000e+04    4.7678629258e-02    9.8243223889e-01
       362   -1.5865282757e+01    2.5242992778e+02   -2.7504201319e+01    1.1638918563e+01    1.0257729989e+01   -3.9823147339e+01    2.0612160300e+00    1.6423000000e+04    4.8152674414e-02    9.8216051951e-01
       363   -1.5872357681e+01    2.5265202049e+02   -2.7573503891e+01    1.1701146209e+01    1.0274598952e+01   -3.9817961126e+01    1.9698582824e+00    1.6362000000e+04    4.7819438516e-02    9.8191172002e-01
       364   -1.5876483589e+01    2.5279989690e+02   -2.7589398298e+01    1.1712914709e+01    1.0224360041e+01   -3.9854166040e+01    2.0404077006e+00    1.6257000000e+04    4.7879315195e-02    9.8272095560e-01
       365   -1.5893962507e+01    2.5335349320e+02   -2.7503251922e+01    1.1609289415e+01    1.0184451667e+01   -3.9694991626e+01    2.0072880376e+00    1.6200000000e+04    4.7880658359e-02    9.8227866926e-01
       366   -1.5893089051e+01    2.5328845359e+02   -2.7632133853e+01    1.1739044802e+01    1.0194579062e+01   -3.9862081422e+01    2.0353685077e+00    1.6166000000e+04    4.7698896875e-02    9.8258330471e-01
       367   -1.5875089032e+01    2.5264596039e+02   -2.7416746083e+01    1.1541657051e+01    1.0202933711e+01   -3.9547896518e+01    1.9282167244e+00    1.6194000000e+04    4.7876168047e-02    9.8163937289e-01
       368   -1.5894484095e+01    2.5331110509e+02   -2.7534010233e+01    1.1639526139e+01    1.0222164595e+01   -3.9751118740e+01    1.9949439115e+00    1.6149000000e+04    4.8504701055e-02    9.8241936426e-01
       369   -1.5890453747e+01    2.5316572181e+02   -2.7649036602e+01    1.1758582855e+01    1.0248163676e+01   -3.9946001466e+01    2.0488011884e+00    1.6211000000e+04    4.8067884297e-02    9.8199587856e-01
       370   -1.5900749576e+01    2.5354788196e+02   -2.7703414482e+01    1.1802664906e+01    1.0228646758e+01   -4.0062139883e+01    2.1300786438e+00    1.6308000000e+04    4.7968142539e-02    9.8230308210e-01
       371   -1.5887225310e+01    2.5326593332e+02   -2.7643453217e+01    1.1756227907e+01    1.0211243919e+01   -3.9980009231e+01    2.1253120944e+00    1.6313000000e+04    4.8226519180e-02    9.8197711931e-01
       372   -1.5896728610e+01    2.5348647793e+02   -2.7685263349e+01    1.1788534739e+01    1.0192472139e+01   -4.0056195006e+01    2.1784595176e+00    1.6381000000e+04    4.8735915859e-02    9.8148458762e-01
       373   -1.5882378815e+01    2.5293584440e+02   -2.7674534704e+01    1.1792155889e+01    1.0213257536e+01   -3.9988138793e+01    2.1003465525e+00    1.6399000000e+04    4.8377449531e-02    9.8230568453e-01
       374   -1.5895716242e+01    2.5334329803e+02   -2.7515274447e+01    1.1619558205e+01    1.0180091389e+01   -3.9672153918e+01    1.9767880825e+00    1.6424000000e+04    4.8540210625e-02    9.8237420232e-01
       375   -1.5890443874e+01    2.5318924596e+02   -2.7432683984e+01    1.1542240110e+01    1.0209837203e+01   -3.9736062601e+01    2.0935414136e+00    1.6261000000e+04    4.8752491172e-02    9.8230219700e-01
       376   -1.5900998168e+01    2.5352120020e+02   -2.7550446977e+01    1.1649448809e+01    1.0180662324e+01   -3.9860616315e+01    2.1295070140e+00    1.6227000000e+04    4.7961661289e-02    9.8217847880e-01
       377   -1.5898842891e+01    2.5345783746e+02   -2.7531968379e+01    1.1633125487e+01    1.0203774585e+01   -3.9780550797e+01    2.0448078332e+00    1.6155000000e+04    4.8355939336e-02    9.8258708341e-01
       378   -1.5889288911e+01    2.5316606917e+02   -2.7486566635e+01    1.1597277724e+01    1.0204632029e+01   -3.9713320549e+01    2.0221218858e+00    1.6154000000e+04    4.8003436602e-02    9.8238260157e-01
       379   -1.5893839629e+01    2.5330745553e+02   -2.7417485106e+01    1.1523645476e+01    1.0197605801e+01   -3.9661679953e+01    2.0465890464e+00    1.6121000000e+04    4.8246253828e-02    9.8207459912e-01
       380   -1.5904164279e+01    2.5362208593e+02   -2.7485810988e+01    1.1581646709e+01    1.0144074510e+01   -3.9549408881e+01    1.9195233833e+00    1.6196000000e+04    4.8279338359e-02    9.8292769509e-01
       381   -1.5917520793e+01    2.5407214213e+02   -2.7319041832e+01    1.1401521039e+01    1.0130988944e+01   -3.9419295169e+01    1.9692643926e+00    1.6305000000e+04    5.0317908203e-02    9.8275884764e-01
       382   -1.5898116866e+01    2.5343213329e+02   -2.7422047932e+01    1.1523931066e+01    1.0176471896e+01   -3.9568424234e+01    1.9699044059e+00    1.6309000000e+04    4.7832368594e-02    9.8211413811e-01
       383   -1.5894603599e+01    2.5337666570e+02   -2.7616375619e+01    1.1721772021e+01    1.0242191743e+01   -3.9953021156e+01    2.0944537930e+00    1.6328000000e+04    4.9045722969e-02    9.8230179143e-01
       384   -1.5886053433e+01    2.5307902445e+02   -2.7719681339e+01    1.1833627906e+01    1.0288926387e+01   -4.0153431599e+01    2.1448238733e+00    1.6403000000e+04    4.7981205469e-02    9.8187644357e-01
       385   -1.5905891894e+01    2.5367987990e+02   -2.7704896191e+01    1.1799004298e+01    1.0290441875e+01   -4.0050315309e+01    2.0549772424e+00    1.6366000000e+04    4.8902827578e-02    9.8200157425e-01
       386   -1.5899356969e+01    2.5347735642e+02   -2.7683514089e+01    1.1784157120e+01    1.0308134213e+01   -3.9989949063e+01    1.9983007606e+00    1.6331000000e+04    4.9213786758e-02    9.8177941442e-01
       387   -1.5906620312e+01    2.5371459708e+02   -2.7784490066e+01    1.1877869754e+01    1.0265662793e+01   -4.0013324580e+01    1.9631717220e+00    1.6223000000e+04    4.8692420469e-02    9.8191242165e-01
       388   -1.5897380374e+01    2.5339539223e+02   -2.7623075157e+01    1.1725694783e+01    1.0278186061e+01   -3.9952899952e+01    2.0516387345e+00    1.6292000000e+04    4.8007524688e-02    9.8250658271e-01
       389   -1.5892281228e+01    2.5328484040e+02   -2.7702850159e+01    1.1810568931e+01    1.0278955502e+01   -3.9979205547e+01    1.9973998868e+00    1.6400000000e+04    4.8202174922e-02    9.8209025968e-01
       390   -1.5897966580e+01    2.5341040412e+02   -2.7613174584e+01    1.1715208004e+01    1.0246960519e+01   -3.9778448032e+01    1.9183129291e+00    1.6401000000e+04    4.8746769375e-02    9.8262661525e-01
       391   -1.5900910152e+01    2.5364133916e+02   -2.7692653137e+01    1.1791742985e+01    1.0241948862e+01   -3.9943586472e+01    2.0089844739e+00    1.6498000000e+04    4.8572759570e-02    9.8260617699e-01
       392   -1.5912068992e+01    2.5390560388e+02   -2.7684242651e+01    1.1772173659e+01    1.0253228737e+01   -3.9920459040e+01    1.9829876518e+00    1.6607000000e+04    4.9458218086e-02    9.8187439560e-01
       393   -1.5900291046e+01    2.5349664119e+02   -2.7720732283e+01    1.1820441237e+01    1.0244670404e+01   -3.9991639548e+01    2.0262368608e+00    1.6542000000e+04    4.8131045117e-02    9.8116699995e-01
       394   -1.5910280287e+01    2.5382138880e+02   -2.7789433684e+01    1.1879153397e+01    1.0233803688e+01   -4.0015747506e+01    1.9925101345e+00    1.6582000000e+04    4.8562796914e-02    9.8211061497e-01
       395   -1.5901854961e+01    2.5359203265e+02   -2.7716916259e+01    1.1815061298e+01    1.0235787818e+01   -3.9977177008e+01    2.0244729314e+00    1.6593000000e+04    4.8901169102e-02    9.8179259141e-01
       396   -1.5914078203e+01    2.5399070366e+02   -2.7626749685e+01    1.1712671481e+01    1.0209143922e+01   -3.9848871166e+01    2.0129775591e+00    1.6437000000e+04    4.8894505586e-02    9.8268249000e-01
       397   -1.5895136677e+01    2.5335665067e+02   -2.7707042179e+01    1.1811905502e+01    1.0244285186e+01   -3.9888430509e+01    1.9371031430e+00    1.6370000000e+04    4.8791056641e-02    9.8241957920e-01
       398   -1.5904560356e+01    2.5389525793e+02   -2.7653930138e+01    1.1749369782e+01    1.0272392844e+01   -3.9907951695e+01    1.9816287126e+00    1.6402000000e+04    4.8569679844e-02    9.8232129688e-01
       399   -1.5898078327e+01    2.5343473008e+02   -2.7705619826e+01    1.1807541499e+01    1.0275092027e+01   -4.0025884857e+01    2.0451730036e+00    1.6354000000e+04    4.8816316758e-02    9.8301009269e-01
