#   index    LocalEnergy         LocalEnergy_sq      LocalPotential      Kinetic             ElecElec            LocalECP            NonLocalECP         BlockWeight         BlockCPU            AcceptRatio         
         0   -1.5617530852e+01    2.4546769104e+02   -2.4604131447e+01    8.9866005945e+00    9.0178807025e+00   -3.5332927991e+01    1.7109158419e+00    2.0480000000e+03    8.9103151031e-04    7.5830078125e-01
         1   -1.5569977435e+01    2.4373456234e+02   -2.4486448474e+01    8.9164710391e+00    9.0196989132e+00   -3.5000484578e+01    1.4943371911e+00    2.0480000000e+03    8.9265979919e-04    7.6098632812e-01
         2   -1.5602830541e+01    2.4474775469e+02   -2.4414013819e+01    8.8111832779e+00    8.9944215375e+00   -3.5084126547e+01    1.6756911900e+00    2.0480000000e+03    8.9852011139e-04    7.5878906250e-01
         3   -1.5603848245e+01    2.4499778967e+02   -2.4553252103e+01    8.9494038575e+00    8.9395005198e+00   -3.5123658164e+01    1.6309055410e+00    2.0480000000e+03    8.8739857208e-04    7.5740559896e-01
         4   -1.5580168245e+01    2.4399055075e+02   -2.4519177829e+01    8.9390095842e+00    8.9557173365e+00   -3.5091463240e+01    1.6165680743e+00    2.0480000000e+03    8.9512381348e-04    7.5830078125e-01
         5   -1.5594158244e+01    2.4451257324e+02   -2.4667731487e+01    9.0735732430e+00    8.9702546161e+00   -3.5265202653e+01    1.6272165499e+00    2.0480000000e+03    8.8854765656e-04    7.5618489583e-01
         6   -1.5595390181e+01    2.4443727187e+02   -2.4564886972e+01    8.9694967906e+00    9.0271726557e+00   -3.5187785139e+01    1.5957255118e+00    2.0480000000e+03    8.9833520843e-04    7.6114908854e-01
         7   -1.5602969272e+01    2.4471567495e+02   -2.4668916026e+01    9.0659467540e+00    9.0246908885e+00   -3.5288041443e+01    1.5944345284e+00    2.0480000000e+03    8.9452781281e-04    7.5781250000e-01
         8   -1.5612219571e+01    2.4507935561e+02   -2.4571263208e+01    8.9590436367e+00    9.0257233525e+00   -3.5129636190e+01    1.5326496300e+00    2.0480000000e+03    8.9179557068e-04    7.5984700521e-01
         9   -1.5559683427e+01    2.4336033152e+02   -2.4415713017e+01    8.8560295898e+00    8.9741355251e+00   -3.5139869568e+01    1.7500210260e+00    2.0480000000e+03    9.0027368988e-04    7.5724283854e-01
        10   -1.5555033031e+01    2.4317576717e+02   -2.4321231098e+01    8.7661980664e+00    8.9522243492e+00   -3.4830854326e+01    1.5573988793e+00    2.0480000000e+03    8.8430591125e-04    7.5960286458e-01
        11   -1.5519355095e+01    2.4211084606e+02   -2.4274251959e+01    8.7548968641e+00    8.8698780970e+00   -3.4674899976e+01    1.5307699206e+00    2.0480000000e+03    8.8383494751e-04    7.5854492188e-01
        12   -1.5528800097e+01    2.4238530631e+02   -2.4268137724e+01    8.7393376269e+00    8.8490922866e+00   -3.4494029738e+01    1.3767997275e+00    2.0480000000e+03    8.8472401520e-04    7.6293945312e-01
        13   -1.5518611822e+01    2.4212262201e+02   -2.4301066717e+01    8.7824548951e+00    8.9191668831e+00   -3.4769885454e+01    1.5496518539e+00    2.0480000000e+03    8.8103125519e-04    7.5732421875e-01
        14   -1.5567416321e+01    2.4372270873e+02   -2.4444892658e+01    8.8774763376e+00    8.9276441194e+00   -3.4886905788e+01    1.5143690105e+00    2.0480000000e+03    8.8852760498e-04    7.6106770833e-01
        15   -1.5544504609e+01    2.4298373062e+02   -2.4411319929e+01    8.8668153195e+00    8.8996422540e+00   -3.4895348102e+01    1.5843859189e+00    2.0480000000e+03    8.8081946198e-04    7.5797526042e-01
        16   -1.5606198017e+01    2.4487694378e+02   -2.4503809515e+01    8.8976114984e+00    8.8781647527e+00   -3.4835585760e+01    1.4536114921e+00    2.0480000000e+03    8.8991012695e-04    7.5944010417e-01
        17   -1.5565576486e+01    2.4371060631e+02   -2.4685671771e+01    9.1200952854e+00    8.9746601779e+00   -3.5100804662e+01    1.4404727130e+00    2.0480000000e+03    8.7571113983e-04    7.6106770833e-01
        18   -1.5559849383e+01    2.4344537089e+02   -2.4441192377e+01    8.8813429946e+00    8.9204012522e+00   -3.4883838406e+01    1.5222447764e+00    2.0480000000e+03    9.0736886383e-04    7.6497395833e-01
        19   -1.5576093290e+01    2.4389752895e+02   -2.4445599719e+01    8.8695064284e+00    8.9369887652e+00   -3.4985035430e+01    1.6024469455e+00    2.0480000000e+03    9.0349975433e-04    7.6066080729e-01
        20   -1.5614206749e+01    2.4514757494e+02   -2.4525098703e+01    8.9108919540e+00    8.9759381489e+00   -3.5024017131e+01    1.5229802790e+00    2.0480000000e+03    8.9268392914e-04    7.5480143229e-01
        21   -1.5598172211e+01    2.4470992990e+02   -2.4454803563e+01    8.8566313524e+00    9.0140803430e+00   -3.5244445330e+01    1.7755614239e+00    2.0480000000e+03    8.9795981689e-04    7.5805664062e-01
        22   -1.5573569487e+01    2.4379185493e+02   -2.4342724912e+01    8.7691554254e+00    9.0004040627e+00   -3.5056747273e+01    1.7136182977e+00    2.0480000000e+03    8.8285076813e-04    7.6041666667e-01
        23   -1.5581283056e+01    2.4407331273e+02   -2.4332512508e+01    8.7512294516e+00    9.0414089593e+00   -3.4951728765e+01    1.5778072975e+00    2.0480000000e+03    8.8338017670e-04    7.5455729167e-01
        24   -1.5567493769e+01    2.4377506864e+02   -2.4365890854e+01    8.7983970849e+00    8.9578596038e+00   -3.4893790716e+01    1.5700402582e+00    2.0480000000e+03    8.8396478424e-04    7.5756835937e-01
        25   -1.5546363038e+01    2.4299914229e+02   -2.4260058703e+01    8.7136956644e+00    8.9487619132e+00   -3.4902354120e+01    1.6935335045e+00    2.0480000000e+03    8.8534334991e-04    7.5838216146e-01
        26   -1.5544624241e+01    2.4298723625e+02   -2.4162977463e+01    8.6183532219e+00    8.9173830773e+00   -3.4568193546e+01    1.4878330055e+00    2.0480000000e+03    8.8108916290e-04    7.5976562500e-01
        27   -1.5559091247e+01    2.4344257130e+02   -2.4283822278e+01    8.7247310315e+00    8.9458963739e+00   -3.4837543736e+01    1.6078250842e+00    2.0480000000e+03    8.8439350555e-04    7.6147460937e-01
        28   -1.5582398140e+01    2.4493522874e+02   -2.4501335612e+01    8.9189374724e+00    8.9358049971e+00   -3.4853144434e+01    1.4160038249e+00    2.0480000000e+03    8.8969582581e-04    7.6033528646e-01
        29   -1.5579287684e+01    2.4399073435e+02   -2.4483716696e+01    8.9044290118e+00    8.9967249057e+00   -3.5040811305e+01    1.5603697028e+00    2.0480000000e+03    8.8730058716e-04    7.5911458333e-01
        30   -1.5587771939e+01    2.4426493658e+02   -2.4456797540e+01    8.8690256014e+00    8.9865874710e+00   -3.5121122389e+01    1.6777373779e+00    2.0480000000e+03    8.7919795441e-04    7.6375325521e-01
        31   -1.5554331053e+01    2.4335054335e+02   -2.4341821473e+01    8.7874904202e+00    8.9434771865e+00   -3.4880574787e+01    1.5952761274e+00    2.0480000000e+03    8.8461647522e-04    7.6106770833e-01
        32   -1.5566745925e+01    2.4374035219e+02   -2.4507394515e+01    8.9406485893e+00    8.9853383187e+00   -3.5006381796e+01    1.5136489624e+00    2.0480000000e+03    8.8027353485e-04    7.5960286458e-01
        33   -1.5557288629e+01    2.4329996901e+02   -2.4424182319e+01    8.8668936892e+00    8.9948852522e+00   -3.4952231624e+01    1.5331640529e+00    2.0480000000e+03    8.8639909180e-04    7.5992838542e-01
        34   -1.5591482202e+01    2.4437290618e+02   -2.4560636581e+01    8.9691543788e+00    9.0401144950e+00   -3.5183485222e+01    1.5827341462e+00    2.0480000000e+03    8.8915097656e-04    7.5309244792e-01
        35   -1.5576708569e+01    2.4387421277e+02   -2.4426844315e+01    8.8501357459e+00    8.9670864103e+00   -3.4994288480e+01    1.6003577548e+00    2.0480000000e+03    8.9010551147e-04    7.6025390625e-01
        36   -1.5598709955e+01    2.4448365636e+02   -2.4524608875e+01    8.9258989196e+00    8.9949654190e+00   -3.4922223338e+01    1.4026490440e+00    2.0480000000e+03    8.7982510559e-04    7.5585937500e-01
        37   -1.5628220918e+01    2.4563959804e+02   -2.4575086965e+01    8.9468660461e+00    9.0048793434e+00   -3.5229459976e+01    1.6494936680e+00    2.0480000000e+03    8.8622613617e-04    7.5081380208e-01
        38   -1.5589853065e+01    2.4430019123e+02   -2.4428395505e+01    8.8385424406e+00    9.0100951950e+00   -3.5072828769e+01    1.6343380684e+00    2.0480000000e+03    8.9405723358e-04    7.5610351562e-01
        39   -1.5591705518e+01    2.4427394629e+02   -2.4391451588e+01    8.7997460699e+00    9.0044578570e+00   -3.4926594599e+01    1.5306851548e+00    2.0480000000e+03    8.9034683502e-04    7.5374348958e-01
        40   -1.5551443791e+01    2.4310447621e+02   -2.4278277752e+01    8.7268339616e+00    8.9535264669e+00   -3.4705530098e+01    1.4737258785e+00    2.0480000000e+03    8.7923948456e-04    7.6505533854e-01
        41   -1.5604312946e+01    2.4478531140e+02   -2.4397707998e+01    8.7933950525e+00    8.9672887720e+00   -3.4805592076e+01    1.4405953059e+00    2.0480000000e+03    9.0471101166e-04    7.6236979167e-01
        42   -1.5605767194e+01    2.4476314522e+02   -2.4340925452e+01    8.7351582579e+00    8.9755727471e+00   -3.4843224632e+01    1.5267264332e+00    2.0480000000e+03    8.8591185608e-04    7.6074218750e-01
        43   -1.5562202449e+01    2.4337935653e+02   -2.4284422030e+01    8.7222195814e+00    8.9185313486e+00   -3.4660305263e+01    1.4573518838e+00    2.0480000000e+03    8.8972646484e-04    7.5732421875e-01
        44   -1.5538325908e+01    2.4264061565e+02   -2.4312660863e+01    8.7743349556e+00    8.9407486090e+00   -3.4612861869e+01    1.3594523971e+00    2.0480000000e+03    8.8320244415e-04    7.5944010417e-01
        45   -1.5535995256e+01    2.4260884128e+02   -2.4284537874e+01    8.7485426181e+00    8.9443345032e+00   -3.4738663765e+01    1.5097913876e+00    2.0480000000e+03    8.8602918945e-04    7.6147460937e-01
        46   -1.5524985568e+01    2.4236593069e+02   -2.4226872147e+01    8.7018865784e+00    8.9252223572e+00   -3.4530506507e+01    1.3784120036e+00    2.0480000000e+03    8.7273575806e-04    7.6147460937e-01
        47   -1.5559820656e+01    2.4336657340e+02   -2.4432784141e+01    8.8729634844e+00    8.9426847349e+00   -3.4857600303e+01    1.4821314269e+00    2.0480000000e+03    8.8568531281e-04    7.6098632812e-01
        48   -1.5523929694e+01    2.4226175880e+02   -2.4420208066e+01    8.8962783716e+00    8.9729460662e+00   -3.4770154830e+01    1.3770006980e+00    2.0480000000e+03    8.8386645996e-04    7.5504557292e-01
        49   -1.5559698983e+01    2.4334321001e+02   -2.4525135655e+01    8.9654366723e+00    8.9497516320e+00   -3.4881557427e+01    1.4066701393e+00    2.0480000000e+03    8.8392665558e-04    7.5960286458e-01
        50   -1.5556775631e+01    2.4332358937e+02   -2.4670387745e+01    9.1136121139e+00    8.9489856015e+00   -3.5015628798e+01    1.3962554518e+00    2.0480000000e+03    8.9171337280e-04    7.5968424479e-01
        51   -1.5559915891e+01    2.4347980672e+02   -2.4654435321e+01    9.0945194299e+00    8.9334151774e+00   -3.4953138104e+01    1.3652876052e+00    2.0480000000e+03    8.8139158081e-04    7.6424153646e-01
        52   -1.5540455623e+01    2.4274984632e+02   -2.4276719254e+01    8.7362636312e+00    8.9019650648e+00   -3.4755124790e+01    1.5764404710e+00    2.0480000000e+03    8.8843135406e-04    7.6464843750e-01
        53   -1.5550496838e+01    2.4321971543e+02   -2.4388113530e+01    8.8376166921e+00    8.9607377619e+00   -3.4738647669e+01    1.3897963772e+00    2.0480000000e+03    8.8335381775e-04    7.6521809896e-01
        54   -1.5562991353e+01    2.4342920813e+02   -2.4242066750e+01    8.6790753975e+00    8.8897727104e+00   -3.4620536681e+01    1.4886972208e+00    2.0480000000e+03    8.7732340271e-04    7.6212565104e-01
        55   -1.5582205158e+01    2.4410334226e+02   -2.4332371087e+01    8.7501659293e+00    8.8858237225e+00   -3.4964756375e+01    1.7465615651e+00    2.0480000000e+03    8.8551917755e-04    7.5968424479e-01
        56   -1.5546184702e+01    2.4303155329e+02   -2.4357110876e+01    8.8109261741e+00    8.8624035040e+00   -3.4756807229e+01    1.5372928485e+00    2.0480000000e+03    8.7699852142e-04    7.5984700521e-01
        57   -1.5522603975e+01    2.4222246168e+02   -2.4263920453e+01    8.7413164780e+00    8.8506464846e+00   -3.4585802715e+01    1.4712357768e+00    2.0480000000e+03    8.8028519196e-04    7.5984700521e-01
        58   -1.5580367317e+01    2.4403299984e+02   -2.4306575109e+01    8.7262077926e+00    8.9049198044e+00   -3.4790954917e+01    1.5794600030e+00    2.0480000000e+03    8.8739446259e-04    7.6733398437e-01
        59   -1.5593076756e+01    2.4445016200e+02   -2.4473282222e+01    8.8802054656e+00    8.9314684634e+00   -3.4880797700e+01    1.4760470154e+00    2.0480000000e+03    8.9399026276e-04    7.6505533854e-01
        60   -1.5592473934e+01    2.4441639285e+02   -2.4543189208e+01    8.9507152746e+00    8.9632612063e+00   -3.5099119081e+01    1.5926686662e+00    2.0480000000e+03    8.8611489655e-04    7.5431315104e-01
        61   -1.5574637892e+01    2.4388514176e+02   -2.4573980351e+01    8.9993424595e+00    8.9375214498e+00   -3.5028008719e+01    1.5165069181e+00    2.0480000000e+03    8.8405023621e-04    7.6204427083e-01
        62   -1.5569155493e+01    2.4366214369e+02   -2.4386957397e+01    8.8178019039e+00    8.9274630151e+00   -3.4895924412e+01    1.5815039993e+00    2.0480000000e+03    8.8452255859e-04    7.6017252604e-01
        63   -1.5622934360e+01    2.4524209277e+02   -2.4645846806e+01    9.0229124454e+00    9.0162803361e+00   -3.5430016821e+01    1.7678896792e+00    2.0480000000e+03    8.9008704254e-04    7.6391601562e-01
        64   -1.5594556584e+01    2.4444266506e+02   -2.4754601133e+01    9.1600445495e+00    9.0074556388e+00   -3.5408675489e+01    1.6466187166e+00    2.0480000000e+03    9.0367177246e-04    7.5659179687e-01
        65   -1.5570583444e+01    2.4374162404e+02   -2.4431336694e+01    8.8607532506e+00    8.9454605106e+00   -3.4975105730e+01    1.5983085246e+00    2.0480000000e+03    8.8923424347e-04    7.6456705729e-01
        66   -1.5574624080e+01    2.4382124928e+02   -2.4351275078e+01    8.7766509990e+00    8.9116700532e+00   -3.4837750368e+01    1.5748052363e+00    2.0480000000e+03    8.8689540039e-04    7.5968424479e-01
        67   -1.5581957365e+01    2.4418667355e+02   -2.4441905934e+01    8.8599485689e+00    8.9535129647e+00   -3.4938878392e+01    1.5434594933e+00    2.0480000000e+03    8.8343346161e-04    7.5952148437e-01
        68   -1.5537058379e+01    2.4266725285e+02   -2.4414087672e+01    8.8770292933e+00    8.9515130734e+00   -3.4987137700e+01    1.6215369548e+00    2.0480000000e+03    8.8058574463e-04    7.5960286458e-01
        69   -1.5551164627e+01    2.4317606513e+02   -2.4354277806e+01    8.8031131792e+00    8.9020784051e+00   -3.4735426686e+01    1.4790704748e+00    2.0480000000e+03    8.8175067322e-04    7.6139322917e-01
        70   -1.5562479270e+01    2.4421273189e+02   -2.4150419717e+01    8.5879404470e+00    8.9214909682e+00   -3.4899071636e+01    1.8271609511e+00    2.0480000000e+03    8.8663811127e-04    7.5708007812e-01
        71   -1.5567257469e+01    2.4364125106e+02   -2.4384547248e+01    8.8172897793e+00    8.9138062983e+00   -3.4792153424e+01    1.4937998773e+00    2.0480000000e+03    8.6745345520e-04    7.5651041667e-01
        72   -1.5577879759e+01    2.4394857632e+02   -2.4287115227e+01    8.7092354681e+00    8.9049475570e+00   -3.4677878441e+01    1.4858156563e+00    2.0480000000e+03    8.8811462311e-04    7.6220703125e-01
        73   -1.5581215062e+01    2.4408057811e+02   -2.4358859074e+01    8.7776440120e+00    8.9845893352e+00   -3.4928835095e+01    1.5853866859e+00    2.0480000000e+03    8.7662126038e-04    7.5992838542e-01
        74   -1.5593294605e+01    2.4454937979e+02   -2.4179665782e+01    8.5863711773e+00    8.8969157943e+00   -3.4817810919e+01    1.7412293424e+00    2.0480000000e+03    8.7848846680e-04    7.5642903646e-01
        75   -1.5553702753e+01    2.4323372996e+02   -2.4437605140e+01    8.8839023873e+00    8.9127597718e+00   -3.4618276231e+01    1.2679113189e+00    2.0480000000e+03    8.8038330933e-04    7.6139322917e-01
        76   -1.5587250038e+01    2.4434510119e+02   -2.4377289618e+01    8.7900395800e+00    8.9091275991e+00   -3.4882529214e+01    1.5961119966e+00    2.0480000000e+03    8.6979247894e-04    7.5626627604e-01
        77   -1.5565728267e+01    2.4365676901e+02   -2.4495671959e+01    8.9299436914e+00    8.9087430308e+00   -3.4980069905e+01    1.5756549157e+00    2.0480000000e+03    8.7811871674e-04    7.6155598958e-01
        78   -1.5544143047e+01    2.4298709300e+02   -2.4527455734e+01    8.9833126869e+00    8.9258155048e+00   -3.4870941158e+01    1.4176699193e+00    2.0480000000e+03    8.8540601379e-04    7.6440429687e-01
        79   -1.5547160315e+01    2.4298828652e+02   -2.4342314338e+01    8.7951540232e+00    8.9203714267e+00   -3.4771954554e+01    1.5092687898e+00    2.0480000000e+03    8.8566579803e-04    7.6595052083e-01
        80   -1.5548038054e+01    2.4303912228e+02   -2.4168089621e+01    8.6200515675e+00    8.9293831373e+00   -3.4758452834e+01    1.6609800761e+00    2.0480000000e+03    8.7848323914e-04    7.6098632812e-01
        81   -1.5539884058e+01    2.4278270617e+02   -2.4194657620e+01    8.6547735620e+00    8.9339677969e+00   -3.4676258636e+01    1.5476332190e+00    2.0480000000e+03    8.6845964020e-04    7.5797526042e-01
        82   -1.5554587371e+01    2.4328254842e+02   -2.4398693452e+01    8.8441060813e+00    8.9535276652e+00   -3.4961505856e+01    1.6092847387e+00    2.0480000000e+03    8.9110091064e-04    7.5813802083e-01
        83   -1.5525031877e+01    2.4227114719e+02   -2.4146568917e+01    8.6215370400e+00    8.9765673289e+00   -3.4663934927e+01    1.5407986813e+00    2.0480000000e+03    8.8256623657e-04    7.6188151042e-01
        84   -1.5590389976e+01    2.4434676310e+02   -2.4549316340e+01    8.9589263640e+00    8.9617353208e+00   -3.4979925470e+01    1.4688738097e+00    2.0480000000e+03    8.9349170563e-04    7.5683593750e-01
        85   -1.5565740922e+01    2.4357530892e+02   -2.4445906162e+01    8.8801652392e+00    8.9260417484e+00   -3.4866068106e+01    1.4941201964e+00    2.0480000000e+03    8.9412597504e-04    7.6033528646e-01
        86   -1.5541212123e+01    2.4298529633e+02   -2.4292871049e+01    8.7516589260e+00    8.9945616723e+00   -3.4950381711e+01    1.6629489891e+00    2.0480000000e+03    8.9151482361e-04    7.5724283854e-01
        87   -1.5561867950e+01    2.4341277173e+02   -2.4578849130e+01    9.0169811805e+00    9.0481620377e+00   -3.5048741628e+01    1.4217304594e+00    2.0480000000e+03    8.9765583069e-04    7.5406901042e-01
        88   -1.5596307514e+01    2.4461898826e+02   -2.4727432896e+01    9.1311253826e+00    9.0322543569e+00   -3.5299212268e+01    1.5395250149e+00    2.0480000000e+03    8.8995272430e-04    7.5838216146e-01
        89   -1.5593429839e+01    2.4458697106e+02   -2.4656024375e+01    9.0625945363e+00    9.0624827681e+00   -3.5178625084e+01    1.4601179415e+00    2.0480000000e+03    8.8963336578e-04    7.6090494792e-01
        90   -1.5587323909e+01    2.4423242087e+02   -2.4613788930e+01    9.0264650219e+00    9.0426873353e+00   -3.5171368399e+01    1.5148921332e+00    2.0480000000e+03    8.8552102570e-04    7.6228841146e-01
        91   -1.5595622084e+01    2.4447280692e+02   -2.4612880777e+01    9.0172586927e+00    9.0010699780e+00   -3.5146178592e+01    1.5322278370e+00    2.0480000000e+03    8.7752775421e-04    7.5122070312e-01
        92   -1.5591853115e+01    2.4446818972e+02   -2.4638420840e+01    9.0465677249e+00    8.9956939299e+00   -3.5059325535e+01    1.4252107656e+00    2.0480000000e+03    8.8870687836e-04    7.5553385417e-01
        93   -1.5573912232e+01    2.4379080185e+02   -2.4567580663e+01    8.9936684313e+00    8.9982973697e+00   -3.5138441479e+01    1.5725634461e+00    2.0480000000e+03    8.9100523926e-04    7.5927734375e-01
        94   -1.5552504940e+01    2.4329014355e+02   -2.4666933657e+01    9.1144287172e+00    9.0635511673e+00   -3.5217220156e+01    1.4867353322e+00    2.0480000000e+03    8.8597017456e-04    7.5130208333e-01
        95   -1.5569706364e+01    2.4389130852e+02   -2.4496071100e+01    8.9263647362e+00    9.0553174668e+00   -3.5114687391e+01    1.5632988246e+00    2.0480000000e+03    8.8519105225e-04    7.6204427083e-01
        96   -1.5585985139e+01    2.4424792231e+02   -2.4398318936e+01    8.8123337973e+00    9.0120176076e+00   -3.5000643327e+01    1.5903067833e+00    2.0480000000e+03    8.8266639587e-04    7.5415039062e-01
        97   -1.5598124251e+01    2.4459968990e+02   -2.4318420384e+01    8.7202961329e+00    9.0617254271e+00   -3.5129896322e+01    1.7497505110e+00    2.0480000000e+03    8.8303734467e-04    7.5732421875e-01
        98   -1.5621143960e+01    2.4549589420e+02   -2.4307142087e+01    8.6859981271e+00    8.9773205547e+00   -3.4990115312e+01    1.7056526702e+00    2.0480000000e+03    8.8593411194e-04    7.6472981771e-01
        99   -1.5611240495e+01    2.4502771618e+02   -2.4323710252e+01    8.7124697568e+00    9.0068118059e+00   -3.5043089658e+01    1.7125675998e+00    2.0480000000e+03    8.9256749878e-04    7.5887044271e-01
       100   -1.5585123503e+01    2.4422587826e+02   -2.4398496533e+01    8.8133730304e+00    8.9008024473e+00   -3.4746357302e+01    1.4470583214e+00    2.0480000000e+03    8.7907236664e-04    7.5716145833e-01
       101   -1.5570973402e+01    2.4382700428e+02   -2.4363504734e+01    8.7925313320e+00    8.8976252727e+00   -3.4794725547e+01    1.5335955399e+00    2.0480000000e+03    8.7171408783e-04    7.6074218750e-01
       102   -1.5570928351e+01    2.4388899561e+02   -2.4568129994e+01    8.9972016431e+00    9.0054305457e+00   -3.5124233837e+01    1.5506732976e+00    2.0480000000e+03    8.6780285187e-04    7.6090494792e-01
       103   -1.5591784190e+01    2.4440469127e+02   -2.4304300505e+01    8.7125163144e+00    8.9303305237e+00   -3.4892819383e+01    1.6581883551e+00    2.0480000000e+03    8.7922823822e-04    7.6049804687e-01
       104   -1.5573757084e+01    2.4390645410e+02   -2.4296183569e+01    8.7224264850e+00    8.9412330503e+00   -3.4933727687e+01    1.6963110676e+00    2.0480000000e+03    8.7839183960e-04    7.6049804687e-01
       105   -1.5557494242e+01    2.4331209890e+02   -2.4388106410e+01    8.8306121682e+00    8.9656159451e+00   -3.4865413065e+01    1.5116907104e+00    2.0480000000e+03    8.8209303406e-04    7.5528971354e-01
       106   -1.5569972444e+01    2.4368254947e+02   -2.4442813915e+01    8.8728414709e+00    8.9013218001e+00   -3.4937309899e+01    1.5931741845e+00    2.0480000000e+03    8.8475921417e-04    7.6310221354e-01
       107   -1.5577535453e+01    2.4401998977e+02   -2.4307406093e+01    8.7298706402e+00    8.9939255443e+00   -3.4889521854e+01    1.5881902171e+00    2.0480000000e+03    8.8259899384e-04    7.6546223958e-01
       108   -1.5588261678e+01    2.4440694291e+02   -2.4422169557e+01    8.8339078795e+00    9.0288783450e+00   -3.5060267169e+01    1.6092192665e+00    2.0480000000e+03    8.9428517761e-04    7.6017252604e-01
       109   -1.5569100331e+01    2.4369720740e+02   -2.4496851078e+01    8.9277507472e+00    9.0534856334e+00   -3.5063166785e+01    1.5128300735e+00    2.0480000000e+03    8.9298928802e-04    7.5626627604e-01
       110   -1.5574657494e+01    2.4387690339e+02   -2.4539415617e+01    8.9647581233e+00    8.9453964008e+00   -3.4930182042e+01    1.4453700245e+00    2.0480000000e+03    8.9572519073e-04    7.5960286458e-01
       111   -1.5548511186e+01    2.4303994876e+02   -2.4425528142e+01    8.8770169562e+00    8.9313602626e+00   -3.4821550202e+01    1.4646617978e+00    2.0480000000e+03    8.7075808075e-04    7.5781250000e-01
       112   -1.5556801865e+01    2.4338534794e+02   -2.4326859332e+01    8.7700574670e+00    8.9468545309e+00   -3.4707940654e+01    1.4342267910e+00    2.0480000000e+03    8.7912015076e-04    7.5789388021e-01
       113   -1.5556566473e+01    2.4335974023e+02   -2.4392532961e+01    8.8359664882e+00    8.9649101713e+00   -3.4778492186e+01    1.4210490532e+00    2.0480000000e+03    8.8305735779e-04    7.5260416667e-01
       114   -1.5572035087e+01    2.4376170943e+02   -2.4279687850e+01    8.7076527632e+00    8.9011807894e+00   -3.4759812271e+01    1.5789436316e+00    2.0480000000e+03    8.8358141022e-04    7.6025390625e-01
       115   -1.5548842760e+01    2.4303140105e+02   -2.4361261395e+01    8.8124186356e+00    8.9135977778e+00   -3.4900279397e+01    1.6254202242e+00    2.0480000000e+03    8.8068096222e-04    7.5659179688e-01
       116   -1.5567505699e+01    2.4363314416e+02   -2.4470388899e+01    8.9028831998e+00    8.9293323657e+00   -3.5002614374e+01    1.6028931098e+00    2.0480000000e+03    8.7744579651e-04    7.6416015625e-01
       117   -1.5562543532e+01    2.4349809404e+02   -2.4384139798e+01    8.8215962667e+00    8.9154034725e+00   -3.4723237212e+01    1.4236939412e+00    2.0480000000e+03    8.8094609894e-04    7.5789388021e-01
       118   -1.5561316393e+01    2.4352283906e+02   -2.4389389385e+01    8.8280729917e+00    8.9152077423e+00   -3.4727914541e+01    1.4233174139e+00    2.0480000000e+03    8.8010036072e-04    7.6220703125e-01
       119   -1.5556654459e+01    2.4333418346e+02   -2.4392466529e+01    8.8358120699e+00    8.9040623322e+00   -3.4887632715e+01    1.5911038542e+00    2.0480000000e+03    8.8271095306e-04    7.6367187500e-01
       120   -1.5558160137e+01    2.4336715600e+02   -2.4294619098e+01    8.7364589604e+00    8.8803814558e+00   -3.4634409753e+01    1.4594091990e+00    2.0480000000e+03    8.8365494446e-04    7.6643880208e-01
       121   -1.5537846926e+01    2.4268479493e+02   -2.4081098052e+01    8.5432511261e+00    8.8647077024e+00   -3.4494331876e+01    1.5485261217e+00    2.0480000000e+03    8.8055593353e-04    7.6245117187e-01
       122   -1.5546589768e+01    2.4292806510e+02   -2.4221902544e+01    8.6753127754e+00    8.8391005236e+00   -3.4473574225e+01    1.4125711573e+00    2.0480000000e+03    8.7626933136e-04    7.6416015625e-01
       123   -1.5550881597e+01    2.4311030002e+02   -2.4223116357e+01    8.6722347603e+00    8.9551180044e+00   -3.4653866404e+01    1.4756320424e+00    2.0480000000e+03    8.8231467133e-04    7.5797526042e-01
       124   -1.5602757887e+01    2.4474954532e+02   -2.4407325276e+01    8.8045673888e+00    8.9003122841e+00   -3.4841382792e+01    1.5337452322e+00    2.0480000000e+03    8.8348908966e-04    7.5341796875e-01
       125   -1.5570257769e+01    2.4375783536e+02   -2.4377403429e+01    8.8071456598e+00    8.9294586846e+00   -3.4818782906e+01    1.5119207926e+00    2.0480000000e+03    8.7712656921e-04    7.5732421875e-01
       126   -1.5536539167e+01    2.4258905990e+02   -2.4229301913e+01    8.6927627468e+00    8.8781690019e+00   -3.4514770636e+01    1.4072997212e+00    2.0480000000e+03    8.7982938446e-04    7.5756835937e-01
       127   -1.5560496551e+01    2.4349264335e+02   -2.4129610183e+01    8.5691136313e+00    8.8698363427e+00   -3.4425556808e+01    1.4261102821e+00    2.0480000000e+03    8.7592011230e-04    7.6074218750e-01
       128   -1.5565915845e+01    2.4348426107e+02   -2.4045080475e+01    8.4791646298e+00    8.8665329786e+00   -3.4351834991e+01    1.4402215381e+00    2.0480000000e+03    8.7681070129e-04    7.5618489583e-01
       129   -1.5572717632e+01    2.4390623855e+02   -2.4169898474e+01    8.5971808424e+00    8.9253656571e+00   -3.4654586040e+01    1.5593219087e+00    2.0480000000e+03    8.8194926910e-04    7.6334635417e-01
       130   -1.5581637111e+01    2.4411436175e+02   -2.4316714202e+01    8.7350770908e+00    8.9096793075e+00   -3.4691683431e+01    1.4652899218e+00    2.0480000000e+03    8.8208756348e-04    7.6090494792e-01
       131   -1.5567458208e+01    2.4360404176e+02   -2.4397371702e+01    8.8299134940e+00    8.9655547499e+00   -3.4812980706e+01    1.4500542543e+00    2.0480000000e+03    8.7659255615e-04    7.6123046875e-01
       132   -1.5575545318e+01    2.4386659175e+02   -2.4428339348e+01    8.8527940298e+00    8.9269877647e+00   -3.4794190386e+01    1.4388632734e+00    2.0480000000e+03    8.8627746948e-04    7.5813802083e-01
       133   -1.5575031483e+01    2.4388315352e+02   -2.4400497372e+01    8.8254658894e+00    8.9414278880e+00   -3.4873030908e+01    1.5311056478e+00    2.0480000000e+03    9.0787870300e-04    7.5797526042e-01
       134   -1.5571263921e+01    2.4367849882e+02   -2.4492476484e+01    8.9212125627e+00    8.9149694087e+00   -3.4980470762e+01    1.5730248696e+00    2.0480000000e+03    8.7902380280e-04    7.5992838542e-01
       135   -1.5573217777e+01    2.4378527568e+02   -2.4437077241e+01    8.8638594640e+00    8.9359564292e+00   -3.4912651900e+01    1.5396182296e+00    2.0480000000e+03    8.7848803619e-04    7.5122070312e-01
       136   -1.5599101923e+01    2.4479241333e+02   -2.4524164909e+01    8.9250629861e+00    8.8903777215e+00   -3.4895771429e+01    1.4812287983e+00    2.0480000000e+03    8.7406325897e-04    7.6155598958e-01
       137   -1.5563759490e+01    2.4362321799e+02   -2.4467374230e+01    8.9036147397e+00    8.9060709370e+00   -3.4760977100e+01    1.3875319329e+00    2.0480000000e+03    8.8066018402e-04    7.6180013021e-01
       138   -1.5564895268e+01    2.4358574360e+02   -2.4336894562e+01    8.7719992939e+00    8.8932657257e+00   -3.4747924464e+01    1.5177641761e+00    2.0480000000e+03    8.7342014832e-04    7.6407877604e-01
       139   -1.5547187260e+01    2.4306024525e+02   -2.4195021415e+01    8.6478341545e+00    8.9224236663e+00   -3.4697200644e+01    1.5797555630e+00    2.0480000000e+03    8.8205726105e-04    7.6367187500e-01
       140   -1.5550026227e+01    2.4311211932e+02   -2.4248439328e+01    8.6984131009e+00    8.8933520141e+00   -3.4603055581e+01    1.4612642390e+00    2.0480000000e+03    8.7730951172e-04    7.6180013021e-01
       141   -1.5542305873e+01    2.4280882705e+02   -2.4214868053e+01    8.6725621804e+00    8.9061531295e+00   -3.4581760827e+01    1.4607396444e+00    2.0480000000e+03    8.7513279236e-04    7.6041666667e-01
       142   -1.5535948730e+01    2.4276925960e+02   -2.4189092963e+01    8.6531442335e+00    8.8626019412e+00   -3.4621640306e+01    1.5699454012e+00    2.0480000000e+03    8.6688404480e-04    7.5439453125e-01
       143   -1.5562013560e+01    2.4378877540e+02   -2.4331864584e+01    8.7698510240e+00    8.9184430892e+00   -3.4923153518e+01    1.6728458451e+00    2.0480000000e+03    8.7140079559e-04    7.6098632812e-01
       144   -1.5581514051e+01    2.4421527717e+02   -2.4395871151e+01    8.8143571005e+00    8.9099338266e+00   -3.4765268187e+01    1.4594632089e+00    2.0480000000e+03    8.7739136169e-04    7.5821940104e-01
       145   -1.5605897276e+01    2.4515304352e+02   -2.4538677914e+01    8.9327806380e+00    8.9510257517e+00   -3.4896891339e+01    1.4071876740e+00    2.0480000000e+03    8.8309849213e-04    7.6017252604e-01
       146   -1.5532560774e+01    2.4267358090e+02   -2.4494725133e+01    8.9621643584e+00    9.0380719879e+00   -3.4879099462e+01    1.3463023409e+00    2.0480000000e+03    8.7424978516e-04    7.5333658854e-01
       147   -1.5558975394e+01    2.4350286687e+02   -2.4393884179e+01    8.8349087844e+00    9.0004354971e+00   -3.4865520329e+01    1.4712006532e+00    2.0480000000e+03    8.8166380035e-04    7.5390625000e-01
       148   -1.5605316192e+01    2.4474934883e+02   -2.4394700789e+01    8.7893845978e+00    8.9424934511e+00   -3.4895870634e+01    1.5586763939e+00    2.0480000000e+03    8.8727710968e-04    7.5675455729e-01
       149   -1.5602748781e+01    2.4487225507e+02   -2.4419274767e+01    8.8165259865e+00    9.0165775320e+00   -3.5105383139e+01    1.6695308393e+00    2.0480000000e+03    8.8492826630e-04    7.5585937500e-01
       150   -1.5573175648e+01    2.4378005211e+02   -2.4337037499e+01    8.7638618515e+00    8.9242689582e+00   -3.4798998602e+01    1.5376921443e+00    2.0480000000e+03    8.8167581848e-04    7.5846354167e-01
       151   -1.5602197645e+01    2.4478089583e+02   -2.4409266543e+01    8.8070688986e+00    8.9815629138e+00   -3.4975829933e+01    1.5850004753e+00    2.0480000000e+03    8.9498598145e-04    7.5748697917e-01
       152   -1.5564712951e+01    2.4364598496e+02   -2.4551392190e+01    8.9866792399e+00    8.9971240351e+00   -3.4999102359e+01    1.4505861335e+00    2.0480000000e+03    9.0004032104e-04    7.5895182292e-01
       153   -1.5586332278e+01    2.4424185826e+02   -2.4517832553e+01    8.9315002752e+00    9.0269718614e+00   -3.5151860401e+01    1.6070559871e+00    2.0480000000e+03    8.8692889740e-04    7.5634765625e-01
       154   -1.5573875744e+01    2.4381275378e+02   -2.4467024291e+01    8.8931485475e+00    8.9652424861e+00   -3.4970000138e+01    1.5377333608e+00    2.0480000000e+03    8.7748684418e-04    7.5472005208e-01
       155   -1.5579286658e+01    2.4399325820e+02   -2.4403811094e+01    8.8245244361e+00    8.9534336354e+00   -3.4801600935e+01    1.4443562054e+00    2.0480000000e+03    8.8260290771e-04    7.5992838542e-01
       156   -1.5586701061e+01    2.4440814235e+02   -2.4346073196e+01    8.7593721353e+00    8.9702160480e+00   -3.4961293987e+01    1.6450047427e+00    2.0480000000e+03    8.8889595154e-04    7.6074218750e-01
       157   -1.5576333729e+01    2.4412216094e+02   -2.4433323500e+01    8.8569897717e+00    8.8968490164e+00   -3.4737649901e+01    1.4074773838e+00    2.0480000000e+03    8.8745804382e-04    7.5325520833e-01
       158   -1.5543172504e+01    2.4292359796e+02   -2.4326530946e+01    8.7833584417e+00    8.8529988033e+00   -3.4518366554e+01    1.3388368045e+00    2.0480000000e+03    8.7190875641e-04    7.6424153646e-01
       159   -1.5556505024e+01    2.4332681366e+02   -2.4235947245e+01    8.6794422205e+00    8.8936250860e+00   -3.4739545611e+01    1.6099732801e+00    2.0480000000e+03    8.8083936737e-04    7.6171875000e-01
       160   -1.5558086005e+01    2.4347833161e+02   -2.4232591358e+01    8.6745053537e+00    8.9310204358e+00   -3.4797383352e+01    1.6337715584e+00    2.0480000000e+03    8.8371907745e-04    7.6139322917e-01
       161   -1.5552303350e+01    2.4328131448e+02   -2.4250754404e+01    8.6984510539e+00    8.9336881473e+00   -3.4877124850e+01    1.6926822992e+00    2.0480000000e+03    8.8333399963e-04    7.5968424479e-01
       162   -1.5559497699e+01    2.4335598841e+02   -2.4302311164e+01    8.7428134641e+00    8.8984573438e+00   -3.4723437995e+01    1.5226694873e+00    2.0480000000e+03    8.8119908936e-04    7.5781250000e-01
       163   -1.5557555285e+01    2.4347435448e+02   -2.4230814639e+01    8.6732593536e+00    8.9511490129e+00   -3.4770503103e+01    1.5885394515e+00    2.0480000000e+03    8.7551554321e-04    7.6318359375e-01
       164   -1.5608147485e+01    2.4495935094e+02   -2.4383174517e+01    8.7750270319e+00    8.9959738096e+00   -3.5030601436e+01    1.6514531094e+00    2.0480000000e+03    8.7677650055e-04    7.5756835938e-01
       165   -1.5574108880e+01    2.4398020724e+02   -2.4365339607e+01    8.7912307268e+00    8.9658909150e+00   -3.4839822922e+01    1.5085924007e+00    2.0480000000e+03    8.7679073334e-04    7.5472005208e-01
       166   -1.5550863845e+01    2.4322916664e+02   -2.4383365070e+01    8.8325012249e+00    8.9624852801e+00   -3.4790419232e+01    1.4445688822e+00    2.0480000000e+03    8.8160982941e-04    7.5561523437e-01
       167   -1.5585246536e+01    2.4449809410e+02   -2.4402455862e+01    8.8172093256e+00    8.9576038512e+00   -3.4957397351e+01    1.5973376382e+00    2.0480000000e+03    8.7883295898e-04    7.6399739583e-01
       168   -1.5593075463e+01    2.4447533909e+02   -2.4498203745e+01    8.9051282819e+00    9.0212839736e+00   -3.5116011348e+01    1.5965236293e+00    2.0480000000e+03    8.8634198395e-04    7.6000976562e-01
       169   -1.5594656236e+01    2.4459829702e+02   -2.4472049287e+01    8.8773930504e+00    9.0326555031e+00   -3.5146779385e+01    1.6420745954e+00    2.0480000000e+03    8.9453307953e-04    7.5374348958e-01
       170   -1.5559648825e+01    2.4333226519e+02   -2.4301652647e+01    8.7420038219e+00    8.9738446736e+00   -3.4857072899e+01    1.5815755789e+00    2.0480000000e+03    8.8412440460e-04    7.5512695312e-01
       171   -1.5564073811e+01    2.4360365033e+02   -2.4470121955e+01    8.9060481439e+00    8.9852660832e+00   -3.5042542448e+01    1.5871544097e+00    2.0480000000e+03    8.8437791077e-04    7.6114908854e-01
       172   -1.5603328218e+01    2.4478010355e+02   -2.4478180999e+01    8.8748527812e+00    8.9889755174e+00   -3.5046128266e+01    1.5789717490e+00    2.0480000000e+03    8.8619180817e-04    7.5447591146e-01
       173   -1.5577582515e+01    2.4398815022e+02   -2.4410541623e+01    8.8329591082e+00    8.9763694531e+00   -3.4978456455e+01    1.5915453788e+00    2.0480000000e+03    8.8590223633e-04    7.5333658854e-01
       174   -1.5545940986e+01    2.4309605189e+02   -2.4251262287e+01    8.7053213002e+00    8.9705054764e+00   -3.4820480275e+01    1.5987125119e+00    2.0480000000e+03    8.8585635895e-04    7.5960286458e-01
       175   -1.5582060364e+01    2.4423415443e+02   -2.4545743304e+01    8.9636829401e+00    8.9318016359e+00   -3.4920298015e+01    1.4427530750e+00    2.0480000000e+03    8.7265478394e-04    7.5610351562e-01
       176   -1.5555581643e+01    2.4332577968e+02   -2.4263574056e+01    8.7079924127e+00    8.9065821095e+00   -3.4532185267e+01    1.3620291012e+00    2.0480000000e+03    8.7402144043e-04    7.6472981771e-01
       177   -1.5552158998e+01    2.4317533107e+02   -2.4206827295e+01    8.6546682973e+00    8.8467426326e+00   -3.4570306654e+01    1.5167367264e+00    2.0480000000e+03    8.7345163574e-04    7.6977539062e-01
       178   -1.5509095788e+01    2.4184036446e+02   -2.4118912628e+01    8.6098168394e+00    8.8728005485e+00   -3.4332111698e+01    1.3403985214e+00    2.0480000000e+03    8.7010133118e-04    7.6424153646e-01
       179   -1.5566137699e+01    2.4364016172e+02   -2.4265887804e+01    8.6997501048e+00    8.9689266628e+00   -3.4784147249e+01    1.5493327828e+00    2.0480000000e+03    8.9214640747e-04    7.6407877604e-01
       180   -1.5576465950e+01    2.4422714423e+02   -2.4455414190e+01    8.8789482392e+00    8.9001253292e+00   -3.4745874787e+01    1.3903352683e+00    2.0480000000e+03    9.0208003174e-04    7.5699869792e-01
       181   -1.5609496992e+01    2.4508955572e+02   -2.4596378415e+01    8.9868814222e+00    8.8721300592e+00   -3.5005376031e+01    1.5368675572e+00    2.0480000000e+03    8.7510053314e-04    7.6098632812e-01
       182   -1.5621787881e+01    2.4547683771e+02   -2.4625713968e+01    9.0039260869e+00    8.8649736124e+00   -3.4952005123e+01    1.4613175423e+00    2.0480000000e+03    8.7604007202e-04    7.5504557292e-01
       183   -1.5629074651e+01    2.4561950935e+02   -2.4735817984e+01    9.1067433326e+00    8.8942217794e+00   -3.5168721852e+01    1.5386820886e+00    2.0480000000e+03    8.8265148285e-04    7.5056966146e-01
       184   -1.5637691485e+01    2.4594516370e+02   -2.4726300647e+01    9.0886091622e+00    8.8926668577e+00   -3.5193907640e+01    1.5749401350e+00    2.0480000000e+03    8.8251297363e-04    7.5740559896e-01
       185   -1.5558713967e+01    2.4335897782e+02   -2.4478696401e+01    8.9199824335e+00    8.9288520401e+00   -3.4922269606e+01    1.5147211656e+00    2.0480000000e+03    8.7629158905e-04    7.5992838542e-01
       186   -1.5543661754e+01    2.4287613437e+02   -2.4474436280e+01    8.9307745257e+00    8.9287256903e+00   -3.4903532501e+01    1.5003705308e+00    2.0480000000e+03    8.7643872009e-04    7.5830078125e-01
       187   -1.5574747914e+01    2.4387943930e+02   -2.4615322841e+01    9.0405749268e+00    8.9306687581e+00   -3.4983741332e+01    1.4377497323e+00    2.0480000000e+03    8.8679890381e-04    7.6326497396e-01
       188   -1.5565094711e+01    2.4469211330e+02   -2.4525690930e+01    8.9605962194e+00    8.9476919412e+00   -3.5011059031e+01    1.5376761600e+00    2.0480000000e+03    8.7992517578e-04    7.5610351562e-01
       189   -1.5594859390e+01    2.4530762420e+02   -2.4233115077e+01    8.6382556864e+00    8.8853692957e+00   -3.4805633634e+01    1.6871492617e+00    2.0480000000e+03    8.7297996735e-04    7.6098632812e-01
       190   -1.5588759234e+01    2.4504489214e+02   -2.4363202857e+01    8.7744436225e+00    8.9926532501e+00   -3.5019464692e+01    1.6636085859e+00    2.0480000000e+03    8.7809332886e-04    7.5520833333e-01
       191   -1.5587097159e+01    2.4496387854e+02   -2.4390078476e+01    8.8029813178e+00    8.9413559093e+00   -3.4944695989e+01    1.6132616029e+00    2.0480000000e+03    8.7622312866e-04    7.6163736979e-01
       192   -1.5574602462e+01    2.4468642888e+02   -2.4338234795e+01    8.7636323322e+00    8.9165989384e+00   -3.4735418465e+01    1.4805847317e+00    2.0480000000e+03    8.7753381927e-04    7.6131184896e-01
       193   -1.5544239176e+01    2.4427755179e+02   -2.4378126575e+01    8.8338873992e+00    8.9073054149e+00   -3.4770180439e+01    1.4847484488e+00    2.0480000000e+03    8.7961085327e-04    7.6212565104e-01
       194   -1.5501048486e+01    2.4252358612e+02   -2.4312792941e+01    8.8117444547e+00    8.8820734799e+00   -3.4663846306e+01    1.4689798858e+00    2.0480000000e+03    8.7417684540e-04    7.6057942708e-01
       195   -1.5509381178e+01    2.4272233228e+02   -2.4192423380e+01    8.6830422023e+00    8.9022631762e+00   -3.4593089653e+01    1.4984030969e+00    2.0480000000e+03    8.7336473175e-04    7.5903320312e-01
       196   -1.5499017535e+01    2.4163684222e+02   -2.4060463847e+01    8.5614463115e+00    8.9028227621e+00   -3.4400590676e+01    1.4373040676e+00    2.0480000000e+03    8.7950396698e-04    7.6285807292e-01
       197   -1.5480229017e+01    2.4121462086e+02   -2.4093692539e+01    8.6134635222e+00    8.8551828198e+00   -3.4432003520e+01    1.4831281611e+00    2.0480000000e+03    8.7165934845e-04    7.6757812500e-01
       198   -1.5527370409e+01    2.4291786459e+02   -2.4134923744e+01    8.6075533348e+00    8.8820434178e+00   -3.4556564801e+01    1.5395976388e+00    2.0480000000e+03    8.8182575012e-04    7.6635742187e-01
       199   -1.5548077492e+01    2.4370213953e+02   -2.4322827250e+01    8.7747497581e+00    8.9577897399e+00   -3.4852535012e+01    1.5719180221e+00    2.0480000000e+03    8.8501630859e-04    7.5634765625e-01
