#   index    LocalEnergy         LocalEnergy_sq      LocalPotential      Kinetic             ElecElec            LocalECP            NonLocalECP         BlockWeight         BlockCPU            AcceptRatio         
         0   -1.5877750733e+01    2.5285372801e+02   -2.7463800394e+01    1.1586049661e+01    1.0076642468e+01   -3.9461902578e+01    1.9214597161e+00    9.0800000000e+03    2.9749800977e-02    9.5856911056e-01
         1   -1.5883347737e+01    2.5300443489e+02   -2.7381143478e+01    1.1497795741e+01    1.0008829476e+01   -3.9312116447e+01    1.9221434922e+00    9.1900000000e+03    2.6331515313e-02    9.6158107238e-01
         2   -1.5872949769e+01    2.5279121060e+02   -2.7171230498e+01    1.1298280729e+01    1.0004948135e+01   -3.9195618431e+01    2.0194397980e+00    8.9960000000e+03    2.6403602852e-02    9.6008965602e-01
         3   -1.5877107241e+01    2.5320216746e+02   -2.7157486049e+01    1.1280378808e+01    1.0054732639e+01   -3.9261202489e+01    2.0489838010e+00    8.9350000000e+03    2.7364344922e-02    9.6006640134e-01
         4   -1.5909071400e+01    2.5434967957e+02   -2.7452646032e+01    1.1543574632e+01    1.0076221575e+01   -3.9394763526e+01    1.8658959189e+00    8.8110000000e+03    2.6429362461e-02    9.5867828770e-01
         5   -1.5891400322e+01    2.5325406630e+02   -2.7492604516e+01    1.1601204194e+01    1.0158081669e+01   -3.9632146651e+01    1.9814604654e+00    8.6980000000e+03    2.6174794648e-02    9.5863689021e-01
         6   -1.5907751236e+01    2.5380979099e+02   -2.7714156539e+01    1.1806405302e+01    1.0174963574e+01   -3.9777859081e+01    1.8887389684e+00    8.6570000000e+03    2.6092036367e-02    9.5792384930e-01
         7   -1.5894481252e+01    2.5333120273e+02   -2.7588795517e+01    1.1694314265e+01    1.0174483443e+01   -3.9740067579e+01    1.9767886184e+00    8.6010000000e+03    2.5839875703e-02    9.5836136045e-01
         8   -1.5896500399e+01    2.5342129593e+02   -2.7525597346e+01    1.1629096948e+01    1.0153799208e+01   -3.9471042128e+01    1.7916455738e+00    8.5710000000e+03    2.6367670391e-02    9.5952008431e-01
         9   -1.5889508529e+01    2.5322331192e+02   -2.7461268018e+01    1.1571759490e+01    1.0158825117e+01   -3.9512085182e+01    1.8919920472e+00    8.4710000000e+03    2.5665919805e-02    9.5939997310e-01
        10   -1.5914820188e+01    2.5398808633e+02   -2.7638634171e+01    1.1723813982e+01    1.0165763377e+01   -3.9741941768e+01    1.9375442197e+00    8.5100000000e+03    2.6150594805e-02    9.6202319972e-01
        11   -1.5884305003e+01    2.5305763692e+02   -2.7539019940e+01    1.1654714938e+01    1.0160363348e+01   -3.9585200810e+01    1.8858175208e+00    8.5640000000e+03    2.5819466563e-02    9.5978966360e-01
        12   -1.5902666425e+01    2.5361209355e+02   -2.7626868362e+01    1.1724201937e+01    1.0177231248e+01   -3.9851103912e+01    2.0470043016e+00    8.5000000000e+03    2.6188309531e-02    9.5858922163e-01
        13   -1.5899961511e+01    2.5352923531e+02   -2.7743137688e+01    1.1843176177e+01    1.0200642978e+01   -3.9904792637e+01    1.9610119704e+00    8.4360000000e+03    2.6136071797e-02    9.6068416580e-01
        14   -1.5884957232e+01    2.5309965716e+02   -2.7659999865e+01    1.1775042633e+01    1.0222134526e+01   -3.9760000878e+01    1.8778664873e+00    8.3150000000e+03    2.5348722695e-02    9.5815757937e-01
        15   -1.5889056249e+01    2.5323189984e+02   -2.7637973324e+01    1.1748917075e+01    1.0170458796e+01   -3.9717509847e+01    1.9090777265e+00    8.2700000000e+03    2.4483576953e-02    9.6000311496e-01
        16   -1.5893649539e+01    2.5337326465e+02   -2.7679147245e+01    1.1785497706e+01    1.0195841167e+01   -3.9939614163e+01    2.0646257508e+00    8.2130000000e+03    2.4466863398e-02    9.5988618951e-01
        17   -1.5899322567e+01    2.5354162646e+02   -2.7654054989e+01    1.1754732422e+01    1.0226590714e+01   -3.9947656598e+01    2.0670108955e+00    8.1750000000e+03    2.4653156289e-02    9.5937880841e-01
        18   -1.5898887471e+01    2.5347698667e+02   -2.7745456969e+01    1.1846569498e+01    1.0224160430e+01   -3.9977687883e+01    2.0080704842e+00    8.1420000000e+03    2.4584233789e-02    9.5674749678e-01
        19   -1.5902465966e+01    2.5352339010e+02   -2.7473648715e+01    1.1571182749e+01    1.0204134634e+01   -3.9691464840e+01    2.0136814911e+00    8.1420000000e+03    2.4483109258e-02    9.5926869088e-01
        20   -1.5889157361e+01    2.5309693936e+02   -2.7776450991e+01    1.1887293631e+01    1.0249410411e+01   -3.9965944239e+01    1.9400828372e+00    8.1330000000e+03    2.4645219492e-02    9.5913299716e-01
        21   -1.5884273958e+01    2.5302542729e+02   -2.7745536237e+01    1.1861262279e+01    1.0267852550e+01   -4.0087169197e+01    2.0737804102e+00    8.1070000000e+03    2.4293007891e-02    9.5876997428e-01
        22   -1.5896170292e+01    2.5335073519e+02   -2.7543857721e+01    1.1647687429e+01    1.0245566231e+01   -3.9861452102e+01    2.0720281495e+00    8.0870000000e+03    2.4310553594e-02    9.6082091401e-01
        23   -1.5891304955e+01    2.5323728814e+02   -2.7718383279e+01    1.1827078324e+01    1.0254400363e+01   -3.9923622362e+01    1.9508387205e+00    8.1130000000e+03    2.4309475742e-02    9.5836110191e-01
        24   -1.5900309869e+01    2.5360952369e+02   -2.7666825805e+01    1.1766515936e+01    1.0248181227e+01   -3.9843050250e+01    1.9280432181e+00    8.1020000000e+03    2.4673227227e-02    9.6055498123e-01
        25   -1.5892158542e+01    2.5333393395e+02   -2.7816737555e+01    1.1924579013e+01    1.0241511075e+01   -3.9816432392e+01    1.7581837620e+00    8.1250000000e+03    2.5291162500e-02    9.5745949332e-01
        26   -1.5886896650e+01    2.5311106776e+02   -2.7722115207e+01    1.1835218557e+01    1.0240815075e+01   -3.9964281139e+01    2.0013508576e+00    8.1720000000e+03    2.4532647383e-02    9.5904056461e-01
        27   -1.5909980214e+01    2.5391270741e+02   -2.7725477863e+01    1.1815497649e+01    1.0233794304e+01   -4.0007363350e+01    2.0480911824e+00    8.2390000000e+03    2.4472438203e-02    9.5899572459e-01
        28   -1.5906407536e+01    2.5380091580e+02   -2.7995079581e+01    1.2088672045e+01    1.0274287473e+01   -4.0237154979e+01    1.9677879246e+00    8.2720000000e+03    2.4607280977e-02    9.5800258952e-01
        29   -1.5904210055e+01    2.5377774476e+02   -2.7714686688e+01    1.1810476632e+01    1.0220682202e+01   -3.9889160100e+01    1.9537912105e+00    8.2970000000e+03    2.4298173555e-02    9.5882220690e-01
        30   -1.5907666702e+01    2.5378759618e+02   -2.7757944286e+01    1.1850277583e+01    1.0271113510e+01   -4.0042249449e+01    2.0131916531e+00    8.2770000000e+03    2.4356664375e-02    9.5876426978e-01
        31   -1.5913886798e+01    2.5397928190e+02   -2.7637688945e+01    1.1723802147e+01    1.0262962718e+01   -3.9957101604e+01    2.0564499410e+00    8.3430000000e+03    2.4991151836e-02    9.5835917507e-01
        32   -1.5915869341e+01    2.5423925452e+02   -2.7662171774e+01    1.1746302433e+01    1.0254370448e+01   -3.9883133670e+01    1.9665914479e+00    8.3700000000e+03    2.5754831641e-02    9.5850066512e-01
        33   -1.5910438315e+01    2.5381632900e+02   -2.7585467725e+01    1.1675029410e+01    1.0209753642e+01   -3.9946389321e+01    2.1511679551e+00    8.3640000000e+03    2.4587228125e-02    9.5965130920e-01
        34   -1.5918803873e+01    2.5406305181e+02   -2.7693944254e+01    1.1775140381e+01    1.0144425583e+01   -3.9691226751e+01    1.8528569141e+00    8.3930000000e+03    2.5101402969e-02    9.5918145257e-01
        35   -1.5917790355e+01    2.5408245937e+02   -2.7518065123e+01    1.1600274768e+01    1.0181471889e+01   -3.9696186476e+01    1.9966494640e+00    8.4090000000e+03    2.5881222031e-02    9.5971294529e-01
        36   -1.5908549611e+01    2.5373688400e+02   -2.7656974308e+01    1.1748424697e+01    1.0201792231e+01   -3.9721945626e+01    1.8631790864e+00    8.3750000000e+03    2.5851883672e-02    9.6117262177e-01
        37   -1.5921949915e+01    2.5427019102e+02   -2.7780856878e+01    1.1858906963e+01    1.0288939374e+01   -3.9942880637e+01    1.8730843857e+00    8.3260000000e+03    2.5813131367e-02    9.5950907407e-01
        38   -1.5903317385e+01    2.5370640315e+02   -2.7816704622e+01    1.1913387236e+01    1.0262484373e+01   -3.9982738523e+01    1.9035495281e+00    8.2770000000e+03    2.4711476406e-02    9.5860408616e-01
        39   -1.5905912260e+01    2.5369080048e+02   -2.7687228794e+01    1.1781316534e+01    1.0255239764e+01   -3.9848183397e+01    1.9057148391e+00    8.2560000000e+03    2.4933335352e-02    9.5874293764e-01
        40   -1.5912216273e+01    2.5387800456e+02   -2.7721491759e+01    1.1809275486e+01    1.0282048066e+01   -4.0063312909e+01    2.0597730845e+00    8.2270000000e+03    2.4868028359e-02    9.5771324974e-01
        41   -1.5919022376e+01    2.5415963331e+02   -2.7576942180e+01    1.1657919804e+01    1.0254694475e+01   -3.9839610882e+01    2.0079742275e+00    8.2950000000e+03    2.4938948125e-02    9.5921157090e-01
        42   -1.5897329288e+01    2.5345795375e+02   -2.7578259326e+01    1.1680930038e+01    1.0236358164e+01   -3.9843420896e+01    2.0288034061e+00    8.4160000000e+03    2.5574071133e-02    9.5818090230e-01
        43   -1.5872813884e+01    2.5261111618e+02   -2.7723921249e+01    1.1851107366e+01    1.0252717122e+01   -4.0106493711e+01    2.1298553395e+00    8.3180000000e+03    2.5703820859e-02    9.5812406399e-01
        44   -1.5880599628e+01    2.5288041088e+02   -2.7609146834e+01    1.1728547207e+01    1.0219700393e+01   -3.9834095141e+01    2.0052479139e+00    8.2190000000e+03    2.4712973164e-02    9.5760676954e-01
        45   -1.5892108011e+01    2.5332998046e+02   -2.7527485268e+01    1.1635377257e+01    1.0178322671e+01   -3.9680853833e+01    1.9750458937e+00    8.2010000000e+03    2.4564521641e-02    9.5908083680e-01
        46   -1.5897052425e+01    2.5339015488e+02   -2.7491238964e+01    1.1594186539e+01    1.0173148191e+01   -3.9642809025e+01    1.9784218701e+00    8.2340000000e+03    2.4853688203e-02    9.5931826921e-01
        47   -1.5891318308e+01    2.5322253904e+02   -2.7577764489e+01    1.1686446181e+01    1.0187917885e+01   -3.9665719261e+01    1.9000368860e+00    8.1940000000e+03    2.4942444492e-02    9.5867501965e-01
        48   -1.5874222744e+01    2.5264112625e+02   -2.7674164649e+01    1.1799941905e+01    1.0235790682e+01   -3.9902084342e+01    1.9921290110e+00    8.1400000000e+03    2.4387603594e-02    9.5903024744e-01
        49   -1.5914305598e+01    2.5405728749e+02   -2.7742700125e+01    1.1828394527e+01    1.0207868949e+01   -3.9844434964e+01    1.8938658902e+00    8.0880000000e+03    2.4532146953e-02    9.5865829703e-01
        50   -1.5903690827e+01    2.5366163141e+02   -2.7585052646e+01    1.1681361818e+01    1.0230746937e+01   -3.9930771732e+01    2.1149721494e+00    8.0940000000e+03    2.5066550156e-02    9.5839388298e-01
        51   -1.5920126070e+01    2.5415270485e+02   -2.7869754208e+01    1.1949628139e+01    1.0275160938e+01   -4.0218489666e+01    2.0735745194e+00    8.1230000000e+03    2.4918988437e-02    9.5714780169e-01
        52   -1.5913105438e+01    2.5401127089e+02   -2.7910863323e+01    1.1997757884e+01    1.0278832446e+01   -4.0118851603e+01    1.9291558345e+00    8.1940000000e+03    2.4861259727e-02    9.5814517405e-01
        53   -1.5908955024e+01    2.5378983573e+02   -2.7748928506e+01    1.1839973482e+01    1.0262298619e+01   -4.0068935141e+01    2.0577080155e+00    8.2790000000e+03    2.4494031094e-02    9.5825071229e-01
        54   -1.5886932648e+01    2.5313170820e+02   -2.7830726018e+01    1.1943793370e+01    1.0220117378e+01   -3.9985881115e+01    1.9350377185e+00    8.3080000000e+03    2.5636313828e-02    9.5832471727e-01
        55   -1.5904582433e+01    2.5366306965e+02   -2.7509422073e+01    1.1604839640e+01    1.0193005359e+01   -3.9623339089e+01    1.9209116573e+00    8.2660000000e+03    2.5645789102e-02    9.6054625209e-01
        56   -1.5900682396e+01    2.5365392594e+02   -2.7635106468e+01    1.1734424072e+01    1.0202089627e+01   -3.9826451057e+01    1.9892549620e+00    8.2780000000e+03    2.4690445352e-02    9.6044923848e-01
        57   -1.5909640566e+01    2.5388899937e+02   -2.7500842194e+01    1.1591201628e+01    1.0196802673e+01   -3.9619322883e+01    1.9216780164e+00    8.2860000000e+03    2.4943705195e-02    9.5979683530e-01
        58   -1.5913841020e+01    2.5393178937e+02   -2.7506003835e+01    1.1592162815e+01    1.0220650603e+01   -3.9733804717e+01    2.0071502798e+00    8.2090000000e+03    2.4856258867e-02    9.6027183173e-01
        59   -1.5912134075e+01    2.5394000117e+02   -2.7552887994e+01    1.1640753920e+01    1.0203322417e+01   -3.9708409679e+01    1.9521992672e+00    8.2430000000e+03    2.5148161484e-02    9.5858478075e-01
        60   -1.5902200337e+01    2.5357139152e+02   -2.7598263405e+01    1.1696063069e+01    1.0215875243e+01   -3.9828552369e+01    2.0144137209e+00    8.2280000000e+03    2.4804937812e-02    9.5772539210e-01
        61   -1.5900267186e+01    2.5350945871e+02   -2.7524248279e+01    1.1623981093e+01    1.0197496132e+01   -3.9559895232e+01    1.8381508209e+00    8.2010000000e+03    2.5404913633e-02    9.5789138949e-01
        62   -1.5908627244e+01    2.5390889343e+02   -2.7837939418e+01    1.1929312174e+01    1.0276799015e+01   -4.0030464640e+01    1.9157262070e+00    8.2530000000e+03    2.5238614570e-02    9.5748029505e-01
        63   -1.5905521386e+01    2.5374189966e+02   -2.7795191411e+01    1.1889670024e+01    1.0258829831e+01   -3.9993971731e+01    1.9399504887e+00    8.2470000000e+03    2.4825967188e-02    9.5844322677e-01
        64   -1.5875422770e+01    2.5275388598e+02   -2.7724851069e+01    1.1849428299e+01    1.0214100324e+01   -3.9916121399e+01    1.9771700057e+00    8.2360000000e+03    2.4881503516e-02    9.5931160379e-01
        65   -1.5876063428e+01    2.5275816970e+02   -2.7655115727e+01    1.1779052299e+01    1.0203266962e+01   -3.9929902600e+01    2.0715199111e+00    8.1990000000e+03    2.6510043438e-02    9.5954318020e-01
        66   -1.5898500024e+01    2.5357916734e+02   -2.7508985881e+01    1.1610485858e+01    1.0178046593e+01   -3.9630072828e+01    1.9430403534e+00    8.1550000000e+03    4.5639661758e-02    9.5954236920e-01
        67   -1.5902025768e+01    2.5358855435e+02   -2.7413530435e+01    1.1511504666e+01    1.0124732087e+01   -3.9540482840e+01    2.0022203183e+00    8.1120000000e+03    4.5619156445e-02    9.5897839703e-01
        68   -1.5879460810e+01    2.5287623273e+02   -2.7398559379e+01    1.1519098569e+01    1.0114497945e+01   -3.9423370986e+01    1.9103136615e+00    8.1030000000e+03    4.5692714805e-02    9.5924603295e-01
        69   -1.5906629787e+01    2.5369941048e+02   -2.7326385704e+01    1.1419755918e+01    1.0138229091e+01   -3.9331137247e+01    1.8665224521e+00    8.0540000000e+03    4.6177035586e-02    9.5989049641e-01
        70   -1.5901882136e+01    2.5366322330e+02   -2.7640537422e+01    1.1738655285e+01    1.0155270243e+01   -3.9699982641e+01    1.9041749765e+00    8.0000000000e+03    4.5755920625e-02    9.6029027341e-01
        71   -1.5887639222e+01    2.5312795687e+02   -2.7595253103e+01    1.1707613881e+01    1.0157105771e+01   -3.9681347496e+01    1.9289886231e+00    7.9930000000e+03    4.6030663398e-02    9.5897613135e-01
        72   -1.5897043106e+01    2.5344503168e+02   -2.7701499323e+01    1.1804456217e+01    1.0169487334e+01   -3.9800259495e+01    1.9292728388e+00    7.9970000000e+03    4.5512871641e-02    9.5879358226e-01
        73   -1.5900712252e+01    2.5360927759e+02   -2.7894621361e+01    1.1993909109e+01    1.0244828478e+01   -4.0154766066e+01    2.0153162262e+00    8.0500000000e+03    4.6043787070e-02    9.5955664488e-01
        74   -1.5896278980e+01    2.5341057052e+02   -2.7898039091e+01    1.2001760111e+01    1.0234593196e+01   -4.0015828060e+01    1.8831957732e+00    8.0840000000e+03    4.5463652852e-02    9.5809853863e-01
        75   -1.5897614963e+01    2.5340764904e+02   -2.7644094503e+01    1.1746479540e+01    1.0216186920e+01   -3.9875942547e+01    2.0156611243e+00    8.1430000000e+03    4.6105205156e-02    9.5829179341e-01
        76   -1.5899295514e+01    2.5349505059e+02   -2.7603185360e+01    1.1703889846e+01    1.0181198497e+01   -3.9697659944e+01    1.9132760872e+00    8.1380000000e+03    4.6005050742e-02    9.5809999559e-01
        77   -1.5900177384e+01    2.5360205334e+02   -2.7571431150e+01    1.1671253766e+01    1.0163208871e+01   -3.9621193528e+01    1.8865535060e+00    8.1810000000e+03    4.5801526797e-02    9.5998760698e-01
        78   -1.5910179413e+01    2.5384741953e+02   -2.7600505507e+01    1.1690326094e+01    1.0178793390e+01   -3.9701795082e+01    1.9224961845e+00    8.1490000000e+03    4.5771209766e-02    9.5883948655e-01
        79   -1.5900123867e+01    2.5370593695e+02   -2.7723611528e+01    1.1823487661e+01    1.0230972220e+01   -3.9929204956e+01    1.9746212072e+00    8.1150000000e+03    4.5423408516e-02    9.5910984725e-01
        80   -1.5902971841e+01    2.5365285383e+02   -2.7581684034e+01    1.1678712193e+01    1.0243216835e+01   -3.9819292607e+01    1.9943917379e+00    8.1420000000e+03    4.6084318086e-02    9.5878929660e-01
        81   -1.5895622689e+01    2.5336581471e+02   -2.7713001848e+01    1.1817379159e+01    1.0266524102e+01   -3.9895004128e+01    1.9154781781e+00    8.1930000000e+03    4.5763373789e-02    9.5786077632e-01
        82   -1.5887677730e+01    2.5313636591e+02   -2.7416780270e+01    1.1529102540e+01    1.0202323747e+01   -3.9541699982e+01    1.9225959655e+00    8.1580000000e+03    4.5658886484e-02    9.5986027391e-01
        83   -1.5888679622e+01    2.5324264597e+02   -2.7587699885e+01    1.1699020263e+01    1.0188722811e+01   -3.9646083746e+01    1.8696610500e+00    8.1210000000e+03    4.6809123164e-02    9.5842969705e-01
        84   -1.5926148779e+01    2.5435940525e+02   -2.7725299821e+01    1.1799151042e+01    1.0170339331e+01   -3.9788888589e+01    1.8932494373e+00    8.1430000000e+03    4.6755697383e-02    9.5710483505e-01
        85   -1.5893757395e+01    2.5328903132e+02   -2.7511025508e+01    1.1617268113e+01    1.0205798465e+01   -3.9700366061e+01    1.9835420882e+00    8.1990000000e+03    4.6822663281e-02    9.5879798518e-01
        86   -1.5893939257e+01    2.5332277078e+02   -2.7485937360e+01    1.1591998104e+01    1.0183624894e+01   -3.9551440690e+01    1.8818784351e+00    8.2280000000e+03    4.6658504102e-02    9.6029173503e-01
        87   -1.5888296586e+01    2.5313310554e+02   -2.7719131458e+01    1.1830834872e+01    1.0234265943e+01   -3.9763462314e+01    1.8100649131e+00    8.2430000000e+03    4.7082073984e-02    9.5933266162e-01
        88   -1.5890392512e+01    2.5321070519e+02   -2.7571840145e+01    1.1681447633e+01    1.0240728752e+01   -3.9621461995e+01    1.8088930982e+00    8.2180000000e+03    4.6977313633e-02    9.5985535739e-01
        89   -1.5900923801e+01    2.5351113077e+02   -2.7503542519e+01    1.1602618719e+01    1.0212926814e+01   -3.9699372821e+01    1.9829034880e+00    8.1750000000e+03    4.6914425000e-02    9.5997076340e-01
        90   -1.5920899350e+01    2.5528368499e+02   -2.7653346250e+01    1.1732446899e+01    1.0254527495e+01   -3.9842181226e+01    1.9343074814e+00    8.1720000000e+03    4.6856159883e-02    9.5982235463e-01
        91   -1.5909248896e+01    2.5387746572e+02   -2.7610399077e+01    1.1701150181e+01    1.0246403122e+01   -3.9946339196e+01    2.0895369965e+00    8.1800000000e+03    4.6793538398e-02    9.6070667100e-01
        92   -1.5899455388e+01    2.5362028610e+02   -2.7754465603e+01    1.1855010216e+01    1.0250506280e+01   -4.0076733025e+01    2.0717611420e+00    8.1670000000e+03    4.6831773477e-02    9.5869297128e-01
        93   -1.5918459573e+01    2.5413546654e+02   -2.7591887532e+01    1.1673427958e+01    1.0202994447e+01   -3.9771284022e+01    1.9764020438e+00    8.1790000000e+03    4.6615934727e-02    9.6103555378e-01
        94   -1.5898854354e+01    2.5344457580e+02   -2.7434382605e+01    1.1535528251e+01    1.0185983293e+01   -3.9777647360e+01    2.1572814623e+00    8.1850000000e+03    4.6804080195e-02    9.5857687777e-01
        95   -1.5893178381e+01    2.5328888173e+02   -2.7306755790e+01    1.1413577409e+01    1.0201522927e+01   -3.9534762553e+01    2.0264838357e+00    8.2130000000e+03    4.6435613516e-02    9.5906183180e-01
        96   -1.5888321443e+01    2.5310010081e+02   -2.7432283649e+01    1.1543962206e+01    1.0196272909e+01   -3.9610996783e+01    1.9824402256e+00    8.2210000000e+03    4.6890195273e-02    9.6010242200e-01
        97   -1.5885224940e+01    2.5300535338e+02   -2.7565911264e+01    1.1680686323e+01    1.0210778634e+01   -3.9711666181e+01    1.9349762840e+00    8.2240000000e+03    4.6638157148e-02    9.6016772145e-01
        98   -1.5895976338e+01    2.5337183689e+02   -2.7528341433e+01    1.1632365096e+01    1.0198789477e+01   -3.9851709641e+01    2.1245787309e+00    8.2210000000e+03    4.6702216094e-02    9.5916933685e-01
        99   -1.5895052873e+01    2.5335913383e+02   -2.7623837791e+01    1.1728784918e+01    1.0235791349e+01   -3.9975620311e+01    2.1159911709e+00    8.2100000000e+03    4.6590524453e-02    9.6063095370e-01
       100   -1.5907533486e+01    2.5379549962e+02   -2.7596193876e+01    1.1688660390e+01    1.0188646256e+01   -3.9805623794e+01    2.0207836615e+00    8.2350000000e+03    4.7356477461e-02    9.5922285290e-01
       101   -1.5896912130e+01    2.5370056545e+02   -2.7638832277e+01    1.1741920147e+01    1.0195877863e+01   -3.9733687761e+01    1.8989776209e+00    8.2260000000e+03    4.6320103789e-02    9.5821268231e-01
       102   -1.5889954452e+01    2.5319199023e+02   -2.7569749791e+01    1.1679795339e+01    1.0192041274e+01   -3.9638997296e+01    1.8772062307e+00    8.2220000000e+03    4.6889330078e-02    9.6067955632e-01
       103   -1.5890863028e+01    2.5324725947e+02   -2.7632008014e+01    1.1741144986e+01    1.0172513222e+01   -3.9723785943e+01    1.9192647068e+00    8.2330000000e+03    4.6747799883e-02    9.5976289264e-01
       104   -1.5919940599e+01    2.5414450066e+02   -2.7558068275e+01    1.1638127676e+01    1.0217627976e+01   -3.9730544561e+01    1.9548483105e+00    8.2830000000e+03    4.6526813125e-02    9.5851350404e-01
       105   -1.5913728520e+01    2.5406594427e+02   -2.7592187462e+01    1.1678458942e+01    1.0234291212e+01   -3.9759562347e+01    1.9330836731e+00    8.3020000000e+03    4.6933528008e-02    9.5922615900e-01
       106   -1.5902991898e+01    2.5372712108e+02   -2.7807162385e+01    1.1904170487e+01    1.0232220688e+01   -4.0001788931e+01    1.9624058579e+00    8.3070000000e+03    4.7027292148e-02    9.5856052862e-01
       107   -1.5907597621e+01    2.5380845487e+02   -2.7629481749e+01    1.1721884128e+01    1.0204005887e+01   -3.9763938394e+01    1.9304507581e+00    8.3150000000e+03    4.8048029766e-02    9.5875006188e-01
       108   -1.5898965914e+01    2.5354907314e+02   -2.7599419721e+01    1.1700453807e+01    1.0213228168e+01   -3.9925728048e+01    2.1130801595e+00    8.3140000000e+03    4.6924474180e-02    9.5937123032e-01
       109   -1.5922234580e+01    2.5425200903e+02   -2.7806973622e+01    1.1884739041e+01    1.0268879314e+01   -4.0051055907e+01    1.9752029717e+00    8.3310000000e+03    4.7767273945e-02    9.5897546579e-01
       110   -1.5915530094e+01    2.5398687624e+02   -2.7604180263e+01    1.1688650169e+01    1.0245910803e+01   -3.9774923619e+01    1.9248325528e+00    8.3920000000e+03    4.7217923398e-02    9.6111956491e-01
       111   -1.5918885047e+01    2.5413683638e+02   -2.7576657872e+01    1.1657772825e+01    1.0238774153e+01   -3.9748249368e+01    1.9328173439e+00    8.4150000000e+03    4.7573596836e-02    9.6046544324e-01
       112   -1.5908361611e+01    2.5388717252e+02   -2.7732879789e+01    1.1824518177e+01    1.0205931920e+01   -3.9783039746e+01    1.8442280370e+00    8.4130000000e+03    4.7658695781e-02    9.5914188943e-01
       113   -1.5884396264e+01    2.5301124670e+02   -2.7525298526e+01    1.1640902262e+01    1.0238785373e+01   -3.9723337438e+01    1.9592535383e+00    8.3490000000e+03    4.7780354453e-02    9.5923554697e-01
       114   -1.5907777822e+01    2.5373779678e+02   -2.7714651565e+01    1.1806873744e+01    1.0301983137e+01   -3.9931159114e+01    1.9145244118e+00    8.2710000000e+03    4.7824329336e-02    9.5978016470e-01
       115   -1.5905358145e+01    2.5365999833e+02   -2.7591756600e+01    1.1686398455e+01    1.0205075034e+01   -3.9753726739e+01    1.9568951048e+00    8.3260000000e+03    4.7242115977e-02    9.6123681280e-01
       116   -1.5888736981e+01    2.5322139044e+02   -2.7573063692e+01    1.1684326712e+01    1.0190074623e+01   -3.9713876142e+01    1.9507378269e+00    8.2610000000e+03    4.6832322539e-02    9.6016284884e-01
       117   -1.5893597631e+01    2.5336318983e+02   -2.7653188468e+01    1.1759590837e+01    1.0138249363e+01   -3.9599349274e+01    1.8079114428e+00    8.1810000000e+03    4.6842563281e-02    9.5843464692e-01
       118   -1.5912799591e+01    2.5398070773e+02   -2.7700357423e+01    1.1787557833e+01    1.0169036623e+01   -3.9766645522e+01    1.8972514753e+00    8.1770000000e+03    4.6673905781e-02    9.5940328927e-01
       119   -1.5898809584e+01    2.5343185459e+02   -2.7617099052e+01    1.1718289468e+01    1.0217003887e+01   -3.9901543620e+01    2.0674406807e+00    8.1240000000e+03    4.6692407578e-02    9.6028808331e-01
       120   -1.5864030295e+01    2.5234170692e+02   -2.7754178869e+01    1.1890148574e+01    1.0189222024e+01   -3.9743780908e+01    1.8003800148e+00    8.0840000000e+03    4.6886305977e-02    9.5875339172e-01
       121   -1.5895820845e+01    2.5337894279e+02   -2.7378408588e+01    1.1482587743e+01    1.0149813766e+01   -3.9405118054e+01    1.8768957005e+00    8.1020000000e+03    4.6947011211e-02    9.6034708821e-01
       122   -1.5896589590e+01    2.5354243209e+02   -2.7397075796e+01    1.1500486206e+01    1.0139268992e+01   -3.9363036437e+01    1.8266916489e+00    8.0970000000e+03    4.8185832148e-02    9.5980667061e-01
       123   -1.5890738024e+01    2.5321340970e+02   -2.7604174396e+01    1.1713436372e+01    1.0252521060e+01   -3.9889355443e+01    2.0326599874e+00    8.1900000000e+03    3.5585266914e-02    9.5877280800e-01
       124   -1.5905824889e+01    2.5378685756e+02   -2.7769005926e+01    1.1863181038e+01    1.0256124203e+01   -4.0019796982e+01    1.9946668525e+00    8.2240000000e+03    3.5952913438e-02    9.5994814279e-01
       125   -1.5902280825e+01    2.5359763296e+02   -2.7785657358e+01    1.1883376533e+01    1.0246540769e+01   -4.0023626634e+01    1.9914285076e+00    8.2260000000e+03    3.6130209336e-02    9.5778664143e-01
       126   -1.5904677047e+01    2.5365040678e+02   -2.7638898600e+01    1.1734221554e+01    1.0200654804e+01   -3.9898502563e+01    2.0589491584e+00    8.2510000000e+03    3.5837464141e-02    9.5858800874e-01
       127   -1.5902350730e+01    2.5367358144e+02   -2.7561979954e+01    1.1659629224e+01    1.0187902075e+01   -3.9703291024e+01    1.9534089947e+00    8.2180000000e+03    3.5819828867e-02    9.6109721716e-01
       128   -1.5902950628e+01    2.5361989553e+02   -2.7538655143e+01    1.1635704515e+01    1.0209624959e+01   -3.9644199394e+01    1.8959192922e+00    8.1570000000e+03    3.6000863789e-02    9.5795889879e-01
       129   -1.5879125354e+01    2.5289928448e+02   -2.7368242199e+01    1.1489116845e+01    1.0208198314e+01   -3.9485710307e+01    1.9092697937e+00    8.1680000000e+03    3.5843223086e-02    9.5925670960e-01
       130   -1.5897808721e+01    2.5343987834e+02   -2.7574713989e+01    1.1676905268e+01    1.0228009037e+01   -3.9800800621e+01    1.9980775950e+00    8.1630000000e+03    3.5840968164e-02    9.5935068511e-01
       131   -1.5917732633e+01    2.5411265043e+02   -2.7648407994e+01    1.1730675362e+01    1.0262092457e+01   -3.9885533104e+01    1.9750326528e+00    8.1020000000e+03    3.5709116250e-02    9.5697150351e-01
       132   -1.5894144985e+01    2.5330151368e+02   -2.7765427512e+01    1.1871282527e+01    1.0266336972e+01   -4.0023426042e+01    1.9916615584e+00    8.0880000000e+03    3.5936546016e-02    9.5901538833e-01
       133   -1.5907304478e+01    2.5373292693e+02   -2.7666940304e+01    1.1759635827e+01    1.0267978325e+01   -4.0015416808e+01    2.0804981790e+00    8.1030000000e+03    3.5891941094e-02    9.5765623290e-01
       134   -1.5905603602e+01    2.5372718381e+02   -2.7647997491e+01    1.1742393889e+01    1.0227361422e+01   -3.9957585380e+01    2.0822264661e+00    8.1150000000e+03    3.5331730703e-02    9.5857072221e-01
       135   -1.5889630326e+01    2.5320086821e+02   -2.7369953897e+01    1.1480323571e+01    1.0195685631e+01   -3.9615948996e+01    2.0503094669e+00    8.0470000000e+03    3.5985520469e-02    9.5915026919e-01
       136   -1.5898051067e+01    2.5341300237e+02   -2.7307713002e+01    1.1409661935e+01    1.0169422637e+01   -3.9385679760e+01    1.9085441205e+00    8.0490000000e+03    3.5627648359e-02    9.6059075754e-01
       137   -1.5919471117e+01    2.5415710584e+02   -2.7560564386e+01    1.1641093269e+01    1.0198965869e+01   -3.9655881345e+01    1.8963510903e+00    8.0540000000e+03    3.5815917930e-02    9.6005926251e-01
       138   -1.5906809146e+01    2.5383809507e+02   -2.7764895368e+01    1.1858086222e+01    1.0165577876e+01   -3.9779809480e+01    1.8493362365e+00    8.0210000000e+03    3.5507237188e-02    9.5653404094e-01
       139   -1.5883000009e+01    2.5299618765e+02   -2.7793225123e+01    1.1910225114e+01    1.0239886318e+01   -3.9992445528e+01    1.9593340870e+00    8.0130000000e+03    3.5854772617e-02    9.5993600763e-01
       140   -1.5872730001e+01    2.5258714078e+02   -2.7624362689e+01    1.1751632688e+01    1.0258492972e+01   -3.9935389888e+01    2.0525342266e+00    8.0250000000e+03    3.6677214922e-02    9.5852213916e-01
       141   -1.5877397902e+01    2.5285606047e+02   -2.7714794049e+01    1.1837396148e+01    1.0235487675e+01   -3.9983116173e+01    2.0328344481e+00    8.0240000000e+03    3.6344421719e-02    9.5786921402e-01
       142   -1.5898514459e+01    2.5358616517e+02   -2.7764000163e+01    1.1865485703e+01    1.0232420854e+01   -3.9929176658e+01    1.9327556414e+00    8.0320000000e+03    3.6478617930e-02    9.5771062169e-01
       143   -1.5911343489e+01    2.5389754908e+02   -2.7617728311e+01    1.1706384821e+01    1.0214562916e+01   -3.9724910629e+01    1.8926194025e+00    8.1060000000e+03    3.6275077969e-02    9.5813963606e-01
       144   -1.5906828351e+01    2.5376111093e+02   -2.7668957047e+01    1.1762128697e+01    1.0268657032e+01   -3.9924326586e+01    1.9867125074e+00    8.1130000000e+03    3.6890986953e-02    9.6001375740e-01
       145   -1.5905204198e+01    2.5368219107e+02   -2.7647853129e+01    1.1742648931e+01    1.0266549817e+01   -3.9888893394e+01    1.9744904479e+00    8.1100000000e+03    3.6984181562e-02    9.5950564184e-01
       146   -1.5902317584e+01    2.5364484935e+02   -2.7611441496e+01    1.1709123912e+01    1.0270986282e+01   -3.9827457166e+01    1.9450293881e+00    8.1430000000e+03    3.6612000898e-02    9.5796175018e-01
       147   -1.5902139081e+01    2.5411955366e+02   -2.7689205086e+01    1.1787066004e+01    1.0280276665e+01   -3.9972615359e+01    2.0031336076e+00    8.1430000000e+03    3.7209661914e-02    9.5833418142e-01
       148   -1.5901724371e+01    2.5361846745e+02   -2.7844347661e+01    1.1942623290e+01    1.0234743797e+01   -4.0075179947e+01    1.9960884891e+00    8.1010000000e+03    3.6672975508e-02    9.5716507961e-01
       149   -1.5921570536e+01    2.5425176678e+02   -2.7801624994e+01    1.1880054458e+01    1.0238235373e+01   -4.0051382530e+01    2.0115221636e+00    8.1360000000e+03    3.6605014727e-02    9.5900298011e-01
       150   -1.5898462409e+01    2.5346730743e+02   -2.7530527668e+01    1.1632065259e+01    1.0185553644e+01   -3.9829922839e+01    2.1138415273e+00    8.1690000000e+03    3.6903914453e-02    9.5923162179e-01
       151   -1.5903265010e+01    2.5364154628e+02   -2.7570946147e+01    1.1667681136e+01    1.0233957589e+01   -3.9752439507e+01    1.9475357712e+00    8.1340000000e+03    3.6787995508e-02    9.5915503935e-01
       152   -1.5897721444e+01    2.5342651847e+02   -2.7488301483e+01    1.1590580039e+01    1.0226789525e+01   -3.9698113879e+01    1.9830228709e+00    8.0880000000e+03    3.7189698516e-02    9.5863841689e-01
       153   -1.5886947428e+01    2.5313752660e+02   -2.7522699071e+01    1.1635751643e+01    1.0191447855e+01   -3.9568892517e+01    1.8547455911e+00    7.9670000000e+03    3.6564346953e-02    9.6012979297e-01
       154   -1.5890110075e+01    2.5319933683e+02   -2.7479499695e+01    1.1589389620e+01    1.0202537782e+01   -3.9682084749e+01    2.0000472714e+00    7.9490000000e+03    3.6659149336e-02    9.5839068707e-01
       155   -1.5907145918e+01    2.5375196065e+02   -2.7410865870e+01    1.1503719952e+01    1.0195793039e+01   -3.9569215135e+01    1.9625562253e+00    7.8870000000e+03    3.6531020078e-02    9.5875781375e-01
       156   -1.5892249916e+01    2.5323508208e+02   -2.7472650541e+01    1.1580400625e+01    1.0152175319e+01   -3.9532492771e+01    1.9076669113e+00    7.8900000000e+03    3.6551342109e-02    9.5862224162e-01
       157   -1.5895466410e+01    2.5359544737e+02   -2.7527525208e+01    1.1632058797e+01    1.0148988987e+01   -3.9694547879e+01    2.0180336848e+00    7.9350000000e+03    3.6773012578e-02    9.5889909606e-01
       158   -1.5902686010e+01    2.5360116094e+02   -2.7524521923e+01    1.1621835913e+01    1.0131739820e+01   -3.9744299015e+01    2.0880372729e+00    7.9480000000e+03    3.6736708320e-02    9.5951556203e-01
       159   -1.5900860906e+01    2.5351306708e+02   -2.7525477220e+01    1.1624616314e+01    1.0121171177e+01   -3.9512617723e+01    1.8659693266e+00    8.0120000000e+03    3.6908619375e-02    9.5889381283e-01
       160   -1.5911508323e+01    2.5396081044e+02   -2.7667324107e+01    1.1755815784e+01    1.0146104668e+01   -3.9948536884e+01    2.1351081091e+00    8.0530000000e+03    3.8012727305e-02    9.5881363599e-01
       161   -1.5883757955e+01    2.5302019039e+02   -2.7623809963e+01    1.1740052008e+01    1.0148970984e+01   -3.9889476473e+01    2.1166955257e+00    8.0660000000e+03    3.6927276992e-02    9.5668585950e-01
       162   -1.5898281368e+01    2.5352875918e+02   -2.7542740192e+01    1.1644458824e+01    1.0176547492e+01   -3.9800899752e+01    2.0816120675e+00    8.0210000000e+03    3.6999346953e-02    9.5881704453e-01
       163   -1.5898502723e+01    2.5345801600e+02   -2.7521715295e+01    1.1623212572e+01    1.0145456959e+01   -3.9567279006e+01    1.9001067526e+00    7.9920000000e+03    3.6670527383e-02    9.5802847682e-01
       164   -1.5898829154e+01    2.5348751498e+02   -2.7484761101e+01    1.1585931947e+01    1.0183222369e+01   -3.9736554835e+01    2.0685713652e+00    8.0360000000e+03    3.6466323164e-02    9.5969727553e-01
       165   -1.5897498260e+01    2.5347143275e+02   -2.7737433080e+01    1.1839934820e+01    1.0188796488e+01   -3.9802016917e+01    1.8757873490e+00    8.1350000000e+03    3.7100513672e-02    9.5927842515e-01
       166   -1.5886173319e+01    2.5305973102e+02   -2.7628592269e+01    1.1742418950e+01    1.0173943596e+01   -3.9823723687e+01    2.0211878219e+00    8.1480000000e+03    3.7217312383e-02    9.5883597897e-01
       167   -1.5899776564e+01    2.5355757077e+02   -2.7634916974e+01    1.1735140410e+01    1.0185126258e+01   -3.9798421916e+01    1.9783786837e+00    8.1230000000e+03    3.6936650977e-02    9.5938228887e-01
       168   -1.5883786109e+01    2.5310900902e+02   -2.7801584766e+01    1.1917798656e+01    1.0232134748e+01   -3.9922164963e+01    1.8884454490e+00    8.1420000000e+03    3.6906199688e-02    9.5881403455e-01
       169   -1.5896890465e+01    2.5336916826e+02   -2.7520141683e+01    1.1623251218e+01    1.0199225603e+01   -3.9764110135e+01    2.0447428492e+00    8.0340000000e+03    3.6990765898e-02    9.6002743252e-01
       170   -1.5901454659e+01    2.5363868514e+02   -2.7401154513e+01    1.1499699854e+01    1.0180552744e+01   -3.9544823984e+01    1.9631167264e+00    8.0680000000e+03    3.6730289687e-02    9.6165331068e-01
       171   -1.5889069099e+01    2.5314328474e+02   -2.7458112143e+01    1.1569043044e+01    1.0220340228e+01   -3.9748539396e+01    2.0700870255e+00    8.0740000000e+03    3.6940279258e-02    9.5865130452e-01
       172   -1.5909531312e+01    2.5382344570e+02   -2.7617437382e+01    1.1707906070e+01    1.0279863628e+01   -3.9986215223e+01    2.0889142135e+00    8.0880000000e+03    3.6869409961e-02    9.5839623769e-01
       173   -1.5905388926e+01    2.5367954493e+02   -2.7568205203e+01    1.1662816277e+01    1.0260262946e+01   -3.9816428967e+01    1.9879608179e+00    8.0890000000e+03    3.7076059922e-02    9.5882537160e-01
       174   -1.5909516631e+01    2.5377007178e+02   -2.7337508059e+01    1.1427991428e+01    1.0220956939e+01   -3.9490899999e+01    1.9324350017e+00    8.1290000000e+03    3.6925492187e-02    9.6047589176e-01
       175   -1.5885110426e+01    2.5298452782e+02   -2.7579934619e+01    1.1694824194e+01    1.0236220957e+01   -3.9738423576e+01    1.9222679995e+00    8.1020000000e+03    3.7373359609e-02    9.6048896446e-01
       176   -1.5905883680e+01    2.5374238827e+02   -2.7672951356e+01    1.1767067676e+01    1.0253835472e+01   -3.9822309550e+01    1.8955227223e+00    8.0840000000e+03    3.7000307109e-02    9.5928523544e-01
       177   -1.5900034232e+01    2.5348461831e+02   -2.7518447250e+01    1.1618413018e+01    1.0257596821e+01   -3.9829837824e+01    2.0537937525e+00    8.1280000000e+03    3.7155397656e-02    9.6003037597e-01
       178   -1.5904078810e+01    2.5356975287e+02   -2.7542862364e+01    1.1638783553e+01    1.0243162162e+01   -3.9814856897e+01    2.0288323711e+00    8.1120000000e+03    3.6965635586e-02    9.5860333187e-01
       179   -1.5886977282e+01    2.5308052379e+02   -2.7729042203e+01    1.1842064921e+01    1.0259378017e+01   -3.9968308897e+01    1.9798886768e+00    8.0690000000e+03    3.8580273711e-02    9.5968693949e-01
       180   -1.5891123305e+01    2.5327088250e+02   -2.7881818907e+01    1.1990695602e+01    1.0275504881e+01   -4.0013055094e+01    1.8557313057e+00    7.9960000000e+03    3.5832397852e-02    9.5915280129e-01
       181   -1.5891850414e+01    2.5325562748e+02   -2.7615874058e+01    1.1724023644e+01    1.0277449141e+01   -3.9906741946e+01    2.0134187475e+00    8.0510000000e+03    3.6018445039e-02    9.5917186421e-01
       182   -1.5919301107e+01    2.5410617704e+02   -2.7697672033e+01    1.1778370926e+01    1.0262186816e+01   -4.0024853812e+01    2.0649949627e+00    8.1030000000e+03    3.6138545000e-02    9.5936504353e-01
       183   -1.5905683376e+01    2.5370241117e+02   -2.7705360370e+01    1.1799676994e+01    1.0263917671e+01   -3.9868337401e+01    1.8990593609e+00    8.1550000000e+03    3.5881660156e-02    9.5845669161e-01
       184   -1.5914942982e+01    2.5402181495e+02   -2.7792661541e+01    1.1877718559e+01    1.0318104296e+01   -4.0071854719e+01    1.9610888816e+00    8.2140000000e+03    3.6253654062e-02    9.5794038641e-01
       185   -1.5903181208e+01    2.5382016864e+02   -2.7697634207e+01    1.1794452999e+01    1.0295177602e+01   -3.9852827205e+01    1.8600153956e+00    8.1920000000e+03    3.6327320195e-02    9.5977369994e-01
       186   -1.5886041471e+01    2.5301062614e+02   -2.7722887995e+01    1.1836846524e+01    1.0305945823e+01   -3.9996351209e+01    1.9675173911e+00    8.2000000000e+03    3.6130868906e-02    9.5920858247e-01
       187   -1.5905469314e+01    2.5372139756e+02   -2.7578301979e+01    1.1672832665e+01    1.0287359529e+01   -3.9901841794e+01    2.0361802865e+00    8.2090000000e+03    3.6227934453e-02    9.6012832597e-01
       188   -1.5913220907e+01    2.5407765689e+02   -2.7902148954e+01    1.1988928048e+01    1.0300095288e+01   -4.0166918483e+01    1.9646742403e+00    8.1740000000e+03    3.6092627656e-02    9.5889903960e-01
       189   -1.5920405722e+01    2.5419135287e+02   -2.7440308467e+01    1.1519902745e+01    1.0285060181e+01   -3.9789133489e+01    2.0637648420e+00    8.1740000000e+03    3.6339155977e-02    9.6023884114e-01
       190   -1.5914842886e+01    2.5415783241e+02   -2.7424841965e+01    1.1509999078e+01    1.0207875634e+01   -3.9624016182e+01    1.9912985833e+00    8.2460000000e+03    3.6305128086e-02    9.5830433613e-01
       191   -1.5900419261e+01    2.5363833193e+02   -2.7594539070e+01    1.1694119809e+01    1.0251437972e+01   -3.9964309082e+01    2.1183320398e+00    8.2500000000e+03    3.6027988672e-02    9.5876587909e-01
       192   -1.5902044371e+01    2.5354411459e+02   -2.7307105819e+01    1.1405061448e+01    1.0174378619e+01   -3.9468228705e+01    1.9867442670e+00    8.2410000000e+03    3.6346176094e-02    9.6082089879e-01
       193   -1.5891008207e+01    2.5323709667e+02   -2.7485870160e+01    1.1594861952e+01    1.0214463655e+01   -3.9649530584e+01    1.9491967698e+00    8.2720000000e+03    3.6303575586e-02    9.6132838198e-01
       194   -1.5902665416e+01    2.5377847243e+02   -2.7684121735e+01    1.1781456320e+01    1.0239885321e+01   -3.9792624896e+01    1.8686178396e+00    8.2620000000e+03    3.6993621289e-02    9.5839191754e-01
       195   -1.5906363437e+01    2.5381459387e+02   -2.7610437171e+01    1.1704073734e+01    1.0233427137e+01   -3.9964362303e+01    2.1204979951e+00    8.2430000000e+03    3.6532461797e-02    9.5847476417e-01
       196   -1.5924783992e+01    2.5440217265e+02   -2.7754411292e+01    1.1829627300e+01    1.0225898668e+01   -4.0120235465e+01    2.1399255061e+00    8.3310000000e+03    3.6709432578e-02    9.5922461904e-01
       197   -1.5890029952e+01    2.5319493446e+02   -2.7692966411e+01    1.1802936460e+01    1.0226399921e+01   -3.9842246706e+01    1.9228803740e+00    8.3100000000e+03    3.7918204688e-02    9.5836700701e-01
       198   -1.5906211903e+01    2.5382925395e+02   -2.7515728267e+01    1.1609516364e+01    1.0244983805e+01   -3.9828351207e+01    2.0676391340e+00    8.2140000000e+03    3.6994983906e-02    9.5899611616e-01
       199   -1.5913909288e+01    2.5397207313e+02   -2.7490959636e+01    1.1577050348e+01    1.0184634981e+01   -3.9676043049e+01    2.0004484316e+00    8.1810000000e+03    3.6695023672e-02    9.6048258426e-01
       200   -1.5930467843e+01    2.5461724580e+02   -2.7707916603e+01    1.1777448760e+01    1.0205184439e+01   -3.9819469519e+01    1.9063684775e+00    8.2030000000e+03    3.7247640859e-02    9.6096434676e-01
       201   -1.5910661363e+01    2.5396905628e+02   -2.7489252308e+01    1.1578590946e+01    1.0141321757e+01   -3.9487061279e+01    1.8564872141e+00    8.2060000000e+03    3.7069298242e-02    9.6016702348e-01
       202   -1.5921855445e+01    2.5434422960e+02   -2.7460071335e+01    1.1538215889e+01    1.0222091829e+01   -3.9677177585e+01    1.9950144206e+00    8.3380000000e+03    3.7264619844e-02    9.5878831281e-01
       203   -1.5894396482e+01    2.5351568850e+02   -2.7542754832e+01    1.1648358350e+01    1.0207141953e+01   -3.9612515748e+01    1.8626189635e+00    8.3800000000e+03    3.8122978320e-02    9.5990759381e-01
       204   -1.5909961623e+01    2.5413320752e+02   -2.7536534921e+01    1.1626573297e+01    1.0215007850e+01   -3.9614742947e+01    1.8632001764e+00    8.3750000000e+03    3.7681467383e-02    9.5938367685e-01
       205   -1.5914320407e+01    2.5435192578e+02   -2.7748794943e+01    1.1834474536e+01    1.0210206493e+01   -3.9853899223e+01    1.8948977875e+00    8.3740000000e+03    3.7945366328e-02    9.5789648768e-01
       206   -1.5875072489e+01    2.5275233744e+02   -2.7611104043e+01    1.1736031554e+01    1.0288553071e+01   -3.9842163703e+01    1.9425065890e+00    8.2690000000e+03    3.7690772773e-02    9.5787207625e-01
       207   -1.5910058449e+01    2.5398004564e+02   -2.7622708664e+01    1.1712650214e+01    1.0300399489e+01   -3.9874573314e+01    1.9514651620e+00    8.1830000000e+03    3.7238622617e-02    9.5817607403e-01
       208   -1.5907573997e+01    2.5388187663e+02   -2.7647303065e+01    1.1739729068e+01    1.0252559754e+01   -3.9965889781e+01    2.0660269622e+00    8.2120000000e+03    3.6912887383e-02    9.5937000463e-01
       209   -1.5898196690e+01    2.5352698398e+02   -2.7630322336e+01    1.1732125646e+01    1.0256162293e+01   -3.9953640810e+01    2.0671561814e+00    8.2230000000e+03    3.7059966719e-02    9.5929194349e-01
       210   -1.5915208261e+01    2.5418834899e+02   -2.7727953001e+01    1.1812744740e+01    1.0305701340e+01   -4.0189896601e+01    2.1562422602e+00    8.1920000000e+03    3.6951172852e-02    9.6018206563e-01
       211   -1.5908459820e+01    2.5382775062e+02   -2.7822960471e+01    1.1914500651e+01    1.0282421043e+01   -4.0132756542e+01    2.0273750275e+00    8.1120000000e+03    3.7045053711e-02    9.5603923545e-01
       212   -1.5890127368e+01    2.5321333274e+02   -2.7702451560e+01    1.1812324192e+01    1.0274780135e+01   -4.0103000437e+01    2.1257687422e+00    8.1000000000e+03    3.7004354258e-02    9.5910524142e-01
       213   -1.5889160949e+01    2.5311317588e+02   -2.7540338371e+01    1.1651177422e+01    1.0276571358e+01   -3.9840797275e+01    2.0238875456e+00    8.0720000000e+03    3.6744832148e-02    9.6035005450e-01
       214   -1.5920224000e+01    2.5415365372e+02   -2.7554955665e+01    1.1634731664e+01    1.0267894924e+01   -3.9856376379e+01    2.0335257905e+00    8.0410000000e+03    3.6875900547e-02    9.5897566461e-01
       215   -1.5911433740e+01    2.5387366722e+02   -2.7737944101e+01    1.1826510361e+01    1.0262723841e+01   -4.0035918727e+01    2.0352507853e+00    8.0950000000e+03    3.6814600859e-02    9.5953362369e-01
       216   -1.5920065667e+01    2.5411849385e+02   -2.7448962238e+01    1.1528896571e+01    1.0226936532e+01   -3.9722003778e+01    2.0461050076e+00    8.0580000000e+03    3.7347368242e-02    9.6051053587e-01
       217   -1.5919267615e+01    2.5419128588e+02   -2.7575261465e+01    1.1655993850e+01    1.0238333539e+01   -3.9842317556e+01    2.0287225517e+00    8.0580000000e+03    3.7076504297e-02    9.5833579589e-01
       218   -1.5919229189e+01    2.5415994819e+02   -2.7616899511e+01    1.1697670321e+01    1.0248412386e+01   -3.9918746647e+01    2.0534347502e+00    8.0580000000e+03    3.7204815859e-02    9.5984149066e-01
       219   -1.5938411711e+01    2.5476817311e+02   -2.7457619331e+01    1.1519207620e+01    1.0215434046e+01   -3.9767410456e+01    2.0943570790e+00    8.1150000000e+03    3.7119993477e-02    9.6047239272e-01
       220   -1.5907430965e+01    2.5417401888e+02   -2.7527810940e+01    1.1620379975e+01    1.0230226097e+01   -3.9890151524e+01    2.1321144861e+00    8.1680000000e+03    3.7103241016e-02    9.6037027949e-01
       221   -1.5905368157e+01    2.5371465015e+02   -2.7519040236e+01    1.1613672079e+01    1.0256871042e+01   -3.9824822233e+01    2.0489109553e+00    8.1850000000e+03    3.7135680000e-02    9.5967752541e-01
       222   -1.5918692885e+01    2.5414653663e+02   -2.7536040392e+01    1.1617347507e+01    1.0241455551e+01   -3.9695977641e+01    1.9184816992e+00    8.2110000000e+03    3.7136593594e-02    9.5983302805e-01
       223   -1.5911983906e+01    2.5402587167e+02   -2.7747349271e+01    1.1835365365e+01    1.0241919513e+01   -3.9867969613e+01    1.8787008295e+00    8.2190000000e+03    3.7041078828e-02    9.5926624894e-01
       224   -1.5894611594e+01    2.5328971258e+02   -2.7632811182e+01    1.1738199588e+01    1.0275803239e+01   -3.9882914382e+01    1.9742999616e+00    8.2060000000e+03    3.7624570117e-02    9.5871453236e-01
       225   -1.5890837655e+01    2.5316425853e+02   -2.7679802798e+01    1.1788965143e+01    1.0327333479e+01   -3.9930486515e+01    1.9233502371e+00    8.1530000000e+03    3.8001695703e-02    9.5892525541e-01
       226   -1.5882807398e+01    2.5296147816e+02   -2.7802370421e+01    1.1919563023e+01    1.0318133277e+01   -4.0074947898e+01    1.9544442010e+00    8.1850000000e+03    3.7501879570e-02    9.5916790202e-01
       227   -1.5913431132e+01    2.5404961114e+02   -2.7826106042e+01    1.1912674911e+01    1.0282333234e+01   -4.0099559701e+01    1.9911204246e+00    8.1550000000e+03    3.7384495977e-02    9.5832740105e-01
       228   -1.5894345947e+01    2.5339986570e+02   -2.7964621141e+01    1.2070275194e+01    1.0291721512e+01   -4.0177969193e+01    1.9216265402e+00    8.0930000000e+03    3.7526300586e-02    9.5875388648e-01
       229   -1.5915192544e+01    2.5407187247e+02   -2.7822312758e+01    1.1907120215e+01    1.0302260537e+01   -4.0186817350e+01    2.0622440545e+00    8.1150000000e+03    3.7611306094e-02    9.5864228327e-01
       230   -1.5903813984e+01    2.5366685757e+02   -2.7750697315e+01    1.1846883332e+01    1.0263608052e+01   -4.0049882180e+01    2.0355768122e+00    8.1380000000e+03    3.7406889141e-02    9.5883855962e-01
       231   -1.5909275380e+01    2.5375865162e+02   -2.7503493851e+01    1.1594218471e+01    1.0239893590e+01   -3.9607770859e+01    1.8643834182e+00    8.1450000000e+03    3.7829220625e-02    9.5935947348e-01
       232   -1.5890527618e+01    2.5321705683e+02   -2.7696613572e+01    1.1806085953e+01    1.0271030100e+01   -3.9992209711e+01    2.0245660396e+00    8.1900000000e+03    3.7550087305e-02    9.5899362473e-01
       233   -1.5894577864e+01    2.5339913588e+02   -2.7742915480e+01    1.1848337616e+01    1.0257340667e+01   -3.9925534812e+01    1.9252786648e+00    8.1860000000e+03    3.7218637188e-02    9.6049574076e-01
       234   -1.5893015712e+01    2.5328945596e+02   -2.7823530674e+01    1.1930514962e+01    1.0259722855e+01   -4.0069771273e+01    1.9865177449e+00    8.2000000000e+03    3.7169483789e-02    9.5735851603e-01
       235   -1.5900318107e+01    2.5351192373e+02   -2.7520892306e+01    1.1620574199e+01    1.0209670569e+01   -3.9734524191e+01    2.0039613165e+00    8.1830000000e+03    3.7625250039e-02    9.5798916659e-01
       236   -1.5882328459e+01    2.5295303539e+02   -2.7389410548e+01    1.1507082089e+01    1.0166442593e+01   -3.9574286324e+01    2.0184331832e+00    8.2140000000e+03    3.8862228477e-02    9.6040554603e-01
       237   -1.5882667468e+01    2.5295630095e+02   -2.7544674230e+01    1.1662006762e+01    1.0211422672e+01   -3.9772048078e+01    2.0159511755e+00    8.2470000000e+03    3.6450922305e-02    9.5855082539e-01
       238   -1.5893974411e+01    2.5331751821e+02   -2.7621340739e+01    1.1727366327e+01    1.0198222423e+01   -3.9749828539e+01    1.9302653771e+00    8.2260000000e+03    3.6581467461e-02    9.5890333454e-01
       239   -1.5895164461e+01    2.5349589049e+02   -2.7472106812e+01    1.1576942350e+01    1.0221977863e+01   -3.9785001496e+01    2.0909168206e+00    8.2120000000e+03    3.6353728437e-02    9.5938957338e-01
       240   -1.5897524627e+01    2.5343894630e+02   -2.7480373617e+01    1.1582848990e+01    1.0177318168e+01   -3.9718937021e+01    2.0612452366e+00    8.2650000000e+03    3.6843910469e-02    9.5733439082e-01
       241   -1.5901855286e+01    2.5359003987e+02   -2.7405835758e+01    1.1503980472e+01    1.0168745166e+01   -3.9586148313e+01    2.0115673884e+00    8.2690000000e+03    3.6633165703e-02    9.5903012805e-01
       242   -1.5893049771e+01    2.5330782998e+02   -2.7364898235e+01    1.1471848465e+01    1.0146596478e+01   -3.9521195529e+01    2.0097008151e+00    8.2640000000e+03    3.6585838828e-02    9.5948191131e-01
       243   -1.5892114914e+01    2.5324173942e+02   -2.7463742252e+01    1.1571627338e+01    1.0142976484e+01   -3.9523064998e+01    1.9163462623e+00    8.2360000000e+03    3.6456679531e-02    9.5938087765e-01
       244   -1.5882971298e+01    2.5300851780e+02   -2.7376381639e+01    1.1493410341e+01    1.0130980845e+01   -3.9588858120e+01    2.0814956362e+00    8.2230000000e+03    3.6596163008e-02    9.5976553410e-01
       245   -1.5913100452e+01    2.5394889833e+02   -2.7467763315e+01    1.1554662863e+01    1.0179427045e+01   -3.9628901246e+01    1.9817108859e+00    8.1740000000e+03    3.6956475586e-02    9.5913540896e-01
       246   -1.5883297726e+01    2.5303893129e+02   -2.7517098556e+01    1.1633800830e+01    1.0197729051e+01   -3.9691371217e+01    1.9765436105e+00    8.1640000000e+03    6.0886714922e-02    9.6016056925e-01
       247   -1.5884484581e+01    2.5307509959e+02   -2.7653581638e+01    1.1769097057e+01    1.0248870769e+01   -3.9937142880e+01    2.0346904721e+00    8.1420000000e+03    4.2104253242e-02    9.6066513494e-01
       248   -1.5893556107e+01    2.5327670745e+02   -2.7528333569e+01    1.1634777462e+01    1.0262483844e+01   -3.9759146180e+01    1.9683287663e+00    8.0840000000e+03    3.7073842695e-02    9.5871238372e-01
       249   -1.5902620197e+01    2.5356413662e+02   -2.7568519744e+01    1.1665899548e+01    1.0242348454e+01   -3.9725272968e+01    1.9144047700e+00    8.0970000000e+03    3.7572155352e-02    9.5826748301e-01
       250   -1.5910079307e+01    2.5393886216e+02   -2.7729659028e+01    1.1819579720e+01    1.0297390527e+01   -4.0091575696e+01    2.0645261414e+00    8.1010000000e+03    3.7689283750e-02    9.5916922945e-01
       251   -1.5906652171e+01    2.5372457907e+02   -2.7514331613e+01    1.1607679442e+01    1.0238102145e+01   -3.9821542826e+01    2.0691090681e+00    8.1380000000e+03    3.7424047930e-02    9.5849766146e-01
       252   -1.5899104468e+01    2.5348892007e+02   -2.7602983710e+01    1.1703879242e+01    1.0211744950e+01   -3.9813057331e+01    1.9983286709e+00    8.1470000000e+03    3.7272204102e-02    9.5950799877e-01
       253   -1.5910643706e+01    2.5385803977e+02   -2.7591600351e+01    1.1680956645e+01    1.0234862276e+01   -3.9870711370e+01    2.0442487436e+00    8.0700000000e+03    3.7440481758e-02    9.5915189503e-01
       254   -1.5897786207e+01    2.5344819940e+02   -2.7584427118e+01    1.1686640911e+01    1.0207538999e+01   -3.9805490290e+01    2.0135241730e+00    8.0490000000e+03    3.8206549141e-02    9.5945392370e-01
       255   -1.5906204822e+01    2.5362067954e+02   -2.7265260395e+01    1.1359055574e+01    1.0112585746e+01   -3.9344928333e+01    1.9670821921e+00    8.0440000000e+03    3.8056208594e-02    9.6026445189e-01
       256   -1.5898767211e+01    2.5347389620e+02   -2.7415349435e+01    1.1516582224e+01    1.0165576549e+01   -3.9571172327e+01    1.9902463431e+00    8.0660000000e+03    3.7981116602e-02    9.5931124906e-01
       257   -1.5918763742e+01    2.5408205602e+02   -2.7614477021e+01    1.1695713278e+01    1.0198507430e+01   -3.9813124055e+01    2.0001396036e+00    8.0350000000e+03    3.8158443203e-02    9.5833025746e-01
       258   -1.5898441400e+01    2.5345807766e+02   -2.7438530044e+01    1.1540088644e+01    1.0151680928e+01   -3.9687152762e+01    2.0969417902e+00    8.0500000000e+03    3.8090977812e-02    9.5868593255e-01
       259   -1.5880163116e+01    2.5295137786e+02   -2.7637028409e+01    1.1756865293e+01    1.0225594050e+01   -3.9841389344e+01    1.9787668843e+00    8.0450000000e+03    3.7681845000e-02    9.5918609853e-01
       260   -1.5879100786e+01    2.5306075106e+02   -2.7724403289e+01    1.1845302503e+01    1.0245256194e+01   -3.9815127617e+01    1.8454681340e+00    8.0470000000e+03    3.8166249492e-02    9.5853635345e-01
       261   -1.5898178435e+01    2.5343671287e+02   -2.7612841432e+01    1.1714662997e+01    1.0196247622e+01   -3.9709149992e+01    1.9000609391e+00    8.0750000000e+03    3.8356064102e-02    9.5936603896e-01
       262   -1.5899904270e+01    2.5357115102e+02   -2.7427748608e+01    1.1527844338e+01    1.0205626524e+01   -3.9590627338e+01    1.9572522058e+00    8.1080000000e+03    3.8319221055e-02    9.5943016225e-01
       263   -1.5885774539e+01    2.5299622191e+02   -2.7524082521e+01    1.1638307982e+01    1.0223249163e+01   -3.9683529110e+01    1.9361974252e+00    8.1660000000e+03    3.8442525820e-02    9.6078171412e-01
       264   -1.5906222356e+01    2.5380506940e+02   -2.7770925215e+01    1.1864702859e+01    1.0219450442e+01   -3.9892511910e+01    1.9021362532e+00    8.1590000000e+03    3.7837328906e-02    9.5835029519e-01
       265   -1.5897419395e+01    2.5344360300e+02   -2.7373276595e+01    1.1475857200e+01    1.0211710207e+01   -3.9628218701e+01    2.0432318985e+00    8.2100000000e+03    3.8523507812e-02    9.6089500951e-01
       266   -1.5887422024e+01    2.5308052988e+02   -2.7459131597e+01    1.1571709572e+01    1.0135009786e+01   -3.9595815335e+01    2.0016739530e+00    8.2220000000e+03    3.7990036719e-02    9.5965734598e-01
       267   -1.5890809210e+01    2.5462281007e+02   -2.7571522650e+01    1.1680713440e+01    1.0220994877e+01   -3.9712233530e+01    1.9197160021e+00    8.2020000000e+03    3.8357645625e-02    9.5999572438e-01
       268   -1.5894422011e+01    2.5341378462e+02   -2.7620573807e+01    1.1726151797e+01    1.0198367652e+01   -3.9697125260e+01    1.8781838010e+00    8.2260000000e+03    3.8621693008e-02    9.5945729684e-01
       269   -1.5898041871e+01    2.5346225067e+02   -2.7472200005e+01    1.1574158133e+01    1.0210352892e+01   -3.9690992850e+01    2.0084399542e+00    8.2540000000e+03    3.8202501016e-02    9.6062650133e-01
       270   -1.5899676143e+01    2.5357391532e+02   -2.7550682401e+01    1.1651006258e+01    1.0192020267e+01   -3.9755761518e+01    2.0130588507e+00    8.2710000000e+03    3.8413575664e-02    9.6053470345e-01
       271   -1.5888421188e+01    2.5311870485e+02   -2.7381507015e+01    1.1493085826e+01    1.0156438666e+01   -3.9333593894e+01    1.7956482133e+00    8.2350000000e+03    3.8368970078e-02    9.5958727761e-01
       272   -1.5914435583e+01    2.5394375737e+02   -2.7519305265e+01    1.1604869682e+01    1.0181191369e+01   -3.9737160415e+01    2.0366637809e+00    8.2830000000e+03    3.8332895391e-02    9.5918963551e-01
       273   -1.5911354613e+01    2.5392880708e+02   -2.7761981755e+01    1.1850627142e+01    1.0251835618e+01   -3.9966337274e+01    1.9525199008e+00    8.3860000000e+03    3.9465539688e-02    9.5698366015e-01
       274   -1.5930184792e+01    2.5454816699e+02   -2.7853294111e+01    1.1923109319e+01    1.0203535755e+01   -3.9901649618e+01    1.8448197525e+00    8.3450000000e+03    3.8882010547e-02    9.5905451929e-01
       275   -1.5928779711e+01    2.5439116693e+02   -2.7614729764e+01    1.1685950053e+01    1.0195814169e+01   -3.9739227199e+01    1.9286832656e+00    8.4180000000e+03    3.9393156172e-02    9.5949823295e-01
       276   -1.5903022527e+01    2.5359051332e+02   -2.7693541014e+01    1.1790518487e+01    1.0225785005e+01   -3.9843990479e+01    1.9246644601e+00    8.4270000000e+03    3.8575748242e-02    9.5818632031e-01
       277   -1.5907566825e+01    2.5377080549e+02   -2.7744738680e+01    1.1837171855e+01    1.0305499130e+01   -3.9980166916e+01    1.9299291052e+00    8.3650000000e+03    3.8928110195e-02    9.5877408291e-01
       278   -1.5902954882e+01    2.5366496602e+02   -2.7714598034e+01    1.1811643153e+01    1.0291811840e+01   -4.0162084014e+01    2.1556741394e+00    8.3230000000e+03    3.9134997969e-02    9.5930994456e-01
       279   -1.5896782370e+01    2.5351251391e+02   -2.7650366565e+01    1.1753584194e+01    1.0279450402e+01   -4.0007861232e+01    2.0780442654e+00    8.2860000000e+03    3.8609322617e-02    9.5901892447e-01
       280   -1.5898957481e+01    2.5348241350e+02   -2.7649809304e+01    1.1750851823e+01    1.0227772399e+01   -3.9816964502e+01    1.9393827993e+00    8.2660000000e+03    3.8322848398e-02    9.5784046977e-01
       281   -1.5891273142e+01    2.5327933336e+02   -2.7776995791e+01    1.1885722649e+01    1.0207252153e+01   -3.9871071779e+01    1.8868238350e+00    8.2390000000e+03    3.8614740664e-02    9.5817668204e-01
       282   -1.5890435251e+01    2.5317763678e+02   -2.7633241594e+01    1.1742806343e+01    1.0194160088e+01   -3.9661208113e+01    1.8338064313e+00    8.2570000000e+03    3.8580564766e-02    9.5904926121e-01
       283   -1.5898737118e+01    2.5348451516e+02   -2.7610029634e+01    1.1711292516e+01    1.0224521229e+01   -3.9731786151e+01    1.8972352888e+00    8.2750000000e+03    3.8175115273e-02    9.5800118438e-01
       284   -1.5879074539e+01    2.5285081045e+02   -2.7569616178e+01    1.1690541639e+01    1.0223119690e+01   -3.9746327002e+01    1.9535911331e+00    8.2380000000e+03    3.8430819766e-02    9.5919505503e-01
       285   -1.5909367808e+01    2.5381052116e+02   -2.7649566248e+01    1.1740198440e+01    1.0174545997e+01   -3.9692224334e+01    1.8681120889e+00    8.1620000000e+03    3.8234474023e-02    9.6038836905e-01
       286   -1.5891611931e+01    2.5330336988e+02   -2.7533216087e+01    1.1641604156e+01    1.0193735730e+01   -3.9650356426e+01    1.9234046081e+00    8.0560000000e+03    3.8290860234e-02    9.5984995315e-01
       287   -1.5889810265e+01    2.5326421965e+02   -2.7717335690e+01    1.1827525425e+01    1.0255401428e+01   -4.0023555533e+01    2.0508184146e+00    8.0620000000e+03    3.8567925508e-02    9.5925379560e-01
       288   -1.5899553909e+01    2.5367806508e+02   -2.7849702506e+01    1.1950148597e+01    1.0337425835e+01   -4.0209176776e+01    2.0220484341e+00    8.0990000000e+03    3.8190802383e-02    9.5550658293e-01
       289   -1.5908625369e+01    2.5380263944e+02   -2.7728445117e+01    1.1819819748e+01    1.0303235913e+01   -4.0058399039e+01    2.0267180096e+00    8.1330000000e+03    3.8597106133e-02    9.5878132945e-01
       290   -1.5911006635e+01    2.5389279534e+02   -2.7744219916e+01    1.1833213281e+01    1.0318184871e+01   -3.9998828399e+01    1.9364236124e+00    8.1530000000e+03    3.7922889961e-02    9.5844168652e-01
       291   -1.5917141287e+01    2.5404001523e+02   -2.7662115890e+01    1.1744974603e+01    1.0270537385e+01   -3.9714480891e+01    1.7818276170e+00    8.2070000000e+03    3.8314380820e-02    9.5861183877e-01
       292   -1.5915039747e+01    2.5400171775e+02   -2.7708813694e+01    1.1793773948e+01    1.0306252083e+01   -3.9889694564e+01    1.8746287867e+00    8.1910000000e+03    3.8507319922e-02    9.5996754157e-01
       293   -1.5900013645e+01    2.5346391624e+02   -2.7678776672e+01    1.1778763027e+01    1.0266111733e+01   -3.9885978461e+01    1.9410900561e+00    8.2250000000e+03    3.9783013555e-02    9.5999753699e-01
       294   -1.5920033326e+01    2.5410414698e+02   -2.7622435949e+01    1.1702402623e+01    1.0299295676e+01   -3.9965251582e+01    2.0435199566e+00    8.2270000000e+03    3.7800150117e-02    9.6105890527e-01
       295   -1.5909904583e+01    2.5389331562e+02   -2.7796495552e+01    1.1886590969e+01    1.0340888607e+01   -4.0108222409e+01    1.9708382501e+00    8.2090000000e+03    3.7498606289e-02    9.5998467464e-01
       296   -1.5923822669e+01    2.5435841048e+02   -2.7893807528e+01    1.1969984859e+01    1.0339773733e+01   -4.0194427261e+01    1.9608459992e+00    8.1780000000e+03    3.7782747812e-02    9.5845827166e-01
       297   -1.5902246988e+01    2.5380288157e+02   -2.7873085329e+01    1.1970838341e+01    1.0419596304e+01   -4.0386279788e+01    2.0935981547e+00    8.1990000000e+03    3.7757296758e-02    9.5760091604e-01
       298   -1.5887430548e+01    2.5308491448e+02   -2.7744509830e+01    1.1857079283e+01    1.0327642771e+01   -3.9990244156e+01    1.9180915545e+00    8.2040000000e+03    3.7650219687e-02    9.5792045291e-01
       299   -1.5892446417e+01    2.5327524636e+02   -2.7771780932e+01    1.1879334515e+01    1.0271205411e+01   -4.0024879310e+01    1.9818929664e+00    8.1780000000e+03    3.7678639492e-02    9.5846235641e-01
       300   -1.5896149139e+01    2.5336287471e+02   -2.7721844419e+01    1.1825695280e+01    1.0236894437e+01   -3.9936287114e+01    1.9775482585e+00    8.1850000000e+03    5.6004951172e-02    9.5907062237e-01
       301   -1.5894707820e+01    2.5331552779e+02   -2.7678033156e+01    1.1783325336e+01    1.0164098904e+01   -3.9788143801e+01    1.9460117410e+00    8.1600000000e+03    3.7535484219e-02    9.5939913758e-01
       302   -1.5924636472e+01    2.5429382390e+02   -2.7560847238e+01    1.1636210766e+01    1.0175030675e+01   -3.9777580884e+01    2.0417029713e+00    8.2380000000e+03    3.7296199375e-02    9.6060756635e-01
       303   -1.5922471177e+01    2.5430417350e+02   -2.7487975337e+01    1.1565504160e+01    1.0146268826e+01   -3.9692638190e+01    2.0583940274e+00    8.3610000000e+03    3.8133318906e-02    9.6060475007e-01
       304   -1.5893370642e+01    2.5334165635e+02   -2.7535269165e+01    1.1641898523e+01    1.0200011070e+01   -3.9808768446e+01    2.0734882115e+00    8.3810000000e+03    3.8337881250e-02    9.5835997971e-01
       305   -1.5915938894e+01    2.5406495973e+02   -2.7577331465e+01    1.1661392570e+01    1.0181972150e+01   -3.9882245013e+01    2.1229413986e+00    8.3680000000e+03    3.8611509219e-02    9.5856270825e-01
       306   -1.5907826842e+01    2.5383249556e+02   -2.7474683187e+01    1.1566856344e+01    1.0171211322e+01   -3.9584603106e+01    1.9387085973e+00    8.3520000000e+03    3.7812645000e-02    9.5887641535e-01
       307   -1.5915367541e+01    2.5419215858e+02   -2.7578057570e+01    1.1662690030e+01    1.0177403118e+01   -3.9794832579e+01    2.0393718910e+00    8.2820000000e+03    3.7667119180e-02    9.5790289223e-01
       308   -1.5887564140e+01    2.5308080194e+02   -2.7529415406e+01    1.1641851266e+01    1.0172577070e+01   -3.9708295243e+01    2.0063027672e+00    8.2640000000e+03    3.7854295977e-02    9.5686368823e-01
       309   -1.5886382988e+01    2.5311571903e+02   -2.7528435491e+01    1.1642052503e+01    1.0183720175e+01   -3.9691494993e+01    1.9793393265e+00    8.2130000000e+03    3.7670416484e-02    9.5804161416e-01
       310   -1.5879842048e+01    2.5283143330e+02   -2.7479794204e+01    1.1599952156e+01    1.0151136581e+01   -3.9620426334e+01    1.9894955495e+00    8.1460000000e+03    3.7361296797e-02    9.5966056417e-01
       311   -1.5862679797e+01    2.5227397137e+02   -2.7527255413e+01    1.1664575616e+01    1.0139759014e+01   -3.9613359775e+01    1.9463453482e+00    8.0970000000e+03    3.8659410820e-02    9.5853537511e-01
       312   -1.5902432586e+01    2.5364908608e+02   -2.7400998534e+01    1.1498565948e+01    1.0151350200e+01   -3.9584379184e+01    2.0320304502e+00    8.1580000000e+03    3.8400371641e-02    9.5909755898e-01
       313   -1.5884548858e+01    2.5295822247e+02   -2.7242983721e+01    1.1358434863e+01    1.0116303407e+01   -3.9446441030e+01    2.0871539023e+00    8.1610000000e+03    3.8280420000e-02    9.6070428405e-01
       314   -1.5896758143e+01    2.5345615430e+02   -2.7492686154e+01    1.1595928011e+01    1.0146933405e+01   -3.9666367274e+01    2.0267477148e+00    8.1220000000e+03    3.8410757383e-02    9.5934246858e-01
       315   -1.5888541628e+01    2.5317341007e+02   -2.7630228830e+01    1.1741687202e+01    1.0164013223e+01   -3.9821104249e+01    2.0268621966e+00    8.1080000000e+03    3.8528014297e-02    9.5836735616e-01
       316   -1.5903450791e+01    2.5364713898e+02   -2.7687556204e+01    1.1784105413e+01    1.0202100026e+01   -3.9854144999e+01    1.9644887696e+00    8.0820000000e+03    3.8263086484e-02    9.5948154079e-01
       317   -1.5900584216e+01    2.5352061691e+02   -2.7614421520e+01    1.1713837304e+01    1.0181721944e+01   -3.9771369257e+01    1.9752257933e+00    8.1170000000e+03    3.8134751797e-02    9.5938318744e-01
       318   -1.5913648496e+01    2.5399138498e+02   -2.7671081942e+01    1.1757433446e+01    1.0181859910e+01   -3.9837573732e+01    1.9846318793e+00    8.1280000000e+03    3.8283457578e-02    9.5999064288e-01
       319   -1.5904858900e+01    2.5372863499e+02   -2.7681437992e+01    1.1776579092e+01    1.0189111630e+01   -3.9797557987e+01    1.9270083642e+00    8.0970000000e+03    3.8436193047e-02    9.5929102363e-01
       320   -1.5911741342e+01    2.5400057380e+02   -2.7579226984e+01    1.1667485642e+01    1.0167059867e+01   -3.9660262910e+01    1.9139760589e+00    8.0720000000e+03    3.8124829375e-02    9.5894293147e-01
       321   -1.5904247968e+01    2.5366998340e+02   -2.7618324233e+01    1.1714076265e+01    1.0220323676e+01   -3.9772322241e+01    1.9336743319e+00    8.0400000000e+03    3.8691728750e-02    9.5933559073e-01
       322   -1.5905143547e+01    2.5373938528e+02   -2.7774516243e+01    1.1869372696e+01    1.0220363482e+01   -3.9879225552e+01    1.8843458270e+00    8.0890000000e+03    3.8830567461e-02    9.5949415507e-01
       323   -1.5901901169e+01    2.5362089798e+02   -2.7689169298e+01    1.1787268130e+01    1.0233836911e+01   -3.9959041037e+01    2.0360348273e+00    8.1070000000e+03    3.8413012891e-02    9.5900254092e-01
       324   -1.5921537685e+01    2.5423272426e+02   -2.7485370932e+01    1.1563833247e+01    1.0216349630e+01   -3.9849437002e+01    2.1477164388e+00    8.1400000000e+03    3.8650140352e-02    9.5871726972e-01
       325   -1.5892116603e+01    2.5334365781e+02   -2.7781470952e+01    1.1889354349e+01    1.0205540609e+01   -4.0026213540e+01    2.0392019796e+00    8.1430000000e+03    3.8999061562e-02    9.5932339700e-01
       326   -1.5916067392e+01    2.5405747968e+02   -2.7621322039e+01    1.1705254647e+01    1.0179972793e+01   -3.9825820209e+01    2.0245253773e+00    8.1950000000e+03    3.8282997773e-02    9.5990381346e-01
       327   -1.5896480421e+01    2.5344161867e+02   -2.7659361705e+01    1.1762881284e+01    1.0228081652e+01   -3.9947826552e+01    2.0603831949e+00    8.2010000000e+03    3.8859217188e-02    9.5988882534e-01
       328   -1.5903513985e+01    2.5356414781e+02   -2.7451809838e+01    1.1548295853e+01    1.0196286353e+01   -3.9755669857e+01    2.1075736660e+00    8.2390000000e+03    3.8665842852e-02    9.5953147570e-01
       329   -1.5906755225e+01    2.5367325533e+02   -2.7440015984e+01    1.1533260759e+01    1.0155282339e+01   -3.9676837814e+01    2.0815394903e+00    8.2120000000e+03    3.8136982344e-02    9.5931115829e-01
       330   -1.5908636716e+01    2.5374091657e+02   -2.7606842655e+01    1.1698205940e+01    1.0173534293e+01   -3.9661612145e+01    1.8812351969e+00    8.2240000000e+03    3.8458288125e-02    9.6033141400e-01
       331   -1.5890712752e+01    2.5336753747e+02   -2.7730576711e+01    1.1839863959e+01    1.0198175406e+01   -3.9869235360e+01    1.9404832428e+00    8.2260000000e+03    3.8769139062e-02    9.5893371051e-01
       332   -1.5893975306e+01    2.5346265053e+02   -2.7937408722e+01    1.2043433416e+01    1.0257411936e+01   -4.0188788770e+01    1.9939681123e+00    8.2030000000e+03    3.8365136328e-02    9.5665763195e-01
       333   -1.5891194270e+01    2.5326564399e+02   -2.7813332873e+01    1.1922138604e+01    1.0197136725e+01   -3.9900947098e+01    1.8904775001e+00    8.1370000000e+03    3.8817160273e-02    9.5999349559e-01
       334   -1.5905181810e+01    2.5366433817e+02   -2.7491047632e+01    1.1585865822e+01    1.0185989402e+01   -3.9593015780e+01    1.9159787458e+00    8.1540000000e+03    3.8442621445e-02    9.6103806523e-01
       335   -1.5897069587e+01    2.5348704423e+02   -2.7730110420e+01    1.1833040833e+01    1.0253122151e+01   -3.9968130096e+01    1.9848975255e+00    8.1460000000e+03    3.8635749648e-02    9.5919381574e-01
       336   -1.5906815523e+01    2.5376781312e+02   -2.7690910748e+01    1.1784095225e+01    1.0255425061e+01   -3.9998201770e+01    2.0518659617e+00    8.1360000000e+03    3.9042592461e-02    9.5997067268e-01
       337   -1.5898143694e+01    2.5346840992e+02   -2.7704399606e+01    1.1806255913e+01    1.0245255121e+01   -3.9970177078e+01    2.0205223502e+00    8.1180000000e+03    3.9403302617e-02    9.5939641507e-01
       338   -1.5885299852e+01    2.5299615140e+02   -2.7561027916e+01    1.1675728063e+01    1.0213840562e+01   -3.9766402874e+01    1.9915343962e+00    8.1220000000e+03    3.8852798359e-02    9.6049124957e-01
       339   -1.5883093834e+01    2.5298308657e+02   -2.7602015711e+01    1.1718921877e+01    1.0215377587e+01   -3.9828037862e+01    2.0106445640e+00    8.1560000000e+03    3.9345381797e-02    9.6058777409e-01
       340   -1.5893875116e+01    2.5329466745e+02   -2.7558041568e+01    1.1664166452e+01    1.0249160180e+01   -3.9888366950e+01    2.0811652015e+00    8.1860000000e+03    3.9181127695e-02    9.5928661153e-01
       341   -1.5897123891e+01    2.5343023008e+02   -2.7693656351e+01    1.1796532460e+01    1.0197759055e+01   -3.9945149478e+01    2.0537340724e+00    8.2010000000e+03    3.9018023594e-02    9.5967706925e-01
       342   -1.5899064106e+01    2.5348390690e+02   -2.7595823637e+01    1.1696759531e+01    1.0191413174e+01   -3.9793337658e+01    2.0061008476e+00    8.1300000000e+03    3.8925756797e-02    9.5955043261e-01
       343   -1.5914323000e+01    2.5424926914e+02   -2.7611944664e+01    1.1697621665e+01    1.0203620154e+01   -3.9719557253e+01    1.9039924343e+00    8.0530000000e+03    3.9031598633e-02    9.5929689123e-01
       344   -1.5922956685e+01    2.5430266377e+02   -2.7596825204e+01    1.1673868519e+01    1.0182097896e+01   -3.9631007621e+01    1.8520845205e+00    8.1210000000e+03    3.9172038164e-02    9.5912005770e-01
       345   -1.5892414737e+01    2.5335362036e+02   -2.7535087274e+01    1.1642672537e+01    1.0181984417e+01   -3.9715435645e+01    1.9983639546e+00    8.1520000000e+03    3.9187301836e-02    9.6092630641e-01
       346   -1.5897269190e+01    2.5354847049e+02   -2.7704850478e+01    1.1807581288e+01    1.0234491489e+01   -3.9948550606e+01    2.0092086389e+00    8.1930000000e+03    3.8473335430e-02    9.5785301817e-01
       347   -1.5882693230e+01    2.5296502708e+02   -2.7645778140e+01    1.1763084910e+01    1.0255587377e+01   -3.9909950252e+01    2.0085847344e+00    8.1990000000e+03    3.8774107578e-02    9.5865552618e-01
       348   -1.5890129091e+01    2.5330617594e+02   -2.7978207717e+01    1.2088078626e+01    1.0288741024e+01   -4.0177777683e+01    1.9108289420e+00    8.1890000000e+03    3.8771095156e-02    9.5815454524e-01
       349   -1.5876147862e+01    2.5279748033e+02   -2.7889645198e+01    1.2013497336e+01    1.0276341205e+01   -4.0130198721e+01    1.9642123181e+00    8.2180000000e+03    3.9150426875e-02    9.5735268845e-01
       350   -1.5903186550e+01    2.5371115044e+02   -2.7742493653e+01    1.1839307104e+01    1.0252529112e+01   -4.0004396002e+01    2.0093732369e+00    8.2360000000e+03    4.0875967930e-02    9.5915907382e-01
       351   -1.5897615562e+01    2.5361857920e+02   -2.7790992628e+01    1.1893377066e+01    1.0284922783e+01   -4.0013093312e+01    1.9371779007e+00    8.2130000000e+03    3.7860697461e-02    9.5913417981e-01
       352   -1.5908693003e+01    2.5381770619e+02   -2.7582040295e+01    1.1673347293e+01    1.0229082836e+01   -3.9681607663e+01    1.8704845320e+00    8.1710000000e+03    3.7607274063e-02    9.5807480924e-01
       353   -1.5907286953e+01    2.5383397932e+02   -2.7658521155e+01    1.1751234202e+01    1.0257710010e+01   -3.9899703108e+01    1.9834719432e+00    8.2300000000e+03    3.7811764219e-02    9.5947804804e-01
       354   -1.5891220809e+01    2.5320277875e+02   -2.7491343704e+01    1.1600122895e+01    1.0224653523e+01   -3.9687977981e+01    1.9719807542e+00    8.1920000000e+03    3.8158413711e-02    9.5958257849e-01
       355   -1.5904595986e+01    2.5365490676e+02   -2.7395704230e+01    1.1491108243e+01    1.0206511129e+01   -3.9604935188e+01    2.0027198294e+00    8.2160000000e+03    3.8014833789e-02    9.5907692815e-01
       356   -1.5905425177e+01    2.5365489491e+02   -2.7445575955e+01    1.1540150778e+01    1.0282747733e+01   -3.9787047598e+01    2.0587239106e+00    8.2060000000e+03    3.7680938203e-02    9.5890626733e-01
       357   -1.5906046812e+01    2.5370582510e+02   -2.7575914369e+01    1.1669867557e+01    1.0257983790e+01   -3.9829554061e+01    1.9956559016e+00    8.1760000000e+03    3.7995384961e-02    9.6024088230e-01
       358   -1.5902994137e+01    2.5367315896e+02   -2.7618514988e+01    1.1715520851e+01    1.0271388940e+01   -3.9901887609e+01    2.0119836809e+00    8.1940000000e+03    3.7655115742e-02    9.5781521503e-01
       359   -1.5886915330e+01    2.5308639322e+02   -2.7658895284e+01    1.1771979954e+01    1.0306992392e+01   -3.9936576850e+01    1.9706891738e+00    8.1550000000e+03    3.7797456172e-02    9.5880724938e-01
       360   -1.5896474862e+01    2.5339568694e+02   -2.7756983952e+01    1.1860509091e+01    1.0347430450e+01   -4.0006712311e+01    1.9022979088e+00    8.1110000000e+03    3.8154801914e-02    9.5776050218e-01
       361   -1.5901818246e+01    2.5362350330e+02   -2.7765879530e+01    1.1864061283e+01    1.0282422685e+01   -3.9990177927e+01    1.9418757120e+00    8.1330000000e+03    3.7797272500e-02    9.5835525825e-01
       362   -1.5895807475e+01    2.5334000678e+02   -2.7860531711e+01    1.1964724237e+01    1.0231719163e+01   -3.9929146856e+01    1.8368959818e+00    8.1690000000e+03    3.7910382422e-02    9.5905472566e-01
       363   -1.5909054151e+01    2.5386005095e+02   -2.7813348093e+01    1.1904293943e+01    1.0252965047e+01   -3.9995546854e+01    1.9292337136e+00    8.1910000000e+03    3.7900319453e-02    9.5801610058e-01
       364   -1.5913401779e+01    2.5420064311e+02   -2.7751565563e+01    1.1838163785e+01    1.0232127060e+01   -3.9811225141e+01    1.8275325177e+00    8.1790000000e+03    3.7663787656e-02    9.5864496486e-01
       365   -1.5895696720e+01    2.5334818381e+02   -2.7850441251e+01    1.1954744530e+01    1.0228563642e+01   -4.0095425972e+01    2.0164210796e+00    8.1480000000e+03    3.7966714883e-02    9.5764676455e-01
       366   -1.5893965073e+01    2.5348517403e+02   -2.7514167879e+01    1.1620202806e+01    1.0247037660e+01   -3.9881813998e+01    2.1206084587e+00    8.1230000000e+03    3.7537949219e-02    9.5998338961e-01
       367   -1.5887794347e+01    2.5312510875e+02   -2.7560227638e+01    1.1672433292e+01    1.0248910386e+01   -3.9891945082e+01    2.0828070571e+00    8.1460000000e+03    3.7896038359e-02    9.5823089821e-01
       368   -1.5908591211e+01    2.5374335114e+02   -2.7470848056e+01    1.1562256845e+01    1.0214504333e+01   -3.9752888786e+01    2.0675363967e+00    8.1010000000e+03    3.9537616055e-02    9.5829539762e-01
       369   -1.5908361523e+01    2.5386976470e+02   -2.7563654188e+01    1.1655292665e+01    1.0236917754e+01   -3.9808892333e+01    2.0083203908e+00    8.1010000000e+03    3.8828982656e-02    9.5996206271e-01
       370   -1.5901960704e+01    2.5354608112e+02   -2.7641024841e+01    1.1739064137e+01    1.0225201696e+01   -3.9807275362e+01    1.9410488238e+00    8.0980000000e+03    3.9037856133e-02    9.5973773798e-01
       371   -1.5889743190e+01    2.5315802683e+02   -2.7556973502e+01    1.1667230312e+01    1.0264531203e+01   -3.9849651878e+01    2.0281471731e+00    8.0980000000e+03    3.8602580937e-02    9.5919443169e-01
       372   -1.5911901216e+01    2.5393335504e+02   -2.7622399003e+01    1.1710497788e+01    1.0187159839e+01   -3.9798857619e+01    1.9892987772e+00    8.0550000000e+03    3.8589288281e-02    9.5975399934e-01
       373   -1.5917468198e+01    2.5412973119e+02   -2.7684285373e+01    1.1766817175e+01    1.0198737889e+01   -3.9780721828e+01    1.8976985652e+00    8.0510000000e+03    3.8855448555e-02    9.5825221745e-01
       374   -1.5893412963e+01    2.5327146754e+02   -2.7609151234e+01    1.1715738271e+01    1.0236850810e+01   -3.9921430513e+01    2.0754284698e+00    8.0330000000e+03    3.8483758242e-02    9.5949737355e-01
       375   -1.5893521458e+01    2.5335612082e+02   -2.7724720756e+01    1.1831199298e+01    1.0269672106e+01   -3.9986960246e+01    1.9925673843e+00    8.0380000000e+03    3.9196853945e-02    9.5928542223e-01
       376   -1.5895867024e+01    2.5336201297e+02   -2.7744313034e+01    1.1848446009e+01    1.0210395583e+01   -3.9766937422e+01    1.8122288051e+00    8.0350000000e+03    3.8835629297e-02    9.5903025358e-01
       377   -1.5911765885e+01    2.5388692585e+02   -2.7658978596e+01    1.1747212711e+01    1.0251186451e+01   -3.9858918749e+01    1.9487537026e+00    8.0390000000e+03    3.8942172930e-02    9.5894505678e-01
       378   -1.5897581042e+01    2.5344497304e+02   -2.7645097358e+01    1.1747516316e+01    1.0258881281e+01   -3.9871398739e+01    1.9674201003e+00    8.0780000000e+03    3.9127346328e-02    9.5950370763e-01
       379   -1.5883490027e+01    2.5294166140e+02   -2.7667378606e+01    1.1783888579e+01    1.0299987267e+01   -4.0022163326e+01    2.0547974533e+00    8.0740000000e+03    3.9205055820e-02    9.6004154036e-01
       380   -1.5894748612e+01    2.5330399848e+02   -2.7770847661e+01    1.1876099050e+01    1.0267693646e+01   -4.0036683372e+01    1.9981420643e+00    8.0780000000e+03    3.8848833359e-02    9.5725086793e-01
       381   -1.5888523939e+01    2.5315597411e+02   -2.7656917896e+01    1.1768393957e+01    1.0269153842e+01   -3.9998226450e+01    2.0721547113e+00    8.0660000000e+03    3.8828324570e-02    9.6112701202e-01
       382   -1.5892165589e+01    2.5335958186e+02   -2.7683280380e+01    1.1791114792e+01    1.0242508666e+01   -3.9921423392e+01    1.9956343466e+00    8.1140000000e+03    3.8715816406e-02    9.5831643353e-01
       383   -1.5871849528e+01    2.5263175614e+02   -2.7539352912e+01    1.1667503384e+01    1.0224926924e+01   -3.9759065686e+01    1.9947858496e+00    8.1440000000e+03    3.9394581758e-02    9.5861935702e-01
       384   -1.5880536319e+01    2.5289537513e+02   -2.7560188002e+01    1.1679651682e+01    1.0164801906e+01   -3.9667047707e+01    1.9420577989e+00    8.1370000000e+03    3.8354416758e-02    9.5907478925e-01
       385   -1.5901110981e+01    2.5350674907e+02   -2.7485053413e+01    1.1583942432e+01    1.0099784467e+01   -3.9516362723e+01    1.9315248428e+00    8.0870000000e+03    3.8756550625e-02    9.6098950025e-01
       386   -1.5900065719e+01    2.5357711450e+02   -2.7783191855e+01    1.1883126136e+01    1.0158920955e+01   -3.9846316828e+01    1.9042040180e+00    8.0750000000e+03    3.8563987031e-02    9.5953170963e-01
       387   -1.5905294956e+01    2.5374510126e+02   -2.7795507031e+01    1.1890212075e+01    1.0210897775e+01   -4.0026022387e+01    2.0196175810e+00    8.0980000000e+03    3.8810385977e-02    9.5844029292e-01
       388   -1.5899507697e+01    2.5355139785e+02   -2.7583608365e+01    1.1684100668e+01    1.0242444008e+01   -3.9923356022e+01    2.0973036476e+00    8.1710000000e+03    3.8419591016e-02    9.5829263292e-01
       389   -1.5901209823e+01    2.5363082675e+02   -2.7711059895e+01    1.1809850071e+01    1.0256148346e+01   -4.0001483235e+01    2.0342749944e+00    8.1460000000e+03    3.9026012891e-02    9.5918733061e-01
       390   -1.5903534269e+01    2.5367059019e+02   -2.7658363582e+01    1.1754829313e+01    1.0217314360e+01   -3.9812808942e+01    1.9371309993e+00    8.1290000000e+03    3.9144001758e-02    9.5900400905e-01
       391   -1.5877268821e+01    2.5275071068e+02   -2.7674465799e+01    1.1797196978e+01    1.0276485270e+01   -3.9949129038e+01    1.9981779688e+00    8.0650000000e+03    3.9097952539e-02    9.5887200667e-01
       392   -1.5894704000e+01    2.5411950243e+02   -2.7813500291e+01    1.1918796291e+01    1.0241703701e+01   -4.0047163411e+01    1.9919594195e+00    8.0560000000e+03    3.8398382383e-02    9.5771580731e-01
       393   -1.5906961532e+01    2.5383745804e+02   -2.7704385024e+01    1.1797423491e+01    1.0220952961e+01   -3.9943019345e+01    2.0176813603e+00    8.0240000000e+03    3.8853447695e-02    9.5984797160e-01
       394   -1.5901419712e+01    2.5357302772e+02   -2.7573757623e+01    1.1672337911e+01    1.0218502625e+01   -3.9785200248e+01    1.9929400008e+00    8.0210000000e+03    3.9086370391e-02    9.5939597933e-01
       395   -1.5908117017e+01    2.5373757259e+02   -2.7562768553e+01    1.1654651535e+01    1.0253553095e+01   -3.9841912712e+01    2.0255910647e+00    8.0780000000e+03    3.8954798555e-02    9.5893636219e-01
       396   -1.5911638967e+01    2.5390118774e+02   -2.7589788073e+01    1.1678149105e+01    1.0230036766e+01   -3.9961864467e+01    2.1420396283e+00    8.0890000000e+03    3.9309132109e-02    9.6102800023e-01
       397   -1.5907317235e+01    2.5374995890e+02   -2.7610704283e+01    1.1703387048e+01    1.0229457126e+01   -3.9836790297e+01    1.9966288882e+00    8.1330000000e+03    3.8853614648e-02    9.5847992526e-01
       398   -1.5913970876e+01    2.5395564224e+02   -2.7683705376e+01    1.1769734500e+01    1.0256142751e+01   -3.9897044362e+01    1.9571962352e+00    8.1240000000e+03    3.8652403750e-02    9.5805620944e-01
       399   -1.5886132172e+01    2.5299006052e+02   -2.7454285834e+01    1.1568153663e+01    1.0261473182e+01   -3.9737231334e+01    2.0214723181e+00    8.1300000000e+03    3.9031040078e-02    9.5907442661e-01
