#   index    LocalEnergy         LocalEnergy_sq      LocalPotential      Kinetic             ElecElec            LocalECP            NonLocalECP         BlockWeight         BlockCPU            AcceptRatio         
         0   -1.5861280788e+01    2.5232660885e+02   -2.7385377643e+01    1.1524096856e+01    9.9561665366e+00   -3.9445316100e+01    2.1037719199e+00    2.0480000000e+03    9.5649340973e-04    7.0760091146e-01
         1   -1.5832323927e+01    2.5136263424e+02   -2.7254569216e+01    1.1422245288e+01    9.9338209943e+00   -3.9140778315e+01    1.9523881052e+00    2.0480000000e+03    9.5141262360e-04    6.9840494792e-01
         2   -1.5827182054e+01    2.5124220034e+02   -2.7110742120e+01    1.1283560066e+01    1.0000370171e+01   -3.9167325382e+01    2.0562130907e+00    2.0480000000e+03    9.5361929047e-04    7.0125325521e-01
         3   -1.5822919841e+01    2.5115732789e+02   -2.7353427990e+01    1.1530508149e+01    9.9842323210e+00   -3.9283746021e+01    1.9460857098e+00    2.0480000000e+03    9.6772033691e-04    6.9417317708e-01
         4   -1.5839239987e+01    2.5168004818e+02   -2.7453524605e+01    1.1614284618e+01    9.9221710847e+00   -3.9326976569e+01    1.9512808789e+00    2.0480000000e+03    9.5642668030e-04    7.0019531250e-01
         5   -1.5843505848e+01    2.5191741278e+02   -2.7262972503e+01    1.1419466655e+01    9.9057426701e+00   -3.9168428451e+01    1.9997132779e+00    2.0480000000e+03    9.5491704254e-04    7.0483398437e-01
         6   -1.5846069698e+01    2.5187840808e+02   -2.7034822829e+01    1.1188753132e+01    9.9179611869e+00   -3.8988646293e+01    2.0358622768e+00    2.0480000000e+03    9.4779089417e-04    7.0084635417e-01
         7   -1.5867178755e+01    2.5257182366e+02   -2.7067496328e+01    1.1200317573e+01    9.9375958719e+00   -3.9059095349e+01    2.0540031491e+00    2.0480000000e+03    9.5310493835e-04    7.0564778646e-01
         8   -1.5855475651e+01    2.5199508875e+02   -2.7017069242e+01    1.1161593591e+01    9.9626388230e+00   -3.9166805736e+01    2.1870976708e+00    2.0480000000e+03    9.5028251831e-04    6.9807942708e-01
         9   -1.5837410903e+01    2.5151568721e+02   -2.7176508294e+01    1.1339097391e+01    9.9669021651e+00   -3.9271697381e+01    2.1282869222e+00    2.0480000000e+03    9.5428071106e-04    7.0068359375e-01
        10   -1.5843308232e+01    2.5170121914e+02   -2.7125781075e+01    1.1282472843e+01    1.0051627770e+01   -3.9153899091e+01    1.9764902458e+00    2.0480000000e+03    9.6002662323e-04    7.0296223958e-01
        11   -1.5856172268e+01    2.5214138240e+02   -2.7058458286e+01    1.1202286018e+01    1.0078071674e+01   -3.9257113011e+01    2.1205830510e+00    2.0480000000e+03    9.5411142822e-04    7.0247395833e-01
        12   -1.5896565347e+01    2.5341976770e+02   -2.7325651574e+01    1.1429086228e+01    1.0074652147e+01   -3.9587308732e+01    2.1870050100e+00    2.0480000000e+03    9.5905294525e-04    6.9848632812e-01
        13   -1.5862159459e+01    2.5237022141e+02   -2.7724581732e+01    1.1862422273e+01    1.0054091745e+01   -3.9821613625e+01    2.0429401482e+00    2.0480000000e+03    9.6138729645e-04    6.9742838542e-01
        14   -1.5856844788e+01    2.5220561201e+02   -2.7559615333e+01    1.1702770545e+01    1.0066981519e+01   -3.9794416881e+01    2.1678200295e+00    2.0480000000e+03    9.5977437225e-04    7.0117187500e-01
        15   -1.5867867033e+01    2.5257827288e+02   -2.7336176618e+01    1.1468309585e+01    9.9826265069e+00   -3.9499574731e+01    2.1807716062e+00    2.0480000000e+03    9.5925440002e-04    6.9767252604e-01
        16   -1.5851764567e+01    2.5206633945e+02   -2.7224165644e+01    1.1372401077e+01    1.0041407799e+01   -3.9383122195e+01    2.1175487519e+00    2.0480000000e+03    9.5888913147e-04    7.0198567708e-01
        17   -1.5847997949e+01    2.5188468127e+02   -2.7179475060e+01    1.1331477111e+01    1.0002515266e+01   -3.9167610749e+01    1.9856204235e+00    2.0480000000e+03    9.5621042908e-04    7.0345052083e-01
        18   -1.5852582779e+01    2.5206998532e+02   -2.7223348768e+01    1.1370765989e+01    9.9976214303e+00   -3.9313741584e+01    2.0927713862e+00    2.0480000000e+03    9.6209863373e-04    6.9938151042e-01
        19   -1.5857648347e+01    2.5217755687e+02   -2.7490829547e+01    1.1633181199e+01    1.0079633736e+01   -3.9625697987e+01    2.0552347041e+00    2.0480000000e+03    9.6263838623e-04    7.0279947917e-01
        20   -1.5830504510e+01    2.5130407416e+02   -2.7458238566e+01    1.1627734056e+01    1.0012430494e+01   -3.9451823963e+01    1.9811549032e+00    2.0480000000e+03    9.5889830841e-04    6.9750976562e-01
        21   -1.5830507850e+01    2.5132170165e+02   -2.7373632268e+01    1.1543124419e+01    1.0066462746e+01   -3.9468460473e+01    2.0283654580e+00    2.0480000000e+03    9.6018771515e-04    7.0255533854e-01
        22   -1.5843715543e+01    2.5171568666e+02   -2.7244616692e+01    1.1400901149e+01    1.0088825519e+01   -3.9484313243e+01    2.1508710329e+00    2.0480000000e+03    9.6057533295e-04    7.0076497396e-01
        23   -1.5824543071e+01    2.5156101494e+02   -2.7370173041e+01    1.1545629970e+01    1.0048816221e+01   -3.9604317457e+01    2.1853281950e+00    2.0480000000e+03    9.5837994720e-04    6.8831380208e-01
        24   -1.5831351828e+01    2.5128433563e+02   -2.7547216854e+01    1.1715865026e+01    1.0032252546e+01   -3.9765618634e+01    2.1861492347e+00    2.0480000000e+03    9.5342128723e-04    6.9921875000e-01
        25   -1.5833810398e+01    2.5167372472e+02   -2.7443774023e+01    1.1609963624e+01    1.0058286996e+01   -3.9623554800e+01    2.1214937816e+00    2.0480000000e+03    9.5713450867e-04    6.9954427083e-01
        26   -1.5851360503e+01    2.5197975719e+02   -2.7489842193e+01    1.1638481690e+01    1.0084736069e+01   -3.9853600445e+01    2.2790221830e+00    2.0480000000e+03    9.7662861938e-04    6.9677734375e-01
        27   -1.5844537853e+01    2.5187649166e+02   -2.7517882514e+01    1.1673344660e+01    1.0099215617e+01   -3.9626379232e+01    2.0092811010e+00    2.0480000000e+03    9.6397484619e-04    6.9702148437e-01
        28   -1.5843602231e+01    2.5175288925e+02   -2.7370528919e+01    1.1526926688e+01    1.0029050442e+01   -3.9452848847e+01    2.0532694857e+00    2.0480000000e+03    9.6102245361e-04    7.0125325521e-01
        29   -1.5816343767e+01    2.5098070407e+02   -2.7452655097e+01    1.1636311329e+01    1.0002990778e+01   -3.9378960131e+01    1.9233142567e+00    2.0480000000e+03    9.6386349762e-04    7.0727539062e-01
        30   -1.5811048555e+01    2.5138303584e+02   -2.7238067700e+01    1.1427019145e+01    1.0019449338e+01   -3.9277365911e+01    2.0198488727e+00    2.0480000000e+03    9.5626683502e-04    6.9742838542e-01
        31   -1.5838766865e+01    2.5215325770e+02   -2.7153186647e+01    1.1314419781e+01    1.0003930411e+01   -3.9217172466e+01    2.0600554087e+00    2.0480000000e+03    9.5981800110e-04    7.0084635417e-01
        32   -1.5823667965e+01    2.5169777523e+02   -2.7048662028e+01    1.1224994063e+01    1.0003170514e+01   -3.9082422476e+01    2.0305899338e+00    2.0480000000e+03    9.5637163025e-04    7.0279947917e-01
        33   -1.5822874405e+01    2.5163745076e+02   -2.6925252536e+01    1.1102378131e+01    9.9356277575e+00   -3.8954535967e+01    2.0936556733e+00    2.0480000000e+03    9.4454132904e-04    6.9873046875e-01
        34   -1.5849569686e+01    2.5197846783e+02   -2.7043582088e+01    1.1194012401e+01    1.0002938054e+01   -3.9124639459e+01    2.0781193168e+00    2.0480000000e+03    9.5502112030e-04    7.0646158854e-01
        35   -1.5824403367e+01    2.5127429818e+02   -2.7049961669e+01    1.1225558302e+01    9.9134502679e+00   -3.9016244535e+01    2.0528325981e+00    2.0480000000e+03    9.5031692261e-04    6.9848632812e-01
        36   -1.5854289070e+01    2.5224698801e+02   -2.7012346924e+01    1.1158057853e+01    9.9086070053e+00   -3.8892173105e+01    1.9712191765e+00    2.0480000000e+03    9.5642678253e-04    7.0572916667e-01
        37   -1.5836096486e+01    2.5162870367e+02   -2.7143535563e+01    1.1307439077e+01    9.9394123781e+00   -3.9071025460e+01    1.9880775192e+00    2.0480000000e+03    9.5297891907e-04    6.9759114583e-01
        38   -1.5833673733e+01    2.5150438336e+02   -2.7002783309e+01    1.1169109576e+01    9.9340638043e+00   -3.8944762766e+01    2.0079156534e+00    2.0480000000e+03    9.4698575165e-04    7.0255533854e-01
        39   -1.5829820296e+01    2.5148824688e+02   -2.6939048773e+01    1.1109228477e+01    9.9072609684e+00   -3.8888391079e+01    2.0420813377e+00    2.0480000000e+03    9.4880631836e-04    7.0288085937e-01
        40   -1.5841026318e+01    2.5179188943e+02   -2.6943231897e+01    1.1102205580e+01    9.9255343807e+00   -3.8704087523e+01    1.8353212452e+00    2.0480000000e+03    9.4676037048e-04    7.0515950521e-01
        41   -1.5836722236e+01    2.5149703994e+02   -2.7019515110e+01    1.1182792875e+01    1.0015484347e+01   -3.9114773999e+01    2.0797745415e+00    2.0480000000e+03    9.4517842377e-04    6.9881184896e-01
        42   -1.5844333726e+01    2.5167246237e+02   -2.7108962424e+01    1.1264628698e+01    1.0020894770e+01   -3.9077593848e+01    1.9477366547e+00    2.0480000000e+03    9.5307884918e-04    6.9921875000e-01
        43   -1.5841447066e+01    2.5171381832e+02   -2.7375188836e+01    1.1533741771e+01    1.0044847514e+01   -3.9387026021e+01    1.9669896704e+00    2.0480000000e+03    9.5502258820e-04    7.0548502604e-01
        44   -1.5828528183e+01    2.5129490815e+02   -2.7385186190e+01    1.1556658007e+01    1.0048506664e+01   -3.9473555296e+01    2.0398624413e+00    2.0480000000e+03    9.6291816284e-04    6.9498697917e-01
        45   -1.5861175492e+01    2.5255816243e+02   -2.7427902602e+01    1.1566727110e+01    1.0147216983e+01   -3.9689005499e+01    2.1138859140e+00    2.0480000000e+03    9.6100529022e-04    6.9824218750e-01
        46   -1.5837042516e+01    2.5153234323e+02   -2.7057092267e+01    1.1220049750e+01    1.0046686478e+01   -3.9170783517e+01    2.0670047723e+00    2.0480000000e+03    9.5718134521e-04    7.0638020833e-01
        47   -1.5853726572e+01    2.5218300388e+02   -2.7307778010e+01    1.1454051437e+01    1.0004114437e+01   -3.9274953054e+01    1.9630606066e+00    2.0480000000e+03    9.5983086365e-04    7.0222981771e-01
        48   -1.5839059059e+01    2.5169975975e+02   -2.7374898021e+01    1.1535838962e+01    9.9579656347e+00   -3.9170948362e+01    1.8380847065e+00    2.0480000000e+03    9.5200105957e-04    7.0784505208e-01
        49   -1.5857028273e+01    2.5215197799e+02   -2.7315380814e+01    1.1458352540e+01    9.9703102578e+00   -3.9332387900e+01    2.0466968284e+00    2.0480000000e+03    9.7181419464e-04    7.0125325521e-01
        50   -1.5847632141e+01    2.5192260744e+02   -2.7214652462e+01    1.1367020321e+01    9.9338922824e+00   -3.9026205849e+01    1.8776611052e+00    2.0480000000e+03    9.5650919952e-04    7.0768229167e-01
        51   -1.5842193543e+01    2.5162747337e+02   -2.7103676445e+01    1.1261482902e+01    9.9411758840e+00   -3.8956073865e+01    1.9112215354e+00    2.0480000000e+03    9.5619911346e-04    7.0524088542e-01
        52   -1.5849900240e+01    2.5190081679e+02   -2.7050635227e+01    1.1200734987e+01    9.9366337898e+00   -3.8878677789e+01    1.8914087720e+00    2.0480000000e+03    9.5112493744e-04    6.9824218750e-01
        53   -1.5848393109e+01    2.5183265680e+02   -2.6882408787e+01    1.1034015677e+01    9.9963303780e+00   -3.8836823102e+01    1.9580839371e+00    2.0480000000e+03    9.5161612579e-04    7.0271809896e-01
        54   -1.5849988737e+01    2.5198981499e+02   -2.6897737916e+01    1.1047749178e+01    9.9838587983e+00   -3.9078477275e+01    2.1968805611e+00    2.0480000000e+03    1.0429778598e-03    7.0377604167e-01
        55   -1.5825656027e+01    2.5115902800e+02   -2.6951564733e+01    1.1125908707e+01    9.8679101870e+00   -3.8830865864e+01    2.0113909443e+00    2.0480000000e+03    9.5037200562e-04    7.0507812500e-01
        56   -1.5877544200e+01    2.5285611744e+02   -2.7088891466e+01    1.1211347266e+01    9.9321258456e+00   -3.8950534526e+01    1.9295172139e+00    2.0480000000e+03    9.5900616180e-04    7.0100911458e-01
        57   -1.5840744914e+01    2.5183093508e+02   -2.7134977823e+01    1.1294232909e+01    9.9974065864e+00   -3.9103591312e+01    1.9712069024e+00    2.0480000000e+03    9.5450253937e-04    7.0035807292e-01
        58   -1.5827840430e+01    2.5133587894e+02   -2.7112002291e+01    1.1284161861e+01    9.9601800738e+00   -3.9045203783e+01    1.9730214175e+00    2.0480000000e+03    9.5686682220e-04    7.0109049479e-01
        59   -1.5855151740e+01    2.5211753657e+02   -2.7007941825e+01    1.1152790084e+01    9.9623019898e+00   -3.9100625032e+01    2.1303812180e+00    2.0480000000e+03    9.5585676514e-04    7.0109049479e-01
        60   -1.5851049282e+01    2.5191018511e+02   -2.7308163823e+01    1.1457114542e+01    9.9977438456e+00   -3.9374945185e+01    2.0690375160e+00    2.0480000000e+03    9.5688768402e-04    6.9807942708e-01
        61   -1.5848063411e+01    2.5180916198e+02   -2.7126635779e+01    1.1278572368e+01    9.9564847119e+00   -3.9189753655e+01    2.1066331638e+00    2.0480000000e+03    9.5832431183e-04    7.0019531250e-01
        62   -1.5826174604e+01    2.5116203467e+02   -2.7179064857e+01    1.1352890253e+01    1.0058816539e+01   -3.9347413051e+01    2.1095316553e+00    2.0480000000e+03    9.5737416565e-04    7.0279947917e-01
        63   -1.5847166624e+01    2.5187827663e+02   -2.7244101777e+01    1.1396935153e+01    1.0051871475e+01   -3.9502220073e+01    2.2062468209e+00    2.0480000000e+03    9.5316590118e-04    6.9889322917e-01
        64   -1.5843023049e+01    2.5169673117e+02   -2.7211297296e+01    1.1368274247e+01    1.0050228044e+01   -3.9342376648e+01    2.0808513078e+00    2.0480000000e+03    9.6354751007e-04    7.0328776042e-01
        65   -1.5833427711e+01    2.5137907941e+02   -2.7163855537e+01    1.1330427826e+01    1.0032449250e+01   -3.9209530590e+01    2.0132258026e+00    2.0480000000e+03    9.5961736176e-04    7.0312500000e-01
        66   -1.5797332641e+01    2.5026360990e+02   -2.7150561604e+01    1.1353228963e+01    9.9682574550e+00   -3.9076021945e+01    1.9572028866e+00    2.0480000000e+03    9.5431766113e-04    6.9848632812e-01
        67   -1.5835997159e+01    2.5150089282e+02   -2.7314034109e+01    1.1478036950e+01    1.0040018994e+01   -3.9284554949e+01    1.9305018463e+00    2.0480000000e+03    9.5947096710e-04    6.9913736979e-01
        68   -1.5838602289e+01    2.5152623397e+02   -2.7092634188e+01    1.1254031899e+01    9.9615863598e+00   -3.9041592946e+01    1.9873723979e+00    2.0480000000e+03    9.5243966125e-04    7.0719401042e-01
        69   -1.5812161198e+01    2.5067310411e+02   -2.6872937991e+01    1.1060776793e+01    9.9233471404e+00   -3.8801031289e+01    2.0047461569e+00    2.0480000000e+03    9.4384435150e-04    7.0320638021e-01
        70   -1.5852529391e+01    2.5197620559e+02   -2.6846515288e+01    1.0993985897e+01    9.9209090011e+00   -3.8830366314e+01    2.0629420245e+00    2.0480000000e+03    9.5174971283e-04    7.0312500000e-01
        71   -1.5843823130e+01    2.5175306744e+02   -2.6916763638e+01    1.1072940508e+01    9.9089647038e+00   -3.8820141781e+01    1.9944134392e+00    2.0480000000e+03    9.5632453369e-04    7.0263671875e-01
        72   -1.5805492826e+01    2.5045972739e+02   -2.7136924199e+01    1.1331431374e+01    9.8685332755e+00   -3.8929240855e+01    1.9237833797e+00    2.0480000000e+03    9.5126792664e-04    7.0076497396e-01
        73   -1.5838021601e+01    2.5153584358e+02   -2.7097915178e+01    1.1259893577e+01    9.9578421044e+00   -3.8987245381e+01    1.9314880982e+00    2.0480000000e+03    9.7903177979e-04    7.0654296875e-01
        74   -1.5842768771e+01    2.5166877364e+02   -2.7230927480e+01    1.1388158709e+01    1.0005671926e+01   -3.9457514089e+01    2.2209146827e+00    2.0480000000e+03    9.5824740723e-04    7.0646158854e-01
        75   -1.5849257180e+01    2.5199793952e+02   -2.7333584402e+01    1.1484327222e+01    1.0009453423e+01   -3.9585430468e+01    2.2423926429e+00    2.0480000000e+03    9.5420419037e-04    6.9685872396e-01
        76   -1.5837150149e+01    2.5153300300e+02   -2.7305886601e+01    1.1468736452e+01    9.9612516673e+00   -3.9351492318e+01    2.0843540499e+00    2.0480000000e+03    9.5482654175e-04    7.0328776042e-01
        77   -1.5831546208e+01    2.5135962931e+02   -2.7036951607e+01    1.1205405399e+01    9.9286703060e+00   -3.8960441396e+01    1.9948194829e+00    2.0480000000e+03    9.4938066406e-04    6.9913736979e-01
        78   -1.5836223164e+01    2.5153020157e+02   -2.6970575143e+01    1.1134351979e+01    9.9219485901e+00   -3.9004919318e+01    2.1123955852e+00    2.0480000000e+03    9.4895763000e-04    7.0060221354e-01
        79   -1.5837575843e+01    2.5155332914e+02   -2.7073992859e+01    1.1236417016e+01    9.9181080288e+00   -3.8969793319e+01    1.9776924318e+00    2.0480000000e+03    9.5557821869e-04    6.9889322917e-01
        80   -1.5802835029e+01    2.5039933033e+02   -2.6868696375e+01    1.1065861346e+01    9.9012816025e+00   -3.8726053517e+01    1.9560755394e+00    2.0480000000e+03    9.5172102356e-04    7.0458984375e-01
        81   -1.5812011572e+01    2.5074863769e+02   -2.6875999335e+01    1.1063987763e+01    9.9207615999e+00   -3.8802983296e+01    2.0062223605e+00    2.0480000000e+03    9.5318846863e-04    6.9905598958e-01
        82   -1.5816510601e+01    2.5084959491e+02   -2.6999309696e+01    1.1182799095e+01    9.9514420572e+00   -3.8775770295e+01    1.8250185422e+00    2.0480000000e+03    9.5357967682e-04    7.0507812500e-01
        83   -1.5840276311e+01    2.5155881330e+02   -2.6883941504e+01    1.1043665194e+01    9.8162497658e+00   -3.8643608445e+01    1.9434171751e+00    2.0480000000e+03    9.5048477142e-04    7.0312500000e-01
        84   -1.5815625844e+01    2.5083052101e+02   -2.6808311933e+01    1.0992686088e+01    9.8573996508e+00   -3.8583029132e+01    1.9173175487e+00    2.0480000000e+03    9.4564674164e-04    7.0458984375e-01
        85   -1.5852395401e+01    2.5204135123e+02   -2.7100072024e+01    1.1247676623e+01    9.7859685562e+00   -3.8806960387e+01    1.9209198069e+00    2.0480000000e+03    9.5107288269e-04    7.1069335937e-01
        86   -1.5854641314e+01    2.5215621274e+02   -2.7219084872e+01    1.1364443558e+01    9.9001563413e+00   -3.9098285271e+01    1.9790440576e+00    2.0480000000e+03    9.4687461700e-04    7.0117187500e-01
        87   -1.5845653619e+01    2.5249405760e+02   -2.7132853333e+01    1.1287199714e+01    9.9960199298e+00   -3.9091210906e+01    1.9623376426e+00    2.0480000000e+03    9.4652672455e-04    7.0035807292e-01
        88   -1.5822653810e+01    2.5133974201e+02   -2.7102097823e+01    1.1279444013e+01    9.9278963381e+00   -3.8953963521e+01    1.9239693597e+00    2.0480000000e+03    9.5412588287e-04    7.0141601562e-01
        89   -1.5825297724e+01    2.5134746112e+02   -2.7132371370e+01    1.1307073646e+01    9.9549547209e+00   -3.9007480149e+01    1.9201540587e+00    2.0480000000e+03    9.5373626770e-04    7.0320638021e-01
        90   -1.5847955517e+01    2.5185649474e+02   -2.7088826611e+01    1.1240871093e+01    9.9128655011e+00   -3.8933129509e+01    1.9314373976e+00    2.0480000000e+03    9.5770585022e-04    7.0524088542e-01
        91   -1.5845865989e+01    2.5169633571e+02   -2.6657268979e+01    1.0811402990e+01    9.9085169179e+00   -3.8617228215e+01    2.0514423184e+00    2.0480000000e+03    9.4641856720e-04    7.0304361979e-01
        92   -1.5863442840e+01    2.5261514509e+02   -2.6899745175e+01    1.1036302334e+01    9.9082672600e+00   -3.8765238830e+01    1.9572263953e+00    2.0480000000e+03    9.4919571625e-04    7.0678710937e-01
        93   -1.5850731936e+01    2.5199448648e+02   -2.6953131108e+01    1.1102399172e+01    9.8578267262e+00   -3.8763857420e+01    1.9528995857e+00    2.0480000000e+03    9.4888278351e-04    6.9930013021e-01
        94   -1.5829343540e+01    2.5128367522e+02   -2.6963201637e+01    1.1133858098e+01    9.8889648915e+00   -3.8775961022e+01    1.9237944933e+00    2.0480000000e+03    9.5287445770e-04    7.0206705729e-01
        95   -1.5842864175e+01    2.5183521049e+02   -2.6933760633e+01    1.1090896458e+01    9.9289079197e+00   -3.8999899267e+01    2.1372307142e+00    2.0480000000e+03    9.5472229889e-04    7.0393880208e-01
        96   -1.5844768094e+01    2.5184002890e+02   -2.7006659237e+01    1.1161891142e+01    9.8820592042e+00   -3.8940216762e+01    2.0514983215e+00    2.0480000000e+03    9.5876984894e-04    7.0068359375e-01
        97   -1.5851027264e+01    2.5197439219e+02   -2.7111597344e+01    1.1260570080e+01    9.9365491257e+00   -3.9170533621e+01    2.1223871508e+00    2.0480000000e+03    9.4801394073e-04    7.0703125000e-01
        98   -1.5859328956e+01    2.5248131429e+02   -2.7136957486e+01    1.1277628529e+01    9.9449602151e+00   -3.9129416930e+01    2.0474992296e+00    2.0480000000e+03    9.4613930084e-04    7.0003255208e-01
        99   -1.5886290402e+01    2.5318124014e+02   -2.7090521029e+01    1.1204230627e+01    9.9789057476e+00   -3.9175863824e+01    2.1064370474e+00    2.0480000000e+03    9.4846508636e-04    7.0882161458e-01
       100   -1.5854672167e+01    2.5219062847e+02   -2.7161877754e+01    1.1307205586e+01    9.9131801208e+00   -3.8898417242e+01    1.8233593679e+00    2.0480000000e+03    9.4999904175e-04    7.0629882812e-01
       101   -1.5836518169e+01    2.5156369561e+02   -2.7332271406e+01    1.1495753237e+01    9.9287844661e+00   -3.9273901335e+01    2.0128454627e+00    2.0480000000e+03    9.5161143158e-04    7.0377604167e-01
       102   -1.5889380980e+01    2.5327589210e+02   -2.7404048159e+01    1.1514667180e+01    1.0015353248e+01   -3.9372949238e+01    1.9535478304e+00    2.0480000000e+03    9.5372381653e-04    7.0385742187e-01
       103   -1.5835465350e+01    2.5143690564e+02   -2.7263147259e+01    1.1427681910e+01    1.0016714581e+01   -3.9341670033e+01    2.0618081932e+00    2.0480000000e+03    9.5494288879e-04    7.0190429687e-01
       104   -1.5856683412e+01    2.5218048533e+02   -2.7145871018e+01    1.1289187606e+01    9.9703638299e+00   -3.9155683642e+01    2.0394487942e+00    2.0480000000e+03    9.4842497925e-04    6.9783528646e-01
       105   -1.5826271531e+01    2.5126289450e+02   -2.6971205234e+01    1.1144933702e+01    9.9686060023e+00   -3.8947258972e+01    2.0074477361e+00    2.0480000000e+03    9.4975465546e-04    6.9628906250e-01
       106   -1.5827577073e+01    2.5119915419e+02   -2.7179344375e+01    1.1351767302e+01    9.9467706203e+00   -3.9046874648e+01    1.9207596533e+00    2.0480000000e+03    9.5421756683e-04    7.0222981771e-01
       107   -1.5838057052e+01    2.5170636130e+02   -2.7470331019e+01    1.1632273967e+01    9.9979258518e+00   -3.9376757658e+01    1.9085007871e+00    2.0480000000e+03    9.5208640381e-04    6.9376627604e-01
       108   -1.5843557377e+01    2.5182397214e+02   -2.7182676732e+01    1.1339119355e+01    1.0016552710e+01   -3.9392281235e+01    2.1930517927e+00    2.0480000000e+03    9.5660056610e-04    7.0182291667e-01
       109   -1.5822932335e+01    2.5114757410e+02   -2.7026929728e+01    1.1203997394e+01    9.9670709523e+00   -3.9028444560e+01    2.0344438791e+00    2.0480000000e+03    9.5996081085e-04    6.9970703125e-01
       110   -1.5833288892e+01    2.5144391843e+02   -2.7038941768e+01    1.1205652876e+01    1.0049657161e+01   -3.9224167052e+01    2.1355681230e+00    2.0480000000e+03    9.5623159393e-04    6.9816080729e-01
       111   -1.5838541598e+01    2.5160566809e+02   -2.6807737866e+01    1.0969196268e+01    9.9757737297e+00   -3.8926406399e+01    2.1428948031e+00    2.0480000000e+03    9.5714929779e-04    6.9962565104e-01
       112   -1.5841553997e+01    2.5166525165e+02   -2.7211042875e+01    1.1369488878e+01    9.9959741595e+00   -3.9112340375e+01    1.9053233402e+00    2.0480000000e+03    9.5869497162e-04    7.0564778646e-01
       113   -1.5835695224e+01    2.5146853514e+02   -2.7417955939e+01    1.1582260715e+01    1.0012458072e+01   -3.9363825620e+01    1.9334116093e+00    2.0480000000e+03    9.6286619507e-04    6.9767252604e-01
       114   -1.5872855570e+01    2.5266622866e+02   -2.7218545719e+01    1.1345690149e+01    1.0053160029e+01   -3.9370134322e+01    2.0984285741e+00    2.0480000000e+03    9.6485083466e-04    7.0198567708e-01
       115   -1.5811328983e+01    2.5076131461e+02   -2.7155254372e+01    1.1343925389e+01    9.9801034307e+00   -3.9317736518e+01    2.1823787152e+00    2.0480000000e+03    9.6266719482e-04    7.0068359375e-01
       116   -1.5820118248e+01    2.5101499772e+02   -2.7241707923e+01    1.1421589675e+01    1.0031543414e+01   -3.9394146425e+01    2.1208950870e+00    2.0480000000e+03    9.5384551666e-04    7.0043945312e-01
       117   -1.5818054655e+01    2.5087084371e+02   -2.7285592030e+01    1.1467537376e+01    9.9617245538e+00   -3.9395397421e+01    2.1480808363e+00    2.0480000000e+03    9.5803179657e-04    6.9588216146e-01
       118   -1.5809670454e+01    2.5062921000e+02   -2.7483128700e+01    1.1673458247e+01    9.9789623824e+00   -3.9555929503e+01    2.0938384201e+00    2.0480000000e+03    9.5707532715e-04    6.9913736979e-01
       119   -1.5806181269e+01    2.5062695671e+02   -2.7474094986e+01    1.1667913717e+01    9.9945675718e+00   -3.9675136478e+01    2.2064739200e+00    2.0480000000e+03    9.7104957947e-04    6.9661458333e-01
       120   -1.5829977010e+01    2.5127013594e+02   -2.7339608523e+01    1.1509631513e+01    1.0014813109e+01   -3.9597256892e+01    2.2428352601e+00    2.0480000000e+03    9.5485114197e-04    6.9620768229e-01
       121   -1.5834904493e+01    2.5145670835e+02   -2.7358288803e+01    1.1523384310e+01    9.9494263502e+00   -3.9115121876e+01    1.8074067233e+00    2.0480000000e+03    9.5344173676e-04    7.0239257812e-01
       122   -1.5850464846e+01    2.5190043560e+02   -2.7374021225e+01    1.1523556379e+01    9.9580061141e+00   -3.9333010865e+01    2.0009835257e+00    2.0480000000e+03    9.5237247681e-04    7.0979817708e-01
       123   -1.5832922089e+01    2.5146226625e+02   -2.7498217721e+01    1.1665295632e+01    9.9764930392e+00   -3.9364538710e+01    1.8898279503e+00    2.0480000000e+03    9.5228576355e-04    6.9995117187e-01
       124   -1.5812159028e+01    2.5078656483e+02   -2.7425854170e+01    1.1613695141e+01    9.9640630675e+00   -3.9416209709e+01    2.0262924714e+00    2.0480000000e+03    9.5080978882e-04    7.0442708333e-01
       125   -1.5854147618e+01    2.5213639584e+02   -2.7473541544e+01    1.1619393927e+01    9.9670936386e+00   -3.9367456621e+01    1.9268214381e+00    2.0480000000e+03    9.5795910919e-04    7.1012369792e-01
       126   -1.5813100160e+01    2.5069710488e+02   -2.7226584249e+01    1.1413484089e+01    9.9897671014e+00   -3.9219660701e+01    2.0033093499e+00    2.0480000000e+03    9.5155327087e-04    6.9637044271e-01
       127   -1.5831147833e+01    2.5138167067e+02   -2.7335962002e+01    1.1504814169e+01    1.0000178789e+01   -3.9189673384e+01    1.8535325925e+00    2.0480000000e+03    9.5840800354e-04    7.0174153646e-01
       128   -1.5823431655e+01    2.5106690043e+02   -2.7083899218e+01    1.1260467562e+01    9.9373182485e+00   -3.9011482695e+01    1.9902652287e+00    2.0480000000e+03    9.5524874298e-04    7.0328776042e-01
       129   -1.5833128741e+01    2.5135068180e+02   -2.7140536233e+01    1.1307407492e+01    9.9458380497e+00   -3.9015416652e+01    1.9290423692e+00    2.0480000000e+03    9.6064450653e-04    7.0353190104e-01
       130   -1.5833067982e+01    2.5159297291e+02   -2.7254608088e+01    1.1421540105e+01    9.9814766371e+00   -3.9228741660e+01    1.9926569353e+00    2.0480000000e+03    9.5447221222e-04    7.0157877604e-01
       131   -1.5854943031e+01    2.5214514690e+02   -2.7094017703e+01    1.1239074671e+01    9.9957606371e+00   -3.9009027207e+01    1.9192488674e+00    2.0480000000e+03    9.4806295380e-04    7.0719401042e-01
       132   -1.5838187452e+01    2.5171295749e+02   -2.7188817609e+01    1.1350630157e+01    9.9867689071e+00   -3.9042166650e+01    1.8665801337e+00    2.0480000000e+03    9.5536312714e-04    7.0312500000e-01
       133   -1.5823484217e+01    2.5119507459e+02   -2.7270617907e+01    1.1447133689e+01    1.0039178629e+01   -3.9375723411e+01    2.0659268749e+00    2.0480000000e+03    9.5568187439e-04    7.0060221354e-01
       134   -1.5848591852e+01    2.5187998896e+02   -2.7148203340e+01    1.1299611489e+01    9.9888554877e+00   -3.9359765249e+01    2.2227064211e+00    2.0480000000e+03    9.5871515076e-04    7.0475260417e-01
       135   -1.5836786640e+01    2.5168382908e+02   -2.7305595844e+01    1.1468809204e+01    9.9280965671e+00   -3.9247818658e+01    2.0141262461e+00    2.0480000000e+03    9.5825789978e-04    7.0247395833e-01
       136   -1.5849063614e+01    2.5194044619e+02   -2.7302975787e+01    1.1453912174e+01    9.9019688304e+00   -3.9088701423e+01    1.8837568046e+00    2.0480000000e+03    9.4695761292e-04    6.9856770833e-01
       137   -1.5836557046e+01    2.5150342613e+02   -2.6885237168e+01    1.1048680122e+01    9.9020411000e+00   -3.8820896943e+01    2.0336186745e+00    2.0480000000e+03    9.5351315826e-04    7.0174153646e-01
       138   -1.5833265795e+01    2.5144581877e+02   -2.6831407406e+01    1.0998141611e+01    9.9034153307e+00   -3.8860820193e+01    2.1259974565e+00    2.0480000000e+03    9.4482517639e-04    7.0581054687e-01
       139   -1.5835071953e+01    2.5158663037e+02   -2.7015282894e+01    1.1180210941e+01    9.9686527222e+00   -3.8924407512e+01    1.9404718962e+00    2.0480000000e+03    9.5862072601e-04    7.0410156250e-01
       140   -1.5849439584e+01    2.5202717696e+02   -2.6957967088e+01    1.1108527504e+01    9.9491713610e+00   -3.8933285744e+01    2.0261472947e+00    2.0480000000e+03    9.4889502655e-04    6.9807942708e-01
       141   -1.5833822945e+01    2.5133089657e+02   -2.7244472668e+01    1.1410649723e+01    1.0012142033e+01   -3.9231677991e+01    1.9750632910e+00    2.0480000000e+03    9.5244776886e-04    7.0857747396e-01
       142   -1.5836766712e+01    2.5157440974e+02   -2.6964889681e+01    1.1128122970e+01    9.9762681914e+00   -3.9006079847e+01    2.0649219743e+00    2.0480000000e+03    9.6359774933e-04    7.0857747396e-01
       143   -1.5858660093e+01    2.5228391601e+02   -2.7115525387e+01    1.1256865294e+01    1.0019704611e+01   -3.9374410714e+01    2.2391807151e+00    2.0480000000e+03    9.5188226562e-04    7.0100911458e-01
       144   -1.5857858834e+01    2.5236013461e+02   -2.7133444685e+01    1.1275585851e+01    9.9897023165e+00   -3.9159430568e+01    2.0362835669e+00    2.0480000000e+03    9.4699813782e-04    7.0499674479e-01
       145   -1.5847902535e+01    2.5199445307e+02   -2.7409755293e+01    1.1561852758e+01    1.0015472381e+01   -3.9435283549e+01    2.0100558754e+00    2.0480000000e+03    9.5218227783e-04    6.9954427083e-01
       146   -1.5845444023e+01    2.5199658141e+02   -2.7084582645e+01    1.1239138622e+01    9.9743265388e+00   -3.9185383409e+01    2.1264742247e+00    2.0480000000e+03    9.5461460571e-04    6.9954427083e-01
       147   -1.5861075517e+01    2.5237792156e+02   -2.7252976614e+01    1.1391901097e+01    9.9995377640e+00   -3.9255355239e+01    2.0028408604e+00    2.0480000000e+03    9.6341780060e-04    7.0206705729e-01
       148   -1.5817129647e+01    2.5102493224e+02   -2.7294146759e+01    1.1477017112e+01    1.0047981158e+01   -3.9304408390e+01    1.9622804736e+00    2.0480000000e+03    9.6348791260e-04    6.9742838542e-01
       149   -1.5810099238e+01    2.5064852899e+02   -2.7223438867e+01    1.1413339629e+01    9.9539586017e+00   -3.9132436751e+01    1.9550392827e+00    2.0480000000e+03    9.5619383392e-04    7.0393880208e-01
       150   -1.5858892824e+01    2.5238275850e+02   -2.7384788265e+01    1.1525895441e+01    1.0010778129e+01   -3.9306575030e+01    1.9110086367e+00    2.0480000000e+03    9.5464387085e-04    7.0003255208e-01
       151   -1.5865550054e+01    2.5241142960e+02   -2.7033319944e+01    1.1167769890e+01    9.9269052353e+00   -3.8939462463e+01    1.9792372834e+00    2.0480000000e+03    9.4903926239e-04    7.0719401042e-01
       152   -1.5825106443e+01    2.5114260074e+02   -2.7042307134e+01    1.1217200691e+01    9.9598575558e+00   -3.9056290799e+01    2.0541261095e+00    2.0480000000e+03    9.5623905762e-04    7.0499674479e-01
       153   -1.5848520551e+01    2.5199403165e+02   -2.7069296737e+01    1.1220776186e+01    9.9723674929e+00   -3.9198197044e+01    2.1565328137e+00    2.0480000000e+03    9.5194714600e-04    7.0239257812e-01
       154   -1.5812803798e+01    2.5073344057e+02   -2.7216119509e+01    1.1403315711e+01    9.9874442710e+00   -3.9001865449e+01    1.7983016685e+00    2.0480000000e+03    9.6162790863e-04    7.0141601562e-01
       155   -1.5854511457e+01    2.5232155985e+02   -2.7419453564e+01    1.1564942107e+01    9.9947266848e+00   -3.9240696174e+01    1.8265159251e+00    2.0480000000e+03    9.5927083252e-04    7.0385742187e-01
       156   -1.5875699018e+01    2.5317779403e+02   -2.7281935735e+01    1.1406236717e+01    9.9859194283e+00   -3.9139650831e+01    1.8717956670e+00    2.0480000000e+03    9.5523328644e-04    6.9433593750e-01
       157   -1.5865450282e+01    2.5260074060e+02   -2.7162479203e+01    1.1297028921e+01    1.0015923910e+01   -3.9148312787e+01    1.9699096743e+00    2.0480000000e+03    9.5063993256e-04    6.9897460937e-01
       158   -1.5815213630e+01    2.5114133203e+02   -2.7229225764e+01    1.1414012134e+01    9.9418131161e+00   -3.9097974575e+01    1.9269356944e+00    2.0480000000e+03    9.5541793091e-04    6.9962565104e-01
       159   -1.5845519190e+01    2.5280452110e+02   -2.7039384781e+01    1.1193865591e+01    9.9377413869e+00   -3.8982493836e+01    2.0053676687e+00    2.0480000000e+03    9.5132676941e-04    7.0703125000e-01
       160   -1.5876956567e+01    2.5384955445e+02   -2.7023730095e+01    1.1146773528e+01    9.9142323410e+00   -3.9130428542e+01    2.1924661057e+00    2.0480000000e+03    9.5232599243e-04    6.9864908854e-01
       161   -1.5807555004e+01    2.5173314650e+02   -2.7122060722e+01    1.1314505719e+01    9.9431909115e+00   -3.9118469447e+01    2.0532178136e+00    2.0480000000e+03    9.4869374512e-04    6.9799804687e-01
       162   -1.5843372279e+01    2.5272599399e+02   -2.7100612581e+01    1.1257240302e+01    9.9542022231e+00   -3.9048041388e+01    1.9932265843e+00    2.0480000000e+03    9.4985879791e-04    6.9759114583e-01
       163   -1.5840304988e+01    2.5207177754e+02   -2.7160203561e+01    1.1319898573e+01    9.9148871465e+00   -3.9142875404e+01    2.0677846963e+00    2.0480000000e+03    9.4787421143e-04    6.9490559896e-01
       164   -1.5850981152e+01    2.5203889872e+02   -2.7170287822e+01    1.1319306670e+01    9.9753398006e+00   -3.9239604004e+01    2.0939763816e+00    2.0480000000e+03    9.5639019196e-04    7.0263671875e-01
       165   -1.5831889025e+01    2.5145386624e+02   -2.7185272472e+01    1.1353383447e+01    9.9946149162e+00   -3.9216973490e+01    2.0370861017e+00    2.0480000000e+03    9.7515021423e-04    7.0581054687e-01
       166   -1.5816731535e+01    2.5129637457e+02   -2.7368869363e+01    1.1552137828e+01    1.0030192719e+01   -3.9378045868e+01    1.9789837857e+00    2.0480000000e+03    9.5805346130e-04    7.0166015625e-01
       167   -1.5841085442e+01    2.5188657837e+02   -2.7249348519e+01    1.1408263077e+01    9.9980498158e+00   -3.9452906777e+01    2.2055084421e+00    2.0480000000e+03    9.5638744263e-04    7.0190429687e-01
       168   -1.5846799022e+01    2.5217950353e+02   -2.7322942863e+01    1.1476143841e+01    1.0026112652e+01   -3.9262694009e+01    1.9136384938e+00    2.0480000000e+03    9.5375868195e-04    7.0109049479e-01
       169   -1.5854327504e+01    2.5252778974e+02   -2.7290665575e+01    1.1436338071e+01    1.0006781465e+01   -3.9265684127e+01    1.9682370873e+00    2.0480000000e+03    9.5395638733e-04    7.0027669271e-01
       170   -1.5836701174e+01    2.5192701519e+02   -2.7221810172e+01    1.1385108998e+01    1.0002009448e+01   -3.9122758179e+01    1.8989385591e+00    2.0480000000e+03    9.5132604492e-04    7.0141601562e-01
       171   -1.5843875342e+01    2.5187745794e+02   -2.7185916295e+01    1.1342040954e+01    9.9963462212e+00   -3.9216896483e+01    2.0346339663e+00    2.0480000000e+03    9.5484493713e-04    7.0426432292e-01
       172   -1.5887360508e+01    2.5328943369e+02   -2.7084605319e+01    1.1197244810e+01    1.0002430475e+01   -3.9321380230e+01    2.2343444366e+00    2.0480000000e+03    9.5723202515e-04    7.0751953125e-01
       173   -1.5886452297e+01    2.5316010789e+02   -2.7183432541e+01    1.1296980244e+01    9.9871812034e+00   -3.9213598581e+01    2.0429848361e+00    2.0480000000e+03    9.5508286041e-04    7.0263671875e-01
       174   -1.5847507845e+01    2.5203183754e+02   -2.6932036179e+01    1.1084528334e+01    9.9924075095e+00   -3.9027592810e+01    2.1031491217e+00    2.0480000000e+03    9.5680592773e-04    6.9718424479e-01
       175   -1.5840945695e+01    2.5394517482e+02   -2.6960359884e+01    1.1119414189e+01    1.0016707394e+01   -3.8960004936e+01    1.9829376580e+00    2.0480000000e+03    9.5697577423e-04    6.9490559896e-01
       176   -1.5897659173e+01    2.5407304254e+02   -2.6970036265e+01    1.1072377092e+01    9.9978412894e+00   -3.8917612595e+01    1.9497350405e+00    2.0480000000e+03    9.5716018219e-04    7.0483398437e-01
       177   -1.5825095452e+01    2.5193712805e+02   -2.7276865047e+01    1.1451769595e+01    1.0025968428e+01   -3.9372988630e+01    2.0701551549e+00    2.0480000000e+03    9.5243154297e-04    6.9604492187e-01
       178   -1.5819042061e+01    2.5240754933e+02   -2.7338999254e+01    1.1519957193e+01    1.0049341097e+01   -3.9431305919e+01    2.0429655679e+00    2.0480000000e+03    9.5360367493e-04    6.9482421875e-01
       179   -1.5826851607e+01    2.5210174006e+02   -2.7361540125e+01    1.1534688518e+01    1.0015326126e+01   -3.9470715642e+01    2.0938493911e+00    2.0480000000e+03    9.7046363647e-04    7.0003255208e-01
       180   -1.5824631994e+01    2.5287311264e+02   -2.7418302964e+01    1.1593670970e+01    1.0052828884e+01   -3.9481918771e+01    2.0107869225e+00    2.0480000000e+03    9.6169989899e-04    6.9807942708e-01
       181   -1.5791527828e+01    2.5274483035e+02   -2.7207979527e+01    1.1416451699e+01    1.0080624665e+01   -3.9216694498e+01    1.9280903057e+00    2.0480000000e+03    9.5686109467e-04    6.9848632812e-01
       182   -1.5815466882e+01    2.5202594792e+02   -2.7305828574e+01    1.1490361693e+01    1.0037892916e+01   -3.9157401863e+01    1.8136803722e+00    2.0480000000e+03    9.5544921265e-04    6.9750976562e-01
       183   -1.5820049956e+01    2.5215559479e+02   -2.7337166766e+01    1.1517116810e+01    9.9980442609e+00   -3.9283350322e+01    1.9481392948e+00    2.0480000000e+03    9.5226012390e-04    7.0214843750e-01
       184   -1.5793896521e+01    2.5176343289e+02   -2.7233928024e+01    1.1440031502e+01    1.0033028257e+01   -3.9346186053e+01    2.0792297729e+00    2.0480000000e+03    9.5867180420e-04    7.0271809896e-01
       185   -1.5814841261e+01    2.5166654414e+02   -2.7122561621e+01    1.1307720360e+01    1.0077367240e+01   -3.9365302882e+01    2.1653740209e+00    2.0480000000e+03    9.5398571991e-04    6.9873046875e-01
       186   -1.5839862239e+01    2.5212681785e+02   -2.7102041572e+01    1.1262179333e+01    1.0075549279e+01   -3.9206413745e+01    2.0288228944e+00    2.0480000000e+03    9.5644786163e-04    6.9490559896e-01
       187   -1.5849957119e+01    2.5269843087e+02   -2.7230407816e+01    1.1380450697e+01    1.0034075842e+01   -3.9188540032e+01    1.9240563744e+00    2.0480000000e+03    9.5450615753e-04    7.0092773437e-01
       188   -1.5862503276e+01    2.5303453123e+02   -2.6948943883e+01    1.1086440607e+01    9.9233567845e+00   -3.8852489453e+01    1.9801887860e+00    2.0480000000e+03    9.6382065247e-04    6.9523111979e-01
       189   -1.5859889076e+01    2.5269060638e+02   -2.6986805444e+01    1.1126916368e+01    9.9426138645e+00   -3.9051440765e+01    2.1220214562e+00    2.0480000000e+03    9.5103643707e-04    6.9254557292e-01
       190   -1.5853050423e+01    2.5249174117e+02   -2.7061951361e+01    1.1208900938e+01    9.9140280428e+00   -3.8939474190e+01    1.9634947866e+00    2.0480000000e+03    9.5182286255e-04    6.9970703125e-01
       191   -1.5866081781e+01    2.5258257492e+02   -2.6987892791e+01    1.1121811010e+01    9.9891666878e+00   -3.9113940984e+01    2.1368815054e+00    2.0480000000e+03    9.4816580963e-04    7.0190429687e-01
       192   -1.5819043651e+01    2.5144853220e+02   -2.7122075395e+01    1.1303031744e+01    1.0035114398e+01   -3.9213553065e+01    2.0563632721e+00    2.0480000000e+03    9.5543848572e-04    7.0442708333e-01
       193   -1.5843862381e+01    2.5288266926e+02   -2.6972985776e+01    1.1129123395e+01    9.9976793077e+00   -3.9183019722e+01    2.2123546391e+00    2.0480000000e+03    9.5460278870e-04    7.0019531250e-01
       194   -1.5876915411e+01    2.5346672049e+02   -2.7026701209e+01    1.1149785798e+01    1.0001458684e+01   -3.9308326006e+01    2.2801661131e+00    2.0480000000e+03    9.5271681030e-04    7.0206705729e-01
       195   -1.5850124547e+01    2.5355414763e+02   -2.7387320777e+01    1.1537196230e+01    1.0045752287e+01   -3.9474151468e+01    2.0410784044e+00    2.0480000000e+03    9.5698426819e-04    6.9498697917e-01
       196   -1.5871114266e+01    2.5383185721e+02   -2.7263866082e+01    1.1392751817e+01    9.9888509473e+00   -3.9311512352e+01    2.0587953224e+00    2.0480000000e+03    9.5788921204e-04    7.0296223958e-01
       197   -1.5856851884e+01    2.5443906446e+02   -2.7306425540e+01    1.1449573656e+01    9.9542665301e+00   -3.9095167037e+01    1.8344749669e+00    2.0480000000e+03    9.5455021118e-04    6.9360351562e-01
       198   -1.5871797856e+01    2.5390270707e+02   -2.7073903685e+01    1.1202105829e+01    9.9090025982e+00   -3.8958055592e+01    1.9751493085e+00    2.0480000000e+03    9.5038655945e-04    7.0239257812e-01
       199   -1.5852063830e+01    2.5462264724e+02   -2.7044694189e+01    1.1192630359e+01    9.9272542087e+00   -3.8932148904e+01    1.9602005070e+00    2.0480000000e+03    9.5541119934e-04    6.9840494792e-01
