#   index    LocalEnergy         LocalEnergy_sq      LocalPotential      Kinetic             ElecElec            LocalECP            NonLocalECP         BlockWeight         BlockCPU            AcceptRatio         
         0   -1.5843692510e+01    2.5195286294e+02   -2.7191554907e+01    1.1347862396e+01    1.0067936693e+01   -3.9314349602e+01    2.0548580024e+00    8.1920000000e+03    3.8610404779e-03    7.0275878906e-01
         1   -1.5845170156e+01    2.5180244199e+02   -2.7362239316e+01    1.1517069160e+01    1.0090531863e+01   -3.9429700438e+01    1.9769292587e+00    8.1920000000e+03    3.8613892496e-03    6.9812011719e-01
         2   -1.5880127074e+01    2.5314894164e+02   -2.7160047832e+01    1.1279920758e+01    1.0055276463e+01   -3.9248633810e+01    2.0333095159e+00    8.1920000000e+03    3.8743852979e-03    7.0365397135e-01
         3   -1.5847261219e+01    2.5197519968e+02   -2.7315587243e+01    1.1468326023e+01    1.0079547662e+01   -3.9342373261e+01    1.9472383562e+00    8.1920000000e+03    3.8674531998e-03    7.0056152344e-01
         4   -1.5835433218e+01    2.5174694579e+02   -2.7091232413e+01    1.1255799195e+01    1.0092431991e+01   -3.9186828687e+01    2.0031642833e+00    8.1920000000e+03    3.8651441534e-03    6.9962565104e-01
         5   -1.5827720428e+01    2.5129906425e+02   -2.7259153142e+01    1.1431432715e+01    1.0056203303e+01   -3.9299160538e+01    1.9838040927e+00    8.1920000000e+03    3.8418646100e-03    6.9765218099e-01
         6   -1.5836480617e+01    2.5154183343e+02   -2.7150320240e+01    1.1313839623e+01    1.0047421439e+01   -3.9290141973e+01    2.0924002940e+00    8.1920000000e+03    3.8526495700e-03    7.0206705729e-01
         7   -1.5823066508e+01    2.5108619355e+02   -2.7135310903e+01    1.1312244394e+01    1.0055479464e+01   -3.9125811787e+01    1.9350214206e+00    8.1920000000e+03    3.8616252698e-03    7.0163981120e-01
         8   -1.5843479920e+01    2.5176669977e+02   -2.7223448271e+01    1.1379968351e+01    1.0072032927e+01   -3.9397032915e+01    2.1015517172e+00    8.1920000000e+03    3.8770117325e-03    6.9799804687e-01
         9   -1.5846259876e+01    2.5183611379e+02   -2.7116804575e+01    1.1270544699e+01    1.0040699203e+01   -3.9171798208e+01    2.0142944291e+00    8.1920000000e+03    3.8547020602e-03    6.9995117187e-01
        10   -1.5863195302e+01    2.5235241256e+02   -2.6865645719e+01    1.1002450417e+01    9.9851260101e+00   -3.8712699038e+01    1.8619273087e+00    8.1920000000e+03    3.8369596448e-03    7.0495605469e-01
        11   -1.5830295058e+01    2.5127324338e+02   -2.6976188483e+01    1.1145893425e+01    9.9948922949e+00   -3.8949777020e+01    1.9786962422e+00    8.1920000000e+03    3.8572009863e-03    7.0235188802e-01
        12   -1.5863135039e+01    2.5237048302e+02   -2.7105407125e+01    1.1242272086e+01    1.0004359513e+01   -3.9242699279e+01    2.1329326406e+00    8.1920000000e+03    3.8520875079e-03    7.0064290365e-01
        13   -1.5859176237e+01    2.5217352844e+02   -2.7159679576e+01    1.1300503338e+01    1.0063915120e+01   -3.9276858965e+01    2.0532642697e+00    8.1920000000e+03    3.8846296841e-03    7.0129394531e-01
        14   -1.5854201376e+01    2.5205351107e+02   -2.7396552923e+01    1.1542351547e+01    1.0082460329e+01   -3.9443875627e+01    1.9648623756e+00    8.1920000000e+03    3.8807761694e-03    7.0013427734e-01
        15   -1.5854537969e+01    2.5206822689e+02   -2.7135240098e+01    1.1280702129e+01    1.0036556038e+01   -3.9192834857e+01    2.0210387206e+00    8.1920000000e+03    3.8522690765e-03    7.0286051432e-01
        16   -1.5844448101e+01    2.5186807153e+02   -2.7122372798e+01    1.1277924697e+01    1.0012295101e+01   -3.9076783021e+01    1.9421151219e+00    8.1920000000e+03    3.8489652353e-03    7.0253499349e-01
        17   -1.5852212883e+01    2.5210861728e+02   -2.7206359697e+01    1.1354146814e+01    1.0041076449e+01   -3.9234826115e+01    1.9873899688e+00    8.1920000000e+03    3.8683204651e-03    7.0548502604e-01
        18   -1.5857027296e+01    2.5212730368e+02   -2.7105622056e+01    1.1248594760e+01    1.0005310882e+01   -3.9096532306e+01    1.9855993681e+00    8.1920000000e+03    3.8408462106e-03    7.0155843099e-01
        19   -1.5855015143e+01    2.5206464490e+02   -2.7107960659e+01    1.1252945516e+01    1.0052382428e+01   -3.9225239643e+01    2.0648965561e+00    8.1920000000e+03    3.8520475775e-03    7.0275878906e-01
        20   -1.5857390831e+01    2.5215294335e+02   -2.7241172091e+01    1.1383781260e+01    1.0167970759e+01   -3.9495348008e+01    2.0862051577e+00    8.1920000000e+03    3.8901855911e-03    6.9948323568e-01
        21   -1.5863861099e+01    2.5235719249e+02   -2.7389175341e+01    1.1525314242e+01    1.0050890883e+01   -3.9466737511e+01    2.0266712868e+00    8.1920000000e+03    3.8597254874e-03    6.9848632812e-01
        22   -1.5849096200e+01    2.5199471373e+02   -2.7249138601e+01    1.1400042402e+01    1.0061801371e+01   -3.9323819958e+01    2.0128799854e+00    8.1920000000e+03    3.8655372351e-03    6.9889322917e-01
        23   -1.5837029355e+01    2.5151005346e+02   -2.7060007596e+01    1.1222978242e+01    1.0018325794e+01   -3.9131010546e+01    2.0526771552e+00    8.1920000000e+03    3.8480567279e-03    7.0168050130e-01
        24   -1.5854481775e+01    2.5203730564e+02   -2.7216562777e+01    1.1362081002e+01    1.0072212294e+01   -3.9435728883e+01    2.1469538123e+00    8.1920000000e+03    3.8628277191e-03    7.0129394531e-01
        25   -1.5848390821e+01    2.5188463224e+02   -2.7187649588e+01    1.1339258768e+01    1.0042698077e+01   -3.9316337362e+01    2.0859896973e+00    8.1920000000e+03    3.8558703598e-03    7.0271809896e-01
        26   -1.5879903873e+01    2.5285359145e+02   -2.7230161170e+01    1.1350257297e+01    1.0074174805e+01   -3.9389191818e+01    2.0848558428e+00    8.1920000000e+03    3.8969476337e-03    7.0019531250e-01
        27   -1.5852881974e+01    2.5204501108e+02   -2.7364349860e+01    1.1511467886e+01    1.0035498060e+01   -3.9371348476e+01    1.9715005561e+00    8.1920000000e+03    3.8715786826e-03    6.9903564453e-01
        28   -1.5849678631e+01    2.5188432814e+02   -2.7283210926e+01    1.1433532295e+01    1.0070185888e+01   -3.9432600494e+01    2.0792036798e+00    8.1920000000e+03    3.8578934811e-03    7.0188395182e-01
        29   -1.5856955570e+01    2.5211972384e+02   -2.7243250758e+01    1.1386295188e+01    1.0050238791e+01   -3.9293772706e+01    2.0002831570e+00    8.1920000000e+03    3.8773562653e-03    6.9984944661e-01
        30   -1.5830682621e+01    2.5128348861e+02   -2.7272329468e+01    1.1441646847e+01    1.0045124048e+01   -3.9254952380e+01    1.9374988635e+00    8.1920000000e+03    3.8621287616e-03    6.9779459635e-01
        31   -1.5820869891e+01    2.5099119595e+02   -2.7259286906e+01    1.1438417015e+01    1.0082604597e+01   -3.9482762939e+01    2.1408714354e+00    8.1920000000e+03    3.8810939139e-03    6.9757080078e-01
        32   -1.5838283470e+01    2.5150807374e+02   -2.7295875913e+01    1.1457592443e+01    1.0070547875e+01   -3.9380535496e+01    2.0141117086e+00    8.1920000000e+03    3.8623523300e-03    7.0090738932e-01
        33   -1.5848895936e+01    2.5214529747e+02   -2.7218472680e+01    1.1369576744e+01    1.0062533640e+01   -3.9421780322e+01    2.1407740023e+00    8.1920000000e+03    3.8583558484e-03    7.0153808594e-01
        34   -1.5863368053e+01    2.5234869698e+02   -2.7213109408e+01    1.1349741354e+01    1.0045006050e+01   -3.9345672536e+01    2.0875570785e+00    8.1920000000e+03    3.8675820712e-03    7.0027669271e-01
        35   -1.5852300515e+01    2.5198513891e+02   -2.7010127259e+01    1.1157826744e+01    1.0035455900e+01   -3.9093433142e+01    2.0478499837e+00    8.1920000000e+03    3.8579776508e-03    7.0025634766e-01
        36   -1.5851082126e+01    2.5201939554e+02   -2.7219020651e+01    1.1367938524e+01    1.0035901415e+01   -3.9238251330e+01    1.9833292633e+00    8.1920000000e+03    3.8607933325e-03    7.0334879557e-01
        37   -1.5842403975e+01    2.5168135477e+02   -2.7101056075e+01    1.1258652101e+01    1.0001775967e+01   -3.9164723560e+01    2.0618915174e+00    8.1920000000e+03    3.8682829486e-03    7.0381673177e-01
        38   -1.5831022966e+01    2.5128414286e+02   -2.7286473700e+01    1.1455450735e+01    1.0096669809e+01   -3.9548994630e+01    2.1658511200e+00    8.1920000000e+03    3.8578877625e-03    6.9787597656e-01
        39   -1.5853520219e+01    2.5211019725e+02   -2.7339549295e+01    1.1486029076e+01    1.0151031283e+01   -3.9507798175e+01    2.0172175970e+00    8.1920000000e+03    3.8873078107e-03    6.9820149740e-01
        40   -1.5866367983e+01    2.5242590767e+02   -2.7316611835e+01    1.1450243852e+01    1.0114821789e+01   -3.9524082078e+01    2.0926484537e+00    8.1920000000e+03    3.8649725043e-03    6.9830322266e-01
        41   -1.5865631957e+01    2.5241492465e+02   -2.7368031200e+01    1.1502399243e+01    1.0053672185e+01   -3.9443011359e+01    2.0213079744e+00    8.1920000000e+03    3.8577704684e-03    6.9907633464e-01
        42   -1.5872441164e+01    2.5258207912e+02   -2.7176059791e+01    1.1303618627e+01    9.9682183792e+00   -3.9124687081e+01    1.9804089109e+00    8.1920000000e+03    3.8456990424e-03    7.0045979818e-01
        43   -1.5868522636e+01    2.5249663541e+02   -2.7225822553e+01    1.1357299917e+01    1.0079865896e+01   -3.9454617673e+01    2.1489292248e+00    8.1920000000e+03    3.8785452307e-03    7.0204671224e-01
        44   -1.5868753876e+01    2.5255143193e+02   -2.7233504257e+01    1.1364750381e+01    1.0068738713e+01   -3.9451371166e+01    2.1491281951e+00    8.1920000000e+03    3.8624092325e-03    7.0068359375e-01
        45   -1.5830724525e+01    2.5131144178e+02   -2.7209550203e+01    1.1378825678e+01    1.0106892588e+01   -3.9387771670e+01    2.0713288798e+00    8.1920000000e+03    3.8689395120e-03    6.9616699219e-01
        46   -1.5849283142e+01    2.5185926505e+02   -2.7249433295e+01    1.1400150153e+01    1.0126200391e+01   -3.9444633388e+01    2.0689997033e+00    8.1920000000e+03    3.8756876962e-03    6.9952392578e-01
        47   -1.5858026822e+01    2.5235360854e+02   -2.7456840667e+01    1.1598813846e+01    1.0171996767e+01   -3.9727071967e+01    2.0982345326e+00    8.1920000000e+03    3.8688703903e-03    6.9980875651e-01
        48   -1.5843228387e+01    2.5162849590e+02   -2.7349111643e+01    1.1505883256e+01    1.0130696602e+01   -3.9472223501e+01    1.9924152558e+00    8.1920000000e+03    3.8841556244e-03    6.9816080729e-01
        49   -1.5850685724e+01    2.5192528006e+02   -2.7362941096e+01    1.1512255372e+01    1.0121937599e+01   -3.9366004237e+01    1.8811255415e+00    8.1920000000e+03    3.8927721237e-03    6.9474283854e-01
        50   -1.5851816139e+01    2.5202185344e+02   -2.7367545799e+01    1.1515729661e+01    1.0111105849e+01   -3.9539329372e+01    2.0606777239e+00    8.1920000000e+03    3.8825371628e-03    6.9706217448e-01
        51   -1.5832406402e+01    2.5137428821e+02   -2.7248073391e+01    1.1415666989e+01    1.0147504297e+01   -3.9426334493e+01    2.0307568055e+00    8.1920000000e+03    3.8778214148e-03    7.0009358724e-01
        52   -1.5827394778e+01    2.5128150679e+02   -2.7273876111e+01    1.1446481333e+01    1.0115488960e+01   -3.9336491595e+01    1.9471265240e+00    8.1920000000e+03    3.8691673517e-03    6.9797770182e-01
        53   -1.5841704362e+01    2.5174591430e+02   -2.7200939989e+01    1.1359235627e+01    1.0113924036e+01   -3.9443246051e+01    2.1283820252e+00    8.1920000000e+03    3.8583434882e-03    7.0155843099e-01
        54   -1.5848967125e+01    2.5199334454e+02   -2.7275366679e+01    1.1426399554e+01    1.0088053306e+01   -3.9423642504e+01    2.0602225183e+00    8.1920000000e+03    3.8858677899e-03    6.9720458984e-01
        55   -1.5845278538e+01    2.5177290661e+02   -2.7326193411e+01    1.1480914873e+01    1.0147161090e+01   -3.9517844853e+01    2.0444903519e+00    8.1920000000e+03    3.8743093298e-03    6.9822184245e-01
        56   -1.5851956626e+01    2.5198647948e+02   -2.7215611249e+01    1.1363654623e+01    1.0162292053e+01   -3.9475334265e+01    2.0974309633e+00    8.1920000000e+03    3.8759210626e-03    6.9801839193e-01
        57   -1.5848493225e+01    2.5185666386e+02   -2.7042453754e+01    1.1193960529e+01    1.0055899867e+01   -3.9006294486e+01    1.9079408640e+00    8.1920000000e+03    3.8684794595e-03    6.9848632812e-01
        58   -1.5867131298e+01    2.5241520277e+02   -2.7171112226e+01    1.1303980928e+01    1.0047764917e+01   -3.9169085760e+01    1.9502086176e+00    8.1920000000e+03    3.8628890628e-03    6.9812011719e-01
        59   -1.5840479834e+01    2.5156546636e+02   -2.7247631142e+01    1.1407151309e+01    1.0058069504e+01   -3.9308821580e+01    2.0031209337e+00    8.1920000000e+03    3.8718909607e-03    7.0281982422e-01
        60   -1.5844676738e+01    2.5172643105e+02   -2.7292821681e+01    1.1448144943e+01    1.0072756770e+01   -3.9410419843e+01    2.0448413916e+00    8.1920000000e+03    3.8722149094e-03    7.0086669922e-01
        61   -1.5855790820e+01    2.5207207557e+02   -2.7157777656e+01    1.1301986836e+01    9.9932806436e+00   -3.9188114004e+01    2.0370557043e+00    8.1920000000e+03    3.8558055157e-03    7.0253499349e-01
        62   -1.5857316113e+01    2.5213901954e+02   -2.7153332801e+01    1.1296016688e+01    1.0040897429e+01   -3.9163277367e+01    1.9690471372e+00    8.1920000000e+03    3.8612437015e-03    7.0385742187e-01
        63   -1.5867618191e+01    2.5246195097e+02   -2.7197305874e+01    1.1329687683e+01    1.0041292491e+01   -3.9202986789e+01    1.9643884229e+00    8.1920000000e+03    3.8534236972e-03    7.0330810547e-01
        64   -1.5842927354e+01    2.5183039268e+02   -2.6997412371e+01    1.1154485018e+01    1.0013792520e+01   -3.8908394129e+01    1.8971892372e+00    8.1920000000e+03    3.8639381589e-03    7.0060221354e-01
        65   -1.5837212194e+01    2.5146750369e+02   -2.7114354968e+01    1.1277142774e+01    1.0101326429e+01   -3.9176262583e+01    1.9605811854e+00    8.1920000000e+03    3.8755410980e-03    7.0035807292e-01
        66   -1.5852884820e+01    2.5199501577e+02   -2.7168592536e+01    1.1315707717e+01    1.0119441869e+01   -3.9376950852e+01    2.0889164470e+00    8.1920000000e+03    3.8841974374e-03    7.0064290365e-01
        67   -1.5848378293e+01    2.5179780832e+02   -2.6874708997e+01    1.1026330704e+01    1.0028478192e+01   -3.8974543337e+01    2.0713561478e+00    8.1920000000e+03    3.8510584341e-03    6.9893391927e-01
        68   -1.5857494941e+01    2.5216237056e+02   -2.7030348534e+01    1.1172853593e+01    1.0021926794e+01   -3.9217514493e+01    2.1652391652e+00    8.1920000000e+03    3.8495656882e-03    7.0202636719e-01
        69   -1.5836285525e+01    2.5146845020e+02   -2.7153229023e+01    1.1316943498e+01    1.0076253418e+01   -3.9286198045e+01    2.0567156042e+00    8.1920000000e+03    3.8672789441e-03    7.0151774089e-01
        70   -1.5842918228e+01    2.5176194080e+02   -2.6996658694e+01    1.1153740466e+01    1.0040936321e+01   -3.9065805012e+01    2.0282099977e+00    8.1920000000e+03    3.8393376691e-03    7.0284016927e-01
        71   -1.5856570791e+01    2.5213449942e+02   -2.7236433308e+01    1.1379862516e+01    1.0053242246e+01   -3.9397317476e+01    2.1076419222e+00    8.1920000000e+03    3.8612647693e-03    6.9972737630e-01
        72   -1.5842370823e+01    2.5171551324e+02   -2.7231530184e+01    1.1389159361e+01    1.0087242526e+01   -3.9358979117e+01    2.0402064075e+00    8.1920000000e+03    3.8928809592e-03    7.0037841797e-01
        73   -1.5847891763e+01    2.5182744018e+02   -2.7108204372e+01    1.1260312609e+01    1.0076206890e+01   -3.9260536381e+01    2.0761251192e+00    8.1920000000e+03    3.8724991605e-03    7.0072428385e-01
        74   -1.5852561123e+01    2.5195460417e+02   -2.7188556167e+01    1.1335995044e+01    1.0046927168e+01   -3.9346429435e+01    2.1109460998e+00    8.1920000000e+03    3.8615657730e-03    6.9801839193e-01
        75   -1.5840783580e+01    2.5157480792e+02   -2.7181308998e+01    1.1340525419e+01    1.0101562538e+01   -3.9262425319e+01    1.9795537836e+00    8.1920000000e+03    3.8683850403e-03    6.9769287109e-01
        76   -1.5855311101e+01    2.5208403404e+02   -2.7204372230e+01    1.1349061129e+01    1.0065071224e+01   -3.9400132245e+01    2.1306887916e+00    8.1920000000e+03    3.8535219675e-03    7.0003255208e-01
        77   -1.5844174831e+01    2.5166904177e+02   -2.7022891943e+01    1.1178717112e+01    1.0021593257e+01   -3.9139493069e+01    2.0950078692e+00    8.1920000000e+03    3.8625234918e-03    7.0387776693e-01
        78   -1.5848322588e+01    2.5185569636e+02   -2.7143605529e+01    1.1295282941e+01    1.0009358361e+01   -3.9190817131e+01    2.0378532413e+00    8.1920000000e+03    3.8692108307e-03    7.0640055339e-01
        79   -1.5855040512e+01    2.5213762977e+02   -2.7039057626e+01    1.1184017113e+01    9.9961956525e+00   -3.9050917307e+01    2.0156640291e+00    8.1920000000e+03    3.8423150970e-03    7.0190429687e-01
        80   -1.5837569163e+01    2.5149323653e+02   -2.7073482227e+01    1.1235913064e+01    1.0065748904e+01   -3.9099115341e+01    1.9598842097e+00    8.1920000000e+03    3.8597115848e-03    6.9836425781e-01
        81   -1.5836348831e+01    2.5149429005e+02   -2.7063894644e+01    1.1227545813e+01    1.0016698204e+01   -3.9128108312e+01    2.0475154650e+00    8.1920000000e+03    3.8488339227e-03    7.0369466146e-01
        82   -1.5844194645e+01    2.5172787192e+02   -2.7173684140e+01    1.1329489495e+01    1.0006153340e+01   -3.9211622402e+01    2.0317849221e+00    8.1920000000e+03    3.8386139795e-03    7.0029703776e-01
        83   -1.5864715795e+01    2.5239625860e+02   -2.7203513916e+01    1.1338798121e+01    1.0065136701e+01   -3.9472297106e+01    2.2036464889e+00    8.1920000000e+03    3.8762097574e-03    7.0387776693e-01
        84   -1.5835951882e+01    2.5157784625e+02   -2.7263848301e+01    1.1427896420e+01    1.0127256299e+01   -3.9466712797e+01    2.0756081962e+00    8.1920000000e+03    3.8636225275e-03    6.9980875651e-01
        85   -1.5837178656e+01    2.5148846338e+02   -2.7038359830e+01    1.1201181175e+01    1.0065751738e+01   -3.9229582652e+01    2.1254710844e+00    8.1920000000e+03    3.8646834570e-03    7.0027669271e-01
        86   -1.5854115151e+01    2.5205310985e+02   -2.7255785412e+01    1.1401670261e+01    1.0106237261e+01   -3.9467491779e+01    2.1054691053e+00    8.1920000000e+03    3.8721214734e-03    7.0119222005e-01
        87   -1.5849431960e+01    2.5189483465e+02   -2.7395806719e+01    1.1546374759e+01    1.0136311008e+01   -3.9545407588e+01    2.0132898618e+00    8.1920000000e+03    3.8908121368e-03    6.9828287760e-01
        88   -1.5861277334e+01    2.5226420715e+02   -2.7307415508e+01    1.1446138175e+01    1.0087394696e+01   -3.9452494012e+01    2.0576838077e+00    8.1920000000e+03    3.8789005008e-03    6.9871012370e-01
        89   -1.5845858760e+01    2.5178022994e+02   -2.7274864200e+01    1.1429005441e+01    1.0063694120e+01   -3.9327249401e+01    1.9886910812e+00    8.1920000000e+03    3.8896148865e-03    6.9698079427e-01
        90   -1.5866918501e+01    2.5241387438e+02   -2.7193763574e+01    1.1326845073e+01    1.0064349068e+01   -3.9284427332e+01    2.0263146906e+00    8.1920000000e+03    3.8693848761e-03    6.9797770182e-01
        91   -1.5845855133e+01    2.5180189652e+02   -2.7327541352e+01    1.1481686219e+01    1.0123070852e+01   -3.9573608099e+01    2.1229958946e+00    8.1920000000e+03    3.8791532513e-03    7.0076497396e-01
        92   -1.5872240882e+01    2.5263266661e+02   -2.7292654652e+01    1.1420413770e+01    1.0079699594e+01   -3.9507269907e+01    2.1349156612e+00    8.1920000000e+03    3.8773882431e-03    6.9879150391e-01
        93   -1.5829825777e+01    2.5129900396e+02   -2.7329764626e+01    1.1499938849e+01    1.0154268075e+01   -3.9546288737e+01    2.0622560355e+00    8.1920000000e+03    3.8687842059e-03    6.9897460937e-01
        94   -1.5845522385e+01    2.5175608174e+02   -2.7329856688e+01    1.1484334303e+01    1.0100815804e+01   -3.9487545469e+01    2.0568729776e+00    8.1920000000e+03    3.8823206204e-03    6.9278971354e-01
        95   -1.5836375074e+01    2.5151236411e+02   -2.7298480584e+01    1.1462105510e+01    1.0055486365e+01   -3.9446159923e+01    2.0921929746e+00    8.1920000000e+03    3.8638724271e-03    6.9980875651e-01
        96   -1.5846702060e+01    2.5185826199e+02   -2.7325293609e+01    1.1478591549e+01    1.0039671542e+01   -3.9401077873e+01    2.0361127214e+00    8.1920000000e+03    3.8518213602e-03    7.0090738932e-01
        97   -1.5849296286e+01    2.5196889305e+02   -2.7408527139e+01    1.1559230852e+01    1.0059635558e+01   -3.9575660127e+01    2.1074974305e+00    8.1920000000e+03    3.8541938480e-03    7.0194498698e-01
        98   -1.5863342807e+01    2.5233310147e+02   -2.7400786251e+01    1.1537443443e+01    1.0091286322e+01   -3.9615554111e+01    2.1234815379e+00    8.1920000000e+03    3.8674224310e-03    6.9679768880e-01
        99   -1.5837606402e+01    2.5159328058e+02   -2.7275757096e+01    1.1438150694e+01    1.0057190297e+01   -3.9425394523e+01    2.0924471307e+00    8.1920000000e+03    3.8629432394e-03    6.9744873047e-01
       100   -1.5848336575e+01    2.5197313738e+02   -2.7276170530e+01    1.1427833955e+01    1.0060794761e+01   -3.9480532997e+01    2.1435677067e+00    8.1920000000e+03    3.8642183035e-03    7.0094807943e-01
       101   -1.5855462292e+01    2.5211051323e+02   -2.7239653176e+01    1.1384190884e+01    1.0049847674e+01   -3.9367811753e+01    2.0783109025e+00    8.1920000000e+03    3.8666631601e-03    7.0231119792e-01
       102   -1.5840866207e+01    2.5161606165e+02   -2.7222333653e+01    1.1381467447e+01    1.0077455759e+01   -3.9369098199e+01    2.0693087859e+00    8.1920000000e+03    3.8508413828e-03    7.0143636068e-01
       103   -1.5846768474e+01    2.5186025649e+02   -2.7299098233e+01    1.1452329759e+01    1.0068319914e+01   -3.9434769868e+01    2.0673517209e+00    8.1920000000e+03    3.8498305197e-03    7.0227050781e-01
       104   -1.5869984915e+01    2.5257047494e+02   -2.7319910817e+01    1.1449925902e+01    1.0109722176e+01   -3.9515180612e+01    2.0855476189e+00    8.1920000000e+03    3.8805838998e-03    7.0251464844e-01
       105   -1.5855756873e+01    2.5204363294e+02   -2.7220200891e+01    1.1364444017e+01    1.0076373945e+01   -3.9270622974e+01    1.9740481376e+00    8.1920000000e+03    3.8721047177e-03    7.0074462891e-01
       106   -1.5878251935e+01    2.5281473238e+02   -2.7208994049e+01    1.1330742113e+01    1.0057792905e+01   -3.9254705221e+01    1.9879182677e+00    8.1920000000e+03    3.8754790991e-03    6.9795735677e-01
       107   -1.5850580480e+01    2.5188072292e+02   -2.7259712425e+01    1.1409131946e+01    1.0079543141e+01   -3.9274581956e+01    1.9353263894e+00    8.1920000000e+03    3.8656014621e-03    6.9854736328e-01
       108   -1.5848752302e+01    2.5181090175e+02   -2.7216999676e+01    1.1368247374e+01    1.0084330965e+01   -3.9301987184e+01    2.0006565425e+00    8.1920000000e+03    3.8708646976e-03    7.0383707682e-01
       109   -1.5867377162e+01    2.5254745865e+02   -2.7393023742e+01    1.1525646579e+01    1.0149007071e+01   -3.9635663942e+01    2.0936331288e+00    8.1920000000e+03    3.8798365527e-03    6.9604492187e-01
       110   -1.5874272791e+01    2.5265563909e+02   -2.7440503095e+01    1.1566230304e+01    1.0151129504e+01   -3.9676911376e+01    2.0852787767e+00    8.1920000000e+03    3.8919428464e-03    6.9814046224e-01
       111   -1.5862285516e+01    2.5232913877e+02   -2.7421406729e+01    1.1559121213e+01    1.0096331874e+01   -3.9626392696e+01    2.1086540943e+00    8.1920000000e+03    3.8810276047e-03    6.9932047526e-01
       112   -1.5857147266e+01    2.5214026767e+02   -2.7242470385e+01    1.1385323119e+01    1.0043583842e+01   -3.9362056085e+01    2.0760018579e+00    8.1920000000e+03    3.8739835660e-03    6.9962565104e-01
       113   -1.5846404683e+01    2.5182439308e+02   -2.7204216308e+01    1.1357811626e+01    1.0118156160e+01   -3.9378604470e+01    2.0562320008e+00    8.1920000000e+03    3.8692289584e-03    7.0003255208e-01
       114   -1.5862748734e+01    2.5234270692e+02   -2.7293928512e+01    1.1431179778e+01    1.0093899216e+01   -3.9527084369e+01    2.1392566407e+00    8.1920000000e+03    3.8696465527e-03    6.9864908854e-01
       115   -1.5868934696e+01    2.5249291331e+02   -2.7396044118e+01    1.1527109422e+01    1.0142619096e+01   -3.9542853166e+01    2.0041899520e+00    8.1920000000e+03    3.8812387912e-03    6.9698079427e-01
       116   -1.5846130260e+01    2.5177572361e+02   -2.7191444000e+01    1.1345313740e+01    1.0124272056e+01   -3.9356639319e+01    2.0409232634e+00    8.1920000000e+03    3.8719706366e-03    6.9750976562e-01
       117   -1.5844409948e+01    2.5177376126e+02   -2.7343677147e+01    1.1499267199e+01    1.0049661027e+01   -3.9445909002e+01    2.0525708275e+00    8.1920000000e+03    3.8608512823e-03    7.0239257812e-01
       118   -1.5850408206e+01    2.5191537477e+02   -2.7450751475e+01    1.1600343269e+01    1.0122709410e+01   -3.9566677917e+01    1.9932170323e+00    8.1920000000e+03    3.9080405057e-03    6.9938151042e-01
       119   -1.5855337700e+01    2.5214538557e+02   -2.7556703413e+01    1.1701365713e+01    1.0150133970e+01   -3.9682480184e+01    1.9756428014e+00    8.1920000000e+03    3.8992258115e-03    6.9651285807e-01
       120   -1.5865745960e+01    2.5245534848e+02   -2.7366673959e+01    1.1500927998e+01    1.0152551243e+01   -3.9614595813e+01    2.0953706113e+00    8.1920000000e+03    3.8795256723e-03    6.9702148437e-01
       121   -1.5848317527e+01    2.5184988667e+02   -2.7133659625e+01    1.1285342098e+01    1.0076450327e+01   -3.9283236218e+01    2.0731262662e+00    8.1920000000e+03    3.8512363498e-03    7.0161946615e-01
       122   -1.5843133547e+01    2.5167923398e+02   -2.7278566193e+01    1.1435432645e+01    1.0061993753e+01   -3.9418495042e+01    2.0779350959e+00    8.1920000000e+03    3.8615477884e-03    6.9824218750e-01
       123   -1.5841411693e+01    2.5168267234e+02   -2.7357137617e+01    1.1515725923e+01    1.0091832544e+01   -3.9444271116e+01    1.9953009551e+00    8.1920000000e+03    3.8693796622e-03    6.9921875000e-01
       124   -1.5853786549e+01    2.5202390343e+02   -2.7156405659e+01    1.1302619110e+01    1.0010191147e+01   -3.9168489043e+01    2.0018922368e+00    8.1920000000e+03    3.8766744345e-03    6.9875081380e-01
       125   -1.5840072465e+01    2.5161258540e+02   -2.7034394832e+01    1.1194322367e+01    9.9641628171e+00   -3.8977657580e+01    1.9790999309e+00    8.1920000000e+03    3.8422045227e-03    7.0355224609e-01
       126   -1.5838963911e+01    2.5162981352e+02   -2.7186210934e+01    1.1347247023e+01    1.0046003228e+01   -3.9280358898e+01    2.0481447362e+00    8.1920000000e+03    3.8466473029e-03    7.0029703776e-01
       127   -1.5857667023e+01    2.5214628944e+02   -2.7293506979e+01    1.1435839956e+01    1.0119525579e+01   -3.9515661078e+01    2.1026285196e+00    8.1920000000e+03    3.8648680615e-03    6.9932047526e-01
       128   -1.5864986157e+01    2.5234615404e+02   -2.7265853708e+01    1.1400867551e+01    1.0074839006e+01   -3.9379429898e+01    2.0387371835e+00    8.1920000000e+03    3.8785244220e-03    7.0074462891e-01
       129   -1.5845215204e+01    2.5175066198e+02   -2.7303839048e+01    1.1458623844e+01    1.0130927196e+01   -3.9589285603e+01    2.1545193592e+00    8.1920000000e+03    3.8829109390e-03    6.9696044922e-01
       130   -1.5866173926e+01    2.5238573332e+02   -2.7163877854e+01    1.1297703928e+01    1.0105754433e+01   -3.9299073555e+01    2.0294412675e+00    8.1920000000e+03    3.8865398553e-03    7.0037841797e-01
       131   -1.5843446127e+01    2.5176662045e+02   -2.7173917065e+01    1.1330470939e+01    1.0047915047e+01   -3.9193846230e+01    1.9720141174e+00    8.1920000000e+03    3.8681892007e-03    7.0031738281e-01
       132   -1.5821423328e+01    2.5105197435e+02   -2.7145671636e+01    1.1324248308e+01    1.0058592814e+01   -3.9353633424e+01    2.1493689733e+00    8.1920000000e+03    3.8541905930e-03    7.0448811849e-01
       133   -1.5829885454e+01    2.5134555761e+02   -2.7387770223e+01    1.1557884769e+01    1.0053998317e+01   -3.9414806940e+01    1.9730384002e+00    8.1920000000e+03    3.8624842117e-03    7.0385742187e-01
       134   -1.5836963297e+01    2.5148769480e+02   -2.7402155803e+01    1.1565192507e+01    1.0050048540e+01   -3.9334691673e+01    1.8824873300e+00    8.1920000000e+03    3.8641775958e-03    7.0170084635e-01
       135   -1.5840913768e+01    2.5165744979e+02   -2.7127852480e+01    1.1286938712e+01    1.0084403965e+01   -3.9323831579e+01    2.1115751338e+00    8.1920000000e+03    3.8683500345e-03    7.0107014974e-01
       136   -1.5836704871e+01    2.5149960119e+02   -2.7180479420e+01    1.1343774549e+01    1.0060245895e+01   -3.9155557630e+01    1.9148323147e+00    8.1920000000e+03    3.8667919894e-03    7.0159912109e-01
       137   -1.5855631013e+01    2.5207078515e+02   -2.7045213607e+01    1.1189582594e+01    1.0011044262e+01   -3.9067804945e+01    2.0115470762e+00    8.1920000000e+03    3.8459047351e-03    7.0245361328e-01
       138   -1.5855213447e+01    2.5208154154e+02   -2.7134280278e+01    1.1279066830e+01    1.0056274915e+01   -3.9124412296e+01    1.9338571027e+00    8.1920000000e+03    3.8752572217e-03    7.0263671875e-01
       139   -1.5857997687e+01    2.5218419339e+02   -2.7216601225e+01    1.1358603538e+01    1.0001805227e+01   -3.9300542382e+01    2.0821359305e+00    8.1920000000e+03    3.8551388260e-03    6.9991048177e-01
       140   -1.5852954292e+01    2.5208163802e+02   -2.7236337708e+01    1.1383383416e+01    1.0100275042e+01   -3.9382962761e+01    2.0463500108e+00    8.1920000000e+03    3.8854495349e-03    7.0141601562e-01
       141   -1.5843019392e+01    2.5168451622e+02   -2.7206301408e+01    1.1363282016e+01    1.0099722942e+01   -3.9319330972e+01    2.0133066212e+00    8.1920000000e+03    3.8988448337e-03    7.0178222656e-01
       142   -1.5830867204e+01    2.5133036997e+02   -2.7154245915e+01    1.1323378711e+01    1.0040985330e+01   -3.9163600197e+01    1.9683689520e+00    8.1920000000e+03    3.8560486572e-03    7.0043945312e-01
       143   -1.5870191179e+01    2.5256599664e+02   -2.7212251049e+01    1.1342059870e+01    1.0081452175e+01   -3.9281473353e+01    1.9877701292e+00    8.1920000000e+03    3.8708550818e-03    7.0336914062e-01
       144   -1.5867446025e+01    2.5245753111e+02   -2.7284744209e+01    1.1417298184e+01    1.0116367897e+01   -3.9341157760e+01    1.9400456537e+00    8.1920000000e+03    3.8830821857e-03    7.0098876953e-01
       145   -1.5845381648e+01    2.5177327399e+02   -2.7304924734e+01    1.1459543086e+01    1.0063651813e+01   -3.9501608046e+01    2.1330314993e+00    8.1920000000e+03    3.8561927905e-03    6.9997151693e-01
       146   -1.5854133402e+01    2.5215334538e+02   -2.7358237261e+01    1.1504103859e+01    1.0078050904e+01   -3.9473315691e+01    2.0370275253e+00    8.1920000000e+03    3.8752137222e-03    6.9899495443e-01
       147   -1.5840117586e+01    2.5158617119e+02   -2.7292282372e+01    1.1452164786e+01    1.0055117365e+01   -3.9367203898e+01    2.0198041618e+00    8.1920000000e+03    3.8714610593e-03    7.0186360677e-01
       148   -1.5856023445e+01    2.5205599766e+02   -2.7164003254e+01    1.1307979809e+01    1.0069946867e+01   -3.9166218488e+01    1.9322683679e+00    8.1920000000e+03    3.8611369855e-03    6.9942220052e-01
       149   -1.5868584712e+01    2.5256353463e+02   -2.7254194792e+01    1.1385610079e+01    1.0139966145e+01   -3.9542032641e+01    2.1478717041e+00    8.1920000000e+03    3.8890880124e-03    7.0019531250e-01
       150   -1.5858717214e+01    2.5216656478e+02   -2.7292237823e+01    1.1433520609e+01    1.0110977155e+01   -3.9554030732e+01    2.1508157543e+00    8.1920000000e+03    3.8600228870e-03    6.9932047526e-01
       151   -1.5841433721e+01    2.5167960940e+02   -2.7357155789e+01    1.1515722068e+01    1.0129438944e+01   -3.9618123087e+01    2.1315283544e+00    8.1920000000e+03    3.8635450677e-03    6.9875081380e-01
       152   -1.5842863962e+01    2.5165616979e+02   -2.7191788927e+01    1.1348924965e+01    1.0008305480e+01   -3.9295335077e+01    2.0952406690e+00    8.1920000000e+03    3.8485473154e-03    6.9789632161e-01
       153   -1.5822965205e+01    2.5104516044e+02   -2.7170077534e+01    1.1347112329e+01    1.0038293682e+01   -3.9149425097e+01    1.9410538824e+00    8.1920000000e+03    3.8625381110e-03    7.0249430339e-01
       154   -1.5827103050e+01    2.5118713851e+02   -2.7288514500e+01    1.1461411450e+01    1.0027492827e+01   -3.9183402813e+01    1.8673954862e+00    8.1920000000e+03    3.8716263647e-03    7.0021565755e-01
       155   -1.5862758711e+01    2.5228830986e+02   -2.7175342680e+01    1.1312583969e+01    1.0093845212e+01   -3.9238261756e+01    1.9690738639e+00    8.1920000000e+03    3.8694063083e-03    7.0159912109e-01
       156   -1.5843475328e+01    2.5167103155e+02   -2.6993423032e+01    1.1149947704e+01    1.0034370185e+01   -3.9012269900e+01    1.9844766828e+00    8.1920000000e+03    3.8442542310e-03    7.0456949870e-01
       157   -1.5860209813e+01    2.5225395152e+02   -2.7243520428e+01    1.1383310615e+01    1.0017095196e+01   -3.9219017124e+01    1.9584015005e+00    8.1920000000e+03    3.8381354099e-03    7.0310465495e-01
       158   -1.5846268308e+01    2.5182357123e+02   -2.7084967720e+01    1.1238699411e+01    9.9754987596e+00   -3.9079524413e+01    2.0190579334e+00    8.1920000000e+03    3.8437873944e-03    7.0296223958e-01
       159   -1.5841527053e+01    2.5167622546e+02   -2.7257035206e+01    1.1415508153e+01    1.0056874512e+01   -3.9377995570e+01    2.0640858523e+00    8.1920000000e+03    3.8532417252e-03    7.0200602214e-01
       160   -1.5846157692e+01    2.5180103059e+02   -2.7052532889e+01    1.1206375196e+01    9.9984250215e+00   -3.9113016518e+01    2.0620586074e+00    8.1920000000e+03    3.8644220148e-03    7.0178222656e-01
       161   -1.5834524184e+01    2.5146023302e+02   -2.7198226270e+01    1.1363702086e+01    1.0068657082e+01   -3.9320611366e+01    2.0537280145e+00    8.1920000000e+03    3.8538217288e-03    6.9989013672e-01
       162   -1.5826544803e+01    2.5120152563e+02   -2.7096696436e+01    1.1270151633e+01    1.0066842805e+01   -3.9273015298e+01    2.1094760574e+00    8.1920000000e+03    3.8664690799e-03    7.0438639323e-01
       163   -1.5856289273e+01    2.5211317658e+02   -2.7401845657e+01    1.1545556383e+01    1.0118853863e+01   -3.9676175560e+01    2.1554760403e+00    8.1920000000e+03    3.8877953131e-03    7.0115152995e-01
       164   -1.5861170303e+01    2.5229074817e+02   -2.7430153248e+01    1.1568982945e+01    1.0111393976e+01   -3.9530667377e+01    1.9891201535e+00    8.1920000000e+03    3.8820973630e-03    6.9803873698e-01
       165   -1.5851776502e+01    2.5196248852e+02   -2.7279297417e+01    1.1427520914e+01    1.0058840160e+01   -3.9384518733e+01    2.0463811563e+00    8.1920000000e+03    3.8458650043e-03    6.9989013672e-01
       166   -1.5851425693e+01    2.5195354094e+02   -2.7169829525e+01    1.1318403832e+01    1.0039641878e+01   -3.9252587787e+01    2.0431163834e+00    8.1920000000e+03    3.8581109180e-03    7.0029703776e-01
       167   -1.5860784537e+01    2.5223388786e+02   -2.7334974385e+01    1.1474189849e+01    1.0040936761e+01   -3.9398525891e+01    2.0226147447e+00    8.1920000000e+03    3.8697664960e-03    6.9995117187e-01
       168   -1.5840591725e+01    2.5160218949e+02   -2.7170389511e+01    1.1329797786e+01    1.0047504509e+01   -3.9254182858e+01    2.0362888381e+00    8.1920000000e+03    3.8553198383e-03    7.0129394531e-01
       169   -1.5820664763e+01    2.5103207843e+02   -2.7212735541e+01    1.1392070778e+01    1.0074304385e+01   -3.9460751320e+01    2.1737113943e+00    8.1920000000e+03    3.8609625549e-03    6.9689941406e-01
       170   -1.5846097743e+01    2.5177181685e+02   -2.7322806086e+01    1.1476708343e+01    1.0055566616e+01   -3.9460668174e+01    2.0822954712e+00    8.1920000000e+03    3.8969844128e-03    7.0025634766e-01
       171   -1.5842209982e+01    2.5159415176e+02   -2.7177433902e+01    1.1335223920e+01    1.0072558483e+01   -3.9304493053e+01    2.0545006679e+00    8.1920000000e+03    3.8552177713e-03    7.0072428385e-01
       172   -1.5867938229e+01    2.5246921785e+02   -2.7167307162e+01    1.1299368933e+01    1.0012832351e+01   -3.9095876181e+01    1.9157366671e+00    8.1920000000e+03    3.8417261453e-03    7.0391845703e-01
       173   -1.5843517402e+01    2.5174709865e+02   -2.7281602085e+01    1.1438084683e+01    1.0015686938e+01   -3.9295332449e+01    1.9980434257e+00    8.1920000000e+03    3.8401475476e-03    7.0212809245e-01
       174   -1.5839470836e+01    2.5159145114e+02   -2.7156521876e+01    1.1317051040e+01    1.0070832708e+01   -3.9299140706e+01    2.0717861221e+00    8.1920000000e+03    3.8816078555e-03    7.0054117839e-01
       175   -1.5854409596e+01    2.5211946150e+02   -2.7353233635e+01    1.1498824040e+01    1.0087512698e+01   -3.9502175964e+01    2.0614296302e+00    8.1920000000e+03    3.8661809116e-03    7.0273844401e-01
       176   -1.5846735983e+01    2.5190826933e+02   -2.7283605417e+01    1.1436869433e+01    1.0108115526e+01   -3.9378526724e+01    1.9868057816e+00    8.1920000000e+03    3.8744138547e-03    7.0060221354e-01
       177   -1.5848065823e+01    2.5201675116e+02   -2.7371059956e+01    1.1522994133e+01    1.0160794250e+01   -3.9655420949e+01    2.1235667428e+00    8.1920000000e+03    3.8698450842e-03    6.9913736979e-01
       178   -1.5848321781e+01    2.5188340088e+02   -2.7314635474e+01    1.1466313693e+01    1.0107776203e+01   -3.9473208189e+01    2.0507965129e+00    8.1920000000e+03    3.8824242838e-03    7.0096842448e-01
       179   -1.5855724334e+01    2.5231620746e+02   -2.7285712500e+01    1.1429988166e+01    1.0028933883e+01   -3.9419281691e+01    2.1046353086e+00    8.1920000000e+03    3.8493936801e-03    7.0135498047e-01
       180   -1.5860630570e+01    2.5226434147e+02   -2.7259555324e+01    1.1398924755e+01    1.0083908781e+01   -3.9418111202e+01    2.0746470962e+00    8.1920000000e+03    3.8649762857e-03    6.9840494792e-01
       181   -1.5861499624e+01    2.5227292981e+02   -2.7272081697e+01    1.1410582073e+01    1.0099598999e+01   -3.9336708966e+01    1.9650282695e+00    8.1920000000e+03    3.8699179410e-03    6.9897460937e-01
       182   -1.5895336302e+01    2.5344287330e+02   -2.7313407561e+01    1.1418071259e+01    1.0100810476e+01   -3.9488509842e+01    2.0742918053e+00    8.1920000000e+03    3.8961551532e-03    6.9799804687e-01
       183   -1.5850460688e+01    2.5197162376e+02   -2.7248145428e+01    1.1397684741e+01    1.0068083771e+01   -3.9355902959e+01    2.0396737597e+00    8.1920000000e+03    3.8560319302e-03    7.0159912109e-01
       184   -1.5855544793e+01    2.5210186444e+02   -2.7192437524e+01    1.1336892730e+01    1.0069945480e+01   -3.9281992332e+01    2.0196093282e+00    8.1920000000e+03    3.8400052362e-03    6.9995117187e-01
       185   -1.5873945245e+01    2.5267951858e+02   -2.7254736073e+01    1.1380790828e+01    1.0060939732e+01   -3.9382044246e+01    2.0663684408e+00    8.1920000000e+03    3.8538812357e-03    7.0328776042e-01
       186   -1.5860040794e+01    2.5224405107e+02   -2.7337716127e+01    1.1477675333e+01    1.0116746728e+01   -3.9487841328e+01    2.0333784729e+00    8.1920000000e+03    3.8734926880e-03    7.0015462240e-01
       187   -1.5857913346e+01    2.5218016113e+02   -2.7551719447e+01    1.1693806101e+01    1.0161989456e+01   -3.9746375306e+01    2.0326664028e+00    8.1920000000e+03    3.8858485257e-03    6.9887288411e-01
       188   -1.5837347509e+01    2.5145070538e+02   -2.7325394682e+01    1.1488047173e+01    1.0100676306e+01   -3.9487320954e+01    2.0612499663e+00    8.1920000000e+03    3.8618958395e-03    6.9563802083e-01
       189   -1.5842303194e+01    2.5159742311e+02   -2.6974833119e+01    1.1132529924e+01    9.9880315547e+00   -3.8980128571e+01    2.0172638971e+00    8.1920000000e+03    3.8452732538e-03    6.9822184245e-01
       190   -1.5866994517e+01    2.5245194672e+02   -2.7096583306e+01    1.1229588789e+01    1.0067356711e+01   -3.9227907941e+01    2.0639679238e+00    8.1920000000e+03    3.8493419852e-03    6.9748942057e-01
       191   -1.5857698550e+01    2.5213102386e+02   -2.7021090482e+01    1.1163391932e+01    1.0061247196e+01   -3.9224261415e+01    2.1419237369e+00    8.1920000000e+03    3.8557147000e-03    7.0489501953e-01
       192   -1.5875902760e+01    2.5290069969e+02   -2.7099104033e+01    1.1223201273e+01    1.0031385398e+01   -3.9104865406e+01    1.9743759759e+00    8.1920000000e+03    3.8492534705e-03    7.0377604167e-01
       193   -1.5864246360e+01    2.5245631614e+02   -2.7219531510e+01    1.1355285150e+01    1.0062667975e+01   -3.9397939836e+01    2.1157403512e+00    8.1920000000e+03    3.8774570673e-03    6.9832356771e-01
       194   -1.5839012076e+01    2.5175358427e+02   -2.7142329250e+01    1.1303317174e+01    1.0037826283e+01   -3.9193728207e+01    2.0135726741e+00    8.1920000000e+03    3.8670022470e-03    7.0515950521e-01
       195   -1.5868266237e+01    2.5258517429e+02   -2.7041723242e+01    1.1173457005e+01    1.0006827144e+01   -3.9093933282e+01    2.0453828964e+00    8.1920000000e+03    3.8303298138e-03    7.0292154948e-01
       196   -1.5855913008e+01    2.5215163089e+02   -2.7116050781e+01    1.1260137773e+01    1.0022330894e+01   -3.9240970101e+01    2.1025884262e+00    8.1920000000e+03    3.8595314725e-03    7.0288085937e-01
       197   -1.5866932735e+01    2.5256430169e+02   -2.7133014931e+01    1.1266082196e+01    1.0051037924e+01   -3.9248821687e+01    2.0647688323e+00    8.1920000000e+03    3.8594153214e-03    7.0251464844e-01
       198   -1.5855436087e+01    2.5220180579e+02   -2.7251021418e+01    1.1395585331e+01    1.0072301008e+01   -3.9287006681e+01    1.9636842557e+00    8.1920000000e+03    3.8529641068e-03    7.0229085286e-01
       199   -1.5862441081e+01    2.5236415517e+02   -2.7322504828e+01    1.1460063747e+01    1.0046279790e+01   -3.9421134119e+01    2.0523495009e+00    8.1920000000e+03    3.8726450720e-03    6.9915771484e-01
