#   index    LocalEnergy         LocalEnergy_sq      LocalPotential      Kinetic             ElecElec            LocalECP            NonLocalECP         BlockWeight         BlockCPU            AcceptRatio         
         0   -1.5327306911e+01    2.3551879281e+02   -2.5792872158e+01    1.0465565247e+01    7.2997710946e+00   -3.5622975835e+01    2.5303325831e+00    2.0480000000e+03    8.4719143250e-04    6.7216796875e-01
         1   -1.5382184571e+01    2.3725025367e+02   -2.5898284300e+01    1.0516099729e+01    7.3321117054e+00   -3.5540527406e+01    2.3101314004e+00    2.0480000000e+03    8.5303071838e-04    6.7851562500e-01
         2   -1.5376063391e+01    2.3697953344e+02   -2.5903056948e+01    1.0526993557e+01    7.3349951965e+00   -3.5615010178e+01    2.3769580340e+00    2.0480000000e+03    8.5159638397e-04    6.7070312500e-01
         3   -1.5376246887e+01    2.3697089643e+02   -2.5930069188e+01    1.0553822301e+01    7.3473480146e+00   -3.5567249572e+01    2.2898323692e+00    2.0480000000e+03    8.5213483582e-04    6.7265625000e-01
         4   -1.5384396449e+01    2.3723890665e+02   -2.5969015921e+01    1.0584619472e+01    7.3433989688e+00   -3.5551435934e+01    2.2390210443e+00    2.0480000000e+03    8.5181023437e-04    6.6865234375e-01
         5   -1.5355054450e+01    2.3650804924e+02   -2.5763635574e+01    1.0408581124e+01    7.3291075197e+00   -3.5417371400e+01    2.3246283064e+00    2.0480000000e+03    8.5514710541e-04    6.7207031250e-01
         6   -1.5367675382e+01    2.3683896688e+02   -2.5947182448e+01    1.0579507066e+01    7.2532058832e+00   -3.5251353444e+01    2.0509651133e+00    2.0480000000e+03    8.6491082733e-04    6.6914062500e-01
         7   -1.5405834929e+01    2.3813057352e+02   -2.6010184627e+01    1.0604349699e+01    7.3011306149e+00   -3.5472817019e+01    2.1615017765e+00    2.0480000000e+03    8.5204924286e-04    6.6865234375e-01
         8   -1.5369709855e+01    2.3689920999e+02   -2.6058109237e+01    1.0688399383e+01    7.3364422685e+00   -3.5669673246e+01    2.2751217404e+00    2.0480000000e+03    8.5269240845e-04    6.6250000000e-01
         9   -1.5396595160e+01    2.3764694385e+02   -2.6138987704e+01    1.0742392544e+01    7.3484962180e+00   -3.5779719730e+01    2.2922358078e+00    2.0480000000e+03    8.4999081299e-04    6.7275390625e-01
        10   -1.5384966910e+01    2.3729677502e+02   -2.6040963632e+01    1.0655996722e+01    7.3256315069e+00   -3.5627619402e+01    2.2610242629e+00    2.0480000000e+03    8.4870808350e-04    6.6718750000e-01
        11   -1.5356969761e+01    2.3647124332e+02   -2.5882528561e+01    1.0525558800e+01    7.2845077542e+00   -3.5391854128e+01    2.2248178125e+00    2.0480000000e+03    8.4986005951e-04    6.7314453125e-01
        12   -1.5368127337e+01    2.3674380086e+02   -2.5894932169e+01    1.0526804832e+01    7.2917580757e+00   -3.5440977210e+01    2.2542869659e+00    2.0480000000e+03    8.4519732513e-04    6.7167968750e-01
        13   -1.5361808414e+01    2.3655155672e+02   -2.5881099744e+01    1.0519291330e+01    7.3037833232e+00   -3.5223772699e+01    2.0388896317e+00    2.0480000000e+03    8.4929496124e-04    6.6386718750e-01
        14   -1.5330585086e+01    2.3567014593e+02   -2.5884885830e+01    1.0554300744e+01    7.3006663577e+00   -3.5327897211e+01    2.1423450232e+00    2.0480000000e+03    8.5262462402e-04    6.7275390625e-01
        15   -1.5368185714e+01    2.3686194618e+02   -2.5913796104e+01    1.0545610390e+01    7.3546800721e+00   -3.5453659672e+01    2.1851834956e+00    2.0480000000e+03    8.6165804077e-04    6.7607421875e-01
        16   -1.5372709988e+01    2.3679865962e+02   -2.5779181178e+01    1.0406471190e+01    7.3047447207e+00   -3.5253171096e+01    2.1692451967e+00    2.0480000000e+03    8.5343199310e-04    6.7978515625e-01
        17   -1.5403086315e+01    2.3790625508e+02   -2.5968715123e+01    1.0565628808e+01    7.3256117740e+00   -3.5490547977e+01    2.1962210800e+00    2.0480000000e+03    8.5151582458e-04    6.7480468750e-01
        18   -1.5392977374e+01    2.3754329827e+02   -2.6222980444e+01    1.0830003070e+01    7.3317346356e+00   -3.5628516819e+01    2.0738017393e+00    2.0480000000e+03    8.4937156616e-04    6.7812500000e-01
        19   -1.5399389111e+01    2.3785211566e+02   -2.6127196243e+01    1.0727807132e+01    7.3560664497e+00   -3.5689588531e+01    2.2063258379e+00    2.0480000000e+03    8.5839784393e-04    6.6845703125e-01
        20   -1.5367081989e+01    2.3680930299e+02   -2.6260125796e+01    1.0893043807e+01    7.3984498339e+00   -3.5835768503e+01    2.1771928729e+00    2.0480000000e+03    8.5961889801e-04    6.6904296875e-01
        21   -1.5376880816e+01    2.3706152201e+02   -2.6237376480e+01    1.0860495664e+01    7.3675367840e+00   -3.5705234167e+01    2.1003209025e+00    2.0480000000e+03    8.5416636810e-04    6.7470703125e-01
        22   -1.5363517728e+01    2.3678585809e+02   -2.6290667986e+01    1.0927150258e+01    7.3843670029e+00   -3.5821782624e+01    2.1467476355e+00    2.0480000000e+03    8.5747726349e-04    6.6914062500e-01
        23   -1.5362157697e+01    2.3655682608e+02   -2.5986093282e+01    1.0623935584e+01    7.3414914050e+00   -3.5656844064e+01    2.3292593766e+00    2.0480000000e+03    8.4855319733e-04    6.6953125000e-01
        24   -1.5380775809e+01    2.3717047637e+02   -2.6142741660e+01    1.0761965851e+01    7.3328684364e+00   -3.5840354503e+01    2.3647444070e+00    2.0480000000e+03    8.5588079193e-04    6.6513671875e-01
        25   -1.5372878477e+01    2.3698845356e+02   -2.6052708713e+01    1.0679830236e+01    7.3811238585e+00   -3.5854025543e+01    2.4201929719e+00    2.0480000000e+03    8.5064665955e-04    6.6650390625e-01
        26   -1.5369723237e+01    2.3684998320e+02   -2.6262291253e+01    1.0892568016e+01    7.3603945544e+00   -3.5871225345e+01    2.2485395381e+00    2.0480000000e+03    8.5115135712e-04    6.6230468750e-01
        27   -1.5371722958e+01    2.3699427595e+02   -2.6276992049e+01    1.0905269091e+01    7.3692358891e+00   -3.5956089254e+01    2.3098613161e+00    2.0480000000e+03    8.4863995575e-04    6.7353515625e-01
        28   -1.5410848046e+01    2.3836128371e+02   -2.6433993086e+01    1.1023145040e+01    7.3506056638e+00   -3.5999108338e+01    2.2145095878e+00    2.0480000000e+03    8.5338002197e-04    6.7060546875e-01
        29   -1.5392826293e+01    2.3787987579e+02   -2.6121178756e+01    1.0728352463e+01    7.2973923818e+00   -3.5604755152e+01    2.1861840136e+00    2.0480000000e+03    8.5418995209e-04    6.7050781250e-01
        30   -1.5381522863e+01    2.3722058814e+02   -2.6076537569e+01    1.0695014706e+01    7.3144593813e+00   -3.5667227546e+01    2.2762305959e+00    2.0480000000e+03    8.4611997284e-04    6.7167968750e-01
        31   -1.5353526219e+01    2.3632139416e+02   -2.5844475776e+01    1.0490949557e+01    7.2972434169e+00   -3.5339452071e+01    2.1977328781e+00    2.0480000000e+03    8.4716064545e-04    6.7236328125e-01
        32   -1.5367905906e+01    2.3696198044e+02   -2.5836416836e+01    1.0468510930e+01    7.3563996420e+00   -3.5433472764e+01    2.2406562860e+00    2.0480000000e+03    8.6370319702e-04    6.7490234375e-01
        33   -1.5364144020e+01    2.3665547990e+02   -2.5856567903e+01    1.0492423883e+01    7.2932285549e+00   -3.5285661298e+01    2.1358648403e+00    2.0480000000e+03    8.5002906219e-04    6.7363281250e-01
        34   -1.5353013433e+01    2.3642777123e+02   -2.6046209305e+01    1.0693195872e+01    7.3013880754e+00   -3.5627604461e+01    2.2800070801e+00    2.0480000000e+03    8.4903729279e-04    6.5781250000e-01
        35   -1.5325216137e+01    2.3540833250e+02   -2.5836425570e+01    1.0511209433e+01    7.2326837039e+00   -3.5335029066e+01    2.2659197925e+00    2.0480000000e+03    8.5039253876e-04    6.7275390625e-01
        36   -1.5350536211e+01    2.3618022754e+02   -2.5938994384e+01    1.0588458173e+01    7.2971516471e+00   -3.5384861591e+01    2.1487155599e+00    2.0480000000e+03    8.4705969818e-04    6.6699218750e-01
        37   -1.5353803702e+01    2.3636273666e+02   -2.5964990965e+01    1.0611187263e+01    7.2812203776e+00   -3.5531164918e+01    2.2849535751e+00    2.0480000000e+03    8.5214814941e-04    6.5966796875e-01
        38   -1.5393745069e+01    2.3753967022e+02   -2.5739756235e+01    1.0346011166e+01    7.3106994731e+00   -3.5324919780e+01    2.2744640722e+00    2.0480000000e+03    8.4847229797e-04    6.7265625000e-01
        39   -1.5391204709e+01    2.3746074700e+02   -2.5864760405e+01    1.0473555696e+01    7.3542804958e+00   -3.5586276430e+01    2.3672355297e+00    2.0480000000e+03    8.5892732727e-04    6.7451171875e-01
        40   -1.5382612358e+01    2.3718173608e+02   -2.5994257607e+01    1.0611645249e+01    7.3685215087e+00   -3.5696594173e+01    2.3338150573e+00    2.0480000000e+03    8.4833187012e-04    6.7089843750e-01
        41   -1.5369306395e+01    2.3677773138e+02   -2.6181583344e+01    1.0812276949e+01    7.3637100219e+00   -3.5941917352e+01    2.3966239860e+00    2.0480000000e+03    8.5438040253e-04    6.6992187500e-01
        42   -1.5354324104e+01    2.3628847763e+02   -2.5995040907e+01    1.0640716803e+01    7.3339394060e+00   -3.5516545848e+01    2.1875655351e+00    2.0480000000e+03    8.4806498383e-04    6.6679687500e-01
        43   -1.5368024384e+01    2.3683548580e+02   -2.6153291781e+01    1.0785267397e+01    7.3532398268e+00   -3.5830654513e+01    2.3241229053e+00    2.0480000000e+03    8.5176109894e-04    6.7343750000e-01
        44   -1.5344373131e+01    2.3603855958e+02   -2.6019153073e+01    1.0674779942e+01    7.3466054820e+00   -3.5683636881e+01    2.3178783259e+00    2.0480000000e+03    8.5627437561e-04    6.8173828125e-01
        45   -1.5379845820e+01    2.3713637292e+02   -2.6180056205e+01    1.0800210385e+01    7.3293984445e+00   -3.5702904566e+01    2.1934499168e+00    2.0480000000e+03    8.5442990723e-04    6.6708984375e-01
        46   -1.5347606469e+01    2.3610174838e+02   -2.6008946031e+01    1.0661339563e+01    7.3039508687e+00   -3.5505181828e+01    2.1922849277e+00    2.0480000000e+03    8.5256350616e-04    6.7519531250e-01
        47   -1.5360568463e+01    2.3657165168e+02   -2.6000762376e+01    1.0640193913e+01    7.3020062545e+00   -3.5497486911e+01    2.1947182808e+00    2.0480000000e+03    8.4921510254e-04    6.8281250000e-01
        48   -1.5364379053e+01    2.3664575917e+02   -2.5952811270e+01    1.0588432217e+01    7.3532461728e+00   -3.5275840600e+01    1.9697831576e+00    2.0480000000e+03    8.5237052826e-04    6.6806640625e-01
        49   -1.5399973674e+01    2.3774163385e+02   -2.6006207472e+01    1.0606233797e+01    7.2663162234e+00   -3.5377470514e+01    2.1049468186e+00    2.0480000000e+03    8.5193626190e-04    6.7548828125e-01
        50   -1.5370968561e+01    2.3687613646e+02   -2.5834590929e+01    1.0463622369e+01    7.2684792109e+00   -3.5323305149e+01    2.2202350083e+00    2.0480000000e+03    8.5210341553e-04    6.7138671875e-01
        51   -1.5380674962e+01    2.3710357826e+02   -2.5887679202e+01    1.0507004240e+01    7.3517554302e+00   -3.5205013557e+01    1.9655789250e+00    2.0480000000e+03    8.4749817383e-04    6.6445312500e-01
        52   -1.5376697398e+01    2.3709624847e+02   -2.6051472854e+01    1.0674775455e+01    7.3810746814e+00   -3.5493031633e+01    2.0604840983e+00    2.0480000000e+03    8.5161548279e-04    6.6328125000e-01
        53   -1.5373062788e+01    2.3692712551e+02   -2.6076780654e+01    1.0703717866e+01    7.3518289859e+00   -3.5543305112e+01    2.1146954727e+00    2.0480000000e+03    8.5567824768e-04    6.7089843750e-01
        54   -1.5389122110e+01    2.3741365763e+02   -2.6011997742e+01    1.0622875632e+01    7.3729039178e+00   -3.5499871628e+01    2.1149699681e+00    2.0480000000e+03    8.5726983154e-04    6.6835937500e-01
        55   -1.5374198763e+01    2.3693788741e+02   -2.6074337653e+01    1.0700138891e+01    7.3508581548e+00   -3.5587997437e+01    2.1628016293e+00    2.0480000000e+03    8.5722710876e-04    6.6728515625e-01
        56   -1.5361366750e+01    2.3649685649e+02   -2.6069102078e+01    1.0707735328e+01    7.3709600246e+00   -3.5652481816e+01    2.2124197139e+00    2.0480000000e+03    8.5694640472e-04    6.7265625000e-01
        57   -1.5370789425e+01    2.3688771739e+02   -2.6349831507e+01    1.0979042082e+01    7.4180098037e+00   -3.6118307429e+01    2.3504661192e+00    2.0480000000e+03    8.5943529755e-04    6.6865234375e-01
        58   -1.5389688458e+01    2.3748467937e+02   -2.6119010262e+01    1.0729321804e+01    7.3736571231e+00   -3.5936388893e+01    2.4437215076e+00    2.0480000000e+03    8.7007697510e-04    6.6523437500e-01
        59   -1.5366097757e+01    2.3675036757e+02   -2.6207350446e+01    1.0841252689e+01    7.3717976411e+00   -3.5846540393e+01    2.2673923059e+00    2.0480000000e+03    8.5865225830e-04    6.8027343750e-01
        60   -1.5359449034e+01    2.3644243682e+02   -2.6238078790e+01    1.0878629756e+01    7.3339509744e+00   -3.5783888930e+01    2.2118591656e+00    2.0480000000e+03    8.5863391602e-04    6.6865234375e-01
        61   -1.5361971927e+01    2.3651399828e+02   -2.6250326987e+01    1.0888355060e+01    7.3666645014e+00   -3.5776140834e+01    2.1591493459e+00    2.0480000000e+03    8.5312700348e-04    6.6347656250e-01
        62   -1.5357180731e+01    2.3646253681e+02   -2.6215531014e+01    1.0858350283e+01    7.3780477062e+00   -3.5615127749e+01    2.0215490282e+00    2.0480000000e+03    8.5152149780e-04    6.6748046875e-01
        63   -1.5352029802e+01    2.3627471861e+02   -2.6192064731e+01    1.0840034929e+01    7.3443633388e+00   -3.5529087048e+01    1.9926589788e+00    2.0480000000e+03    8.5769885834e-04    6.7031250000e-01
        64   -1.5363879362e+01    2.3659095869e+02   -2.6083694716e+01    1.0719815354e+01    7.3307188737e+00   -3.5360691090e+01    1.9462775001e+00    2.0480000000e+03    8.5442330444e-04    6.6328125000e-01
        65   -1.5344955550e+01    2.3614660596e+02   -2.6004918089e+01    1.0659962538e+01    7.3428720508e+00   -3.5593041523e+01    2.2452513838e+00    2.0480000000e+03    8.5145532135e-04    6.7207031250e-01
        66   -1.5367337513e+01    2.3672893094e+02   -2.6066645744e+01    1.0699308231e+01    7.3716655967e+00   -3.5817248422e+01    2.3789370812e+00    2.0480000000e+03    8.4825839600e-04    6.7167968750e-01
        67   -1.5353088087e+01    2.3635697655e+02   -2.6022673383e+01    1.0669585296e+01    7.3676651140e+00   -3.5739137286e+01    2.3487987889e+00    2.0480000000e+03    8.4902104340e-04    6.7343750000e-01
        68   -1.5383506008e+01    2.3726026769e+02   -2.6320304901e+01    1.0936798893e+01    7.3488296306e+00   -3.5684426385e+01    2.0152918538e+00    2.0480000000e+03    8.5202177917e-04    6.6923828125e-01
        69   -1.5381700981e+01    2.3720791967e+02   -2.6292839133e+01    1.0911138152e+01    7.3542400211e+00   -3.5806696726e+01    2.1596175720e+00    2.0480000000e+03    8.5482445282e-04    6.6699218750e-01
        70   -1.5375423658e+01    2.3701252645e+02   -2.6158592123e+01    1.0783168465e+01    7.3367235670e+00   -3.5810677076e+01    2.3153613860e+00    2.0480000000e+03    8.5000591156e-04    6.7646484375e-01
        71   -1.5357137060e+01    2.3645661025e+02   -2.6116048581e+01    1.0758911521e+01    7.3505009693e+00   -3.5645728374e+01    2.1791788234e+00    2.0480000000e+03    8.5391235992e-04    6.6582031250e-01
        72   -1.5354192606e+01    2.3634692566e+02   -2.6084393454e+01    1.0730200848e+01    7.3470552108e+00   -3.5459809142e+01    2.0283604776e+00    2.0480000000e+03    8.5321841980e-04    6.6933593750e-01
        73   -1.5397710439e+01    2.3769602248e+02   -2.6093522377e+01    1.0695811938e+01    7.3280281974e+00   -3.5557811969e+01    2.1362613944e+00    2.0480000000e+03    8.5145564819e-04    6.6904296875e-01
        74   -1.5379050902e+01    2.3713417077e+02   -2.6045013397e+01    1.0665962495e+01    7.3096240961e+00   -3.5499647315e+01    2.1450098224e+00    2.0480000000e+03    8.4463674835e-04    6.7148437500e-01
        75   -1.5369765219e+01    2.3679308804e+02   -2.5832778291e+01    1.0463013072e+01    7.3153665759e+00   -3.5397743696e+01    2.2495988293e+00    2.0480000000e+03    8.5003791351e-04    6.7050781250e-01
        76   -1.5393227708e+01    2.3762210366e+02   -2.6009885388e+01    1.0616657680e+01    7.3281721217e+00   -3.5579343816e+01    2.2412863061e+00    2.0480000000e+03    8.4833173279e-04    6.7382812500e-01
        77   -1.5404917064e+01    2.3796663690e+02   -2.6105368624e+01    1.0700451560e+01    7.2876994068e+00   -3.5489367228e+01    2.0962991977e+00    2.0480000000e+03    8.5761978851e-04    6.7099609375e-01
        78   -1.5385313960e+01    2.3732445291e+02   -2.5988125736e+01    1.0602811776e+01    7.3084897641e+00   -3.5317592329e+01    2.0209768283e+00    2.0480000000e+03    8.5279261444e-04    6.7539062500e-01
        79   -1.5349127704e+01    2.3627727773e+02   -2.5817486359e+01    1.0468358655e+01    7.2809603870e+00   -3.5343856515e+01    2.2454097694e+00    2.0480000000e+03    8.5336234192e-04    6.7460937500e-01
        80   -1.5338923821e+01    2.3592447482e+02   -2.6004037685e+01    1.0665113864e+01    7.2934565151e+00   -3.5330609471e+01    2.0331152711e+00    2.0480000000e+03    8.5256315582e-04    6.7431640625e-01
        81   -1.5363794614e+01    2.3675647520e+02   -2.5994022399e+01    1.0630227786e+01    7.2436898156e+00   -3.5393733205e+01    2.1560209905e+00    2.0480000000e+03    8.5086749634e-04    6.7343750000e-01
        82   -1.5372977408e+01    2.3699159170e+02   -2.5913137609e+01    1.0540160201e+01    7.3607097623e+00   -3.5638672018e+01    2.3648246465e+00    2.0480000000e+03    8.5101848907e-04    6.7958984375e-01
        83   -1.5376185638e+01    2.3706854380e+02   -2.5896181492e+01    1.0519995854e+01    7.3169314766e+00   -3.5620683927e+01    2.4075709581e+00    2.0480000000e+03    8.5164019928e-04    6.7646484375e-01
        84   -1.5377978065e+01    2.3705324964e+02   -2.6080692125e+01    1.0702714060e+01    7.3017041748e+00   -3.5519427601e+01    2.1370313009e+00    2.0480000000e+03    8.6056748596e-04    6.7177734375e-01
        85   -1.5352828427e+01    2.3627041849e+02   -2.5805236315e+01    1.0452407889e+01    7.3162272175e+00   -3.5332907802e+01    2.2114442686e+00    2.0480000000e+03    8.4514497131e-04    6.6855468750e-01
        86   -1.5331129260e+01    2.3562466751e+02   -2.5723619445e+01    1.0392490185e+01    7.2863150675e+00   -3.5190343425e+01    2.1804089125e+00    2.0480000000e+03    8.3971667511e-04    6.7460937500e-01
        87   -1.5353194084e+01    2.3628818194e+02   -2.5886989055e+01    1.0533794970e+01    7.2934950437e+00   -3.5534682458e+01    2.3541983593e+00    2.0480000000e+03    8.4490807434e-04    6.7333984375e-01
        88   -1.5347274760e+01    2.3614781664e+02   -2.5752499571e+01    1.0405224810e+01    7.2955681479e+00   -3.5273120409e+01    2.2250526905e+00    2.0480000000e+03    8.4891081879e-04    6.6767578125e-01
        89   -1.5343061589e+01    2.3600168691e+02   -2.6020278695e+01    1.0677217106e+01    7.3462696626e+00   -3.5612525144e+01    2.2459767861e+00    2.0480000000e+03    8.5325261353e-04    6.6962890625e-01
        90   -1.5374233868e+01    2.3704059513e+02   -2.6063396074e+01    1.0689162206e+01    7.3664034454e+00   -3.5497258551e+01    2.0674590314e+00    2.0480000000e+03    8.5584666077e-04    6.6386718750e-01
        91   -1.5336273326e+01    2.3578430526e+02   -2.5919704211e+01    1.0583430885e+01    7.3978963870e+00   -3.5594255477e+01    2.2766548793e+00    2.0480000000e+03    8.5223191467e-04    6.7001953125e-01
        92   -1.5351200817e+01    2.3626820583e+02   -2.6069435368e+01    1.0718234551e+01    7.3397341711e+00   -3.5528619731e+01    2.1194501925e+00    2.0480000000e+03    8.5460080414e-04    6.6552734375e-01
        93   -1.5352238852e+01    2.3632829230e+02   -2.5994946053e+01    1.0642707202e+01    7.3507110272e+00   -3.5553162024e+01    2.2075049438e+00    2.0480000000e+03    8.5358926971e-04    6.7050781250e-01
        94   -1.5373236284e+01    2.3697296445e+02   -2.5884319821e+01    1.0511083538e+01    7.3752278614e+00   -3.5624118471e+01    2.3645707884e+00    2.0480000000e+03    8.5067438110e-04    6.6230468750e-01
        95   -1.5413059418e+01    2.3820604293e+02   -2.5739745421e+01    1.0326686003e+01    7.3941072437e+00   -3.5586324319e+01    2.4524716545e+00    2.0480000000e+03    8.5707799011e-04    6.8056640625e-01
        96   -1.5390155246e+01    2.3743217891e+02   -2.5937158200e+01    1.0547002954e+01    7.3125034794e+00   -3.5604759563e+01    2.3550978839e+00    2.0480000000e+03    8.5237624512e-04    6.8154296875e-01
        97   -1.5391096112e+01    2.3752680001e+02   -2.6196521188e+01    1.0805425076e+01    7.3969031887e+00   -3.5910449047e+01    2.3170246703e+00    2.0480000000e+03    8.5088994781e-04    6.6738281250e-01
        98   -1.5376197545e+01    2.3707940681e+02   -2.6136504434e+01    1.0760306889e+01    7.3978858008e+00   -3.5857979663e+01    2.3235894281e+00    2.0480000000e+03    8.5883019562e-04    6.7070312500e-01
        99   -1.5377783019e+01    2.3704285938e+02   -2.6144617214e+01    1.0766834195e+01    7.3544766549e+00   -3.5680969857e+01    2.1818759877e+00    2.0480000000e+03    8.5632335327e-04    6.6210937500e-01
       100   -1.5389983185e+01    2.3743279045e+02   -2.6148431638e+01    1.0758448452e+01    7.3751958980e+00   -3.5756796623e+01    2.2331690870e+00    2.0480000000e+03    8.5271789886e-04    6.6943359375e-01
       101   -1.5381728527e+01    2.3722242491e+02   -2.6185221723e+01    1.0803493196e+01    7.3474688878e+00   -3.5465439941e+01    1.9327493301e+00    2.0480000000e+03    8.5946731659e-04    6.6494140625e-01
       102   -1.5383288221e+01    2.3723442212e+02   -2.6309502610e+01    1.0926214390e+01    7.3508882972e+00   -3.5799768255e+01    2.1393773474e+00    2.0480000000e+03    8.5832576202e-04    6.6679687500e-01
       103   -1.5390349729e+01    2.3742075351e+02   -2.6284925344e+01    1.0894575615e+01    7.3841603295e+00   -3.5816198033e+01    2.1471123596e+00    2.0480000000e+03    8.5090007874e-04    6.7021484375e-01
       104   -1.5373017961e+01    2.3689671067e+02   -2.6117848906e+01    1.0744830945e+01    7.3404987979e+00   -3.5530675062e+01    2.0723273579e+00    2.0480000000e+03    8.5111462891e-04    6.6953125000e-01
       105   -1.5396831319e+01    2.3769008241e+02   -2.6344222249e+01    1.0947390930e+01    7.4076194732e+00   -3.5827572735e+01    2.0757310132e+00    2.0480000000e+03    8.5850331970e-04    6.7031250000e-01
       106   -1.5380784502e+01    2.3722523561e+02   -2.6154014420e+01    1.0773229919e+01    7.3566317111e+00   -3.5668912635e+01    2.1582665030e+00    2.0480000000e+03    8.5459601776e-04    6.7158203125e-01
       107   -1.5366504029e+01    2.3674660018e+02   -2.6138585404e+01    1.0772081375e+01    7.3604806310e+00   -3.5594472039e+01    2.0954060035e+00    2.0480000000e+03    8.5262900085e-04    6.6533203125e-01
       108   -1.5361757792e+01    2.3653292601e+02   -2.6192913963e+01    1.0831156171e+01    7.3367861635e+00   -3.5675106691e+01    2.1454065646e+00    2.0480000000e+03    8.5406697845e-04    6.6972656250e-01
       109   -1.5360843710e+01    2.3651139221e+02   -2.6211317035e+01    1.0850473325e+01    7.3188556119e+00   -3.5772868025e+01    2.2426953779e+00    2.0480000000e+03    8.5506045135e-04    6.6787109375e-01
       110   -1.5339252318e+01    2.3587199394e+02   -2.6286776921e+01    1.0947524602e+01    7.3459235480e+00   -3.5933014417e+01    2.3003139487e+00    2.0480000000e+03    8.6225194946e-04    6.6865234375e-01
       111   -1.5382659867e+01    2.3724543676e+02   -2.6127237796e+01    1.0744577928e+01    7.3501910259e+00   -3.5757296682e+01    2.2798678604e+00    2.0480000000e+03    8.5016460846e-04    6.7187500000e-01
       112   -1.5362775655e+01    2.3661624191e+02   -2.6148340149e+01    1.0785564495e+01    7.3066437912e+00   -3.5635312908e+01    2.1803289673e+00    2.0480000000e+03    8.5232381866e-04    6.6650390625e-01
       113   -1.5379250803e+01    2.3725416207e+02   -2.6145922875e+01    1.0766672073e+01    7.3207613309e+00   -3.5728459865e+01    2.2617756586e+00    2.0480000000e+03    8.4923316650e-04    6.7011718750e-01
       114   -1.5362478766e+01    2.3658871993e+02   -2.6016326008e+01    1.0653847242e+01    7.2909889759e+00   -3.5563610104e+01    2.2562951205e+00    2.0480000000e+03    8.4972623596e-04    6.7031250000e-01
       115   -1.5374195003e+01    2.3688720167e+02   -2.6097788581e+01    1.0723593578e+01    7.3418164196e+00   -3.5608873996e+01    2.1692689952e+00    2.0480000000e+03    8.4875312378e-04    6.7275390625e-01
       116   -1.5377581668e+01    2.3706918068e+02   -2.5992458657e+01    1.0614876989e+01    7.3461950885e+00   -3.5581995135e+01    2.2433413895e+00    2.0480000000e+03    8.5379226929e-04    6.6933593750e-01
       117   -1.5346368059e+01    2.3606167796e+02   -2.5872873060e+01    1.0526505001e+01    7.4063670269e+00   -3.5597500540e+01    2.3182604526e+00    2.0480000000e+03    8.5484867920e-04    6.7089843750e-01
       118   -1.5346790387e+01    2.3608184437e+02   -2.6199817756e+01    1.0853027368e+01    7.3787684432e+00   -3.5870099215e+01    2.2915130159e+00    2.0480000000e+03    8.6019850555e-04    6.7158203125e-01
       119   -1.5356770606e+01    2.3639494171e+02   -2.6171902888e+01    1.0815132282e+01    7.3405037489e+00   -3.5826198863e+01    2.3137922267e+00    2.0480000000e+03    8.5554061066e-04    6.6347656250e-01
       120   -1.5343013735e+01    2.3599819202e+02   -2.5988642966e+01    1.0645629232e+01    7.3163688338e+00   -3.5564445019e+01    2.2594332190e+00    2.0480000000e+03    8.4582979584e-04    6.6298828125e-01
       121   -1.5358469725e+01    2.3649449848e+02   -2.5954539096e+01    1.0596069371e+01    7.3162275284e+00   -3.5460901267e+01    2.1901346427e+00    2.0480000000e+03    8.4739895752e-04    6.7626953125e-01
       122   -1.5381647040e+01    2.3725024597e+02   -2.5985804470e+01    1.0604157430e+01    7.3220492399e+00   -3.5403453048e+01    2.0955993382e+00    2.0480000000e+03    8.4009203094e-04    6.6816406250e-01
       123   -1.5366975381e+01    2.3676399188e+02   -2.6192939983e+01    1.0825964602e+01    7.3076033153e+00   -3.5584469216e+01    2.0839259183e+00    2.0480000000e+03    8.5193381622e-04    6.7275390625e-01
       124   -1.5336778012e+01    2.3578390679e+02   -2.5980890610e+01    1.0644112598e+01    7.3212512054e+00   -3.5662646051e+01    2.3605042357e+00    2.0480000000e+03    8.4878885193e-04    6.7167968750e-01
       125   -1.5353535494e+01    2.3633507498e+02   -2.6247760979e+01    1.0894225484e+01    7.3288141044e+00   -3.5713381106e+01    2.1368060233e+00    2.0480000000e+03    8.5755061432e-04    6.7109375000e-01
       126   -1.5378696268e+01    2.3707675813e+02   -2.6150034867e+01    1.0771338599e+01    7.3744564754e+00   -3.5874302856e+01    2.3498115139e+00    2.0480000000e+03    8.5693340637e-04    6.7001953125e-01
       127   -1.5383321544e+01    2.3719710564e+02   -2.6219578564e+01    1.0836257020e+01    7.3619161138e+00   -3.5786711622e+01    2.2052169441e+00    2.0480000000e+03    8.5448647217e-04    6.6376953125e-01
       128   -1.5377294012e+01    2.3708700822e+02   -2.6204411636e+01    1.0827117623e+01    7.3262156619e+00   -3.5647057391e+01    2.1164300931e+00    2.0480000000e+03    8.5071569733e-04    6.7558593750e-01
       129   -1.5344584885e+01    2.3604685303e+02   -2.6181005751e+01    1.0836420866e+01    7.3442933424e+00   -3.5937590516e+01    2.4122914226e+00    2.0480000000e+03    8.5109599701e-04    6.7197265625e-01
       130   -1.5342885275e+01    2.3602759416e+02   -2.6283228328e+01    1.0940343053e+01    7.3590045827e+00   -3.5765439537e+01    2.1232066269e+00    2.0480000000e+03    8.5434675598e-04    6.6875000000e-01
       131   -1.5398113929e+01    2.3768046793e+02   -2.6025105251e+01    1.0626991321e+01    7.2952884085e+00   -3.5669963636e+01    2.3495699770e+00    2.0480000000e+03    8.4836667480e-04    6.7568359375e-01
       132   -1.5375340203e+01    2.3712725285e+02   -2.6005613540e+01    1.0630273337e+01    7.3232476158e+00   -3.5564903962e+01    2.2360428064e+00    2.0480000000e+03    8.5277707428e-04    6.7099609375e-01
       133   -1.5356243370e+01    2.3650859148e+02   -2.5859453179e+01    1.0503209809e+01    7.3076238520e+00   -3.5191074904e+01    2.0239978731e+00    2.0480000000e+03    8.5280057770e-04    6.6757812500e-01
       134   -1.5383303693e+01    2.3786646752e+02   -2.5877796180e+01    1.0494492487e+01    7.2817030498e+00   -3.5319418733e+01    2.1599195038e+00    2.0480000000e+03    8.5399080109e-04    6.7626953125e-01
       135   -1.5360045566e+01    2.3689974028e+02   -2.5922930920e+01    1.0562885354e+01    7.3013597216e+00   -3.5416957158e+01    2.1926665163e+00    2.0480000000e+03    8.4592079956e-04    6.6650390625e-01
       136   -1.5368500247e+01    2.3722034093e+02   -2.6062549521e+01    1.0694049274e+01    7.2793230208e+00   -3.5534211247e+01    2.1923387055e+00    2.0480000000e+03    8.6326299316e-04    6.7216796875e-01
       137   -1.5353378264e+01    2.3668728196e+02   -2.5894321741e+01    1.0540943477e+01    7.2744624277e+00   -3.5341715722e+01    2.1729315527e+00    2.0480000000e+03    8.4497716797e-04    6.7441406250e-01
       138   -1.5382181560e+01    2.3753079037e+02   -2.5824918904e+01    1.0442737344e+01    7.2517513744e+00   -3.5150300736e+01    2.0736304570e+00    2.0480000000e+03    8.4994062164e-04    6.6435546875e-01
       139   -1.5391448293e+01    2.3788314750e+02   -2.5727678788e+01    1.0336230496e+01    7.2931126444e+00   -3.5192637130e+01    2.1718456976e+00    2.0480000000e+03    8.5315481140e-04    6.6884765625e-01
       140   -1.5353151840e+01    2.3631306971e+02   -2.5823991964e+01    1.0470840125e+01    7.3851711562e+00   -3.5520208682e+01    2.3110455621e+00    2.0480000000e+03    8.5893315643e-04    6.7021484375e-01
       141   -1.5351465130e+01    2.3627392265e+02   -2.5946171024e+01    1.0594705894e+01    7.3169598691e+00   -3.5449433415e+01    2.1863025214e+00    2.0480000000e+03    8.5644066345e-04    6.6806640625e-01
       142   -1.5367334535e+01    2.3672429869e+02   -2.5938193365e+01    1.0570858829e+01    7.3620370004e+00   -3.5380231856e+01    2.0800014906e+00    2.0480000000e+03    8.5967677612e-04    6.6962890625e-01
       143   -1.5362658189e+01    2.3654350672e+02   -2.5994995030e+01    1.0632336841e+01    7.3982908680e+00   -3.5605957265e+01    2.2126713669e+00    2.0480000000e+03    8.5664810333e-04    6.6357421875e-01
       144   -1.5353554907e+01    2.3638111554e+02   -2.5957174163e+01    1.0603619256e+01    7.3124212099e+00   -3.5473380902e+01    2.2037855286e+00    2.0480000000e+03    8.5284918610e-04    6.7089843750e-01
       145   -1.5360830309e+01    2.3654618490e+02   -2.5989944817e+01    1.0629114508e+01    7.4097151326e+00   -3.5710192121e+01    2.3105321716e+00    2.0480000000e+03    8.4713719513e-04    6.6943359375e-01
       146   -1.5367093586e+01    2.3681510353e+02   -2.6095168805e+01    1.0728075219e+01    7.3311077346e+00   -3.5673592695e+01    2.2473161558e+00    2.0480000000e+03    8.5223772369e-04    6.6494140625e-01
       147   -1.5360539997e+01    2.3650804822e+02   -2.5969133558e+01    1.0608593561e+01    7.2996861061e+00   -3.5324234110e+01    2.0554144461e+00    2.0480000000e+03    8.4807563629e-04    6.6904296875e-01
       148   -1.5369433343e+01    2.3682070353e+02   -2.6128763945e+01    1.0759330602e+01    7.3195437550e+00   -3.5700505933e+01    2.2521982326e+00    2.0480000000e+03    8.5168373413e-04    6.7558593750e-01
       149   -1.5376471569e+01    2.3707573795e+02   -2.6227578112e+01    1.0851106542e+01    7.3051967653e+00   -3.5808038025e+01    2.2752631481e+00    2.0480000000e+03    8.5353942383e-04    6.6533203125e-01
       150   -1.5378690803e+01    2.3711788703e+02   -2.6192551280e+01    1.0813860477e+01    7.3522269492e+00   -3.5891836924e+01    2.3470586944e+00    2.0480000000e+03    8.5740432983e-04    6.6660156250e-01
       151   -1.5354917684e+01    2.3635647719e+02   -2.6042662104e+01    1.0687744420e+01    7.3005557469e+00   -3.5521461492e+01    2.1782436409e+00    2.0480000000e+03    8.5384680847e-04    6.6904296875e-01
       152   -1.5361776825e+01    2.3653943196e+02   -2.6157622545e+01    1.0795845720e+01    7.3637095845e+00   -3.5780125147e+01    2.2587930180e+00    2.0480000000e+03    8.5012267517e-04    6.6152343750e-01
       153   -1.5361652179e+01    2.3653264518e+02   -2.5909331377e+01    1.0547679198e+01    7.3440671612e+00   -3.5417335585e+01    2.1639370471e+00    2.0480000000e+03    8.5758833130e-04    6.7138671875e-01
       154   -1.5382709762e+01    2.3724573784e+02   -2.6070665539e+01    1.0687955777e+01    7.3380343678e+00   -3.5530071930e+01    2.1213720234e+00    2.0480000000e+03    8.4706921631e-04    6.7734375000e-01
       155   -1.5402279493e+01    2.3789044951e+02   -2.6108732432e+01    1.0706452940e+01    7.3599464535e+00   -3.5756073212e+01    2.2873943267e+00    2.0480000000e+03    8.4803442780e-04    6.7626953125e-01
       156   -1.5383172760e+01    2.3722940163e+02   -2.6200032419e+01    1.0816859659e+01    7.3386736946e+00   -3.5767752260e+01    2.2290461461e+00    2.0480000000e+03    8.4683180573e-04    6.6718750000e-01
       157   -1.5379320447e+01    2.3707576473e+02   -2.6002202131e+01    1.0622881684e+01    7.3543191673e+00   -3.5360191091e+01    2.0036697932e+00    2.0480000000e+03    8.5080628754e-04    6.6738281250e-01
       158   -1.5365204116e+01    2.3662576360e+02   -2.5952737406e+01    1.0587533291e+01    7.3093814060e+00   -3.5247703912e+01    1.9855850995e+00    2.0480000000e+03    8.5734397308e-04    6.6552734375e-01
       159   -1.5360549973e+01    2.3648269994e+02   -2.6095865825e+01    1.0735315852e+01    7.3636376725e+00   -3.5525040210e+01    2.0655367121e+00    2.0480000000e+03    8.5948460815e-04    6.6865234375e-01
       160   -1.5382143349e+01    2.3720959968e+02   -2.6177581547e+01    1.0795438198e+01    7.3781799845e+00   -3.5694006318e+01    2.1382447864e+00    2.0480000000e+03    8.5909155029e-04    6.7158203125e-01
       161   -1.5371009546e+01    2.3691669516e+02   -2.6017172514e+01    1.0646162968e+01    7.3544303861e+00   -3.5594332357e+01    2.2227294564e+00    2.0480000000e+03    8.5250380341e-04    6.6523437500e-01
       162   -1.5350756578e+01    2.3618813993e+02   -2.5988241359e+01    1.0637484781e+01    7.3397244126e+00   -3.5459368583e+01    2.1314028113e+00    2.0480000000e+03    8.6553127716e-04    6.7431640625e-01
       163   -1.5366400179e+01    2.3671880753e+02   -2.5994120329e+01    1.0627720149e+01    7.3212086380e+00   -3.5550821989e+01    2.2354930229e+00    2.0480000000e+03    8.4993534119e-04    6.6806640625e-01
       164   -1.5397419699e+01    2.3769326012e+02   -2.6049120508e+01    1.0651700809e+01    7.3266620528e+00   -3.5476275830e+01    2.1004932693e+00    2.0480000000e+03    8.4665602386e-04    6.7539062500e-01
       165   -1.5373854731e+01    2.3690328526e+02   -2.5989666517e+01    1.0615811786e+01    7.3484315991e+00   -3.5429345356e+01    2.0912472393e+00    2.0480000000e+03    8.5179203583e-04    6.6015625000e-01
       166   -1.5383947741e+01    2.3721135840e+02   -2.5896420340e+01    1.0512472599e+01    7.3143609774e+00   -3.5434919978e+01    2.2241386605e+00    2.0480000000e+03    8.5179403870e-04    6.7148437500e-01
       167   -1.5401976836e+01    2.3798830010e+02   -2.6104146502e+01    1.0702169665e+01    7.3215724513e+00   -3.5509696785e+01    2.0839778325e+00    2.0480000000e+03    8.5331398254e-04    6.6708984375e-01
       168   -1.5380387303e+01    2.3716593120e+02   -2.6137096751e+01    1.0756709448e+01    7.3174971546e+00   -3.5715650238e+01    2.2610563323e+00    2.0480000000e+03    8.5124759827e-04    6.6884765625e-01
       169   -1.5361956793e+01    2.3658624654e+02   -2.6351869859e+01    1.0989913066e+01    7.3505630887e+00   -3.5811196171e+01    2.1087632234e+00    2.0480000000e+03    8.5551255920e-04    6.6679687500e-01
       170   -1.5386466145e+01    2.3744420502e+02   -2.6337216867e+01    1.0950750722e+01    7.3703636440e+00   -3.5867737569e+01    2.1601570583e+00    2.0480000000e+03    8.5690791138e-04    6.6796875000e-01
       171   -1.5363228791e+01    2.3664343142e+02   -2.6203384802e+01    1.0840156011e+01    7.3868670935e+00   -3.5607179902e+01    2.0169280056e+00    2.0480000000e+03    8.4965037842e-04    6.6259765625e-01
       172   -1.5365767388e+01    2.3673036945e+02   -2.6140267736e+01    1.0774500349e+01    7.3547829602e+00   -3.5580771373e+01    2.0857206770e+00    2.0480000000e+03    8.5963549988e-04    6.6894531250e-01
       173   -1.5403428148e+01    2.3787842620e+02   -2.5887641783e+01    1.0484213635e+01    7.3116151364e+00   -3.5234757928e+01    2.0355010084e+00    2.0480000000e+03    8.5571339996e-04    6.6445312500e-01
       174   -1.5379051112e+01    2.3709303380e+02   -2.5724296893e+01    1.0345245781e+01    7.3362938953e+00   -3.5291865654e+01    2.2312748662e+00    2.0480000000e+03    8.5757483276e-04    6.6894531250e-01
       175   -1.5356679839e+01    2.3650478064e+02   -2.5847050315e+01    1.0490370477e+01    7.3820408861e+00   -3.5449648004e+01    2.2205568025e+00    2.0480000000e+03    8.5553564148e-04    6.6982421875e-01
       176   -1.5372005535e+01    2.3693831342e+02   -2.6029829700e+01    1.0657824165e+01    7.3214104151e+00   -3.5289355564e+01    1.9381154486e+00    2.0480000000e+03    8.5204208527e-04    6.6757812500e-01
       177   -1.5367259944e+01    2.3676128145e+02   -2.6073099204e+01    1.0705839260e+01    7.3530527354e+00   -3.5482418626e+01    2.0562666872e+00    2.0480000000e+03    8.5655691559e-04    6.7109375000e-01
       178   -1.5384209712e+01    2.3732593273e+02   -2.5881630938e+01    1.0497421227e+01    7.2959643127e+00   -3.5320545102e+01    2.1429498514e+00    2.0480000000e+03    8.5552925018e-04    6.6474609375e-01
       179   -1.5389907658e+01    2.3745526103e+02   -2.5916576435e+01    1.0526668776e+01    7.3240602415e+00   -3.5336662228e+01    2.0960255518e+00    2.0480000000e+03    8.5043121033e-04    6.7207031250e-01
       180   -1.5386878251e+01    2.3743454356e+02   -2.5940301792e+01    1.0553423542e+01    7.3279126613e+00   -3.5459634531e+01    2.1914200773e+00    2.0480000000e+03    8.5635085022e-04    6.7861328125e-01
       181   -1.5409122162e+01    2.3811554170e+02   -2.6038627235e+01    1.0629505073e+01    7.3283121332e+00   -3.5674993177e+01    2.3080538079e+00    2.0480000000e+03    8.5483168549e-04    6.7177734375e-01
       182   -1.5361305917e+01    2.3656221088e+02   -2.6171855267e+01    1.0810549350e+01    7.3302750185e+00   -3.5686900357e+01    2.1847700708e+00    2.0480000000e+03    8.5585285553e-04    6.7451171875e-01
       183   -1.5384137066e+01    2.3726038251e+02   -2.6362880218e+01    1.0978743152e+01    7.3590906244e+00   -3.6016201244e+01    2.2942304015e+00    2.0480000000e+03    8.5071298676e-04    6.7177734375e-01
       184   -1.5377814803e+01    2.3709368140e+02   -2.6017059914e+01    1.0639245111e+01    7.2967392991e+00   -3.5545303895e+01    2.2315046824e+00    2.0480000000e+03    8.5130725494e-04    6.8017578125e-01
       185   -1.5385746853e+01    2.3737593856e+02   -2.6013415810e+01    1.0627668957e+01    7.2901072295e+00   -3.5459898701e+01    2.1563756615e+00    2.0480000000e+03    8.4902433014e-04    6.7187500000e-01
       186   -1.5364281605e+01    2.3667794554e+02   -2.5866255344e+01    1.0501973738e+01    7.3400715562e+00   -3.5460688985e+01    2.2543620855e+00    2.0480000000e+03    8.4937788483e-04    6.6972656250e-01
       187   -1.5360228339e+01    2.3655840506e+02   -2.5949513273e+01    1.0589284935e+01    7.2807552307e+00   -3.5352338760e+01    2.1220702557e+00    2.0480000000e+03    8.5184639740e-04    6.7343750000e-01
       188   -1.5363018487e+01    2.3661790874e+02   -2.5722296844e+01    1.0359278357e+01    7.2922682316e+00   -3.5181393450e+01    2.1668283750e+00    2.0480000000e+03    8.6393021454e-04    6.7060546875e-01
       189   -1.5371280153e+01    2.3683968889e+02   -2.5811427135e+01    1.0440146982e+01    7.3508529446e+00   -3.5396791239e+01    2.2345111587e+00    2.0480000000e+03    8.5423455627e-04    6.6738281250e-01
       190   -1.5384356907e+01    2.3720990747e+02   -2.5809679821e+01    1.0425322914e+01    7.2850565224e+00   -3.5243866465e+01    2.1491301214e+00    2.0480000000e+03    8.5449128754e-04    6.6845703125e-01
       191   -1.5368195276e+01    2.3678540239e+02   -2.5778359343e+01    1.0410164067e+01    7.3724628186e+00   -3.5618628182e+01    2.4678060205e+00    2.0480000000e+03    8.5158792633e-04    6.7216796875e-01
       192   -1.5356809313e+01    2.3641533582e+02   -2.5912795830e+01    1.0555986517e+01    7.3381471175e+00   -3.5444995677e+01    2.1940527298e+00    2.0480000000e+03    8.5334993011e-04    6.6435546875e-01
       193   -1.5385330729e+01    2.3728120435e+02   -2.6094339363e+01    1.0709008634e+01    7.3707830240e+00   -3.5665256012e+01    2.2001336247e+00    2.0480000000e+03    8.5539685455e-04    6.7099609375e-01
       194   -1.5370153901e+01    2.3693524353e+02   -2.6062346851e+01    1.0692192950e+01    7.4047336150e+00   -3.5643467617e+01    2.1763871507e+00    2.0480000000e+03    8.5131123444e-04    6.7509765625e-01
       195   -1.5376852744e+01    2.3700754176e+02   -2.6016345498e+01    1.0639492754e+01    7.3885864686e+00   -3.5649360901e+01    2.2444289343e+00    2.0480000000e+03    8.5368874939e-04    6.6884765625e-01
       196   -1.5395908160e+01    2.3760282479e+02   -2.5928465283e+01    1.0532557123e+01    7.3383706343e+00   -3.5545586804e+01    2.2787508868e+00    2.0480000000e+03    8.4974654053e-04    6.6914062500e-01
       197   -1.5394433540e+01    2.3755262746e+02   -2.5915729131e+01    1.0521295591e+01    7.3341014508e+00   -3.5555905595e+01    2.3060750132e+00    2.0480000000e+03    8.5291404175e-04    6.7851562500e-01
       198   -1.5378021491e+01    2.3704598450e+02   -2.6073546148e+01    1.0695524657e+01    7.3666861923e+00   -3.5578897560e+01    2.1386652204e+00    2.0480000000e+03    8.4822688629e-04    6.6416015625e-01
       199   -1.5375353983e+01    2.3700012765e+02   -2.6070766336e+01    1.0695412353e+01    7.3465650092e+00   -3.5625048394e+01    2.2077170484e+00    2.0480000000e+03    8.5369706787e-04    6.5800781250e-01
