#   index    LocalEnergy         LocalEnergy_sq      LocalPotential      Kinetic             ElecElec            LocalECP            NonLocalECP         BlockWeight         BlockCPU            AcceptRatio         
         0   -1.5328357508e+01    2.3558504582e+02   -2.5679309088e+01    1.0350951579e+01    7.1574744802e+00   -3.5042193801e+01    2.2054102326e+00    2.0480000000e+03    8.3066544586e-04    6.8808593750e-01
         1   -1.5318742043e+01    2.3529992467e+02   -2.5801993192e+01    1.0483251149e+01    7.1667692276e+00   -3.5187810429e+01    2.2190480095e+00    2.0480000000e+03    8.3541599670e-04    6.8183593750e-01
         2   -1.5324401157e+01    2.3544739895e+02   -2.5678051311e+01    1.0353650154e+01    7.1500123194e+00   -3.5080268221e+01    2.2522045903e+00    2.0480000000e+03    8.3587552826e-04    6.8134765625e-01
         3   -1.5338571729e+01    2.3584815177e+02   -2.5711438528e+01    1.0372866799e+01    7.2005316742e+00   -3.5125677249e+01    2.2137070467e+00    2.0480000000e+03    8.4145226227e-04    6.7890625000e-01
         4   -1.5367578274e+01    2.3674894891e+02   -2.5697775796e+01    1.0330197522e+01    7.2134001784e+00   -3.5090804682e+01    2.1796287075e+00    2.0480000000e+03    8.3961281982e-04    6.7578125000e-01
         5   -1.5351856163e+01    2.3627550503e+02   -2.5669904947e+01    1.0318048784e+01    7.2099532419e+00   -3.5006309663e+01    2.1264514742e+00    2.0480000000e+03    8.3831479584e-04    6.8134765625e-01
         6   -1.5371259963e+01    2.3693031525e+02   -2.5569391089e+01    1.0198131126e+01    7.1460043595e+00   -3.4740560665e+01    2.0251652160e+00    2.0480000000e+03    8.3278339478e-04    6.7265625000e-01
         7   -1.5348287268e+01    2.3617843883e+02   -2.5727557300e+01    1.0379270032e+01    7.1574198909e+00   -3.5013647695e+01    2.1286705042e+00    2.0480000000e+03    8.3433527496e-04    6.8212890625e-01
         8   -1.5321806897e+01    2.3534356683e+02   -2.5668064509e+01    1.0346257612e+01    7.1363263764e+00   -3.4950112638e+01    2.1457217518e+00    2.0480000000e+03    8.3259959930e-04    6.8447265625e-01
         9   -1.5346978756e+01    2.3617285737e+02   -2.5859250826e+01    1.0512272070e+01    7.1226037977e+00   -3.5126133049e+01    2.1442784254e+00    2.0480000000e+03    8.3128593048e-04    6.8271484375e-01
        10   -1.5329606291e+01    2.3563608910e+02   -2.5881484235e+01    1.0551877944e+01    7.0880905682e+00   -3.5262056958e+01    2.2924821554e+00    2.0480000000e+03    8.3803004486e-04    6.8164062500e-01
        11   -1.5332865140e+01    2.3579673928e+02   -2.5717917018e+01    1.0385051878e+01    7.0982893558e+00   -3.4816179186e+01    1.9999728119e+00    2.0480000000e+03    8.3561138580e-04    6.8339843750e-01
        12   -1.5364291824e+01    2.3682638002e+02   -2.5739010187e+01    1.0374718363e+01    7.1027488906e+00   -3.4922871943e+01    2.0811128656e+00    2.0480000000e+03    8.4317272552e-04    6.8251953125e-01
        13   -1.5358200746e+01    2.3668524292e+02   -2.5887032383e+01    1.0528831636e+01    7.1360204377e+00   -3.5181293458e+01    2.1582406377e+00    2.0480000000e+03    8.4206081848e-04    6.7617187500e-01
        14   -1.5346210502e+01    2.3616799748e+02   -2.5782735260e+01    1.0436524757e+01    7.1248620694e+00   -3.5042778776e+01    2.1351814471e+00    2.0480000000e+03    8.3993628906e-04    6.7783203125e-01
        15   -1.5345832333e+01    2.3624848929e+02   -2.5901591126e+01    1.0555758793e+01    7.1217750332e+00   -3.4989765473e+01    1.9663993135e+00    2.0480000000e+03    8.3770042236e-04    6.7568359375e-01
        16   -1.5314172075e+01    2.3520259019e+02   -2.5742425712e+01    1.0428253637e+01    7.1064291995e+00   -3.5073213838e+01    2.2243589268e+00    2.0480000000e+03    8.5604197113e-04    6.7666015625e-01
        17   -1.5329425168e+01    2.3568595411e+02   -2.5750001465e+01    1.0420576296e+01    7.1662635733e+00   -3.5022456929e+01    2.1061918914e+00    2.0480000000e+03    8.4026793457e-04    6.8212890625e-01
        18   -1.5335393973e+01    2.3582495953e+02   -2.5565583797e+01    1.0230189825e+01    7.1720777290e+00   -3.4886577872e+01    2.1489163456e+00    2.0480000000e+03    8.3635558655e-04    6.8027343750e-01
        19   -1.5334600002e+01    2.3582510418e+02   -2.5753276298e+01    1.0418676296e+01    7.0746263927e+00   -3.4970935097e+01    2.1430324065e+00    2.0480000000e+03    8.3396437836e-04    6.7324218750e-01
        20   -1.5314362410e+01    2.3520929701e+02   -2.5801738631e+01    1.0487376221e+01    7.1328385009e+00   -3.5197924857e+01    2.2633477248e+00    2.0480000000e+03    8.3991440247e-04    6.8496093750e-01
        21   -1.5339423048e+01    2.3600403751e+02   -2.5671463594e+01    1.0332040546e+01    7.1579600448e+00   -3.5124679943e+01    2.2952563041e+00    2.0480000000e+03    8.3466071136e-04    6.8164062500e-01
        22   -1.5344295277e+01    2.3609351337e+02   -2.5634069804e+01    1.0289774527e+01    7.1536142317e+00   -3.4961472561e+01    2.1737885252e+00    2.0480000000e+03    8.3754515411e-04    6.7792968750e-01
        23   -1.5356234605e+01    2.3651692425e+02   -2.5858658246e+01    1.0502423640e+01    7.2020623910e+00   -3.5168935660e+01    2.1082150235e+00    2.0480000000e+03    8.4126792816e-04    6.8134765625e-01
        24   -1.5351070583e+01    2.3637329472e+02   -2.5717982297e+01    1.0366911714e+01    7.1330939625e+00   -3.4944633663e+01    2.0935574030e+00    2.0480000000e+03    8.4044271179e-04    6.7705078125e-01
        25   -1.5302439914e+01    2.3480259839e+02   -2.5692533563e+01    1.0390093649e+01    7.0794628665e+00   -3.4956327600e+01    2.1843311703e+00    2.0480000000e+03    8.3362566895e-04    6.8652343750e-01
        26   -1.5343207519e+01    2.3607738986e+02   -2.5716854143e+01    1.0373646624e+01    7.1173317353e+00   -3.4907600077e+01    2.0734141990e+00    2.0480000000e+03    8.2981134888e-04    6.8105468750e-01
        27   -1.5314079951e+01    2.3517798270e+02   -2.5512012300e+01    1.0197932349e+01    7.1328748830e+00   -3.4938399533e+01    2.2935123502e+00    2.0480000000e+03    8.3938128021e-04    6.8330078125e-01
        28   -1.5315869174e+01    2.3519634331e+02   -2.5553837686e+01    1.0237968512e+01    7.1826384074e+00   -3.4866494148e+01    2.1300180545e+00    2.0480000000e+03    8.3430223175e-04    6.7548828125e-01
        29   -1.5335725179e+01    2.3582679114e+02   -2.5473856251e+01    1.0138131073e+01    7.1773936273e+00   -3.5033518956e+01    2.3822690771e+00    2.0480000000e+03    8.3118414520e-04    6.8427734375e-01
        30   -1.5351243575e+01    2.3630921782e+02   -2.5579933914e+01    1.0228690339e+01    7.1101494181e+00   -3.4616760517e+01    1.9266771844e+00    2.0480000000e+03    8.3318478424e-04    6.8437500000e-01
        31   -1.5323669874e+01    2.3542213325e+02   -2.5414044634e+01    1.0090374760e+01    7.0965879150e+00   -3.4581265148e+01    2.0706325998e+00    2.0480000000e+03    8.3266600372e-04    6.8623046875e-01
        32   -1.5374089752e+01    2.3706958706e+02   -2.5565995332e+01    1.0191905580e+01    7.1159783937e+00   -3.4939119188e+01    2.2571454628e+00    2.0480000000e+03    8.3454942657e-04    6.8632812500e-01
        33   -1.5354056876e+01    2.3646479217e+02   -2.5604377861e+01    1.0250320985e+01    7.0911232925e+00   -3.5016551382e+01    2.3210502287e+00    2.0480000000e+03    8.3756277161e-04    6.8437500000e-01
        34   -1.5354824140e+01    2.3650037332e+02   -2.5377426266e+01    1.0022602127e+01    7.1382745387e+00   -3.4717503160e+01    2.2018023553e+00    2.0480000000e+03    8.3702756775e-04    6.8437500000e-01
        35   -1.5364917801e+01    2.3690623314e+02   -2.5554034309e+01    1.0189116508e+01    7.0916670112e+00   -3.4792373298e+01    2.1466719784e+00    2.0480000000e+03    8.3688360596e-04    6.8994140625e-01
        36   -1.5338921089e+01    2.3608154329e+02   -2.5582421145e+01    1.0243500056e+01    7.1387715722e+00   -3.4741542195e+01    2.0203494773e+00    2.0480000000e+03    8.4246824432e-04    6.8417968750e-01
        37   -1.5359337210e+01    2.3660278304e+02   -2.5796648704e+01    1.0437311494e+01    7.1387149387e+00   -3.4963648401e+01    2.0282847590e+00    2.0480000000e+03    8.3550304504e-04    6.8017578125e-01
        38   -1.5341806454e+01    2.3614245073e+02   -2.5774917337e+01    1.0433110883e+01    7.1306455347e+00   -3.5084643639e+01    2.1790807672e+00    2.0480000000e+03    8.3537851501e-04    6.7890625000e-01
        39   -1.5375870734e+01    2.3722615836e+02   -2.5679292927e+01    1.0303422193e+01    7.1583671836e+00   -3.5057039999e+01    2.2193798880e+00    2.0480000000e+03    8.3528491119e-04    6.8437500000e-01
        40   -1.5334791111e+01    2.3598796222e+02   -2.5886179751e+01    1.0551388640e+01    7.1840724060e+00   -3.5243851100e+01    2.1735989429e+00    2.0480000000e+03    8.3443252594e-04    6.8154296875e-01
        41   -1.5388312849e+01    2.3771814749e+02   -2.5677463556e+01    1.0289150708e+01    7.1275520187e+00   -3.4822931543e+01    2.0179159681e+00    2.0480000000e+03    8.3567137726e-04    6.7939453125e-01
        42   -1.5353781986e+01    2.3642978946e+02   -2.5894333213e+01    1.0540551228e+01    7.1360418362e+00   -3.5175293824e+01    2.1449187741e+00    2.0480000000e+03    8.4904098450e-04    6.8466796875e-01
        43   -1.5356496355e+01    2.3650363084e+02   -2.5595653666e+01    1.0239157311e+01    7.0982791184e+00   -3.4763114729e+01    2.0691819449e+00    2.0480000000e+03    8.3785171143e-04    6.8662109375e-01
        44   -1.5372901227e+01    2.3710630111e+02   -2.5584850396e+01    1.0211949169e+01    7.1202310948e+00   -3.4784860375e+01    2.0797788837e+00    2.0480000000e+03    8.3856823761e-04    6.7949218750e-01
        45   -1.5381650218e+01    2.3727069856e+02   -2.5671848420e+01    1.0290198202e+01    7.1418079425e+00   -3.5096088783e+01    2.2824324206e+00    2.0480000000e+03    8.3968378510e-04    6.7441406250e-01
        46   -1.5383419406e+01    2.3738444101e+02   -2.5863513104e+01    1.0480093698e+01    7.1453085752e+00   -3.5184196912e+01    2.1753752324e+00    2.0480000000e+03    8.4108008545e-04    6.8291015625e-01
        47   -1.5369640214e+01    2.3690738575e+02   -2.5807916084e+01    1.0438275870e+01    7.1592360950e+00   -3.5081827841e+01    2.1146756622e+00    2.0480000000e+03    8.3605122955e-04    6.7714843750e-01
        48   -1.5366829617e+01    2.3684309064e+02   -2.5700086091e+01    1.0333256474e+01    7.1314460340e+00   -3.5069294562e+01    2.2377624371e+00    2.0480000000e+03    8.3300333527e-04    6.8798828125e-01
        49   -1.5330950610e+01    2.3569821377e+02   -2.5656161266e+01    1.0325210656e+01    7.1539732871e+00   -3.5173010795e+01    2.3628762420e+00    2.0480000000e+03    8.3034606110e-04    6.8193359375e-01
        50   -1.5354422138e+01    2.3642613150e+02   -2.5706576368e+01    1.0352154230e+01    7.1669079594e+00   -3.5046020192e+01    2.1725358651e+00    2.0480000000e+03    8.4343533478e-04    6.7675781250e-01
        51   -1.5359952284e+01    2.3652566245e+02   -2.5629606579e+01    1.0269654295e+01    7.1766750261e+00   -3.5058820665e+01    2.2525390592e+00    2.0480000000e+03    8.4200873138e-04    6.8398437500e-01
        52   -1.5350903446e+01    2.3637326503e+02   -2.5831318137e+01    1.0480414691e+01    7.1877342555e+00   -3.4996656887e+01    1.9776044943e+00    2.0480000000e+03    8.3806178650e-04    6.7890625000e-01
        53   -1.5350433126e+01    2.3628347959e+02   -2.5812459864e+01    1.0462026738e+01    7.1549574713e+00   -3.5023705533e+01    2.0562881977e+00    2.0480000000e+03    8.3368443359e-04    6.7197265625e-01
        54   -1.5320635683e+01    2.3540246958e+02   -2.5638843230e+01    1.0318207547e+01    7.1159620401e+00   -3.4786781907e+01    2.0319766377e+00    2.0480000000e+03    8.3910735413e-04    6.7744140625e-01
        55   -1.5329034779e+01    2.3556445097e+02   -2.5431095459e+01    1.0102060680e+01    7.0877548179e+00   -3.4550906967e+01    2.0320566906e+00    2.0480000000e+03    8.3772739990e-04    6.8427734375e-01
        56   -1.5343975570e+01    2.3611659383e+02   -2.5538694390e+01    1.0194718820e+01    7.1781098303e+00   -3.5019637965e+01    2.3028337447e+00    2.0480000000e+03    8.3535032013e-04    6.8525390625e-01
        57   -1.5349757484e+01    2.3625724230e+02   -2.5581940177e+01    1.0232182693e+01    7.1930445995e+00   -3.5016380582e+01    2.2413958050e+00    2.0480000000e+03    8.4315516449e-04    6.7695312500e-01
        58   -1.5366505735e+01    2.3676287340e+02   -2.5716406412e+01    1.0349900677e+01    7.2141586699e+00   -3.5194222388e+01    2.2636573065e+00    2.0480000000e+03    8.3788120880e-04    6.8457031250e-01
        59   -1.5333460781e+01    2.3572271216e+02   -2.5582942200e+01    1.0249481419e+01    7.1582311173e+00   -3.5009225085e+01    2.2680517680e+00    2.0480000000e+03    8.3367281738e-04    6.8183593750e-01
        60   -1.5323932401e+01    2.3541053542e+02   -2.5813942825e+01    1.0490010424e+01    7.1816936816e+00   -3.5140175674e+01    2.1445391683e+00    2.0480000000e+03    8.3795476349e-04    6.8408203125e-01
        61   -1.5354344331e+01    2.3637553585e+02   -2.5825178925e+01    1.0470834594e+01    7.1969761288e+00   -3.5163238744e+01    2.1410836906e+00    2.0480000000e+03    8.4174062256e-04    6.8203125000e-01
        62   -1.5339987655e+01    2.3614918888e+02   -2.5553988763e+01    1.0214001107e+01    7.1572910671e+00   -3.4954320216e+01    2.2430403862e+00    2.0480000000e+03    8.4087070770e-04    6.8300781250e-01
        63   -1.5344770821e+01    2.3608663774e+02   -2.5774588880e+01    1.0429818060e+01    7.2195796478e+00   -3.5340730919e+01    2.3465623907e+00    2.0480000000e+03    8.3637996307e-04    6.7382812500e-01
        64   -1.5359733439e+01    2.3662661760e+02   -2.5870885247e+01    1.0511151809e+01    7.1958197980e+00   -3.5347191853e+01    2.2804868072e+00    2.0480000000e+03    8.3706530090e-04    6.8095703125e-01
        65   -1.5377670466e+01    2.3719994856e+02   -2.5659315539e+01    1.0281645073e+01    7.1700844064e+00   -3.5176465067e+01    2.3470651213e+00    2.0480000000e+03    8.4325170563e-04    6.8564453125e-01
        66   -1.5364905613e+01    2.3684687494e+02   -2.5655843824e+01    1.0290938211e+01    7.1486202751e+00   -3.5124581435e+01    2.3201173359e+00    2.0480000000e+03    8.3456369904e-04    6.8144531250e-01
        67   -1.5341764538e+01    2.3595185106e+02   -2.5276279058e+01    9.9345145197e+00    7.0921934851e+00   -3.4679673316e+01    2.3112007732e+00    2.0480000000e+03    8.3098636108e-04    6.8378906250e-01
        68   -1.5349447871e+01    2.3625697556e+02   -2.5418552561e+01    1.0069104689e+01    7.1591451142e+00   -3.4907439620e+01    2.3297419449e+00    2.0480000000e+03    8.4774432617e-04    6.7783203125e-01
        69   -1.5340234110e+01    2.3596843590e+02   -2.5445182992e+01    1.0104948882e+01    7.1186502895e+00   -3.4597040762e+01    2.0332074804e+00    2.0480000000e+03    8.3183668335e-04    6.8388671875e-01
        70   -1.5347679578e+01    2.3630536858e+02   -2.5545972159e+01    1.0198292581e+01    7.0843492207e+00   -3.4576491488e+01    1.9461701083e+00    2.0480000000e+03    8.3252649200e-04    6.8701171875e-01
        71   -1.5359484576e+01    2.3661080005e+02   -2.5632240578e+01    1.0272756003e+01    7.0608940635e+00   -3.4865377642e+01    2.1722430002e+00    2.0480000000e+03    8.3115792755e-04    6.8740234375e-01
        72   -1.5333846277e+01    2.3586460275e+02   -2.5812669281e+01    1.0478823004e+01    7.1664420338e+00   -3.5421791590e+01    2.4426802744e+00    2.0480000000e+03    8.3448442413e-04    6.7480468750e-01
        73   -1.5332430719e+01    2.3579440715e+02   -2.5839841286e+01    1.0507410567e+01    7.1258701825e+00   -3.5111395458e+01    2.1456839899e+00    2.0480000000e+03    8.3060707764e-04    6.8437500000e-01
        74   -1.5325615024e+01    2.3555053481e+02   -2.5807892987e+01    1.0482277963e+01    7.2162451760e+00   -3.5560261598e+01    2.5361234349e+00    2.0480000000e+03    8.4043429840e-04    6.7695312500e-01
        75   -1.5371210909e+01    2.3700891469e+02   -2.5865729947e+01    1.0494519038e+01    7.1794483274e+00   -3.5324432619e+01    2.2792543449e+00    2.0480000000e+03    8.3687041290e-04    6.7958984375e-01
        76   -1.5365720850e+01    2.3683711626e+02   -2.5721686611e+01    1.0355965761e+01    7.0929380972e+00   -3.4958481296e+01    2.1438565875e+00    2.0480000000e+03    8.3522429413e-04    6.8408203125e-01
        77   -1.5340943335e+01    2.3623782583e+02   -2.5561924858e+01    1.0220981523e+01    7.1099296237e+00   -3.4804921806e+01    2.1330673248e+00    2.0480000000e+03    8.3752031006e-04    6.7773437500e-01
        78   -1.5355941800e+01    2.3645615488e+02   -2.5652421910e+01    1.0296480110e+01    7.1071630224e+00   -3.4965088279e+01    2.2055033463e+00    2.0480000000e+03    8.3748459473e-04    6.7548828125e-01
        79   -1.5358682362e+01    2.3657131096e+02   -2.5504482205e+01    1.0145799843e+01    7.1413315618e+00   -3.4837317666e+01    2.1915038988e+00    2.0480000000e+03    8.3715872314e-04    6.8212890625e-01
        80   -1.5356543969e+01    2.3648611000e+02   -2.5532584473e+01    1.0176040504e+01    7.1913317535e+00   -3.4945142978e+01    2.2212267511e+00    2.0480000000e+03    8.3785642456e-04    6.7900390625e-01
        81   -1.5337816268e+01    2.3588314835e+02   -2.5628465131e+01    1.0290648863e+01    7.1622579203e+00   -3.4965253656e+01    2.1745306043e+00    2.0480000000e+03    8.3941363678e-04    6.7675781250e-01
        82   -1.5343450397e+01    2.3610656562e+02   -2.5546267873e+01    1.0202817476e+01    7.1871691534e+00   -3.4862946938e+01    2.1295099117e+00    2.0480000000e+03    8.4043590729e-04    6.8593750000e-01
        83   -1.5367790091e+01    2.3690047921e+02   -2.5620215788e+01    1.0252425697e+01    7.1106056390e+00   -3.4910179345e+01    2.1793579181e+00    2.0480000000e+03    8.3279145142e-04    6.8105468750e-01
        84   -1.5353937757e+01    2.3644167819e+02   -2.5601454509e+01    1.0247516752e+01    7.0768653656e+00   -3.4632265118e+01    1.9539452433e+00    2.0480000000e+03    8.3239629242e-04    6.7636718750e-01
        85   -1.5347469895e+01    2.3620947336e+02   -2.5648563053e+01    1.0301093158e+01    7.0938180974e+00   -3.4750753496e+01    2.0083723457e+00    2.0480000000e+03    8.3432796417e-04    6.8398437500e-01
        86   -1.5321842294e+01    2.3535522085e+02   -2.5591438366e+01    1.0269596072e+01    7.1169300787e+00   -3.4729419826e+01    2.0210513815e+00    2.0480000000e+03    8.3280949738e-04    6.7958984375e-01
        87   -1.5315909132e+01    2.3519784444e+02   -2.5452183343e+01    1.0136274211e+01    7.1634140818e+00   -3.4820994518e+01    2.2053970932e+00    2.0480000000e+03    8.3483170319e-04    6.8017578125e-01
        88   -1.5346300488e+01    2.3618611860e+02   -2.5570700494e+01    1.0224400006e+01    7.1476071298e+00   -3.4991450479e+01    2.2731428546e+00    2.0480000000e+03    8.3843230865e-04    6.8554687500e-01
        89   -1.5365667702e+01    2.3675963514e+02   -2.5593415173e+01    1.0227747471e+01    7.1731581392e+00   -3.4954776568e+01    2.1882032556e+00    2.0480000000e+03    8.3820396851e-04    6.8701171875e-01
        90   -1.5335411693e+01    2.3582070362e+02   -2.5577200720e+01    1.0241789027e+01    7.1324377711e+00   -3.4879525875e+01    2.1698873844e+00    2.0480000000e+03    8.3952978729e-04    6.7695312500e-01
        91   -1.5326920525e+01    2.3561738470e+02   -2.5531334226e+01    1.0204413701e+01    7.1634814708e+00   -3.4894664890e+01    2.1998491935e+00    2.0480000000e+03    8.3335696259e-04    6.7744140625e-01
        92   -1.5346941920e+01    2.3606700750e+02   -2.5669020702e+01    1.0322078781e+01    7.1260064352e+00   -3.5023518344e+01    2.2284912069e+00    2.0480000000e+03    8.3925862854e-04    6.8427734375e-01
        93   -1.5330076331e+01    2.3580876680e+02   -2.5714845722e+01    1.0384769391e+01    7.1472977634e+00   -3.4918771221e+01    2.0566277355e+00    2.0480000000e+03    8.3877046722e-04    6.7861328125e-01
        94   -1.5334186719e+01    2.3585998412e+02   -2.5446559436e+01    1.0112372718e+01    7.0570283283e+00   -3.4466190426e+01    1.9626026617e+00    2.0480000000e+03    8.4876350647e-04    6.8457031250e-01
        95   -1.5339391836e+01    2.3597798903e+02   -2.5305695116e+01    9.9663032804e+00    7.0378769424e+00   -3.4323334340e+01    1.9797622819e+00    2.0480000000e+03    8.3701713959e-04    6.9003906250e-01
        96   -1.5348769130e+01    2.3623860749e+02   -2.5365953854e+01    1.0017184725e+01    7.0812304970e+00   -3.4618518695e+01    2.1713343437e+00    2.0480000000e+03    8.3328436279e-04    6.8388671875e-01
        97   -1.5323027888e+01    2.3547370873e+02   -2.5409420420e+01    1.0086392532e+01    7.0998429640e+00   -3.4782578847e+01    2.2733154630e+00    2.0480000000e+03    8.3562548370e-04    6.8232421875e-01
        98   -1.5350514621e+01    2.3635211104e+02   -2.5545246205e+01    1.0194731583e+01    7.1177137222e+00   -3.4852410327e+01    2.1894504005e+00    2.0480000000e+03    8.3986137512e-04    6.8496093750e-01
        99   -1.5364780497e+01    2.3673355117e+02   -2.5497221700e+01    1.0132441203e+01    7.0425686252e+00   -3.4445590515e+01    1.9058001902e+00    2.0480000000e+03    8.3779115051e-04    6.8300781250e-01
       100   -1.5359672973e+01    2.3660670018e+02   -2.5255216976e+01    9.8955440027e+00    7.0864141647e+00   -3.4403298981e+01    2.0616678406e+00    2.0480000000e+03    8.3126164032e-04    6.8339843750e-01
       101   -1.5361191588e+01    2.3665255291e+02   -2.5670912448e+01    1.0309720860e+01    7.0803855339e+00   -3.4682549595e+01    1.9312516125e+00    2.0480000000e+03    8.3756007385e-04    6.7890625000e-01
       102   -1.5326807334e+01    2.3552486737e+02   -2.5518816510e+01    1.0192009175e+01    7.1292320149e+00   -3.4927184026e+01    2.2791355014e+00    2.0480000000e+03    8.4496320740e-04    6.8632812500e-01
       103   -1.5346715131e+01    2.3623425385e+02   -2.5772156409e+01    1.0425441278e+01    7.1716699018e+00   -3.5164257817e+01    2.2204315063e+00    2.0480000000e+03    8.4214959595e-04    6.7978515625e-01
       104   -1.5326551159e+01    2.3556475057e+02   -2.5784673500e+01    1.0458122341e+01    7.1816489747e+00   -3.5200028189e+01    2.2337057142e+00    2.0480000000e+03    8.4216044708e-04    6.8251953125e-01
       105   -1.5373444540e+01    2.3713638078e+02   -2.5993923146e+01    1.0620478606e+01    7.0982043626e+00   -3.4918528306e+01    1.8264007979e+00    2.0480000000e+03    8.3068410339e-04    6.7773437500e-01
       106   -1.5341689797e+01    2.3614309277e+02   -2.5919677983e+01    1.0577988186e+01    7.1191564773e+00   -3.5093964477e+01    2.0551300170e+00    2.0480000000e+03    8.3359971375e-04    6.7607421875e-01
       107   -1.5327701878e+01    2.3555706264e+02   -2.5578390752e+01    1.0250688873e+01    7.1120840785e+00   -3.4837771228e+01    2.1472963978e+00    2.0480000000e+03    8.3039868622e-04    6.7724609375e-01
       108   -1.5329553185e+01    2.3568558844e+02   -2.5466144402e+01    1.0136591217e+01    7.1114285919e+00   -3.4845463333e+01    2.2678903399e+00    2.0480000000e+03    8.3423357788e-04    6.8349609375e-01
       109   -1.5339496170e+01    2.3604172308e+02   -2.5280883686e+01    9.9413875159e+00    7.0635257565e+00   -3.4750381371e+01    2.4059719290e+00    2.0480000000e+03    8.3863745880e-04    6.9052734375e-01
       110   -1.5328685084e+01    2.3564158640e+02   -2.5510353380e+01    1.0181668296e+01    7.0854809796e+00   -3.4577012505e+01    1.9811781454e+00    2.0480000000e+03    8.3857569794e-04    6.8798828125e-01
       111   -1.5332937855e+01    2.3576660459e+02   -2.5556772615e+01    1.0223834760e+01    7.0887831053e+00   -3.4896928431e+01    2.2513727106e+00    2.0480000000e+03    8.3593296967e-04    6.8027343750e-01
       112   -1.5350437697e+01    2.3637155008e+02   -2.5604088493e+01    1.0253650795e+01    7.1252722975e+00   -3.5056709896e+01    2.3273491063e+00    2.0480000000e+03    8.3742389160e-04    6.8574218750e-01
       113   -1.5362108489e+01    2.3675312031e+02   -2.5447198755e+01    1.0085090266e+01    7.0977386079e+00   -3.4790377280e+01    2.2454399169e+00    2.0480000000e+03    8.3232092651e-04    6.9121093750e-01
       114   -1.5350756246e+01    2.3643159388e+02   -2.5462861206e+01    1.0112104960e+01    7.1283765736e+00   -3.4734748130e+01    2.1435103507e+00    2.0480000000e+03    8.4050963745e-04    6.8125000000e-01
       115   -1.5368251604e+01    2.3700021449e+02   -2.5433032575e+01    1.0064780972e+01    7.1795308716e+00   -3.4881002984e+01    2.2684395373e+00    2.0480000000e+03    8.4048208740e-04    6.7998046875e-01
       116   -1.5357051739e+01    2.3662045722e+02   -2.5561037249e+01    1.0203985509e+01    7.1213316176e+00   -3.4907444170e+01    2.2250753034e+00    2.0480000000e+03    8.3826160370e-04    6.8310546875e-01
       117   -1.5392617300e+01    2.3764329705e+02   -2.5791326826e+01    1.0398709526e+01    7.1431092205e+00   -3.5172355397e+01    2.2379193500e+00    2.0480000000e+03    8.4450935913e-04    6.8750000000e-01
       118   -1.5376902838e+01    2.3713805148e+02   -2.5821397976e+01    1.0444495137e+01    7.1597173160e+00   -3.5231474140e+01    2.2503588488e+00    2.0480000000e+03    8.3568615845e-04    6.8574218750e-01
       119   -1.5366102833e+01    2.3672403108e+02   -2.5748277530e+01    1.0382174697e+01    7.1399709999e+00   -3.5145154049e+01    2.2569055190e+00    2.0480000000e+03    8.4576456512e-04    6.8261718750e-01
       120   -1.5353010647e+01    2.3646242686e+02   -2.5818574450e+01    1.0465563803e+01    7.1591396810e+00   -3.5166013017e+01    2.1882988856e+00    2.0480000000e+03    8.5772129395e-04    6.7998046875e-01
       121   -1.5361864425e+01    2.3667715187e+02   -2.5915816123e+01    1.0553951698e+01    7.1655761883e+00   -3.5164563684e+01    2.0831713727e+00    2.0480000000e+03    8.3957695251e-04    6.8613281250e-01
       122   -1.5336462977e+01    2.3594211042e+02   -2.5928080057e+01    1.0591617079e+01    7.1514384582e+00   -3.5197967276e+01    2.1184487606e+00    2.0480000000e+03    8.3655305481e-04    6.7890625000e-01
       123   -1.5339887976e+01    2.3606848038e+02   -2.5718032237e+01    1.0378144261e+01    7.1310869697e+00   -3.4995951682e+01    2.1468324757e+00    2.0480000000e+03    8.3959052155e-04    6.8437500000e-01
       124   -1.5348842956e+01    2.3641249583e+02   -2.5763449588e+01    1.0414606632e+01    7.1566871647e+00   -3.5012373311e+01    2.0922365579e+00    2.0480000000e+03    8.3936863525e-04    6.8437500000e-01
       125   -1.5349913274e+01    2.3631665063e+02   -2.5664024095e+01    1.0314110821e+01    7.1227812386e+00   -3.4877649116e+01    2.0908437820e+00    2.0480000000e+03    8.3997962616e-04    6.7382812500e-01
       126   -1.5367472942e+01    2.3697695945e+02   -2.5701210025e+01    1.0333737082e+01    7.1103153383e+00   -3.4913123521e+01    2.1015981577e+00    2.0480000000e+03    8.3680128357e-04    6.7607421875e-01
       127   -1.5344101603e+01    2.3608081099e+02   -2.5658342965e+01    1.0314241362e+01    7.0734993993e+00   -3.4834242411e+01    2.1024000468e+00    2.0480000000e+03    8.3477815369e-04    6.8496093750e-01
       128   -1.5324088567e+01    2.3546017692e+02   -2.5557537465e+01    1.0233448897e+01    7.1662762041e+00   -3.5236364417e+01    2.5125507478e+00    2.0480000000e+03    8.3230338837e-04    6.8515625000e-01
       129   -1.5333553308e+01    2.3593713271e+02   -2.5684234912e+01    1.0350681605e+01    7.2006496156e+00   -3.5081963502e+01    2.1970789735e+00    2.0480000000e+03    8.3668223114e-04    6.8173828125e-01
       130   -1.5332167997e+01    2.3582101158e+02   -2.5699724771e+01    1.0367556774e+01    7.1282913604e+00   -3.5015148996e+01    2.1871328649e+00    2.0480000000e+03    8.3019635620e-04    6.7763671875e-01
       131   -1.5359924988e+01    2.3662359268e+02   -2.5787029102e+01    1.0427104114e+01    7.1905582466e+00   -3.5207694732e+01    2.2301073832e+00    2.0480000000e+03    8.4494857422e-04    6.8085937500e-01
       132   -1.5365639465e+01    2.3682806387e+02   -2.5839471477e+01    1.0473832012e+01    7.1161852815e+00   -3.5180474708e+01    2.2248179488e+00    2.0480000000e+03    8.3334277496e-04    6.8535156250e-01
       133   -1.5354976366e+01    2.3648954167e+02   -2.5520784164e+01    1.0165807798e+01    7.1297873211e+00   -3.4953107067e+01    2.3025355820e+00    2.0480000000e+03    8.3891857574e-04    6.8574218750e-01
       134   -1.5343638256e+01    2.3620402896e+02   -2.5583251496e+01    1.0239613240e+01    7.1099677965e+00   -3.4807477036e+01    2.1142577430e+00    2.0480000000e+03    8.4003837311e-04    6.8066406250e-01
       135   -1.5351204081e+01    2.3631404068e+02   -2.5447740764e+01    1.0096536683e+01    7.0496643521e+00   -3.4698188570e+01    2.2007834537e+00    2.0480000000e+03    8.2878862793e-04    6.8203125000e-01
       136   -1.5348284602e+01    2.3633516130e+02   -2.5574580407e+01    1.0226295805e+01    7.0984449017e+00   -3.4877698728e+01    2.2046734189e+00    2.0480000000e+03    8.3065964447e-04    6.8281250000e-01
       137   -1.5363541453e+01    2.3670468026e+02   -2.5558842041e+01    1.0195300588e+01    7.0797925262e+00   -3.4844676260e+01    2.2060416925e+00    2.0480000000e+03    8.3208714844e-04    6.8642578125e-01
       138   -1.5337376237e+01    2.3582977520e+02   -2.5421730089e+01    1.0084353852e+01    7.0674789690e+00   -3.4573120299e+01    2.0839112412e+00    2.0480000000e+03    8.3110233459e-04    6.7890625000e-01
       139   -1.5364737428e+01    2.3682918636e+02   -2.5364452027e+01    9.9997145990e+00    7.1090528746e+00   -3.4737803205e+01    2.2642983033e+00    2.0480000000e+03    8.3820562714e-04    6.9062500000e-01
       140   -1.5360125013e+01    2.3660286789e+02   -2.5440112185e+01    1.0079987172e+01    7.1437449340e+00   -3.4872928473e+01    2.2890713542e+00    2.0480000000e+03    8.2870114685e-04    6.7236328125e-01
       141   -1.5358221547e+01    2.3655139188e+02   -2.5530080492e+01    1.0171858945e+01    7.1376586058e+00   -3.5075199731e+01    2.4074606333e+00    2.0480000000e+03    8.4011273926e-04    6.7763671875e-01
       142   -1.5345316752e+01    2.3611541151e+02   -2.5783490892e+01    1.0438174139e+01    7.1531155044e+00   -3.5183434399e+01    2.2468280030e+00    2.0480000000e+03    8.4083535828e-04    6.8505859375e-01
       143   -1.5338132093e+01    2.3588662111e+02   -2.5790035333e+01    1.0451903240e+01    7.1855542541e+00   -3.5101321456e+01    2.1257318689e+00    2.0480000000e+03    8.3954361267e-04    6.7568359375e-01
       144   -1.5365917041e+01    2.3687181947e+02   -2.5800944602e+01    1.0435027561e+01    7.1664514571e+00   -3.5129271742e+01    2.1618756821e+00    2.0480000000e+03    8.4300250763e-04    6.8251953125e-01
       145   -1.5346351933e+01    2.3624422551e+02   -2.5886902565e+01    1.0540550632e+01    7.2000034231e+00   -3.5213361105e+01    2.1264551166e+00    2.0480000000e+03    8.4714467499e-04    6.8339843750e-01
       146   -1.5371036009e+01    2.3693685561e+02   -2.5853316917e+01    1.0482280909e+01    7.2158327022e+00   -3.5200010186e+01    2.1308605664e+00    2.0480000000e+03    8.5466756226e-04    6.8115234375e-01
       147   -1.5359906925e+01    2.3661229568e+02   -2.5867002416e+01    1.0507095492e+01    7.1947246246e+00   -3.5268930647e+01    2.2072036062e+00    2.0480000000e+03    8.4467965607e-04    6.7490234375e-01
       148   -1.5337451114e+01    2.3585856063e+02   -2.5911211798e+01    1.0573760683e+01    7.1600363119e+00   -3.5202409282e+01    2.1311611728e+00    2.0480000000e+03    8.4143732819e-04    6.8750000000e-01
       149   -1.5346959239e+01    2.3642881027e+02   -2.5765276584e+01    1.0418317344e+01    7.1695763523e+00   -3.5047755316e+01    2.1129023805e+00    2.0480000000e+03    8.4016358917e-04    6.8378906250e-01
       150   -1.5356393476e+01    2.3644421395e+02   -2.5686871638e+01    1.0330478163e+01    7.1626134321e+00   -3.5008909034e+01    2.1594239639e+00    2.0480000000e+03    8.3795436798e-04    6.7939453125e-01
       151   -1.5350860371e+01    2.3635496790e+02   -2.5656504828e+01    1.0305644456e+01    7.1325689239e+00   -3.5041891275e+01    2.2528175234e+00    2.0480000000e+03    8.3587961456e-04    6.7763671875e-01
       152   -1.5378712040e+01    2.3720025936e+02   -2.5621284339e+01    1.0242572299e+01    7.1202033995e+00   -3.5044642353e+01    2.3031546149e+00    2.0480000000e+03    8.4036359985e-04    6.8173828125e-01
       153   -1.5350507263e+01    2.3624884347e+02   -2.5504968738e+01    1.0154461474e+01    7.1536558614e+00   -3.4732073777e+01    2.0734491782e+00    2.0480000000e+03    8.3953637482e-04    6.7822265625e-01
       154   -1.5349043559e+01    2.3616745446e+02   -2.5554052383e+01    1.0205008825e+01    7.0996523026e+00   -3.4829804777e+01    2.1761000907e+00    2.0480000000e+03    8.3625715729e-04    6.8027343750e-01
       155   -1.5349393170e+01    2.3622546700e+02   -2.5655591577e+01    1.0306198408e+01    7.1940248597e+00   -3.5065108856e+01    2.2154924195e+00    2.0480000000e+03    8.4065799744e-04    6.8144531250e-01
       156   -1.5358628894e+01    2.3655855107e+02   -2.5457192742e+01    1.0098563848e+01    7.1541851087e+00   -3.4862104814e+01    2.2507269633e+00    2.0480000000e+03    8.3405189056e-04    6.7832031250e-01
       157   -1.5367637928e+01    2.3674458458e+02   -2.5384070768e+01    1.0016432840e+01    7.0991077432e+00   -3.4663672915e+01    2.1804944040e+00    2.0480000000e+03    8.3784728302e-04    6.9042968750e-01
       158   -1.5349375142e+01    2.3618727139e+02   -2.5510875746e+01    1.0161500604e+01    7.1363972090e+00   -3.4701457834e+01    2.0541848789e+00    2.0480000000e+03    8.4013038910e-04    6.7939453125e-01
       159   -1.5336757084e+01    2.3583720497e+02   -2.5464931997e+01    1.0128174913e+01    7.1686791389e+00   -3.4749380191e+01    2.1157690550e+00    2.0480000000e+03    8.4368732300e-04    6.8720703125e-01
       160   -1.5348939224e+01    2.3629432819e+02   -2.5577330922e+01    1.0228391698e+01    7.2085200892e+00   -3.4996314932e+01    2.2104639209e+00    2.0480000000e+03    8.4458074615e-04    6.7724609375e-01
       161   -1.5346408131e+01    2.3608075631e+02   -2.5371916245e+01    1.0025508114e+01    7.1677703024e+00   -3.4578834620e+01    2.0391480725e+00    2.0480000000e+03    8.4699871002e-04    6.8476562500e-01
       162   -1.5354273321e+01    2.3634503609e+02   -2.5582729522e+01    1.0228456201e+01    7.1614053612e+00   -3.4925839293e+01    2.1817044093e+00    2.0480000000e+03    8.4325235748e-04    6.8037109375e-01
       163   -1.5362332985e+01    2.3667261958e+02   -2.5781864202e+01    1.0419531217e+01    7.1455176222e+00   -3.5130887701e+01    2.2035058764e+00    2.0480000000e+03    8.4336218140e-04    6.7773437500e-01
       164   -1.5363100699e+01    2.3664397144e+02   -2.5826728700e+01    1.0463628002e+01    7.1660428908e+00   -3.5160535900e+01    2.1677643092e+00    2.0480000000e+03    8.4048600891e-04    6.8525390625e-01
       165   -1.5349124497e+01    2.3633306951e+02   -2.5894882134e+01    1.0545757637e+01    7.1585222770e+00   -3.5160096146e+01    2.1066917347e+00    2.0480000000e+03    8.4043065582e-04    6.7646484375e-01
       166   -1.5379662676e+01    2.3728780590e+02   -2.5947227092e+01    1.0567564416e+01    7.1209100712e+00   -3.5352509271e+01    2.2843721070e+00    2.0480000000e+03    8.3724196899e-04    6.7968750000e-01
       167   -1.5368254694e+01    2.3692468323e+02   -2.5863335387e+01    1.0495080693e+01    7.1577704033e+00   -3.5252635431e+01    2.2315296405e+00    2.0480000000e+03    8.3823698792e-04    6.8310546875e-01
       168   -1.5364449742e+01    2.3680290531e+02   -2.5943135627e+01    1.0578685885e+01    7.1669962293e+00   -3.5272101881e+01    2.1619700251e+00    2.0480000000e+03    9.2737655304e-04    6.6806640625e-01
       169   -1.5325180727e+01    2.3555160001e+02   -2.5468416502e+01    1.0143235775e+01    7.0894186198e+00   -3.4798630834e+01    2.2407957121e+00    2.0480000000e+03    8.3699842957e-04    6.8417968750e-01
       170   -1.5346086403e+01    2.3619184815e+02   -2.5497737707e+01    1.0151651304e+01    7.0848633223e+00   -3.4634975421e+01    2.0523743919e+00    2.0480000000e+03    8.3313794525e-04    6.8261718750e-01
       171   -1.5322388686e+01    2.3546010321e+02   -2.5697141225e+01    1.0374752539e+01    7.0971847104e+00   -3.4545897051e+01    1.7515711154e+00    2.0480000000e+03    8.3867560364e-04    6.7851562500e-01
       172   -1.5328757703e+01    2.3574268389e+02   -2.5701918839e+01    1.0373161136e+01    7.1254351591e+00   -3.4887536143e+01    2.0601821442e+00    2.0480000000e+03    8.6691279907e-04    6.8378906250e-01
       173   -1.5362703249e+01    2.3669108848e+02   -2.5508381302e+01    1.0145678053e+01    7.1162492924e+00   -3.4849233951e+01    2.2246033567e+00    2.0480000000e+03    8.4608439423e-04    6.8183593750e-01
       174   -1.5401937106e+01    2.3805350278e+02   -2.5668883920e+01    1.0266946814e+01    7.1274128561e+00   -3.5025842545e+01    2.2295457692e+00    2.0480000000e+03    8.4610125854e-04    6.8623046875e-01
       175   -1.5383366600e+01    2.3744930727e+02   -2.5730443386e+01    1.0347076787e+01    7.1502099431e+00   -3.5138069622e+01    2.2574162928e+00    2.0480000000e+03    8.3864166168e-04    6.7871093750e-01
       176   -1.5381775339e+01    2.3738830929e+02   -2.5537382526e+01    1.0155607186e+01    7.1475429549e+00   -3.4981931060e+01    2.2970055796e+00    2.0480000000e+03    8.4293937195e-04    6.8417968750e-01
       177   -1.5392029852e+01    2.3767913352e+02   -2.5483859000e+01    1.0091829148e+01    7.0852468643e+00   -3.4726025087e+01    2.1569192234e+00    2.0480000000e+03    8.4097383148e-04    6.8193359375e-01
       178   -1.5354346381e+01    2.3659722029e+02   -2.5571192541e+01    1.0216846161e+01    7.1960541553e+00   -3.5008378710e+01    2.2411320133e+00    2.0480000000e+03    8.4417582520e-04    6.7968750000e-01
       179   -1.5358049026e+01    2.3671343453e+02   -2.5657581900e+01    1.0299532874e+01    7.1105461497e+00   -3.4953963429e+01    2.1858353785e+00    2.0480000000e+03    8.4704769928e-04    6.8779296875e-01
       180   -1.5336036536e+01    2.3587019391e+02   -2.5564368113e+01    1.0228331578e+01    7.1257332855e+00   -3.4882714805e+01    2.1926134063e+00    2.0480000000e+03    8.3891497131e-04    6.7363281250e-01
       181   -1.5345924375e+01    2.3625778296e+02   -2.5471828288e+01    1.0125903913e+01    7.1129599986e+00   -3.4669940562e+01    2.0851522759e+00    2.0480000000e+03    8.4053699371e-04    6.8681640625e-01
       182   -1.5330337468e+01    2.3580741748e+02   -2.5542614273e+01    1.0212276805e+01    7.1104583217e+00   -3.4775492373e+01    2.1224197785e+00    2.0480000000e+03    8.3566863403e-04    6.7685546875e-01
       183   -1.5353669549e+01    2.3636566947e+02   -2.5561254584e+01    1.0207585035e+01    7.1511780595e+00   -3.4941189501e+01    2.2287568579e+00    2.0480000000e+03    8.3982626038e-04    6.7392578125e-01
       184   -1.5385750251e+01    2.3738712976e+02   -2.5790499674e+01    1.0404749423e+01    7.1564959529e+00   -3.5123035453e+01    2.1760398263e+00    2.0480000000e+03    8.3977772461e-04    6.7666015625e-01
       185   -1.5401166392e+01    2.3800597967e+02   -2.5747508198e+01    1.0346341805e+01    7.2197270578e+00   -3.5309451250e+01    2.3422159944e+00    2.0480000000e+03    8.4462255768e-04    6.7246093750e-01
       186   -1.5391461541e+01    2.3761535163e+02   -2.5596935905e+01    1.0205474363e+01    7.2593853304e+00   -3.5081345937e+01    2.2250247015e+00    2.0480000000e+03    8.4227735962e-04    6.8037109375e-01
       187   -1.5393282639e+01    2.3783879667e+02   -2.5652852569e+01    1.0259569930e+01    7.1762248103e+00   -3.5016633350e+01    2.1875559703e+00    2.0480000000e+03    8.4494903503e-04    6.8046875000e-01
       188   -1.5365345739e+01    2.3687122310e+02   -2.5704626804e+01    1.0339281066e+01    7.1725597756e+00   -3.5085758917e+01    2.2085723367e+00    2.0480000000e+03    8.4325833557e-04    6.8183593750e-01
       189   -1.5350775261e+01    2.3634627423e+02   -2.5413243305e+01    1.0062468044e+01    7.1667769073e+00   -3.4945231215e+01    2.3652110034e+00    2.0480000000e+03    8.3718156708e-04    6.8212890625e-01
       190   -1.5325353117e+01    2.3553127744e+02   -2.5552469023e+01    1.0227115906e+01    7.1588249338e+00   -3.4885000873e+01    2.1737069161e+00    2.0480000000e+03    8.4192189636e-04    6.8251953125e-01
       191   -1.5344913295e+01    2.3611374025e+02   -2.5641996176e+01    1.0297082881e+01    7.1258583774e+00   -3.4850782433e+01    2.0829278796e+00    2.0480000000e+03    8.3930460052e-04    6.7675781250e-01
       192   -1.5345420992e+01    2.3624259212e+02   -2.5666771539e+01    1.0321350546e+01    7.2177766500e+00   -3.5233830535e+01    2.3492823464e+00    2.0480000000e+03    8.4202538300e-04    6.8066406250e-01
       193   -1.5320271868e+01    2.3547633069e+02   -2.5602168432e+01    1.0281896564e+01    7.1459145120e+00   -3.5044375372e+01    2.2962924273e+00    2.0480000000e+03    8.3479984009e-04    6.8740234375e-01
       194   -1.5313805364e+01    2.3523753325e+02   -2.5599287207e+01    1.0285481842e+01    7.1130850968e+00   -3.4857608775e+01    2.1452364712e+00    2.0480000000e+03    8.3842140411e-04    6.7636718750e-01
       195   -1.5336918763e+01    2.3593521494e+02   -2.5660554556e+01    1.0323635794e+01    7.1269658618e+00   -3.4776586198e+01    1.9890657801e+00    2.0480000000e+03    8.2939210236e-04    6.7529296875e-01
       196   -1.5352402923e+01    2.3649151084e+02   -2.5931301743e+01    1.0578898819e+01    7.1415833129e+00   -3.5219784311e+01    2.1468992549e+00    2.0480000000e+03    8.3997309662e-04    6.8134765625e-01
       197   -1.5369523161e+01    2.3707808235e+02   -2.5959225658e+01    1.0589702497e+01    7.1326460075e+00   -3.5193051643e+01    2.1011799780e+00    2.0480000000e+03    8.3614331879e-04    6.7607421875e-01
       198   -1.5377927956e+01    2.3726736772e+02   -2.5972489789e+01    1.0594561833e+01    7.1958698820e+00   -3.5406072614e+01    2.2377129426e+00    2.0480000000e+03    8.6186107452e-04    6.8017578125e-01
       199   -1.5366745585e+01    2.3719887892e+02   -2.5947557750e+01    1.0580812165e+01    7.1915378185e+00   -3.5281547497e+01    2.1424519285e+00    2.0480000000e+03    8.3816821777e-04    6.7783203125e-01
