#   index    LocalEnergy         LocalEnergy_sq      LocalPotential      Kinetic             ElecElec            LocalECP            NonLocalECP         BlockWeight         BlockCPU            AcceptRatio         
         0   -1.5366580013e+01    2.3668725391e+02   -2.6157994492e+01    1.0791414479e+01    7.4099561998e+00   -3.5908179380e+01    2.3402286887e+00    2.0480000000e+03    8.5119300323e-04    6.6015625000e-01
         1   -1.5380021303e+01    2.3710643700e+02   -2.6137861985e+01    1.0757840683e+01    7.4243560309e+00   -3.5848068753e+01    2.2858507372e+00    2.0480000000e+03    8.6254576477e-04    6.7177734375e-01
         2   -1.5386613448e+01    2.3754265462e+02   -2.6164292924e+01    1.0777679476e+01    7.4586579897e+00   -3.5872962787e+01    2.2500118732e+00    2.0480000000e+03    8.6074271454e-04    6.5947265625e-01
         3   -1.5344976271e+01    2.3596686341e+02   -2.6340219619e+01    1.0995243348e+01    7.4302251800e+00   -3.5961984772e+01    2.1915399730e+00    2.0480000000e+03    8.7446904968e-04    6.6914062500e-01
         4   -1.5400867427e+01    2.3778671569e+02   -2.5948066605e+01    1.0547199178e+01    7.4106208922e+00   -3.5835119180e+01    2.4764316823e+00    2.0480000000e+03    8.6025554779e-04    6.6933593750e-01
         5   -1.5367081295e+01    2.3672027477e+02   -2.6046049153e+01    1.0678967858e+01    7.4658665638e+00   -3.5904198355e+01    2.3922826374e+00    2.0480000000e+03    8.5955424408e-04    6.6308593750e-01
         6   -1.5380821381e+01    2.3740299215e+02   -2.6359620988e+01    1.0978799607e+01    7.5062405598e+00   -3.6211148591e+01    2.3452870438e+00    2.0480000000e+03    8.6002110199e-04    6.6269531250e-01
         7   -1.5389114461e+01    2.3745353956e+02   -2.6133142346e+01    1.0744027885e+01    7.4556857078e+00   -3.5772625916e+01    2.1837978626e+00    2.0480000000e+03    8.6546580963e-04    6.5878906250e-01
         8   -1.5395052733e+01    2.3763425791e+02   -2.6183636906e+01    1.0788584173e+01    7.4631384059e+00   -3.5908479857e+01    2.2617045451e+00    2.0480000000e+03    8.6455925110e-04    6.5566406250e-01
         9   -1.5397994466e+01    2.3766691895e+02   -2.5968511173e+01    1.0570516707e+01    7.4678535625e+00   -3.5765598375e+01    2.3292336398e+00    2.0480000000e+03    8.6392797668e-04    6.7031250000e-01
        10   -1.5415404394e+01    2.3816170069e+02   -2.6112633857e+01    1.0697229463e+01    7.4112027280e+00   -3.5755561956e+01    2.2317253714e+00    2.0480000000e+03    8.6614058014e-04    6.7529296875e-01
        11   -1.5374069239e+01    2.3695806842e+02   -2.6133119178e+01    1.0759049939e+01    7.4056037040e+00   -3.5544921666e+01    2.0061987836e+00    2.0480000000e+03    8.6668678009e-04    6.5966796875e-01
        12   -1.5372020663e+01    2.3688919264e+02   -2.6144822081e+01    1.0772801418e+01    7.4951443119e+00   -3.5973130022e+01    2.3331636294e+00    2.0480000000e+03    8.6662174774e-04    6.6367187500e-01
        13   -1.5345012017e+01    2.3598952336e+02   -2.6203035919e+01    1.0858023901e+01    7.4739298384e+00   -3.5967371553e+01    2.2904057955e+00    2.0480000000e+03    8.6479881165e-04    6.6542968750e-01
        14   -1.5395084071e+01    2.3757641565e+02   -2.6204748514e+01    1.0809664444e+01    7.4288532180e+00   -3.5888688846e+01    2.2550871134e+00    2.0480000000e+03    8.6390485535e-04    6.6806640625e-01
        15   -1.5376690816e+01    2.3701483787e+02   -2.6400878821e+01    1.1024188004e+01    7.4440372479e+00   -3.6143741662e+01    2.2988255939e+00    2.0480000000e+03    8.6294811157e-04    6.5712890625e-01
        16   -1.5376092174e+01    2.3711605241e+02   -2.6070280831e+01    1.0694188657e+01    7.4634890484e+00   -3.6013313613e+01    2.4795437332e+00    2.0480000000e+03    8.5861623657e-04    6.5927734375e-01
        17   -1.5382626160e+01    2.3723599973e+02   -2.6263554268e+01    1.0880928108e+01    7.4305914157e+00   -3.5975070476e+01    2.2809247922e+00    2.0480000000e+03    8.5571621490e-04    6.6250000000e-01
        18   -1.5379433815e+01    2.3715068247e+02   -2.6258922602e+01    1.0879488787e+01    7.4547863896e+00   -3.6087601876e+01    2.3738928842e+00    2.0480000000e+03    8.6043335602e-04    6.6328125000e-01
        19   -1.5391818244e+01    2.3756569133e+02   -2.6260712026e+01    1.0868893782e+01    7.4325777489e+00   -3.6033714205e+01    2.3404244302e+00    2.0480000000e+03    8.6112331635e-04    6.6748046875e-01
        20   -1.5386016021e+01    2.3736454717e+02   -2.6141794471e+01    1.0755778451e+01    7.4066081453e+00   -3.5930445779e+01    2.3820431628e+00    2.0480000000e+03    8.5254504608e-04    6.6494140625e-01
        21   -1.5391589913e+01    2.3752855451e+02   -2.6241567479e+01    1.0849977566e+01    7.4097409894e+00   -3.5878987974e+01    2.2276795053e+00    2.0480000000e+03    8.5238055023e-04    6.5966796875e-01
        22   -1.5380891685e+01    2.3721458695e+02   -2.6155286255e+01    1.0774394570e+01    7.3805103227e+00   -3.5735166295e+01    2.1993697180e+00    2.0480000000e+03    8.5320789795e-04    6.6484375000e-01
        23   -1.5390673267e+01    2.3750997326e+02   -2.6134661817e+01    1.0743988550e+01    7.4153186350e+00   -3.5557619466e+01    2.0076390140e+00    2.0480000000e+03    8.5418480194e-04    6.6220703125e-01
        24   -1.5390067779e+01    2.3739435516e+02   -2.5961256521e+01    1.0571188742e+01    7.3768897739e+00   -3.5484217079e+01    2.1460707842e+00    2.0480000000e+03    8.5006541351e-04    6.6679687500e-01
        25   -1.5399250691e+01    2.3772852038e+02   -2.6106555854e+01    1.0707305163e+01    7.4041963723e+00   -3.5673946270e+01    2.1631940436e+00    2.0480000000e+03    8.5558052216e-04    6.6708984375e-01
        26   -1.5397326836e+01    2.3769128898e+02   -2.6218371849e+01    1.0821045012e+01    7.3797480587e+00   -3.5738500998e+01    2.1403810902e+00    2.0480000000e+03    8.5459542175e-04    6.6269531250e-01
        27   -1.5404011913e+01    2.3796504320e+02   -2.6157143933e+01    1.0753132020e+01    7.4278395600e+00   -3.5951147824e+01    2.3661643304e+00    2.0480000000e+03    8.5617841034e-04    6.7021484375e-01
        28   -1.5351135959e+01    2.3629814131e+02   -2.6218378542e+01    1.0867242583e+01    7.4369017893e+00   -3.5977376243e+01    2.3220959112e+00    2.0480000000e+03    8.6156832092e-04    6.6484375000e-01
        29   -1.5394725694e+01    2.3763426069e+02   -2.6459958665e+01    1.1065232971e+01    7.4018072652e+00   -3.5985233874e+01    2.1234679439e+00    2.0480000000e+03    8.7314116974e-04    6.6269531250e-01
        30   -1.5377342312e+01    2.3708395591e+02   -2.6394839243e+01    1.1017496931e+01    7.3929703106e+00   -3.5916269349e+01    2.1284597949e+00    2.0480000000e+03    8.5483194153e-04    6.6503906250e-01
        31   -1.5375339841e+01    2.3689990226e+02   -2.6040596631e+01    1.0665256790e+01    7.3700451685e+00   -3.5640640823e+01    2.2299990227e+00    2.0480000000e+03    8.5566341858e-04    6.7099609375e-01
        32   -1.5351455311e+01    2.3621036912e+02   -2.6253051695e+01    1.0901596384e+01    7.4159736082e+00   -3.5829155649e+01    2.1601303461e+00    2.0480000000e+03    8.5919758179e-04    6.5781250000e-01
        33   -1.5365019709e+01    2.3676435514e+02   -2.6237357726e+01    1.0872338016e+01    7.4181857467e+00   -3.6060193108e+01    2.4046496357e+00    2.0480000000e+03    8.5776369782e-04    6.6152343750e-01
        34   -1.5378700427e+01    2.3707226278e+02   -2.6316527831e+01    1.0937827404e+01    7.4813198445e+00   -3.6121128470e+01    2.3232807936e+00    2.0480000000e+03    8.5736520477e-04    6.6171875000e-01
        35   -1.5375980199e+01    2.3696041060e+02   -2.6334496867e+01    1.0958516667e+01    7.4998386443e+00   -3.6332182805e+01    2.4978472940e+00    2.0480000000e+03    8.6513737976e-04    6.6054687500e-01
        36   -1.5359435112e+01    2.3648018908e+02   -2.6319965929e+01    1.0960530817e+01    7.5139469844e+00   -3.6108818293e+01    2.2749053796e+00    2.0480000000e+03    8.6370575012e-04    6.6699218750e-01
        37   -1.5403586485e+01    2.3795370503e+02   -2.6309359859e+01    1.0905773374e+01    7.4908251920e+00   -3.5975437466e+01    2.1752524153e+00    2.0480000000e+03    8.6236210510e-04    6.6435546875e-01
        38   -1.5399366224e+01    2.3776319504e+02   -2.6210271179e+01    1.0810904954e+01    7.4008779581e+00   -3.5837249551e+01    2.2261004144e+00    2.0480000000e+03    8.6043679321e-04    6.6005859375e-01
        39   -1.5385547932e+01    2.3744255734e+02   -2.6485783937e+01    1.1100236005e+01    7.5250992927e+00   -3.6326231497e+01    2.3153482680e+00    2.0480000000e+03    8.6283259460e-04    6.6328125000e-01
        40   -1.5403631672e+01    2.3805617783e+02   -2.6623790180e+01    1.1220158508e+01    7.4516956084e+00   -3.6300680865e+01    2.2251950767e+00    2.0480000000e+03    8.6279343506e-04    6.6464843750e-01
        41   -1.5383945668e+01    2.3729689511e+02   -2.6692067836e+01    1.1308122168e+01    7.4569152832e+00   -3.6353964779e+01    2.2049816605e+00    2.0480000000e+03    8.6504881500e-04    6.6132812500e-01
        42   -1.5353000363e+01    2.3624899443e+02   -2.6467806954e+01    1.1114806591e+01    7.4630446900e+00   -3.6335201664e+01    2.4043500203e+00    2.0480000000e+03    8.6110284241e-04    6.5556640625e-01
        43   -1.5384611494e+01    2.3723276267e+02   -2.6545824270e+01    1.1161212775e+01    7.4645899108e+00   -3.6289969400e+01    2.2795552198e+00    2.0480000000e+03    8.6537373749e-04    6.6220703125e-01
        44   -1.5379989516e+01    2.3711348358e+02   -2.6391096323e+01    1.1011106807e+01    7.4595589763e+00   -3.6210324118e+01    2.3596688192e+00    2.0480000000e+03    8.6337440826e-04    6.5312500000e-01
        45   -1.5402710655e+01    2.3783795711e+02   -2.6422012437e+01    1.1019301782e+01    7.4134384602e+00   -3.5893388504e+01    2.0579376066e+00    2.0480000000e+03    8.6354108521e-04    6.6572265625e-01
        46   -1.5410092997e+01    2.3823748455e+02   -2.6154554681e+01    1.0744461685e+01    7.4483016240e+00   -3.5517323259e+01    1.9144669538e+00    2.0480000000e+03    8.5851618286e-04    6.6757812500e-01
        47   -1.5408186194e+01    2.3798913069e+02   -2.6104274378e+01    1.0696088184e+01    7.4637571245e+00   -3.5784534602e+01    2.2165030998e+00    2.0480000000e+03    8.6949907928e-04    6.6787109375e-01
        48   -1.5418245177e+01    2.3836747848e+02   -2.6247038546e+01    1.0828793369e+01    7.4304278927e+00   -3.5682684906e+01    2.0052184671e+00    2.0480000000e+03    8.6232769989e-04    6.6494140625e-01
        49   -1.5388026882e+01    2.3738551758e+02   -2.6337689475e+01    1.0949662593e+01    7.4467743286e+00   -3.6086644626e+01    2.3021808222e+00    2.0480000000e+03    8.6264100067e-04    6.6406250000e-01
        50   -1.5333315744e+01    2.3566521094e+02   -2.6358910504e+01    1.1025594760e+01    7.4516347622e+00   -3.5858050156e+01    2.0475048897e+00    2.0480000000e+03    8.5879080872e-04    6.6083984375e-01
        51   -1.5365637959e+01    2.3669808847e+02   -2.6254092696e+01    1.0888454737e+01    7.4455520308e+00   -3.5887725220e+01    2.1880804925e+00    2.0480000000e+03    8.6078537567e-04    6.6035156250e-01
        52   -1.5354957441e+01    2.3634576431e+02   -2.6293870308e+01    1.0938912867e+01    7.4622064042e+00   -3.6053994419e+01    2.2979177061e+00    2.0480000000e+03    8.6243995758e-04    6.5566406250e-01
        53   -1.5377889676e+01    2.3704690765e+02   -2.6235937612e+01    1.0858047937e+01    7.4623735881e+00   -3.5893313455e+01    2.1950022540e+00    2.0480000000e+03    8.6744342651e-04    6.6435546875e-01
        54   -1.5370044685e+01    2.3681430878e+02   -2.6171194331e+01    1.0801149645e+01    7.4135976426e+00   -3.5780295997e+01    2.1955040237e+00    2.0480000000e+03    8.5902896332e-04    6.6113281250e-01
        55   -1.5369434113e+01    2.3679493825e+02   -2.6206331922e+01    1.0836897809e+01    7.4437711461e+00   -3.5886585357e+01    2.2364822891e+00    2.0480000000e+03    8.8079402130e-04    6.6103515625e-01
        56   -1.5405084844e+01    2.3784876748e+02   -2.6209193415e+01    1.0804108571e+01    7.4100500183e+00   -3.5897953579e+01    2.2787101452e+00    2.0480000000e+03    8.6479570892e-04    6.6650390625e-01
        57   -1.5400019936e+01    2.3773285997e+02   -2.5998340040e+01    1.0598320104e+01    7.4316259326e+00   -3.5622315970e+01    2.1923499972e+00    2.0480000000e+03    8.5881533722e-04    6.6582031250e-01
        58   -1.5410103245e+01    2.3809763474e+02   -2.6081668815e+01    1.0671565571e+01    7.3968979653e+00   -3.5636689343e+01    2.1581225627e+00    2.0480000000e+03    8.6104305176e-04    6.6972656250e-01
        59   -1.5423591985e+01    2.3850655996e+02   -2.6099124538e+01    1.0675532554e+01    7.3211594567e+00   -3.5601628728e+01    2.1813447328e+00    2.0480000000e+03    8.5813050201e-04    6.6484375000e-01
        60   -1.5381295715e+01    2.3716795123e+02   -2.6386575840e+01    1.1005280126e+01    7.4615389611e+00   -3.6097293248e+01    2.2491784471e+00    2.0480000000e+03    8.6410557281e-04    6.6269531250e-01
        61   -1.5348330625e+01    2.3615091123e+02   -2.6202418989e+01    1.0854088364e+01    7.4223332269e+00   -3.5799767857e+01    2.1750156413e+00    2.0480000000e+03    8.6158569550e-04    6.5488281250e-01
        62   -1.5365156281e+01    2.3668318157e+02   -2.6169597193e+01    1.0804440912e+01    7.3962942115e+00   -3.5656276505e+01    2.0903851003e+00    2.0480000000e+03    8.5447459625e-04    6.6191406250e-01
        63   -1.5394778920e+01    2.3761267890e+02   -2.6011174092e+01    1.0616395172e+01    7.3202059061e+00   -3.5508736494e+01    2.1773564956e+00    2.0480000000e+03    8.5458182037e-04    6.6728515625e-01
        64   -1.5372828042e+01    2.3697263372e+02   -2.5931485612e+01    1.0558657569e+01    7.3937339513e+00   -3.5670761171e+01    2.3455416084e+00    2.0480000000e+03    8.5352299377e-04    6.6689453125e-01
        65   -1.5364047170e+01    2.3668237135e+02   -2.6054543966e+01    1.0690496796e+01    7.3915636104e+00   -3.5637416230e+01    2.1913086538e+00    2.0480000000e+03    8.5476633881e-04    6.7285156250e-01
        66   -1.5381061703e+01    2.3716242704e+02   -2.6192912211e+01    1.0811850508e+01    7.4104636428e+00   -3.5849473881e+01    2.2460980266e+00    2.0480000000e+03    8.5695189178e-04    6.6884765625e-01
        67   -1.5375425993e+01    2.3697442267e+02   -2.6234839815e+01    1.0859413821e+01    7.4218608131e+00   -3.5869618145e+01    2.2129175176e+00    2.0480000000e+03    8.5991390320e-04    6.6630859375e-01
        68   -1.5368330025e+01    2.3675435603e+02   -2.6038066635e+01    1.0669736610e+01    7.4430628378e+00   -3.5757953008e+01    2.2768235353e+00    2.0480000000e+03    8.5453704346e-04    6.6191406250e-01
        69   -1.5402221088e+01    2.3778694308e+02   -2.6058826288e+01    1.0656605200e+01    7.3889605628e+00   -3.5683738247e+01    2.2359513960e+00    2.0480000000e+03    8.5267167419e-04    6.5869140625e-01
        70   -1.5368939278e+01    2.3676516373e+02   -2.6177578572e+01    1.0808639294e+01    7.4717203018e+00   -3.5813874234e+01    2.1645753603e+00    2.0480000000e+03    8.5971588959e-04    6.6865234375e-01
        71   -1.5376976904e+01    2.3706769961e+02   -2.6327009834e+01    1.0950032930e+01    7.4261430458e+00   -3.5740692847e+01    1.9875399674e+00    2.0480000000e+03    8.5755365448e-04    6.5898437500e-01
        72   -1.5375294588e+01    2.3699972311e+02   -2.6237583939e+01    1.0862289351e+01    7.4396164551e+00   -3.5930357301e+01    2.2531569069e+00    2.0480000000e+03    8.6397927399e-04    6.6669921875e-01
        73   -1.5367522638e+01    2.3668871892e+02   -2.6171646434e+01    1.0804123796e+01    7.4495889651e+00   -3.5834265626e+01    2.2130302263e+00    2.0480000000e+03    8.6138040863e-04    6.7158203125e-01
        74   -1.5381651541e+01    2.3725189791e+02   -2.6136780266e+01    1.0755128725e+01    7.4252490394e+00   -3.5874954995e+01    2.3129256890e+00    2.0480000000e+03    8.5744276764e-04    6.6914062500e-01
        75   -1.5393682938e+01    2.3771803908e+02   -2.6079532486e+01    1.0685849548e+01    7.4370874713e+00   -3.5771842501e+01    2.2552225440e+00    2.0480000000e+03    8.5962573059e-04    6.6601562500e-01
        76   -1.5392230487e+01    2.3750364375e+02   -2.6231336641e+01    1.0839106154e+01    7.4641897954e+00   -3.6063792398e+01    2.3682659612e+00    2.0480000000e+03    8.5823305603e-04    6.6181640625e-01
        77   -1.5376581289e+01    2.3705365646e+02   -2.6431913666e+01    1.1055332376e+01    7.5074069130e+00   -3.6435786396e+01    2.4964658167e+00    2.0480000000e+03    8.6391812042e-04    6.5996093750e-01
        78   -1.5391819489e+01    2.3751166932e+02   -2.6301828712e+01    1.0910009223e+01    7.4802085514e+00   -3.6101298210e+01    2.3192609467e+00    2.0480000000e+03    8.6428421997e-04    6.6826171875e-01
        79   -1.5395962835e+01    2.3773540537e+02   -2.6362243065e+01    1.0966280231e+01    7.4717575508e+00   -3.6199047189e+01    2.3650465727e+00    2.0480000000e+03    8.6154341888e-04    6.6025390625e-01
        80   -1.5362201545e+01    2.3654285188e+02   -2.6100029378e+01    1.0737827833e+01    7.3945556015e+00   -3.5756421319e+01    2.2618363388e+00    2.0480000000e+03    8.5486898376e-04    6.6152343750e-01
        81   -1.5376527231e+01    2.3702069215e+02   -2.6082413459e+01    1.0705886228e+01    7.3577851813e+00   -3.5607314781e+01    2.1671161415e+00    2.0480000000e+03    8.6415002930e-04    6.6855468750e-01
        82   -1.5348666222e+01    2.3612127033e+02   -2.6022984618e+01    1.0674318396e+01    7.3749401052e+00   -3.5563246560e+01    2.1653218369e+00    2.0480000000e+03    8.5306158661e-04    6.6191406250e-01
        83   -1.5377438163e+01    2.3703046636e+02   -2.6266089449e+01    1.0888651286e+01    7.3889316765e+00   -3.5835602742e+01    2.1805816171e+00    2.0480000000e+03    8.5356936310e-04    6.6201171875e-01
        84   -1.5390651312e+01    2.3746443573e+02   -2.6356687120e+01    1.0966035808e+01    7.3929767433e+00   -3.5755042296e+01    2.0053784322e+00    2.0480000000e+03    8.6013331696e-04    6.6269531250e-01
        85   -1.5367190850e+01    2.3669140007e+02   -2.6185115247e+01    1.0817924397e+01    7.4096918095e+00   -3.5769512287e+01    2.1747052307e+00    2.0480000000e+03    8.6136080627e-04    6.6533203125e-01
        86   -1.5355865513e+01    2.3637393010e+02   -2.6269902058e+01    1.0914036545e+01    7.4668281152e+00   -3.5986841510e+01    2.2501113369e+00    2.0480000000e+03    8.6270021698e-04    6.5810546875e-01
        87   -1.5372135947e+01    2.3689285558e+02   -2.6112370623e+01    1.0740234675e+01    7.4820669863e+00   -3.6002466046e+01    2.4080284367e+00    2.0480000000e+03    8.5932850647e-04    6.5957031250e-01
        88   -1.5385820311e+01    2.3730822318e+02   -2.6070926517e+01    1.0685106206e+01    7.4351806565e+00   -3.5693457176e+01    2.1873500023e+00    2.0480000000e+03    8.6296236542e-04    6.6972656250e-01
        89   -1.5380357624e+01    2.3708965352e+02   -2.6031665825e+01    1.0651308201e+01    7.4959691266e+00   -3.5735685984e+01    2.2080510327e+00    2.0480000000e+03    8.6248579803e-04    6.6035156250e-01
        90   -1.5382043082e+01    2.3712885588e+02   -2.6104313251e+01    1.0722270169e+01    7.4854080418e+00   -3.5915374934e+01    2.3256536416e+00    2.0480000000e+03    8.6254196045e-04    6.6845703125e-01
        91   -1.5360725977e+01    2.3651934575e+02   -2.6346525387e+01    1.0985799410e+01    7.4685155062e+00   -3.5846464499e+01    2.0314236051e+00    2.0480000000e+03    8.6575233093e-04    6.6445312500e-01
        92   -1.5378571872e+01    2.3708105339e+02   -2.6177754539e+01    1.0799182668e+01    7.4970504680e+00   -3.5907331539e+01    2.2325265316e+00    2.0480000000e+03    8.6465466644e-04    6.5546875000e-01
        93   -1.5389813573e+01    2.3742209025e+02   -2.6219795036e+01    1.0829981462e+01    7.4705617900e+00   -3.5934884542e+01    2.2445277170e+00    2.0480000000e+03    8.6099314850e-04    6.5937500000e-01
        94   -1.5407420699e+01    2.3796593667e+02   -2.6397160373e+01    1.0989739674e+01    7.4620088125e+00   -3.6090184527e+01    2.2310153412e+00    2.0480000000e+03    8.6111780365e-04    6.6523437500e-01
        95   -1.5372746279e+01    2.3684410869e+02   -2.6189880195e+01    1.0817133916e+01    7.4425897301e+00   -3.5945709377e+01    2.3132394522e+00    2.0480000000e+03    8.6243523407e-04    6.5810546875e-01
        96   -1.5391673233e+01    2.3741612670e+02   -2.6196463174e+01    1.0804789941e+01    7.4712624923e+00   -3.5957572244e+01    2.2898465783e+00    2.0480000000e+03    8.6727625153e-04    6.7246093750e-01
        97   -1.5393368679e+01    2.3752178130e+02   -2.6289496507e+01    1.0896127827e+01    7.4489137464e+00   -3.5828893023e+01    2.0904827701e+00    2.0480000000e+03    8.5982325470e-04    6.6152343750e-01
        98   -1.5361584931e+01    2.3656809720e+02   -2.6474366615e+01    1.1112781684e+01    7.5021026442e+00   -3.6089568494e+01    2.1130992345e+00    2.0480000000e+03    8.7024839294e-04    6.6455078125e-01
        99   -1.5388810735e+01    2.3735129296e+02   -2.6222848254e+01    1.0834037519e+01    7.4504841758e+00   -3.5780608900e+01    2.1072764699e+00    2.0480000000e+03    8.6634031555e-04    6.6279296875e-01
       100   -1.5387891955e+01    2.3737581484e+02   -2.6093782150e+01    1.0705890195e+01    7.4982078680e+00   -3.5770224015e+01    2.1782339972e+00    2.0480000000e+03    8.6667810883e-04    6.6796875000e-01
       101   -1.5360336613e+01    2.3642149658e+02   -2.6253700275e+01    1.0893363662e+01    7.4722760651e+00   -3.5920477954e+01    2.1945016143e+00    2.0480000000e+03    8.6337730530e-04    6.5292968750e-01
       102   -1.5389540697e+01    2.3744415919e+02   -2.6094554407e+01    1.0705013710e+01    7.4585585475e+00   -3.5774844784e+01    2.2217318298e+00    2.0480000000e+03    8.5818363953e-04    6.6054687500e-01
       103   -1.5360158017e+01    2.3650142520e+02   -2.6075065750e+01    1.0714907733e+01    7.4450131762e+00   -3.5726247825e+01    2.2061688986e+00    2.0480000000e+03    8.5902140381e-04    6.6191406250e-01
       104   -1.5402849841e+01    2.3787225739e+02   -2.5922043703e+01    1.0519193862e+01    7.3233685429e+00   -3.5359876898e+01    2.1144646520e+00    2.0480000000e+03    8.5266404266e-04    6.6630859375e-01
       105   -1.5375546971e+01    2.3753815937e+02   -2.6076068627e+01    1.0700521657e+01    7.3645214392e+00   -3.5589504859e+01    2.1489147925e+00    2.0480000000e+03    8.4953482941e-04    6.6396484375e-01
       106   -1.5369963314e+01    2.3680002372e+02   -2.6173502174e+01    1.0803538860e+01    7.4077144686e+00   -3.5647814996e+01    2.0665983530e+00    2.0480000000e+03    8.5716486084e-04    6.6933593750e-01
       107   -1.5370531831e+01    2.3681536468e+02   -2.5897848406e+01    1.0527316574e+01    7.3669033916e+00   -3.5521733360e+01    2.2569815624e+00    2.0480000000e+03    8.6698901001e-04    6.6582031250e-01
       108   -1.5364734524e+01    2.3658288388e+02   -2.6092410037e+01    1.0727675513e+01    7.4037360258e+00   -3.5656405042e+01    2.1602589788e+00    2.0480000000e+03    8.5659169128e-04    6.6103515625e-01
       109   -1.5353986712e+01    2.3635919478e+02   -2.6138108055e+01    1.0784121344e+01    7.3935123615e+00   -3.5845925776e+01    2.3143053593e+00    2.0480000000e+03    8.5776409973e-04    6.6113281250e-01
       110   -1.5393647343e+01    2.3760965818e+02   -2.6274981069e+01    1.0881333726e+01    7.4113025173e+00   -3.5855702635e+01    2.1694190488e+00    2.0480000000e+03    8.5823015533e-04    6.5917968750e-01
       111   -1.5391079168e+01    2.3749652189e+02   -2.6168216434e+01    1.0777137266e+01    7.4506505099e+00   -3.5810794819e+01    2.1919278755e+00    2.0480000000e+03    8.6155265991e-04    6.5791015625e-01
       112   -1.5372899806e+01    2.3684942795e+02   -2.6166541197e+01    1.0793641391e+01    7.4386769724e+00   -3.6036466838e+01    2.4312486688e+00    2.0480000000e+03    8.5916454224e-04    6.6347656250e-01
       113   -1.5381726105e+01    2.3718690949e+02   -2.6286679004e+01    1.0904952899e+01    7.4703788082e+00   -3.5992630421e+01    2.2355726085e+00    2.0480000000e+03    8.5789139465e-04    6.5908203125e-01
       114   -1.5405117990e+01    2.3802670968e+02   -2.6318737550e+01    1.0913619559e+01    7.4434538163e+00   -3.5796735677e+01    2.0345443116e+00    2.0480000000e+03    8.5592405884e-04    6.6064453125e-01
       115   -1.5370960075e+01    2.3685091302e+02   -2.6093379916e+01    1.0722419841e+01    7.4230099220e+00   -3.5820265030e+01    2.3038751921e+00    2.0480000000e+03    8.5448586029e-04    6.5908203125e-01
       116   -1.5391105975e+01    2.3753574052e+02   -2.5984925423e+01    1.0593819448e+01    7.4409059204e+00   -3.5658616833e+01    2.2327854894e+00    2.0480000000e+03    8.5525882446e-04    6.6503906250e-01
       117   -1.5389507306e+01    2.3748037311e+02   -2.6068256265e+01    1.0678748958e+01    7.3626452967e+00   -3.5463385348e+01    2.0324837862e+00    2.0480000000e+03    8.4941921783e-04    6.6308593750e-01
       118   -1.5386798107e+01    2.3748081104e+02   -2.6140047661e+01    1.0753249555e+01    7.4163692696e+00   -3.5682014724e+01    2.1255977926e+00    2.0480000000e+03    8.5682557953e-04    6.7080078125e-01
       119   -1.5360490880e+01    2.3651790855e+02   -2.6145229589e+01    1.0784738710e+01    7.4384516903e+00   -3.5613732948e+01    2.0300516684e+00    2.0480000000e+03    8.5408153503e-04    6.6835937500e-01
       120   -1.5383591420e+01    2.3734126289e+02   -2.6344285515e+01    1.0960694095e+01    7.4824780831e+00   -3.5963027206e+01    2.1362636074e+00    2.0480000000e+03    8.6283215210e-04    6.6308593750e-01
       121   -1.5374632037e+01    2.3695692215e+02   -2.6178063811e+01    1.0803431774e+01    7.4216047108e+00   -3.5873637449e+01    2.2739689272e+00    2.0480000000e+03    8.5939394043e-04    6.7050781250e-01
       122   -1.5356536408e+01    2.3645712665e+02   -2.6444541197e+01    1.1088004789e+01    7.5008282095e+00   -3.6221953994e+01    2.2765845875e+00    2.0480000000e+03    8.6392173828e-04    6.5976562500e-01
       123   -1.5364682842e+01    2.3673530606e+02   -2.6542085068e+01    1.1177402226e+01    7.4852755587e+00   -3.6305945125e+01    2.2785844978e+00    2.0480000000e+03    9.5708923981e-04    6.5986328125e-01
       124   -1.5380315394e+01    2.3710604771e+02   -2.6286288400e+01    1.0905973006e+01    7.4874137952e+00   -3.6058055665e+01    2.2843534706e+00    2.0480000000e+03    8.6765235748e-04    6.6347656250e-01
       125   -1.5380435355e+01    2.3712390492e+02   -2.6241323648e+01    1.0860888293e+01    7.4605931974e+00   -3.6057003175e+01    2.3550863302e+00    2.0480000000e+03    8.6431068665e-04    6.5908203125e-01
       126   -1.5386208912e+01    2.3728638343e+02   -2.6206729279e+01    1.0820520368e+01    7.4065938591e+00   -3.5919930302e+01    2.3066071634e+00    2.0480000000e+03    8.6495540039e-04    6.6416015625e-01
       127   -1.5377779275e+01    2.3710463317e+02   -2.6528483249e+01    1.1150703974e+01    7.4554895443e+00   -3.5845920992e+01    1.8619481984e+00    2.0480000000e+03    8.6430351349e-04    6.6386718750e-01
       128   -1.5372803917e+01    2.3686246153e+02   -2.6261020160e+01    1.0888216244e+01    7.4518680502e+00   -3.5896406254e+01    2.1835180433e+00    2.0480000000e+03    8.6236979828e-04    6.5771484375e-01
       129   -1.5369235094e+01    2.3674743995e+02   -2.6282283138e+01    1.0913048044e+01    7.5069110718e+00   -3.5903333535e+01    2.1141393256e+00    2.0480000000e+03    8.6836921326e-04    6.6259765625e-01
       130   -1.5377054428e+01    2.3703229754e+02   -2.6053549808e+01    1.0676495380e+01    7.4446146510e+00   -3.5685581670e+01    2.1874172114e+00    2.0480000000e+03    8.7177353943e-04    6.5830078125e-01
       131   -1.5364296775e+01    2.3658122031e+02   -2.6133393524e+01    1.0769096749e+01    7.4424172217e+00   -3.5751412743e+01    2.1756019976e+00    2.0480000000e+03    8.6480186707e-04    6.6835937500e-01
       132   -1.5376225358e+01    2.3697159382e+02   -2.6117818574e+01    1.0741593215e+01    7.4447961072e+00   -3.5874664528e+01    2.3120498474e+00    2.0480000000e+03    8.6445281464e-04    6.6298828125e-01
       133   -1.5368850124e+01    2.3675797111e+02   -2.6147866127e+01    1.0779016003e+01    7.3623964661e+00   -3.5624112707e+01    2.1138501134e+00    2.0480000000e+03    8.8642685669e-04    6.6269531250e-01
       134   -1.5366951535e+01    2.3673644281e+02   -2.6141326289e+01    1.0774374754e+01    7.3836216044e+00   -3.5703318339e+01    2.1783704461e+00    2.0480000000e+03    8.5714779633e-04    6.6044921875e-01
       135   -1.5375780654e+01    2.3698572503e+02   -2.6112931540e+01    1.0737150885e+01    7.4366398599e+00   -3.5828625204e+01    2.2790538045e+00    2.0480000000e+03    8.6009836792e-04    6.5996093750e-01
       136   -1.5343473760e+01    2.3598610452e+02   -2.6070632108e+01    1.0727158347e+01    7.4232501642e+00   -3.5762560473e+01    2.2686782008e+00    2.0480000000e+03    8.6012213196e-04    6.7089843750e-01
       137   -1.5379044406e+01    2.3706417478e+02   -2.5919405633e+01    1.0540361227e+01    7.3857412237e+00   -3.5546879017e+01    2.2417321609e+00    2.0480000000e+03    8.5684311035e-04    6.6943359375e-01
       138   -1.5378813221e+01    2.3705277671e+02   -2.5760385281e+01    1.0381572060e+01    7.3406168901e+00   -3.5311016437e+01    2.2100142656e+00    2.0480000000e+03    8.5635885162e-04    6.7031250000e-01
       139   -1.5392200800e+01    2.3748524807e+02   -2.5951405612e+01    1.0559204812e+01    7.3599074448e+00   -3.5546298927e+01    2.2349858707e+00    2.0480000000e+03    8.5455038544e-04    6.6367187500e-01
       140   -1.5376151320e+01    2.3697010993e+02   -2.6009258076e+01    1.0633106756e+01    7.4151014195e+00   -3.5565614409e+01    2.1412549141e+00    2.0480000000e+03    8.5953981201e-04    6.6523437500e-01
       141   -1.5394745166e+01    2.3798124009e+02   -2.6187484557e+01    1.0792739391e+01    7.3910319688e+00   -3.5575251925e+01    1.9967353999e+00    2.0480000000e+03    8.5441621429e-04    6.6826171875e-01
       142   -1.5369611060e+01    2.3679353772e+02   -2.6216182063e+01    1.0846571003e+01    7.4189883682e+00   -3.5846550464e+01    2.2113800333e+00    2.0480000000e+03    8.5672008820e-04    6.5957031250e-01
       143   -1.5392067861e+01    2.3750004821e+02   -2.6298870994e+01    1.0906803133e+01    7.4639139067e+00   -3.6132799935e+01    2.3700150337e+00    2.0480000000e+03    8.5939205597e-04    6.6044921875e-01
       144   -1.5391192861e+01    2.3739424948e+02   -2.6423316145e+01    1.1032123283e+01    7.4221734748e+00   -3.5812170491e+01    1.9666808720e+00    2.0480000000e+03    8.6234421021e-04    6.6015625000e-01
       145   -1.5370156415e+01    2.3675254617e+02   -2.6237680981e+01    1.0867524566e+01    7.4570179986e+00   -3.5715438516e+01    2.0207395367e+00    2.0480000000e+03    8.6070020264e-04    6.5654296875e-01
       146   -1.5380361506e+01    2.3714340553e+02   -2.6237080526e+01    1.0856719020e+01    7.4710158136e+00   -3.5882323695e+01    2.1742273549e+00    2.0480000000e+03    8.6494718353e-04    6.5957031250e-01
       147   -1.5362635699e+01    2.3658946480e+02   -2.6272562497e+01    1.0909926797e+01    7.4147535872e+00   -3.5958789467e+01    2.2714733835e+00    2.0480000000e+03    8.6426650391e-04    6.6083984375e-01
       148   -1.5373220544e+01    2.3697340162e+02   -2.6298348103e+01    1.0925127558e+01    7.4684065662e+00   -3.6041567766e+01    2.2748130976e+00    2.0480000000e+03    8.6420641846e-04    6.5419921875e-01
       149   -1.5376890212e+01    2.3710098637e+02   -2.6236731266e+01    1.0859841054e+01    7.4160115015e+00   -3.5742756438e+01    2.0900136702e+00    2.0480000000e+03    8.6905672089e-04    6.6308593750e-01
       150   -1.5375806424e+01    2.3703602679e+02   -2.6072665817e+01    1.0696859392e+01    7.4450891193e+00   -3.5753824326e+01    2.2360693900e+00    2.0480000000e+03    8.6183800110e-04    6.6601562500e-01
       151   -1.5383487339e+01    2.3718816402e+02   -2.5962742754e+01    1.0579255415e+01    7.4624420870e+00   -3.5847659384e+01    2.4224745426e+00    2.0480000000e+03    8.6596422180e-04    6.6953125000e-01
       152   -1.5380163829e+01    2.3710660389e+02   -2.6226016041e+01    1.0845852213e+01    7.4570987885e+00   -3.6015657282e+01    2.3325424519e+00    2.0480000000e+03    8.5945225647e-04    6.5761718750e-01
       153   -1.5367304759e+01    2.3668025192e+02   -2.5990933598e+01    1.0623628838e+01    7.3901022885e+00   -3.5605523276e+01    2.2244873900e+00    2.0480000000e+03    8.5682967682e-04    6.6132812500e-01
       154   -1.5364061874e+01    2.3656553654e+02   -2.5928049901e+01    1.0563988027e+01    7.3621160355e+00   -3.5444293351e+01    2.1541274151e+00    2.0480000000e+03    8.5927139465e-04    6.6406250000e-01
       155   -1.5366450732e+01    2.3663713433e+02   -2.6154512522e+01    1.0788061790e+01    7.3839544600e+00   -3.5671627470e+01    2.1331604880e+00    2.0480000000e+03    8.5364266968e-04    6.6396484375e-01
       156   -1.5360172072e+01    2.3647022330e+02   -2.5934779322e+01    1.0574607250e+01    7.4161972677e+00   -3.5763649716e+01    2.4126731261e+00    2.0480000000e+03    8.5922748474e-04    6.6904296875e-01
       157   -1.5363825745e+01    2.3658152142e+02   -2.6263321423e+01    1.0899495678e+01    7.4271990055e+00   -3.5976555006e+01    2.2860345778e+00    2.0480000000e+03    8.5958717712e-04    6.6425781250e-01
       158   -1.5380583776e+01    2.3714261553e+02   -2.6154076888e+01    1.0773493112e+01    7.3613043145e+00   -3.5778887451e+01    2.2635062480e+00    2.0480000000e+03    8.6333846802e-04    6.6044921875e-01
       159   -1.5384927990e+01    2.3725509777e+02   -2.6054911897e+01    1.0669983907e+01    7.4093575814e+00   -3.5711271942e+01    2.2470024640e+00    2.0480000000e+03    8.7927605408e-04    6.6181640625e-01
       160   -1.5388236844e+01    2.3744767682e+02   -2.6459604153e+01    1.1071367309e+01    7.5134646255e+00   -3.6092253456e+01    2.1191846773e+00    2.0480000000e+03    8.5934113892e-04    6.6298828125e-01
       161   -1.5397898453e+01    2.3784840660e+02   -2.6266392510e+01    1.0868494057e+01    7.4598429634e+00   -3.5927465336e+01    2.2012298628e+00    2.0480000000e+03    8.6081367218e-04    6.6679687500e-01
       162   -1.5385742443e+01    2.3739530323e+02   -2.6180423399e+01    1.0794680956e+01    7.4581248929e+00   -3.5722218153e+01    2.0836698612e+00    2.0480000000e+03    8.6139976257e-04    6.6777343750e-01
       163   -1.5382245525e+01    2.3720917752e+02   -2.6499038813e+01    1.1116793287e+01    7.4472445891e+00   -3.6004417235e+01    2.0581338333e+00    2.0480000000e+03    8.6006189819e-04    6.6699218750e-01
       164   -1.5403575059e+01    2.3787140835e+02   -2.6369080115e+01    1.0965505055e+01    7.3913506414e+00   -3.5909619380e+01    2.1491886238e+00    2.0480000000e+03    8.5744365021e-04    6.6992187500e-01
       165   -1.5379388741e+01    2.3705195597e+02   -2.6234833180e+01    1.0855444438e+01    7.3588350471e+00   -3.5678935792e+01    2.0852675649e+00    2.0480000000e+03    8.6182904633e-04    6.6777343750e-01
       166   -1.5378158211e+01    2.3706827193e+02   -2.6259142849e+01    1.0880984638e+01    7.3910295276e+00   -3.5618293344e+01    1.9681209678e+00    2.0480000000e+03    8.5923091248e-04    6.6796875000e-01
       167   -1.5380912254e+01    2.3713291955e+02   -2.6100965190e+01    1.0720052936e+01    7.3971558427e+00   -3.5688772056e+01    2.1906510229e+00    2.0480000000e+03    8.6202046265e-04    6.5917968750e-01
       168   -1.5372127725e+01    2.3688702663e+02   -2.6011070792e+01    1.0638943067e+01    7.3435365634e+00   -3.5567421468e+01    2.2128141128e+00    2.0480000000e+03    8.6143633698e-04    6.6416015625e-01
       169   -1.5364122387e+01    2.3666603217e+02   -2.6283780838e+01    1.0919658451e+01    7.4309456864e+00   -3.5901183005e+01    2.1864564811e+00    2.0480000000e+03    8.6029797180e-04    6.6591796875e-01
       170   -1.5394994186e+01    2.3761074843e+02   -2.6251078452e+01    1.0856084266e+01    7.4328469307e+00   -3.5863798150e+01    2.1798727670e+00    2.0480000000e+03    8.5781165161e-04    6.6445312500e-01
       171   -1.5377122449e+01    2.3704539671e+02   -2.6362834960e+01    1.0985712512e+01    7.4574152541e+00   -3.5956198171e+01    2.1359479570e+00    2.0480000000e+03    8.6115356323e-04    6.6972656250e-01
       172   -1.5405761895e+01    2.3810994049e+02   -2.6284638112e+01    1.0878876217e+01    7.4289617430e+00   -3.5868840178e+01    2.1552403237e+00    2.0480000000e+03    8.5997472351e-04    6.6318359375e-01
       173   -1.5389778257e+01    2.3762432421e+02   -2.6078483056e+01    1.0688704799e+01    7.4266163276e+00   -3.5771710632e+01    2.2666112488e+00    2.0480000000e+03    8.6343877777e-04    6.6289062500e-01
       174   -1.5392246402e+01    2.3755382177e+02   -2.6153566049e+01    1.0761319648e+01    7.3889705717e+00   -3.5841772917e+01    2.2992362956e+00    2.0480000000e+03    8.5690082764e-04    6.6113281250e-01
       175   -1.5392179902e+01    2.3753756762e+02   -2.6027589240e+01    1.0635409339e+01    7.3713834072e+00   -3.5729147859e+01    2.3301752115e+00    2.0480000000e+03    8.5865529449e-04    6.6230468750e-01
       176   -1.5414298716e+01    2.3832399347e+02   -2.6077942777e+01    1.0663644061e+01    7.4151843927e+00   -3.5821986253e+01    2.3288590826e+00    2.0480000000e+03    8.6036398163e-04    6.6289062500e-01
       177   -1.5414424594e+01    2.3813553959e+02   -2.6174163529e+01    1.0759738935e+01    7.4542455873e+00   -3.5730179888e+01    2.1017707720e+00    2.0480000000e+03    8.6218014801e-04    6.6835937500e-01
       178   -1.5373909977e+01    2.3695667953e+02   -2.6354059936e+01    1.0980149959e+01    7.4706738949e+00   -3.6169942394e+01    2.3452085638e+00    2.0480000000e+03    8.6040048126e-04    6.5859375000e-01
       179   -1.5374419231e+01    2.3703930237e+02   -2.6381001580e+01    1.1006582349e+01    7.4357528038e+00   -3.5988826701e+01    2.1720723168e+00    2.0480000000e+03    8.6416203430e-04    6.6796875000e-01
       180   -1.5371808562e+01    2.3690365015e+02   -2.6108194879e+01    1.0736386317e+01    7.3814704187e+00   -3.5588320274e+01    2.0986549759e+00    2.0480000000e+03    8.6013838928e-04    6.6523437500e-01
       181   -1.5405136993e+01    2.3792995066e+02   -2.6023741377e+01    1.0618604384e+01    7.4337742649e+00   -3.5747127514e+01    2.2896118724e+00    2.0480000000e+03    8.6076934387e-04    6.6220703125e-01
       182   -1.5374478844e+01    2.3691067040e+02   -2.6169450273e+01    1.0794971429e+01    7.4371808723e+00   -3.5872860467e+01    2.2662293223e+00    2.0480000000e+03    8.6155685150e-04    6.6621093750e-01
       183   -1.5394871678e+01    2.3761625698e+02   -2.6176200235e+01    1.0781328557e+01    7.4202329936e+00   -3.5931745804e+01    2.3353125752e+00    2.0480000000e+03    8.6164828918e-04    6.6621093750e-01
       184   -1.5378617435e+01    2.3718750295e+02   -2.6177765361e+01    1.0799147926e+01    7.4118959833e+00   -3.5893811884e+01    2.3041505394e+00    2.0480000000e+03    8.6035674225e-04    6.5400390625e-01
       185   -1.5369933231e+01    2.3686125136e+02   -2.6081113344e+01    1.0711180113e+01    7.4087266763e+00   -3.5765209116e+01    2.2753690961e+00    2.0480000000e+03    8.7051065277e-04    6.6835937500e-01
       186   -1.5376071524e+01    2.3706871285e+02   -2.6188400715e+01    1.0812329191e+01    7.5201693349e+00   -3.6112908214e+01    2.4043381639e+00    2.0480000000e+03    8.5927832916e-04    6.7177734375e-01
       187   -1.5384645370e+01    2.3729040046e+02   -2.6291289110e+01    1.0906643740e+01    7.4049844833e+00   -3.5901127815e+01    2.2048542218e+00    2.0480000000e+03    8.6233487701e-04    6.5791015625e-01
       188   -1.5366122249e+01    2.3676865720e+02   -2.6369702806e+01    1.1003580556e+01    7.4631840364e+00   -3.6141149665e+01    2.3082628229e+00    2.0480000000e+03    8.6065283295e-04    6.5927734375e-01
       189   -1.5367979091e+01    2.3679645440e+02   -2.6265414995e+01    1.0897435904e+01    7.4461601278e+00   -3.6156783396e+01    2.4452082730e+00    2.0480000000e+03    8.6290616394e-04    6.6699218750e-01
       190   -1.5376524577e+01    2.3700295412e+02   -2.6105067494e+01    1.0728542917e+01    7.4776134159e+00   -3.6010250735e+01    2.4275698252e+00    2.0480000000e+03    8.6483868103e-04    6.6191406250e-01
       191   -1.5405363502e+01    2.3787383619e+02   -2.6026788694e+01    1.0621425192e+01    7.4224523650e+00   -3.5914814756e+01    2.4655736976e+00    2.0480000000e+03    8.5563882080e-04    6.6689453125e-01
       192   -1.5360579722e+01    2.3650081498e+02   -2.6055840514e+01    1.0695260791e+01    7.4100316372e+00   -3.5749170298e+01    2.2832981470e+00    2.0480000000e+03    8.5565383453e-04    6.6542968750e-01
       193   -1.5373027907e+01    2.3691063759e+02   -2.6184409813e+01    1.0811381906e+01    7.4385392984e+00   -3.5957417313e+01    2.3344682016e+00    2.0480000000e+03    8.6809853638e-04    6.6796875000e-01
       194   -1.5372010809e+01    2.3695721031e+02   -2.6287326687e+01    1.0915315878e+01    7.4382661456e+00   -3.6017159749e+01    2.2915669162e+00    2.0480000000e+03    8.6517457428e-04    6.6328125000e-01
       195   -1.5368583437e+01    2.3675329233e+02   -2.6071005550e+01    1.0702422113e+01    7.4227119650e+00   -3.5868245858e+01    2.3745283424e+00    2.0480000000e+03    8.6472681030e-04    6.6660156250e-01
       196   -1.5368369772e+01    2.3669949287e+02   -2.6160172128e+01    1.0791802355e+01    7.4449282105e+00   -3.5936369035e+01    2.3312686971e+00    2.0480000000e+03    8.6102139435e-04    6.6679687500e-01
       197   -1.5367883308e+01    2.3673524676e+02   -2.6041259645e+01    1.0673376337e+01    7.4187019592e+00   -3.5588884468e+01    2.1289228640e+00    2.0480000000e+03    8.5183714111e-04    6.6367187500e-01
       198   -1.5389680927e+01    2.3746062114e+02   -2.6096597565e+01    1.0706916639e+01    7.3678222294e+00   -3.5737259766e+01    2.2728399713e+00    2.0480000000e+03    8.5448539001e-04    6.6826171875e-01
       199   -1.5361134149e+01    2.3651211303e+02   -2.6183997358e+01    1.0822863208e+01    7.4465880216e+00   -3.6002294869e+01    2.3717094893e+00    2.0480000000e+03    8.5618044556e-04    6.6181640625e-01
