#   index    LocalEnergy         LocalEnergy_sq      LocalPotential      Kinetic             ElecElec            LocalECP            NonLocalECP         BlockWeight         BlockCPU            AcceptRatio         
         0   -1.5406864530e+01    2.3796017873e+02   -2.6321077617e+01    1.0914213088e+01    7.4515109473e+00   -3.6025643033e+01    2.2530544680e+00    3.4055000000e+04    6.2303744922e-02    9.9172361009e-01
         1   -1.5406301241e+01    2.3796032124e+02   -2.6377304496e+01    1.0971003255e+01    7.4392309853e+00   -3.6059436041e+01    2.2429005603e+00    3.3899000000e+04    6.0978211680e-02    9.9131779350e-01
         2   -1.5394117643e+01    2.3754392307e+02   -2.6372293852e+01    1.0978176209e+01    7.4251267683e+00   -3.5972566403e+01    2.1751457829e+00    3.3596000000e+04    5.5576608633e-02    9.9122244022e-01
         3   -1.5401821962e+01    2.3782019960e+02   -2.6319179644e+01    1.0917357682e+01    7.4474930039e+00   -3.5979006281e+01    2.2123336333e+00    3.3325000000e+04    5.5971895352e-02    9.9135327900e-01
         4   -1.5391775175e+01    2.3747898426e+02   -2.6157589920e+01    1.0765814745e+01    7.4386610772e+00   -3.5841446517e+01    2.2451955206e+00    3.2986000000e+04    5.2580021797e-02    9.9144704031e-01
         5   -1.5408323923e+01    2.3805381790e+02   -2.6336637812e+01    1.0928313889e+01    7.4258340823e+00   -3.6018170678e+01    2.2556987837e+00    3.3155000000e+04    5.4082656797e-02    9.9142640655e-01
         6   -1.5399782287e+01    2.3779267651e+02   -2.6364289635e+01    1.0964507349e+01    7.4595435555e+00   -3.5979083120e+01    2.1552499288e+00    3.3226000000e+04    5.5590803320e-02    9.9105211667e-01
         7   -1.5388357855e+01    2.3740828899e+02   -2.6299144701e+01    1.0910786846e+01    7.4442220729e+00   -3.5946155829e+01    2.2027890549e+00    3.3114000000e+04    5.2340217656e-02    9.9125108422e-01
         8   -1.5396800699e+01    2.3773132918e+02   -2.6390365132e+01    1.0993564433e+01    7.4816505954e+00   -3.6126781155e+01    2.2547654272e+00    3.2932000000e+04    5.2246490273e-02    9.9134013480e-01
         9   -1.5393799238e+01    2.3760334286e+02   -2.6651205243e+01    1.1257406005e+01    7.4899743101e+00   -3.6352969651e+01    2.2117900981e+00    3.2923000000e+04    5.3073090898e-02    9.9131181909e-01
        10   -1.5388369234e+01    2.3741423552e+02   -2.6355548080e+01    1.0967178845e+01    7.4332892032e+00   -3.5987224342e+01    2.1983870596e+00    3.2866000000e+04    5.2957101406e-02    9.9131107762e-01
        11   -1.5383359683e+01    2.3726225520e+02   -2.6275435882e+01    1.0892076199e+01    7.4258149715e+00   -3.6012660203e+01    2.3114093494e+00    3.2538000000e+04    5.2396958398e-02    9.9188737331e-01
        12   -1.5398704029e+01    2.3777519200e+02   -2.6371439494e+01    1.0972735465e+01    7.4481575463e+00   -3.6096608077e+01    2.2770110360e+00    3.2626000000e+04    5.3166730781e-02    9.9144154082e-01
        13   -1.5399974360e+01    2.3778019497e+02   -2.6216957590e+01    1.0816983230e+01    7.4017099947e+00   -3.5790893417e+01    2.1722258326e+00    3.2913000000e+04    5.2823420742e-02    9.9151652030e-01
        14   -1.5397383519e+01    2.3765833344e+02   -2.6002321424e+01    1.0604937905e+01    7.4141391882e+00   -3.5658771711e+01    2.2423110983e+00    3.3015000000e+04    5.3334640078e-02    9.9227254690e-01
        15   -1.5399625741e+01    2.3774450331e+02   -2.6241668909e+01    1.0842043168e+01    7.4283247111e+00   -3.5882545258e+01    2.2125516383e+00    3.3115000000e+04    5.3572522031e-02    9.9167072475e-01
        16   -1.5396269247e+01    2.3768311970e+02   -2.6388469158e+01    1.0992199911e+01    7.4724226594e+00   -3.6231595591e+01    2.3707037732e+00    3.3166000000e+04    5.3731496836e-02    9.9131946413e-01
        17   -1.5412578676e+01    2.3814298041e+02   -2.6282347525e+01    1.0869768849e+01    7.4197287872e+00   -3.5940409140e+01    2.2383328272e+00    3.3138000000e+04    5.2465946836e-02    9.9157800469e-01
        18   -1.5383291105e+01    2.3723635147e+02   -2.6275134991e+01    1.0891843886e+01    7.4216267394e+00   -3.5926443410e+01    2.2296816802e+00    3.2874000000e+04    5.3652490898e-02    9.9153063532e-01
        19   -1.5400048539e+01    2.3776581712e+02   -2.6308896202e+01    1.0908847662e+01    7.4045956087e+00   -3.5848731430e+01    2.1352396194e+00    3.2744000000e+04    5.3557001875e-02    9.9140502217e-01
        20   -1.5398879624e+01    2.3773449307e+02   -2.6328304097e+01    1.0929424473e+01    7.4349764948e+00   -3.5928483991e+01    2.1652033995e+00    3.2513000000e+04    5.2418567500e-02    9.9133027713e-01
        21   -1.5391825908e+01    2.3749032056e+02   -2.6101130338e+01    1.0709304430e+01    7.4171599055e+00   -3.5761321526e+01    2.2430312827e+00    3.2441000000e+04    5.2474370391e-02    9.9171117259e-01
        22   -1.5401795441e+01    2.3781334895e+02   -2.6263649935e+01    1.0861854494e+01    7.4157253128e+00   -3.5854778906e+01    2.1754036587e+00    3.2307000000e+04    5.2344880898e-02    9.9203674510e-01
        23   -1.5393893851e+01    2.3753614364e+02   -2.6185173985e+01    1.0791280134e+01    7.4035203925e+00   -3.5748685908e+01    2.1599915301e+00    3.2475000000e+04    5.2329358477e-02    9.9199133613e-01
        24   -1.5383373579e+01    2.3723969053e+02   -2.6323627056e+01    1.0940253477e+01    7.4387818163e+00   -3.6004630090e+01    2.2422212181e+00    3.2530000000e+04    5.2491030898e-02    9.9139638216e-01
        25   -1.5398245853e+01    2.3769704141e+02   -2.6335109313e+01    1.0936863460e+01    7.4428911827e+00   -3.6017961676e+01    2.2399611804e+00    3.2595000000e+04    5.2848317148e-02    9.9118024269e-01
        26   -1.5399334083e+01    2.3776376135e+02   -2.6341228453e+01    1.0941894370e+01    7.4503394369e+00   -3.5945685649e+01    2.1541177588e+00    3.2704000000e+04    5.2673919336e-02    9.9114298058e-01
        27   -1.5397614953e+01    2.3772986673e+02   -2.6205726550e+01    1.0808111597e+01    7.4199694301e+00   -3.5877805821e+01    2.2521098409e+00    3.2917000000e+04    5.2639280508e-02    9.9124860223e-01
        28   -1.5400384854e+01    2.3778920636e+02   -2.6282745964e+01    1.0882361110e+01    7.4258793309e+00   -3.5959640712e+01    2.2510154173e+00    3.3148000000e+04    5.2740670742e-02    9.9163364824e-01
        29   -1.5399074541e+01    2.3772028583e+02   -2.6313676939e+01    1.0914602397e+01    7.4198264136e+00   -3.5910217483e+01    2.1767141307e+00    3.3008000000e+04    5.2467518242e-02    9.9112955748e-01
        30   -1.5374695590e+01    2.3694413115e+02   -2.6168500702e+01    1.0793805112e+01    7.4388092139e+00   -3.5795142930e+01    2.1878330136e+00    3.2751000000e+04    5.2939207070e-02    9.9162347385e-01
        31   -1.5381434212e+01    2.3717165246e+02   -2.6133840712e+01    1.0752406500e+01    7.4209423776e+00   -3.5751811312e+01    2.1970282232e+00    3.2715000000e+04    5.2858561406e-02    9.9187589652e-01
        32   -1.5398959562e+01    2.3770910677e+02   -2.6183056724e+01    1.0784097163e+01    7.3933942977e+00   -3.5780559517e+01    2.2041084953e+00    3.2596000000e+04    5.3081623320e-02    9.9126466031e-01
        33   -1.5383823333e+01    2.3726424051e+02   -2.6041387394e+01    1.0657564061e+01    7.4101445025e+00   -3.5719111963e+01    2.2675800673e+00    3.2382000000e+04    5.2786192969e-02    9.9182601604e-01
        34   -1.5397043496e+01    2.3764247696e+02   -2.6099565242e+01    1.0702521746e+01    7.3962751727e+00   -3.5646802408e+01    2.1509619937e+00    3.2494000000e+04    5.2400222461e-02    9.9134747380e-01
        35   -1.5388109526e+01    2.3738234698e+02   -2.6123351770e+01    1.0735242245e+01    7.3674103655e+00   -3.5634092233e+01    2.1433300970e+00    3.2550000000e+04    5.2432666758e-02    9.9175103400e-01
        36   -1.5389147464e+01    2.3745066407e+02   -2.6336545931e+01    1.0947398467e+01    7.4022065825e+00   -3.5881667362e+01    2.1429148485e+00    3.2532000000e+04    5.2518904688e-02    9.9104346855e-01
        37   -1.5399591220e+01    2.3777650779e+02   -2.6397798430e+01    1.0998207210e+01    7.4449872391e+00   -3.6200430435e+01    2.3576447661e+00    3.2591000000e+04    5.2737998320e-02    9.9070644974e-01
        38   -1.5407962825e+01    2.3807247208e+02   -2.6453713494e+01    1.1045750669e+01    7.4688960677e+00   -3.6223032619e+01    2.3004230575e+00    3.2571000000e+04    5.3109486211e-02    9.9137586875e-01
        39   -1.5399163256e+01    2.3771277281e+02   -2.6266963014e+01    1.0867799758e+01    7.4672878978e+00   -3.6038473705e+01    2.3042227929e+00    3.2505000000e+04    5.2091523477e-02    9.9123105714e-01
        40   -1.5391668583e+01    2.3752038586e+02   -2.6175268906e+01    1.0783600323e+01    7.4458100719e+00   -3.5946281933e+01    2.3252029552e+00    3.2287000000e+04    5.3210462617e-02    9.9173955218e-01
        41   -1.5409552815e+01    2.3806656079e+02   -2.6222536921e+01    1.0812984106e+01    7.3926347557e+00   -3.5814453180e+01    2.1992815036e+00    3.2230000000e+04    5.3379931680e-02    9.9138569829e-01
        42   -1.5405274784e+01    2.3796127500e+02   -2.6343721818e+01    1.0938447033e+01    7.4326978781e+00   -3.5998777088e+01    2.2223573925e+00    3.2481000000e+04    5.3483966406e-02    9.9157831798e-01
        43   -1.5408855472e+01    2.3802603618e+02   -2.6029755949e+01    1.0620900478e+01    7.3963123850e+00   -3.5741114254e+01    2.3150459199e+00    3.2553000000e+04    5.3013789961e-02    9.9173429157e-01
        44   -1.5391102652e+01    2.3745470013e+02   -2.5999541699e+01    1.0608439047e+01    7.3792939794e+00   -3.5687013952e+01    2.3081782742e+00    3.2415000000e+04    5.2469019063e-02    9.9175492097e-01
        45   -1.5387355534e+01    2.3736555585e+02   -2.6171318198e+01    1.0783962664e+01    7.3303726972e+00   -3.5662575754e+01    2.1608848591e+00    3.2714000000e+04    5.2331703359e-02    9.9158717887e-01
        46   -1.5392157976e+01    2.3751429685e+02   -2.6086895191e+01    1.0694737215e+01    7.3610182824e+00   -3.5630666286e+01    2.1827528133e+00    3.2504000000e+04    5.2554066523e-02    9.9175489358e-01
        47   -1.5390892907e+01    2.3748525790e+02   -2.6156444529e+01    1.0765551623e+01    7.4089624942e+00   -3.5826926033e+01    2.2615190091e+00    3.2474000000e+04    5.2366636797e-02    9.9134911983e-01
        48   -1.5401342800e+01    2.3784990662e+02   -2.6293366903e+01    1.0892024103e+01    7.4435142489e+00   -3.6107436704e+01    2.3705555523e+00    3.2621000000e+04    5.3387515117e-02    9.9129380575e-01
        49   -1.5401697976e+01    2.3783044166e+02   -2.6285014230e+01    1.0883316255e+01    7.4621935560e+00   -3.6130901973e+01    2.3836941866e+00    3.2470000000e+04    5.3382711289e-02    9.9152013765e-01
        50   -1.5406228047e+01    2.3798691996e+02   -2.6353584533e+01    1.0947356487e+01    7.4796956730e+00   -3.6165372717e+01    2.3320925113e+00    3.2549000000e+04    5.2882917656e-02    9.9131016888e-01
        51   -1.5400130336e+01    2.3776421090e+02   -2.6255207544e+01    1.0855077208e+01    7.4538553056e+00   -3.5977909941e+01    2.2688470914e+00    3.2413000000e+04    5.3035515078e-02    9.9184652764e-01
        52   -1.5390776111e+01    2.3748519861e+02   -2.6263366329e+01    1.0872590218e+01    7.4737952855e+00   -3.6022000778e+01    2.2848391636e+00    3.2398000000e+04    5.3234594766e-02    9.9182222962e-01
        53   -1.5383734530e+01    2.3727151345e+02   -2.6296883181e+01    1.0913148651e+01    7.4483397722e+00   -3.5955300392e+01    2.2100774384e+00    3.2401000000e+04    5.3653873750e-02    9.9140116663e-01
        54   -1.5379016308e+01    2.3710109176e+02   -2.6199412433e+01    1.0820396125e+01    7.4475411778e+00   -3.5947045676e+01    2.3000920644e+00    3.2310000000e+04    5.3607211367e-02    9.9156578739e-01
        55   -1.5391441814e+01    2.3748512820e+02   -2.6138299114e+01    1.0746857300e+01    7.4495287030e+00   -3.5816458393e+01    2.2286305760e+00    3.2051000000e+04    5.4206970234e-02    9.9178509642e-01
        56   -1.5391803005e+01    2.3754786026e+02   -2.6202363724e+01    1.0810560719e+01    7.4972837668e+00   -3.6040772450e+01    2.3411249588e+00    3.2148000000e+04    5.3391392344e-02    9.9182930497e-01
        57   -1.5388448671e+01    2.3741466924e+02   -2.6328289980e+01    1.0939841309e+01    7.4902845462e+00   -3.6176207169e+01    2.3576326428e+00    3.2100000000e+04    5.3001892734e-02    9.9137311043e-01
        58   -1.5394272377e+01    2.3759166145e+02   -2.6520542588e+01    1.1126270211e+01    7.4819698527e+00   -3.6265278705e+01    2.2627662640e+00    3.2472000000e+04    5.3693609375e-02    9.9151603707e-01
        59   -1.5397130307e+01    2.3767740128e+02   -2.6475929075e+01    1.1078798768e+01    7.4574399062e+00   -3.6176029612e+01    2.2426606308e+00    3.2721000000e+04    5.4323957930e-02    9.9164653821e-01
        60   -1.5400136610e+01    2.3780789414e+02   -2.6520779491e+01    1.1120642880e+01    7.4536351604e+00   -3.6141464735e+01    2.1670500839e+00    3.2753000000e+04    5.2968723906e-02    9.9163865274e-01
        61   -1.5386861976e+01    2.3735611872e+02   -2.6460345564e+01    1.1073483588e+01    7.4800540223e+00   -3.6221653834e+01    2.2812542482e+00    3.2691000000e+04    5.3293970117e-02    9.9110621362e-01
        62   -1.5390865766e+01    2.3751813626e+02   -2.6298993644e+01    1.0908127877e+01    7.4717260692e+00   -3.6037641291e+01    2.2669215779e+00    3.2637000000e+04    5.3561136914e-02    9.9176407853e-01
        63   -1.5405003455e+01    2.3791799127e+02   -2.6192078882e+01    1.0787075427e+01    7.4081795962e+00   -3.5785910722e+01    2.1856522442e+00    3.2669000000e+04    5.3232154219e-02    9.9145161590e-01
        64   -1.5405676047e+01    2.3791517920e+02   -2.6087537283e+01    1.0681861236e+01    7.3810028189e+00   -3.5826905678e+01    2.3583655753e+00    3.2966000000e+04    5.3321252031e-02    9.9134953517e-01
        65   -1.5408990516e+01    2.3803554645e+02   -2.6041041775e+01    1.0632051259e+01    7.3810805107e+00   -3.5740211605e+01    2.3180893194e+00    3.3070000000e+04    5.5213208945e-02    9.9143695617e-01
        66   -1.5400945595e+01    2.3778464978e+02   -2.6073109216e+01    1.0672163621e+01    7.3854743348e+00   -3.5619085090e+01    2.1605015394e+00    3.3013000000e+04    7.3938708594e-02    9.9143014752e-01
        67   -1.5389928690e+01    2.3745940844e+02   -2.6187343583e+01    1.0797414893e+01    7.4084337751e+00   -3.5765349462e+01    2.1695721037e+00    3.2857000000e+04    7.3693628398e-02    9.9156850111e-01
        68   -1.5398220142e+01    2.3772985378e+02   -2.6393076300e+01    1.0994856157e+01    7.4326581411e+00   -3.6060485968e+01    2.2347515268e+00    3.2686000000e+04    7.3493446523e-02    9.9160736517e-01
        69   -1.5401768583e+01    2.3788181713e+02   -2.6390001097e+01    1.0988232514e+01    7.4630776716e+00   -3.6127528162e+01    2.2744493933e+00    3.2670000000e+04    7.4074194609e-02    9.9127152084e-01
        70   -1.5400207160e+01    2.3779821069e+02   -2.6383256426e+01    1.0983049266e+01    7.5017219953e+00   -3.6248159477e+01    2.3631810555e+00    3.2616000000e+04    7.5107354063e-02    9.9157322790e-01
        71   -1.5387481989e+01    2.3737183727e+02   -2.6188010962e+01    1.0800528973e+01    7.4089102012e+00   -3.5814423706e+01    2.2175025426e+00    3.2845000000e+04    7.4697163281e-02    9.9107273736e-01
        72   -1.5384997233e+01    2.3727726225e+02   -2.6145027659e+01    1.0760030426e+01    7.3879453549e+00   -3.5746101072e+01    2.2131280579e+00    3.2900000000e+04    7.4341809922e-02    9.9149322575e-01
        73   -1.5399198508e+01    2.3772735442e+02   -2.6306440951e+01    1.0907242443e+01    7.4047370810e+00   -3.5917677172e+01    2.2064991399e+00    3.2921000000e+04    7.4141822305e-02    9.9123458246e-01
        74   -1.5404113766e+01    2.3793017454e+02   -2.6403610608e+01    1.0999496842e+01    7.4294986107e+00   -3.6089784807e+01    2.2566755881e+00    3.2848000000e+04    7.4048124492e-02    9.9162699962e-01
        75   -1.5399706954e+01    2.3777221002e+02   -2.6385876596e+01    1.0986169643e+01    7.4520974546e+00   -3.5980666360e+01    2.1426923089e+00    3.3024000000e+04    7.5849782812e-02    9.9169825873e-01
        76   -1.5401207372e+01    2.3787047092e+02   -2.6338421443e+01    1.0937214071e+01    7.4513139318e+00   -3.6016290883e+01    2.2265555079e+00    3.2700000000e+04    7.5257431875e-02    9.9162884571e-01
        77   -1.5398365788e+01    2.3772237899e+02   -2.6339087715e+01    1.0940721927e+01    7.4153133231e+00   -3.5919859394e+01    2.1654583557e+00    3.2836000000e+04    7.4845814844e-02    9.9158499853e-01
        78   -1.5387557059e+01    2.3737499384e+02   -2.6316300490e+01    1.0928743431e+01    7.4373921795e+00   -3.6005042841e+01    2.2513501720e+00    3.2914000000e+04    7.4022434648e-02    9.9158696721e-01
        79   -1.5397430310e+01    2.3773173015e+02   -2.6326914218e+01    1.0929483907e+01    7.4596925960e+00   -3.6088608277e+01    2.3020014635e+00    3.2899000000e+04    7.4362073945e-02    9.9161474567e-01
        80   -1.5406147248e+01    2.3795604121e+02   -2.6419865602e+01    1.1013718354e+01    7.4554088983e+00   -3.6106100075e+01    2.2308255746e+00    3.2890000000e+04    7.4071634766e-02    9.9130837375e-01
        81   -1.5387059880e+01    2.3734151892e+02   -2.6366915536e+01    1.0979855656e+01    7.4526091303e+00   -3.5900754562e+01    2.0812298957e+00    3.2946000000e+04    7.5314637773e-02    9.9149468777e-01
        82   -1.5390194728e+01    2.3745721835e+02   -2.6381251063e+01    1.0991056335e+01    7.4881653889e+00   -3.6110135408e+01    2.2407189563e+00    3.2683000000e+04    7.5475239023e-02    9.9144222363e-01
        83   -1.5390818279e+01    2.3746154616e+02   -2.6337743362e+01    1.0946925083e+01    7.4821280153e+00   -3.6087191131e+01    2.2673197542e+00    3.2622000000e+04    7.5529826523e-02    9.9154816009e-01
        84   -1.5398101708e+01    2.3770528973e+02   -2.6244922976e+01    1.0846821269e+01    7.5036754356e+00   -3.6009151830e+01    2.2605534179e+00    3.2466000000e+04    7.5492207344e-02    9.9172936586e-01
        85   -1.5395098572e+01    2.3760075863e+02   -2.6194261307e+01    1.0799162735e+01    7.4624259964e+00   -3.5932289519e+01    2.2756022159e+00    3.2723000000e+04    7.5650131875e-02    9.9163042944e-01
        86   -1.5391921691e+01    2.3750156603e+02   -2.6245094050e+01    1.0853172359e+01    7.4738103734e+00   -3.5902339581e+01    2.1834351582e+00    3.2872000000e+04    7.5518813633e-02    9.9162118110e-01
        87   -1.5382572754e+01    2.3722743793e+02   -2.6295645124e+01    1.0913072370e+01    7.4878717991e+00   -3.6101407922e+01    2.3178909992e+00    3.2756000000e+04    7.5882954062e-02    9.9145433562e-01
        88   -1.5383820934e+01    2.3727547129e+02   -2.6344688964e+01    1.0960868031e+01    7.4396534002e+00   -3.6073089340e+01    2.2887469751e+00    3.2898000000e+04    7.6173794961e-02    9.9137702468e-01
        89   -1.5385327922e+01    2.3730218887e+02   -2.6318281799e+01    1.0932953877e+01    7.4509197818e+00   -3.5974069299e+01    2.2048677179e+00    3.2474000000e+04    7.6509122969e-02    9.9149054258e-01
        90   -1.5402226977e+01    2.3783153715e+02   -2.6418994965e+01    1.1016767988e+01    7.5013855516e+00   -3.6090395825e+01    2.1700153083e+00    3.2389000000e+04    7.6442627617e-02    9.9136018062e-01
        91   -1.5416244853e+01    2.3831297829e+02   -2.6469459083e+01    1.1053214230e+01    7.4885818381e+00   -3.6034475893e+01    2.0764349718e+00    3.2568000000e+04    7.5508697461e-02    9.9157857258e-01
        92   -1.5395569727e+01    2.3761580416e+02   -2.6409660598e+01    1.1014090870e+01    7.4827504075e+00   -3.6100394408e+01    2.2079834028e+00    3.2617000000e+04    7.5464880352e-02    9.9123691781e-01
        93   -1.5396094901e+01    2.3763456172e+02   -2.6385642146e+01    1.0989547245e+01    7.5139630729e+00   -3.6229168327e+01    2.3295631081e+00    3.2357000000e+04    7.5144055625e-02    9.9133186856e-01
        94   -1.5401555294e+01    2.3784111050e+02   -2.6569861759e+01    1.1168306465e+01    7.5198398011e+00   -3.6437047898e+01    2.3473463383e+00    3.2409000000e+04    7.6106885508e-02    9.9116081717e-01
        95   -1.5403389228e+01    2.3784119724e+02   -2.6459473636e+01    1.1056084408e+01    7.5136871047e+00   -3.6205983793e+01    2.2328230524e+00    3.2279000000e+04    1.0156660582e-01    9.9122826428e-01
        96   -1.5391410807e+01    2.3747000017e+02   -2.6464007826e+01    1.1072597018e+01    7.4764693783e+00   -3.6139992447e+01    2.1995152426e+00    3.2019000000e+04    7.5268139844e-02    9.9168865078e-01
        97   -1.5391758407e+01    2.3747719335e+02   -2.6216520937e+01    1.0824762530e+01    7.4663501159e+00   -3.5928814852e+01    2.2459437993e+00    3.1864000000e+04    7.5620515547e-02    9.9148217956e-01
        98   -1.5395650192e+01    2.3763734254e+02   -2.6457708360e+01    1.1062058168e+01    7.4714662840e+00   -3.6118697382e+01    2.1895227385e+00    3.1782000000e+04    7.4794889141e-02    9.9123725608e-01
        99   -1.5393645038e+01    2.3756013020e+02   -2.6282159973e+01    1.0888514935e+01    7.4940643252e+00   -3.6080476097e+01    2.3042517989e+00    3.1954000000e+04    7.4860918438e-02    9.9167085396e-01
       100   -1.5393964092e+01    2.3759053842e+02   -2.6223895077e+01    1.0829930985e+01    7.4433135825e+00   -3.5949225736e+01    2.2820170759e+00    3.2294000000e+04    7.4978796641e-02    9.9165174068e-01
       101   -1.5398632185e+01    2.3767642445e+02   -2.5980646261e+01    1.0582014076e+01    7.4206459370e+00   -3.5770859092e+01    2.3695668942e+00    3.2404000000e+04    7.4603990547e-02    9.9188991807e-01
       102   -1.5403069037e+01    2.3783978173e+02   -2.6183511358e+01    1.0780442321e+01    7.4055520541e+00   -3.5712554020e+01    2.1234906080e+00    3.2492000000e+04    7.5588902734e-02    9.9177959858e-01
       103   -1.5396156370e+01    2.3764103500e+02   -2.6116907798e+01    1.0720751428e+01    7.4014234112e+00   -3.5775806162e+01    2.2574749528e+00    3.2739000000e+04    7.5753087344e-02    9.9154904139e-01
       104   -1.5391876155e+01    2.3750292782e+02   -2.6108264552e+01    1.0716388398e+01    7.4299750525e+00   -3.5783743176e+01    2.2455035714e+00    3.2713000000e+04    7.5507775586e-02    9.9166375783e-01
       105   -1.5406835291e+01    2.3803642048e+02   -2.6236747792e+01    1.0829912501e+01    7.4432022693e+00   -3.5929905918e+01    2.2499558558e+00    3.3033000000e+04    7.5366979492e-02    9.9131154942e-01
       106   -1.5402834025e+01    2.3789957371e+02   -2.6136807862e+01    1.0733973838e+01    7.4384850022e+00   -3.5750483453e+01    2.1751905887e+00    3.3036000000e+04    7.5254263359e-02    9.9156340656e-01
       107   -1.5398555253e+01    2.3775084473e+02   -2.6233651306e+01    1.0835096053e+01    7.4114386402e+00   -3.5701741791e+01    2.0566518442e+00    3.3000000000e+04    7.5390668711e-02    9.9152642043e-01
       108   -1.5401299278e+01    2.3777602898e+02   -2.6206841369e+01    1.0805542091e+01    7.3842119958e+00   -3.5810757428e+01    2.2197040633e+00    3.2717000000e+04    7.4805851367e-02    9.9147307541e-01
       109   -1.5396443993e+01    2.3764628004e+02   -2.6305575657e+01    1.0909131664e+01    7.4010713860e+00   -3.6057530850e+01    2.3508838071e+00    3.2579000000e+04    7.4464500938e-02    9.9197217484e-01
       110   -1.5404605759e+01    2.3791458842e+02   -2.6232397263e+01    1.0827791503e+01    7.3980814773e+00   -3.5898390787e+01    2.2679120467e+00    3.2550000000e+04    7.5142483867e-02    9.9167572775e-01
       111   -1.5397070538e+01    2.3763142743e+02   -2.6124473240e+01    1.0727402701e+01    7.3901836822e+00   -3.5718355424e+01    2.2036985019e+00    3.2532000000e+04    7.4882771016e-02    9.9215857773e-01
       112   -1.5405726138e+01    2.3791248922e+02   -2.6216546695e+01    1.0810820557e+01    7.4148373512e+00   -3.5893288531e+01    2.2619044855e+00    3.2499000000e+04    7.4968780234e-02    9.9150912154e-01
       113   -1.5393935760e+01    2.3758508174e+02   -2.6131445072e+01    1.0737509312e+01    7.4157773050e+00   -3.5828543001e+01    2.2813206238e+00    3.2524000000e+04    7.5037455273e-02    9.9150285731e-01
       114   -1.5388972959e+01    2.3741372914e+02   -2.6056978297e+01    1.0668005338e+01    7.4279911911e+00   -3.5629053910e+01    2.1440844216e+00    3.2382000000e+04    7.5571420898e-02    9.9144444383e-01
       115   -1.5402790163e+01    2.3783380968e+02   -2.6121618239e+01    1.0718828076e+01    7.4149002970e+00   -3.5660383146e+01    2.1238646098e+00    3.2416000000e+04    7.5709895430e-02    9.9179230323e-01
       116   -1.5398471791e+01    2.3770517264e+02   -2.6104924570e+01    1.0706452780e+01    7.4175902549e+00   -3.5768986291e+01    2.2464714655e+00    3.2578000000e+04    7.5408861484e-02    9.9177033267e-01
       117   -1.5395886053e+01    2.3765157325e+02   -2.6178156527e+01    1.0782270474e+01    7.4245081136e+00   -3.5932355133e+01    2.3296904922e+00    3.2893000000e+04    7.6097676055e-02    9.9105391948e-01
       118   -1.5394383666e+01    2.3758876460e+02   -2.6184055699e+01    1.0789672033e+01    7.3896898528e+00   -3.5769225977e+01    2.1954804250e+00    3.2846000000e+04    7.5629357109e-02    9.9202619474e-01
       119   -1.5388435942e+01    2.3741608131e+02   -2.6315448388e+01    1.0927012446e+01    7.3942749998e+00   -3.5825561343e+01    2.1158379553e+00    3.2775000000e+04    7.5529789609e-02    9.9124119583e-01
       120   -1.5402476410e+01    2.3783599615e+02   -2.6370944172e+01    1.0968467762e+01    7.4455018848e+00   -3.5925164405e+01    2.1087183479e+00    3.2975000000e+04    7.5720251875e-02    9.9139719156e-01
       121   -1.5399842020e+01    2.3779006999e+02   -2.6366380694e+01    1.0966538674e+01    7.4435609372e+00   -3.6208128800e+01    2.3981871686e+00    3.3130000000e+04    7.5259074180e-02    9.9145651241e-01
       122   -1.5406668387e+01    2.3796194799e+02   -2.6209653082e+01    1.0802984696e+01    7.4002659688e+00   -3.5857005641e+01    2.2470865899e+00    3.3361000000e+04    7.9326194180e-02    9.9147443413e-01
       123   -1.5395899450e+01    2.3763004622e+02   -2.6234491618e+01    1.0838592168e+01    7.3834006938e+00   -3.5824524942e+01    2.2066326294e+00    3.3611000000e+04    6.9499154141e-02    9.9165831895e-01
       124   -1.5399351209e+01    2.3771807073e+02   -2.6177889535e+01    1.0778538326e+01    7.4092372538e+00   -3.5744703406e+01    2.1575766174e+00    3.3553000000e+04    6.8263291602e-02    9.9138271231e-01
       125   -1.5397001648e+01    2.3767233008e+02   -2.6270024200e+01    1.0873022552e+01    7.4172167620e+00   -3.5794959949e+01    2.1077189874e+00    3.3388000000e+04    6.7596186445e-02    9.9117939190e-01
       126   -1.5391614063e+01    2.3747427145e+02   -2.6317568741e+01    1.0925954678e+01    7.3828074770e+00   -3.5905505375e+01    2.2051291569e+00    3.3275000000e+04    6.6285440586e-02    9.9110277117e-01
       127   -1.5414494095e+01    2.3820876678e+02   -2.6413779692e+01    1.0999285597e+01    7.4102024462e+00   -3.5976048191e+01    2.1520660525e+00    3.3122000000e+04    6.5237055117e-02    9.9116719165e-01
       128   -1.5383496408e+01    2.3722594040e+02   -2.6256671301e+01    1.0873174893e+01    7.3897746332e+00   -3.5840679783e+01    2.1942338487e+00    3.3079000000e+04    6.4323358867e-02    9.9150769150e-01
       129   -1.5391699888e+01    2.3746865269e+02   -2.6133279806e+01    1.0741579918e+01    7.4106383284e+00   -3.5866375931e+01    2.3224577962e+00    3.3372000000e+04    6.5098525469e-02    9.9159851509e-01
       130   -1.5401284118e+01    2.3780897686e+02   -2.6233292609e+01    1.0832008490e+01    7.4046769411e+00   -3.5946781297e+01    2.3088117467e+00    3.3238000000e+04    6.4778601875e-02    9.9144262711e-01
       131   -1.5408155356e+01    2.3803101889e+02   -2.6134520978e+01    1.0726365622e+01    7.3739370107e+00   -3.5658403517e+01    2.1499455282e+00    3.3284000000e+04    6.6188374180e-02    9.9175558010e-01
       132   -1.5406504922e+01    2.3798198862e+02   -2.6067273815e+01    1.0660768892e+01    7.3763891101e+00   -3.5605262076e+01    2.1615991506e+00    3.3267000000e+04    6.4517369609e-02    9.9141491296e-01
       133   -1.5398155482e+01    2.3774903789e+02   -2.6318538740e+01    1.0920383258e+01    7.4458254029e+00   -3.6015009058e+01    2.2506449153e+00    3.3095000000e+04    6.4423074570e-02    9.9109338729e-01
       134   -1.5397632590e+01    2.3774744055e+02   -2.6534858428e+01    1.1137225838e+01    7.4670081084e+00   -3.6262664354e+01    2.2607978167e+00    3.2789000000e+04    6.4207641328e-02    9.9150235545e-01
       135   -1.5406075830e+01    2.3795012709e+02   -2.6380339530e+01    1.0974263699e+01    7.4548414604e+00   -3.6034582284e+01    2.1994012941e+00    3.2867000000e+04    6.4668724492e-02    9.9127697508e-01
       136   -1.5396538779e+01    2.3765423288e+02   -2.6417318556e+01    1.1020779777e+01    7.4391914835e+00   -3.6036588521e+01    2.1800784814e+00    3.2962000000e+04    6.4217577070e-02    9.9128201615e-01
       137   -1.5401357826e+01    2.3779771617e+02   -2.6476575286e+01    1.1075217460e+01    7.4625672703e+00   -3.6183573683e+01    2.2444311271e+00    3.2936000000e+04    6.4499034687e-02    9.9137270946e-01
       138   -1.5394194591e+01    2.3761196678e+02   -2.6412014688e+01    1.1017820097e+01    7.4682869636e+00   -3.6103205778e+01    2.2229041262e+00    3.3013000000e+04    6.3749727852e-02    9.9128494274e-01
       139   -1.5397886300e+01    2.3768616964e+02   -2.6169156371e+01    1.0771270071e+01    7.4289879483e+00   -3.5869843136e+01    2.2716988169e+00    3.2913000000e+04    6.3738342617e-02    9.9187131365e-01
       140   -1.5398931925e+01    2.3771076806e+02   -2.6176915972e+01    1.0777984047e+01    7.4205628268e+00   -3.5810331574e+01    2.2128527757e+00    3.2838000000e+04    6.4530700781e-02    9.9167739424e-01
       141   -1.5408777597e+01    2.3802742755e+02   -2.6218280157e+01    1.0809502560e+01    7.4491734387e+00   -3.6033152824e+01    2.3656992278e+00    3.2908000000e+04    6.4436576367e-02    9.9150886469e-01
       142   -1.5395290995e+01    2.3761977769e+02   -2.6228766738e+01    1.0833475743e+01    7.4308458872e+00   -3.5850763940e+01    2.1911513150e+00    3.3003000000e+04    6.4641822656e-02    9.9168759845e-01
       143   -1.5398563086e+01    2.3769009641e+02   -2.6308442134e+01    1.0909879048e+01    7.4363365152e+00   -3.6017212874e+01    2.2724342254e+00    3.2933000000e+04    6.5316190117e-02    9.9148149906e-01
       144   -1.5398036748e+01    2.3771323191e+02   -2.6306759616e+01    1.0908722868e+01    7.4635674879e+00   -3.6085373295e+01    2.3150461908e+00    3.3117000000e+04    6.5813827188e-02    9.9144619716e-01
       145   -1.5409614902e+01    2.3805211458e+02   -2.6342883982e+01    1.0933269080e+01    7.4791898897e+00   -3.6213677183e+01    2.3916033116e+00    3.3351000000e+04    6.9561852852e-02    9.9162701406e-01
       146   -1.5396407844e+01    2.3764704893e+02   -2.6446119298e+01    1.1049711453e+01    7.5083290360e+00   -3.6243054485e+01    2.2886061509e+00    3.3317000000e+04    6.6690673867e-02    9.9154688661e-01
       147   -1.5390206479e+01    2.3744271255e+02   -2.6340873039e+01    1.0950666560e+01    7.5003913767e+00   -3.6123595400e+01    2.2823309849e+00    3.2953000000e+04    6.5351042461e-02    9.9153239018e-01
       148   -1.5403039230e+01    2.3790165682e+02   -2.6452461446e+01    1.1049422215e+01    7.4690870076e+00   -3.6094952892e+01    2.1734044385e+00    3.2780000000e+04    6.4878882305e-02    9.9109809412e-01
       149   -1.5408983485e+01    2.3803978968e+02   -2.6242775518e+01    1.0833792033e+01    7.4469640696e+00   -3.5955952703e+01    2.2662131151e+00    3.2851000000e+04    6.4702100820e-02    9.9188555405e-01
       150   -1.5407844163e+01    2.3806576517e+02   -2.6257357976e+01    1.0849513812e+01    7.4559513708e+00   -3.6133288520e+01    2.4199791734e+00    3.2729000000e+04    6.5266956758e-02    9.9171517442e-01
       151   -1.5404181918e+01    2.3788853134e+02   -2.6316404164e+01    1.0912222246e+01    7.4757615538e+00   -3.6137945092e+01    2.3457793735e+00    3.2846000000e+04    6.4990090547e-02    9.9168355067e-01
       152   -1.5407686715e+01    2.3803124517e+02   -2.6357775967e+01    1.0950089252e+01    7.4983898064e+00   -3.6178849205e+01    2.3226834314e+00    3.2840000000e+04    6.5176117305e-02    9.9117279415e-01
       153   -1.5387817331e+01    2.3738375542e+02   -2.6486764435e+01    1.1098947104e+01    7.5398655842e+00   -3.6339014722e+01    2.3123847026e+00    3.2990000000e+04    6.5510872773e-02    9.9166185705e-01
       154   -1.5399842147e+01    2.3777848289e+02   -2.6458974421e+01    1.1059132275e+01    7.5131568621e+00   -3.6344010642e+01    2.3718793583e+00    3.2849000000e+04    6.5956922422e-02    9.9099843266e-01
       155   -1.5394188581e+01    2.3755940929e+02   -2.6425729794e+01    1.1031541213e+01    7.5075038743e+00   -3.6187066301e+01    2.2538326325e+00    3.2819000000e+04    6.5871296328e-02    9.9134830598e-01
       156   -1.5401039791e+01    2.3777031274e+02   -2.6365499658e+01    1.0964459867e+01    7.4873382851e+00   -3.6054749962e+01    2.2019120186e+00    3.2917000000e+04    6.6146972500e-02    9.9167608730e-01
       157   -1.5405732304e+01    2.3795092949e+02   -2.6543493325e+01    1.1137761022e+01    7.5086229353e+00   -3.6243777384e+01    2.1916611239e+00    3.2839000000e+04    6.6182805352e-02    9.9133657390e-01
       158   -1.5396319833e+01    2.3765038350e+02   -2.6401000709e+01    1.1004680876e+01    7.4925800571e+00   -3.6148510227e+01    2.2549294606e+00    3.2580000000e+04    6.6441112344e-02    9.9147973852e-01
       159   -1.5394082319e+01    2.3754119340e+02   -2.6139423274e+01    1.0745340954e+01    7.4771627100e+00   -3.5854130057e+01    2.2375440732e+00    3.2501000000e+04    6.5497061914e-02    9.9213726511e-01
       160   -1.5399947220e+01    2.3775136481e+02   -2.6415722562e+01    1.1015775342e+01    7.4787728919e+00   -3.5988674065e+01    2.0941786111e+00    3.2482000000e+04    6.5291279102e-02    9.9148833609e-01
       161   -1.5395912397e+01    2.3759893078e+02   -2.6324995156e+01    1.0929082759e+01    7.4507920848e+00   -3.5868287889e+01    2.0925006480e+00    3.2618000000e+04    6.5390549180e-02    9.9129448370e-01
       162   -1.5389654375e+01    2.3742693443e+02   -2.6246095339e+01    1.0856440964e+01    7.4501502505e+00   -3.5883973912e+01    2.1877283223e+00    3.2768000000e+04    6.6085117695e-02    9.9160753005e-01
       163   -1.5396075180e+01    2.3764635973e+02   -2.6315533241e+01    1.0919458061e+01    7.4482656477e+00   -3.5985618361e+01    2.2218194723e+00    3.2652000000e+04    6.5825338320e-02    9.9136451079e-01
       164   -1.5383527722e+01    2.3726763504e+02   -2.6284682083e+01    1.0901154361e+01    7.4500392203e+00   -3.5921202082e+01    2.1864807782e+00    3.2840000000e+04    6.5756745586e-02    9.9151882911e-01
       165   -1.5392502339e+01    2.3752147017e+02   -2.6214072457e+01    1.0821570118e+01    7.4399436063e+00   -3.5810806629e+01    2.1567905659e+00    3.2964000000e+04    6.6163792305e-02    9.9124333453e-01
       166   -1.5386109867e+01    2.3733022047e+02   -2.6242665736e+01    1.0856555869e+01    7.4132097181e+00   -3.5910402434e+01    2.2545269803e+00    3.2833000000e+04    6.5516523711e-02    9.9182173700e-01
       167   -1.5398931850e+01    2.3772910518e+02   -2.6133388264e+01    1.0734456414e+01    7.4034711871e+00   -3.5793946559e+01    2.2570871074e+00    3.2958000000e+04    6.5634038945e-02    9.9134637147e-01
       168   -1.5406592003e+01    2.3796060533e+02   -2.6076808325e+01    1.0670216322e+01    7.3913508806e+00   -3.5862476174e+01    2.3943169678e+00    3.3076000000e+04    6.5612962500e-02    9.9193128803e-01
       169   -1.5391763818e+01    2.3745524363e+02   -2.6047985484e+01    1.0656221666e+01    7.4120503298e+00   -3.5575095388e+01    2.1150595741e+00    3.3089000000e+04    6.6105704141e-02    9.9165384990e-01
       170   -1.5401505269e+01    2.3779514623e+02   -2.6206296362e+01    1.0804791093e+01    7.4176242460e+00   -3.5835069015e+01    2.2111484072e+00    3.3182000000e+04    6.5750781523e-02    9.9151466286e-01
       171   -1.5388848703e+01    2.3742806361e+02   -2.6471937217e+01    1.1083088514e+01    7.5106707911e+00   -3.6372046137e+01    2.3894381287e+00    3.3330000000e+04    6.8645443711e-02    9.9166073785e-01
       172   -1.5407166567e+01    2.3802601728e+02   -2.6520829982e+01    1.1113663415e+01    7.5465383088e+00   -3.6437336068e+01    2.3699677774e+00    3.3369000000e+04    6.8703445039e-02    9.9134828676e-01
       173   -1.5413581737e+01    2.3819069474e+02   -2.6437166955e+01    1.1023585218e+01    7.4640336090e+00   -3.6137511221e+01    2.2363106569e+00    3.3517000000e+04    6.9503380625e-02    9.9158772283e-01
       174   -1.5419039032e+01    2.3834568667e+02   -2.6295778437e+01    1.0876739405e+01    7.4347021785e+00   -3.5874541612e+01    2.1440609965e+00    3.3521000000e+04    6.8594308359e-02    9.9164061811e-01
       175   -1.5398429388e+01    2.3772952113e+02   -2.6418550350e+01    1.1020120962e+01    7.4779696778e+00   -3.6217862499e+01    2.3213424721e+00    3.3294000000e+04    6.6146708164e-02    9.9120349843e-01
       176   -1.5391678232e+01    2.3752560004e+02   -2.6560756856e+01    1.1169078624e+01    7.4724362509e+00   -3.6363188811e+01    2.3299957047e+00    3.3145000000e+04    6.5383309805e-02    9.9110752169e-01
       177   -1.5397828434e+01    2.3770208748e+02   -2.6433901015e+01    1.1036072580e+01    7.4758291412e+00   -3.6235579823e+01    2.3258496675e+00    3.3017000000e+04    6.4385818281e-02    9.9144666325e-01
       178   -1.5392491459e+01    2.3752093993e+02   -2.6382954468e+01    1.0990463009e+01    7.4660450557e+00   -3.6169269434e+01    2.3202699107e+00    3.3088000000e+04    6.5148273984e-02    9.9146005626e-01
       179   -1.5414683034e+01    2.3825122661e+02   -2.6512447720e+01    1.1097764687e+01    7.4873228372e+00   -3.6274438508e+01    2.2746679508e+00    3.3169000000e+04    6.6906720039e-02    9.9103731819e-01
       180   -1.5391164707e+01    2.3748829747e+02   -2.6328655582e+01    1.0937490875e+01    7.4892544451e+00   -3.6134928150e+01    2.3170181234e+00    3.3092000000e+04    6.4285061172e-02    9.9161554322e-01
       181   -1.5388121722e+01    2.3738108135e+02   -2.6269350172e+01    1.0881228450e+01    7.4607376058e+00   -3.6014481095e+01    2.2843933172e+00    3.3061000000e+04    6.4836552539e-02    9.9117416319e-01
       182   -1.5401933414e+01    2.3783082867e+02   -2.6510184701e+01    1.1108251287e+01    7.4476062249e+00   -3.6143899052e+01    2.1861081254e+00    3.2949000000e+04    6.5417587734e-02    9.9098941969e-01
       183   -1.5402230627e+01    2.3781631710e+02   -2.6313736961e+01    1.0911506334e+01    7.4216725835e+00   -3.6202197356e+01    2.4667878118e+00    3.2614000000e+04    6.4391861953e-02    9.9122640572e-01
       184   -1.5410066293e+01    2.3804408305e+02   -2.6284570597e+01    1.0874504304e+01    7.4288665656e+00   -3.6025918060e+01    2.3124808981e+00    3.2755000000e+04    6.4659507891e-02    9.9179307779e-01
       185   -1.5400522643e+01    2.3776850862e+02   -2.6145111199e+01    1.0744588555e+01    7.4448221740e+00   -3.5810078799e+01    2.2201454258e+00    3.2853000000e+04    6.4954036523e-02    9.9170963405e-01
       186   -1.5398484903e+01    2.3771217655e+02   -2.6225404818e+01    1.0826919915e+01    7.4690092823e+00   -3.5958845551e+01    2.2644314510e+00    3.3098000000e+04    6.4835095625e-02    9.9141120940e-01
       187   -1.5385357130e+01    2.3730012763e+02   -2.6419229021e+01    1.1033871890e+01    7.5235167106e+00   -3.6324811188e+01    2.3820654562e+00    3.2949000000e+04    6.4877163359e-02    9.9148290622e-01
       188   -1.5388729142e+01    2.3741433261e+02   -2.6532265978e+01    1.1143536836e+01    7.5269655347e+00   -3.6291672349e+01    2.2324408358e+00    3.2778000000e+04    6.5111579883e-02    9.9153761062e-01
       189   -1.5388283495e+01    2.3739113034e+02   -2.6387407975e+01    1.0999124480e+01    7.5045576090e+00   -3.6199739956e+01    2.3077743719e+00    3.2618000000e+04    6.4881393789e-02    9.9165924219e-01
       190   -1.5389535319e+01    2.3742291339e+02   -2.6368805007e+01    1.0979269688e+01    7.5007842697e+00   -3.6183701173e+01    2.3141118963e+00    3.2500000000e+04    6.4233415977e-02    9.9153191130e-01
       191   -1.5396744094e+01    2.3766550171e+02   -2.6410080611e+01    1.1013336517e+01    7.5134783089e+00   -3.6200488467e+01    2.2769295463e+00    3.2747000000e+04    6.5606047539e-02    9.9134428546e-01
       192   -1.5396209259e+01    2.3763684021e+02   -2.6286439965e+01    1.0890230705e+01    7.4717036314e+00   -3.6096978762e+01    2.3388351660e+00    3.2560000000e+04    6.4447574883e-02    9.9146566015e-01
       193   -1.5408165466e+01    2.3801565838e+02   -2.6257417054e+01    1.0849251588e+01    7.4404778166e+00   -3.5978177124e+01    2.2802822533e+00    3.2614000000e+04    6.5401365547e-02    9.9172944762e-01
       194   -1.5398216908e+01    2.3771859469e+02   -2.6471315063e+01    1.1073098155e+01    7.5237676904e+00   -3.6386410300e+01    2.3913275465e+00    3.2689000000e+04    6.5271894570e-02    9.9168577858e-01
       195   -1.5403998800e+01    2.3788188652e+02   -2.6329470803e+01    1.0925472004e+01    7.4818576069e+00   -3.6087429108e+01    2.2761006972e+00    3.2699000000e+04    6.4480636133e-02    9.9095879894e-01
       196   -1.5387935723e+01    2.3737002498e+02   -2.6125420708e+01    1.0737484985e+01    7.4786674399e+00   -3.5845484143e+01    2.2413959957e+00    3.2644000000e+04    6.4216375352e-02    9.9180655542e-01
       197   -1.5404564557e+01    2.3791438920e+02   -2.6417802507e+01    1.1013237950e+01    7.4834116415e+00   -3.6050790542e+01    2.1495763938e+00    3.2696000000e+04    6.5447003125e-02    9.9155501670e-01
       198   -1.5396102900e+01    2.3764741537e+02   -2.6428344141e+01    1.1032241241e+01    7.4906217463e+00   -3.6115448075e+01    2.1964821870e+00    3.2584000000e+04    6.5229773359e-02    9.9104426590e-01
       199   -1.5386914709e+01    2.3734599613e+02   -2.6437390172e+01    1.1050475462e+01    7.4913131405e+00   -3.6204841739e+01    2.2761384268e+00    3.2531000000e+04    6.5161604063e-02    9.9126799188e-01
       200   -1.5389456176e+01    2.3741654466e+02   -2.6359258909e+01    1.0969802733e+01    7.4686942547e+00   -3.6035106306e+01    2.2071531420e+00    3.2539000000e+04    6.5308722812e-02    9.9129183598e-01
       201   -1.5379380326e+01    2.3712401444e+02   -2.6303096391e+01    1.0923716065e+01    7.4459108610e+00   -3.5909161685e+01    2.1601544332e+00    3.2427000000e+04    6.4505648008e-02    9.9149957342e-01
       202   -1.5402117272e+01    2.3782280549e+02   -2.6356522974e+01    1.0954405702e+01    7.4836781239e+00   -3.5993540945e+01    2.1533398472e+00    3.2551000000e+04    6.5747840078e-02    9.9158172676e-01
       203   -1.5398864467e+01    2.3775454295e+02   -2.6366391320e+01    1.0967526853e+01    7.4545822710e+00   -3.6096976514e+01    2.2760029228e+00    3.2466000000e+04    6.5740112773e-02    9.9167114072e-01
       204   -1.5386347737e+01    2.3733889228e+02   -2.6187973623e+01    1.0801625885e+01    7.4637161167e+00   -3.6089611768e+01    2.4379220284e+00    3.2533000000e+04    6.5650306094e-02    9.9123617326e-01
       205   -1.5401551335e+01    2.3781803992e+02   -2.6252206309e+01    1.0850654973e+01    7.4494962494e+00   -3.6080366198e+01    2.3786636403e+00    3.2431000000e+04    6.5458138242e-02    9.9142716299e-01
       206   -1.5400212942e+01    2.3780225089e+02   -2.6398944950e+01    1.0998732008e+01    7.4649723193e+00   -3.6171611553e+01    2.3076942829e+00    3.2331000000e+04    6.5357952070e-02    9.9176292298e-01
       207   -1.5397082311e+01    2.3766735419e+02   -2.6281378084e+01    1.0884295773e+01    7.4870141142e+00   -3.6173240418e+01    2.4048482203e+00    3.2341000000e+04    6.5597461055e-02    9.9098910632e-01
       208   -1.5402133384e+01    2.3791702528e+02   -2.6456543150e+01    1.1054409766e+01    7.4893958321e+00   -3.6274915855e+01    2.3289768738e+00    3.2216000000e+04    6.5624556406e-02    9.9170977012e-01
       209   -1.5410879211e+01    2.3811421296e+02   -2.6336597517e+01    1.0925718306e+01    7.4834470112e+00   -3.6258258493e+01    2.4382139644e+00    3.2491000000e+04    6.5815195039e-02    9.9153828925e-01
       210   -1.5398840520e+01    2.3770382022e+02   -2.6371426232e+01    1.0972585712e+01    7.4966980381e+00   -3.6178224083e+01    2.3100998127e+00    3.2587000000e+04    6.6134063594e-02    9.9140212529e-01
       211   -1.5388914730e+01    2.3739780014e+02   -2.6423798171e+01    1.1034883441e+01    7.4604338523e+00   -3.6144238279e+01    2.2600062556e+00    3.2618000000e+04    6.5982198203e-02    9.9125483023e-01
       212   -1.5389453972e+01    2.3743571930e+02   -2.6516268343e+01    1.1126814372e+01    7.4572793229e+00   -3.6208689262e+01    2.2351415960e+00    3.2476000000e+04    6.5590751484e-02    9.9156866292e-01
       213   -1.5389757724e+01    2.3743590399e+02   -2.6274381725e+01    1.0884624001e+01    7.4281530976e+00   -3.5905270909e+01    2.2027360870e+00    3.2422000000e+04    6.5638189063e-02    9.9158642130e-01
       214   -1.5392105454e+01    2.3751051195e+02   -2.6264416971e+01    1.0872311517e+01    7.4411851085e+00   -3.5864416505e+01    2.1588144253e+00    3.2503000000e+04    6.5202051602e-02    9.9139151093e-01
       215   -1.5410444494e+01    2.3812507753e+02   -2.6446501287e+01    1.1036056793e+01    7.4836114560e+00   -3.6200574792e+01    2.2704620492e+00    3.2562000000e+04    6.6048112109e-02    9.9120763810e-01
       216   -1.5387354973e+01    2.3738637437e+02   -2.6477109111e+01    1.1089754138e+01    7.4909740891e+00   -3.6283882820e+01    2.3157996199e+00    3.2561000000e+04    6.5994443320e-02    9.9130455792e-01
       217   -1.5394112884e+01    2.3756933678e+02   -2.6301906550e+01    1.0907793666e+01    7.4948067227e+00   -3.6306127891e+01    2.5094146183e+00    3.2669000000e+04    6.6448390352e-02    9.9139982276e-01
       218   -1.5393814448e+01    2.3757480825e+02   -2.6371306539e+01    1.0977492091e+01    7.4851589878e+00   -3.6244636596e+01    2.3881710696e+00    3.3099000000e+04    6.6376069258e-02    9.9142597079e-01
       219   -1.5389243788e+01    2.3740022976e+02   -2.6337621587e+01    1.0948377799e+01    7.4725040981e+00   -3.6012466180e+01    2.2023404950e+00    3.3231000000e+04    6.6840138828e-02    9.9152893762e-01
       220   -1.5379907172e+01    2.3711164011e+02   -2.6231792381e+01    1.0851885210e+01    7.4947788393e+00   -3.6037661205e+01    2.3110899850e+00    3.3307000000e+04    6.8617352109e-02    9.9154079801e-01
       221   -1.5396802022e+01    2.3766618855e+02   -2.6304762274e+01    1.0907960252e+01    7.4903811188e+00   -3.6061962531e+01    2.2668191383e+00    3.3269000000e+04    6.6806009766e-02    9.9141427146e-01
       222   -1.5384665637e+01    2.3726934868e+02   -2.6184904059e+01    1.0800238422e+01    7.4490768283e+00   -3.5907797012e+01    2.2738161244e+00    3.3200000000e+04    6.6669290977e-02    9.9182162631e-01
       223   -1.5404375707e+01    2.3793157855e+02   -2.6212122551e+01    1.0807746844e+01    7.4476470496e+00   -3.5979674714e+01    2.3199051138e+00    3.3202000000e+04    6.6155104922e-02    9.9106046084e-01
       224   -1.5403555236e+01    2.3794081214e+02   -2.6294019390e+01    1.0890464153e+01    7.4396539192e+00   -3.6037152027e+01    2.3034787179e+00    3.3260000000e+04    6.7948458711e-02    9.9085010936e-01
       225   -1.5386670817e+01    2.3733432977e+02   -2.6265320353e+01    1.0878649536e+01    7.4183635722e+00   -3.5881784311e+01    2.1981003860e+00    3.3019000000e+04    6.6159094922e-02    9.9149335679e-01
       226   -1.5387403597e+01    2.3738603343e+02   -2.6309576581e+01    1.0922172983e+01    7.4318832598e+00   -3.5910211632e+01    2.1687517919e+00    3.2788000000e+04    6.5930481875e-02    9.9159045965e-01
       227   -1.5391105973e+01    2.3742956943e+02   -2.6222727981e+01    1.0831622008e+01    7.4287507408e+00   -3.5860540853e+01    2.2090621317e+00    3.2734000000e+04    6.5743321094e-02    9.9165246496e-01
       228   -1.5402590926e+01    2.3779907702e+02   -2.6292751016e+01    1.0890160090e+01    7.4496471289e+00   -3.5941065453e+01    2.1986673085e+00    3.2731000000e+04    6.5962122969e-02    9.9155929213e-01
       229   -1.5411005779e+01    2.3811569413e+02   -2.6331362050e+01    1.0920356270e+01    7.4708441904e+00   -3.6059989096e+01    2.2577828564e+00    3.2567000000e+04    6.5853877305e-02    9.9140270836e-01
       230   -1.5408272261e+01    2.3802773149e+02   -2.6366540245e+01    1.0958267985e+01    7.4660814542e+00   -3.5959537324e+01    2.1269156250e+00    3.2609000000e+04    6.6027008398e-02    9.9146402013e-01
       231   -1.5392333872e+01    2.3754691175e+02   -2.6514377703e+01    1.1122043830e+01    7.4627559306e+00   -3.6247485190e+01    2.2703515567e+00    3.2575000000e+04    6.5418147383e-02    9.9126733900e-01
       232   -1.5413652343e+01    2.3820837799e+02   -2.6333590568e+01    1.0919938225e+01    7.4796812514e+00   -3.6003842181e+01    2.1905703620e+00    3.2541000000e+04    6.5335175352e-02    9.9160790389e-01
       233   -1.5400301381e+01    2.3780136548e+02   -2.6475874106e+01    1.1075572725e+01    7.5156356393e+00   -3.6201056921e+01    2.2095471762e+00    3.2676000000e+04    6.5727536133e-02    9.9148056333e-01
       234   -1.5401076802e+01    2.3781515380e+02   -2.6457870827e+01    1.1056794025e+01    7.5224937828e+00   -3.6242398012e+01    2.2620334024e+00    3.2620000000e+04    6.5804206133e-02    9.9134078357e-01
       235   -1.5413361447e+01    2.3821689201e+02   -2.6408888952e+01    1.0995527504e+01    7.4815124925e+00   -3.6140283020e+01    2.2498815758e+00    3.2822000000e+04    6.5985228516e-02    9.9134259854e-01
       236   -1.5390563015e+01    2.3742472830e+02   -2.6266421391e+01    1.0875858377e+01    7.4428843800e+00   -3.5902983664e+01    2.1936778929e+00    3.2985000000e+04    6.7226979453e-02    9.9132263971e-01
       237   -1.5399816859e+01    2.3769381535e+02   -2.6275487026e+01    1.0875670167e+01    7.4478671976e+00   -3.6032319783e+01    2.3089655588e+00    3.3001000000e+04    6.4705118125e-02    9.9179205001e-01
       238   -1.5386213187e+01    2.3733338232e+02   -2.6550818610e+01    1.1164605424e+01    7.4902723465e+00   -3.6276298146e+01    2.2352071896e+00    3.3044000000e+04    6.5214606602e-02    9.9134218476e-01
       239   -1.5389543359e+01    2.3742242106e+02   -2.6328380336e+01    1.0938836977e+01    7.4581339578e+00   -3.6080683833e+01    2.2941695394e+00    3.3115000000e+04    6.5241070781e-02    9.9141689141e-01
       240   -1.5395912535e+01    2.3773685287e+02   -2.6117229742e+01    1.0721317207e+01    7.4507843577e+00   -3.5863425736e+01    2.2954116372e+00    3.3012000000e+04    6.4938969609e-02    9.9150659573e-01
       241   -1.5386930329e+01    2.3730022269e+02   -2.6063853734e+01    1.0676923405e+01    7.4192636625e+00   -3.5675557212e+01    2.1924398157e+00    3.2846000000e+04    6.5648653672e-02    9.9167366667e-01
       242   -1.5395518580e+01    2.3758116247e+02   -2.6111574255e+01    1.0716055675e+01    7.4460644555e+00   -3.5855367558e+01    2.2977288472e+00    3.2864000000e+04    6.4868294609e-02    9.9174619507e-01
       243   -1.5396514613e+01    2.3765008610e+02   -2.6446024027e+01    1.1049509414e+01    7.4432284731e+00   -3.6030525959e+01    2.1412734581e+00    3.2799000000e+04    6.5172491328e-02    9.9128745704e-01
       244   -1.5388155051e+01    2.3738824129e+02   -2.6487316431e+01    1.1099161379e+01    7.4940463379e+00   -3.6189808511e+01    2.2084457428e+00    3.2636000000e+04    6.4733171992e-02    9.9132361712e-01
       245   -1.5389532808e+01    2.3746498156e+02   -2.6399187801e+01    1.1009654993e+01    7.5052496424e+00   -3.6132583609e+01    2.2281461648e+00    3.2880000000e+04    6.5368063711e-02    9.9195950232e-01
       246   -1.5410138452e+01    2.3811710421e+02   -2.6681301820e+01    1.1271163368e+01    7.4977778679e+00   -3.6364788945e+01    2.1857092572e+00    3.3180000000e+04    6.6085599219e-02    9.9118388190e-01
       247   -1.5394684776e+01    2.3757622619e+02   -2.6466000687e+01    1.1071315911e+01    7.4573372432e+00   -3.6111096935e+01    2.1877590048e+00    3.3167000000e+04    6.6448788164e-02    9.9123411754e-01
       248   -1.5399601443e+01    2.3773722347e+02   -2.6382102394e+01    1.0982500951e+01    7.4492734793e+00   -3.6107902885e+01    2.2765270112e+00    3.3222000000e+04    6.5315890664e-02    9.9166145944e-01
       249   -1.5404445790e+01    2.3790928154e+02   -2.6328490752e+01    1.0924044963e+01    7.4823956948e+00   -3.6112940043e+01    2.3020535958e+00    3.3191000000e+04    6.6722722891e-02    9.9121683211e-01
       250   -1.5396568162e+01    2.3763426383e+02   -2.6354655380e+01    1.0958087218e+01    7.4933187992e+00   -3.6044583743e+01    2.1966095635e+00    3.3062000000e+04    6.5616902305e-02    9.9164965396e-01
       251   -1.5404878524e+01    2.3793880369e+02   -2.6310297718e+01    1.0905419194e+01    7.4943596818e+00   -3.5952643901e+01    2.1479865012e+00    3.2765000000e+04    6.5961443203e-02    9.9172691525e-01
       252   -1.5397696948e+01    2.3768386364e+02   -2.6145756397e+01    1.0748059450e+01    7.4411301318e+00   -3.5747148970e+01    2.1602624410e+00    3.2732000000e+04    6.5430038633e-02    9.9129233594e-01
       253   -1.5397684667e+01    2.3768346178e+02   -2.5977240134e+01    1.0579555467e+01    7.3948409401e+00   -3.5650298810e+01    2.2782177360e+00    3.2492000000e+04    6.5486226523e-02    9.9183526065e-01
       254   -1.5399218197e+01    2.3775314197e+02   -2.6348974790e+01    1.0949756593e+01    7.4430540471e+00   -3.6114254205e+01    2.3222253671e+00    3.2412000000e+04    6.6040523164e-02    9.9094798737e-01
       255   -1.5402240362e+01    2.3783669199e+02   -2.6448622593e+01    1.1046382231e+01    7.4763507674e+00   -3.6281095955e+01    2.3561225947e+00    3.2603000000e+04    6.6103434023e-02    9.9121997921e-01
       256   -1.5404704119e+01    2.3788927603e+02   -2.6283711076e+01    1.0879006957e+01    7.4950313895e+00   -3.6078079132e+01    2.2993366669e+00    3.2777000000e+04    6.5860727617e-02    9.9171512724e-01
       257   -1.5403362195e+01    2.3786162040e+02   -2.6257039798e+01    1.0853677603e+01    7.4862327106e+00   -3.6189993845e+01    2.4467213364e+00    3.3009000000e+04    6.5763935469e-02    9.9165292551e-01
       258   -1.5392284844e+01    2.3749173415e+02   -2.6046161324e+01    1.0653876480e+01    7.4772125797e+00   -3.5918014325e+01    2.3946404217e+00    3.3153000000e+04    6.6210278594e-02    9.9176218092e-01
       259   -1.5385492114e+01    2.3728382134e+02   -2.6240826258e+01    1.0855334144e+01    7.4668550714e+00   -3.5933649085e+01    2.2259677556e+00    3.3180000000e+04    6.7432599570e-02    9.9146655902e-01
       260   -1.5379092147e+01    2.3709361932e+02   -2.6323820634e+01    1.0944728487e+01    7.4462659427e+00   -3.5876930030e+01    2.1068434528e+00    3.3237000000e+04    6.7578668359e-02    9.9149147425e-01
       261   -1.5370134719e+01    2.3684139836e+02   -2.6319758748e+01    1.0949624029e+01    7.4642676482e+00   -3.6020152771e+01    2.2361263749e+00    3.3307000000e+04    7.0543408008e-02    9.9156316857e-01
       262   -1.5399741437e+01    2.3776690809e+02   -2.6288098490e+01    1.0888357053e+01    7.4709308461e+00   -3.6101095496e+01    2.3420661595e+00    3.3333000000e+04    7.1105119219e-02    9.9162331106e-01
       263   -1.5393196122e+01    2.3756869494e+02   -2.6151786179e+01    1.0758590057e+01    7.4621630773e+00   -3.6014091281e+01    2.4001420242e+00    3.3251000000e+04    6.6936469766e-02    9.9143410298e-01
       264   -1.5397630124e+01    2.3766659598e+02   -2.6142375092e+01    1.0744744968e+01    7.4275048836e+00   -3.6003439344e+01    2.4335593690e+00    3.3284000000e+04    6.8193910781e-02    9.9166931794e-01
       265   -1.5403991690e+01    2.3788570739e+02   -2.6227726075e+01    1.0823734385e+01    7.4371051004e+00   -3.6019211118e+01    2.3543799422e+00    3.3503000000e+04    7.1522202773e-02    9.9186844748e-01
       266   -1.5401578914e+01    2.3780542018e+02   -2.6363270585e+01    1.0961691671e+01    7.4414235364e+00   -3.6049958181e+01    2.2452640592e+00    3.3131000000e+04    6.7040497930e-02    9.9149347506e-01
       267   -1.5395035877e+01    2.3761950888e+02   -2.6214698592e+01    1.0819662715e+01    7.3945201024e+00   -3.5774084235e+01    2.1648655401e+00    3.2824000000e+04    6.6329666016e-02    9.9192984631e-01
       268   -1.5389059152e+01    2.3744218709e+02   -2.6208275350e+01    1.0819216198e+01    7.4402979738e+00   -3.5772578488e+01    2.1240051638e+00    3.2990000000e+04    6.7122016719e-02    9.9112005852e-01
       269   -1.5399667279e+01    2.3774934496e+02   -2.6481564050e+01    1.1081896772e+01    7.4343421748e+00   -3.5989685724e+01    2.0737794990e+00    3.2920000000e+04    6.7388293672e-02    9.9142019481e-01
       270   -1.5391117476e+01    2.3747559814e+02   -2.6207136072e+01    1.0816018597e+01    7.4366668139e+00   -3.5769192599e+01    2.1253897126e+00    3.2946000000e+04    6.6549236328e-02    9.9166162780e-01
       271   -1.5407154158e+01    2.3795959914e+02   -2.6298210372e+01    1.0891056214e+01    7.4692497385e+00   -3.6006179674e+01    2.2387195634e+00    3.2888000000e+04    6.6408408086e-02    9.9150875846e-01
       272   -1.5399546996e+01    2.3778216018e+02   -2.6574434604e+01    1.1174887608e+01    7.5099130723e+00   -3.6333438689e+01    2.2490910120e+00    3.2487000000e+04    6.6193485039e-02    9.9133495108e-01
       273   -1.5409944260e+01    2.3808933248e+02   -2.6461562886e+01    1.1051618626e+01    7.5187438754e+00   -3.6217792473e+01    2.2374857118e+00    3.2595000000e+04    6.6214320039e-02    9.9164743026e-01
       274   -1.5392533910e+01    2.3755461187e+02   -2.6403876923e+01    1.1011343013e+01    7.5135124454e+00   -3.6208698339e+01    2.2913089704e+00    3.2694000000e+04    6.6688226523e-02    9.9138075905e-01
       275   -1.5380905546e+01    2.3716834168e+02   -2.6556189687e+01    1.1175284141e+01    7.5048242070e+00   -3.6261277883e+01    2.2002639888e+00    3.2668000000e+04    6.6768144375e-02    9.9114768424e-01
       276   -1.5404891840e+01    2.3795836969e+02   -2.6532786937e+01    1.1127895097e+01    7.5138593682e+00   -3.6313831614e+01    2.2671853083e+00    3.2851000000e+04    6.6455793203e-02    9.9131812465e-01
       277   -1.5391025725e+01    2.3747507981e+02   -2.6598181971e+01    1.1207156246e+01    7.5550199993e+00   -3.6412790307e+01    2.2595883369e+00    3.2806000000e+04    6.6354932383e-02    9.9143030167e-01
       278   -1.5395499979e+01    2.3759011067e+02   -2.6408445403e+01    1.1012945424e+01    7.4897711052e+00   -3.6259472953e+01    2.3612564453e+00    3.2817000000e+04    6.5993359766e-02    9.9180073899e-01
       279   -1.5387841548e+01    2.3737750546e+02   -2.6307586466e+01    1.0919744917e+01    7.4779814582e+00   -3.6051870387e+01    2.2663024630e+00    3.2651000000e+04    6.5959518711e-02    9.9184475451e-01
       280   -1.5404904267e+01    2.3792758277e+02   -2.6380206951e+01    1.0975302684e+01    7.4851716318e+00   -3.6114254953e+01    2.2488763703e+00    3.2451000000e+04    6.6726340742e-02    9.9120382127e-01
       281   -1.5408136428e+01    2.3806566627e+02   -2.6489828900e+01    1.1081692472e+01    7.5076380133e+00   -3.6415969765e+01    2.4185028511e+00    3.2537000000e+04    6.6583008008e-02    9.9131953448e-01
       282   -1.5404091239e+01    2.3784731425e+02   -2.6339115258e+01    1.0935024019e+01    7.4248696542e+00   -3.5967071883e+01    2.2030869705e+00    3.2542000000e+04    6.5869221641e-02    9.9173408860e-01
       283   -1.5392274195e+01    2.3752495174e+02   -2.6359993909e+01    1.0967719714e+01    7.4704587491e+00   -3.6068066820e+01    2.2376141616e+00    3.2651000000e+04    6.6379965078e-02    9.9131750715e-01
       284   -1.5398888301e+01    2.3775890660e+02   -2.6408387263e+01    1.1009498961e+01    7.5035116242e+00   -3.6177326424e+01    2.2654275367e+00    3.2884000000e+04    6.8742744141e-02    9.9155495380e-01
       285   -1.5396526815e+01    2.3765334636e+02   -2.6498524464e+01    1.1101997649e+01    7.5279734218e+00   -3.6226592212e+01    2.2000943263e+00    3.2857000000e+04    6.6655332305e-02    9.9125827442e-01
       286   -1.5403650740e+01    2.3787147104e+02   -2.6387823915e+01    1.0984173176e+01    7.4450712630e+00   -3.5976556698e+01    2.1436615192e+00    3.2798000000e+04    6.6260295781e-02    9.9208604496e-01
       287   -1.5396868226e+01    2.3772264664e+02   -2.6548786271e+01    1.1151918045e+01    7.4981396800e+00   -3.6376918979e+01    2.3299930276e+00    3.2714000000e+04    6.7090174297e-02    9.9125974139e-01
       288   -1.5384608932e+01    2.3731831320e+02   -2.6589565881e+01    1.1204956948e+01    7.5154056021e+00   -3.6329806352e+01    2.2248348691e+00    3.2516000000e+04    6.5877161172e-02    9.9108450602e-01
       289   -1.5386131282e+01    2.3733769869e+02   -2.6590988330e+01    1.1204857048e+01    7.5114759293e+00   -3.6374697897e+01    2.2722336377e+00    3.2378000000e+04    6.6073508477e-02    9.9134743702e-01
       290   -1.5389811772e+01    2.3747437332e+02   -2.6356530492e+01    1.0966718721e+01    7.5224965679e+00   -3.6101511507e+01    2.2224844472e+00    3.2204000000e+04    6.5801536758e-02    9.9151209267e-01
       291   -1.5411715684e+01    2.3819252472e+02   -2.6569156023e+01    1.1157440339e+01    7.5148909667e+00   -3.6301404949e+01    2.2173579592e+00    3.2363000000e+04    6.6617732891e-02    9.9102563484e-01
       292   -1.5406860509e+01    2.3806832886e+02   -2.6294920065e+01    1.0888059556e+01    7.4767335611e+00   -3.6127112436e+01    2.3554588100e+00    3.2681000000e+04    6.7068269414e-02    9.9147765705e-01
       293   -1.5400851111e+01    2.3777349121e+02   -2.6199098586e+01    1.0798247474e+01    7.4356194132e+00   -3.5921335897e+01    2.2866178983e+00    3.2784000000e+04    6.8375472773e-02    9.9161081417e-01
       294   -1.5408874592e+01    2.3807046334e+02   -2.6306293294e+01    1.0897418703e+01    7.4602754038e+00   -3.6073740790e+01    2.3071720923e+00    3.2983000000e+04    6.5361146172e-02    9.9128818067e-01
       295   -1.5404925436e+01    2.3792488172e+02   -2.6374479120e+01    1.0969553684e+01    7.4703510174e+00   -3.6046417601e+01    2.2015874638e+00    3.2987000000e+04    6.5301796328e-02    9.9150567384e-01
       296   -1.5394683589e+01    2.3758912663e+02   -2.6275867052e+01    1.0881183464e+01    7.4865099842e+00   -3.6094366413e+01    2.3319893763e+00    3.3109000000e+04    6.6790646250e-02    9.9145601499e-01
       297   -1.5394168378e+01    2.3760775614e+02   -2.6398754524e+01    1.1004586146e+01    7.4605810912e+00   -3.6002794463e+01    2.1434588482e+00    3.3081000000e+04    6.6817976680e-02    9.9106408045e-01
       298   -1.5402915312e+01    2.3785983747e+02   -2.6324600248e+01    1.0921684937e+01    7.4411856345e+00   -3.5958204076e+01    2.1924181931e+00    3.3023000000e+04    6.5276886875e-02    9.9171230637e-01
       299   -1.5402872310e+01    2.3785886646e+02   -2.6281648858e+01    1.0878776548e+01    7.4460685198e+00   -3.5892753548e+01    2.1650361699e+00    3.2959000000e+04    6.6329426719e-02    9.9165283340e-01
       300   -1.5399048557e+01    2.3770172553e+02   -2.6145206164e+01    1.0746157607e+01    7.4367555728e+00   -3.5729505873e+01    2.1475441366e+00    3.3092000000e+04    6.5860784961e-02    9.9168767977e-01
       301   -1.5411106403e+01    2.3811574165e+02   -2.6343184769e+01    1.0932078366e+01    7.4413607496e+00   -3.6018909063e+01    2.2343635449e+00    3.3133000000e+04    6.5590472344e-02    9.9160801099e-01
       302   -1.5395906273e+01    2.3764984639e+02   -2.6322413467e+01    1.0926507194e+01    7.4306776909e+00   -3.6001295800e+01    2.2482046420e+00    3.3225000000e+04    6.6313608867e-02    9.9154847174e-01
       303   -1.5395006851e+01    2.3759652303e+02   -2.6256474589e+01    1.0861467738e+01    7.4343271668e+00   -3.5901207988e+01    2.2104062320e+00    3.3102000000e+04    6.5696422656e-02    9.9159054934e-01
       304   -1.5384132864e+01    2.3729007030e+02   -2.6385871768e+01    1.1001738904e+01    7.4477895314e+00   -3.6062637204e+01    2.2289759048e+00    3.2933000000e+04    6.5298268320e-02    9.9137282076e-01
       305   -1.5407003262e+01    2.3798217219e+02   -2.6332563096e+01    1.0925559834e+01    7.4483187806e+00   -3.5968446982e+01    2.1875651055e+00    3.2963000000e+04    6.5259240469e-02    9.9182636981e-01
       306   -1.5399175381e+01    2.3773614798e+02   -2.6379888770e+01    1.0980713389e+01    7.4796401817e+00   -3.6132438330e+01    2.2729093780e+00    3.2876000000e+04    6.4855482773e-02    9.9117746842e-01
       307   -1.5411601330e+01    2.3812465602e+02   -2.6300627525e+01    1.0889026195e+01    7.4609804681e+00   -3.6075377419e+01    2.3137694266e+00    3.2554000000e+04    6.5325252891e-02    9.9113731523e-01
       308   -1.5400186479e+01    2.3777617290e+02   -2.6201274197e+01    1.0801087717e+01    7.4699413482e+00   -3.6048673954e+01    2.3774584089e+00    3.2476000000e+04    6.4171770664e-02    9.9145609051e-01
       309   -1.5393868149e+01    2.3758185413e+02   -2.6326275924e+01    1.0932407776e+01    7.4969899936e+00   -3.6136855977e+01    2.3135900594e+00    3.2525000000e+04    6.4483244492e-02    9.9160026049e-01
       310   -1.5405736097e+01    2.3792014530e+02   -2.6270467648e+01    1.0864731551e+01    7.5030187516e+00   -3.6073560477e+01    2.3000740770e+00    3.2444000000e+04    6.4893757148e-02    9.9141516926e-01
       311   -1.5402228247e+01    2.3782695074e+02   -2.6304687360e+01    1.0902459113e+01    7.4542472631e+00   -3.6078911095e+01    2.3199764714e+00    3.2490000000e+04    6.6506883281e-02    9.9160891671e-01
       312   -1.5404276934e+01    2.3793298460e+02   -2.6374647406e+01    1.0970370472e+01    7.4384104841e+00   -3.6181202286e+01    2.3681443955e+00    3.2512000000e+04    6.6443289766e-02    9.9153576309e-01
       313   -1.5407943482e+01    2.3805603801e+02   -2.6276705196e+01    1.0868761714e+01    7.4344422563e+00   -3.6037256966e+01    2.3261095136e+00    3.2757000000e+04    6.5913641563e-02    9.9171421468e-01
       314   -1.5410135545e+01    2.3813262114e+02   -2.6409534192e+01    1.0999398647e+01    7.4929206451e+00   -3.6209588581e+01    2.3071337439e+00    3.3193000000e+04    6.7203943984e-02    9.9140444003e-01
       315   -1.5398556299e+01    2.3776695236e+02   -2.6432476894e+01    1.1033920594e+01    7.4982239902e+00   -3.6248225314e+01    2.3175244296e+00    3.3341000000e+04    6.8313961367e-02    9.9138693304e-01
       316   -1.5395792938e+01    2.3770095691e+02   -2.6354331774e+01    1.0958538836e+01    7.4909183812e+00   -3.6268073155e+01    2.4228229996e+00    3.3423000000e+04    6.8666316133e-02    9.9131983079e-01
       317   -1.5390801228e+01    2.3751536136e+02   -2.6371555440e+01    1.0980754212e+01    7.4518607729e+00   -3.6175764719e+01    2.3523485064e+00    3.3169000000e+04    6.6570856953e-02    9.9148746381e-01
       318   -1.5395345399e+01    2.3763093416e+02   -2.6375892615e+01    1.0980547217e+01    7.4966507086e+00   -3.6203215014e+01    2.3306716904e+00    3.3002000000e+04    6.7027839453e-02    9.9131498355e-01
       319   -1.5388277439e+01    2.3739515854e+02   -2.6455748022e+01    1.1067470584e+01    7.4679045371e+00   -3.6225615800e+01    2.3019632401e+00    3.3009000000e+04    6.6526228477e-02    9.9130029659e-01
       320   -1.5399360458e+01    2.3778319030e+02   -2.6345041527e+01    1.0945681069e+01    7.4487316975e+00   -3.6061184805e+01    2.2674115801e+00    3.2865000000e+04    6.6814650508e-02    9.9160451092e-01
       321   -1.5390089891e+01    2.3757287972e+02   -2.6449157862e+01    1.1059067971e+01    7.4699155278e+00   -3.6134952836e+01    2.2158794463e+00    3.2858000000e+04    6.6644976445e-02    9.9118571248e-01
       322   -1.5405185953e+01    2.3795919471e+02   -2.6407157187e+01    1.1001971233e+01    7.4376209502e+00   -3.6149606081e+01    2.3048279440e+00    3.2576000000e+04    6.6212329922e-02    9.9124867046e-01
       323   -1.5406327911e+01    2.3797078313e+02   -2.6335844173e+01    1.0929516263e+01    7.4473868045e+00   -3.6041925007e+01    2.2586940288e+00    3.2511000000e+04    6.5551112813e-02    9.9115900480e-01
       324   -1.5400980993e+01    2.3778918766e+02   -2.6362790647e+01    1.0961809654e+01    7.4858270482e+00   -3.6188678088e+01    2.3400603936e+00    3.2671000000e+04    6.6714401133e-02    9.9098830275e-01
       325   -1.5408127943e+01    2.3802856266e+02   -2.6517140130e+01    1.1109012187e+01    7.5136310065e+00   -3.6280231123e+01    2.2494599862e+00    3.2331000000e+04    6.6266294102e-02    9.9135055347e-01
       326   -1.5409672048e+01    2.3805526777e+02   -2.6402284843e+01    1.0992612795e+01    7.5021442709e+00   -3.6201837365e+01    2.2974082508e+00    3.1908000000e+04    6.5893103086e-02    9.9181060527e-01
       327   -1.5401585339e+01    2.3792361448e+02   -2.6349845769e+01    1.0948260430e+01    7.5053004013e+00   -3.6235128498e+01    2.3799823277e+00    3.1926000000e+04    6.6042016719e-02    9.9098143064e-01
       328   -1.5413130767e+01    2.3818733292e+02   -2.6358174511e+01    1.0945043745e+01    7.4828704210e+00   -3.6102202826e+01    2.2611578937e+00    3.1896000000e+04    6.6782221016e-02    9.9174293490e-01
       329   -1.5387106997e+01    2.3735784174e+02   -2.6434670525e+01    1.1047563528e+01    7.4904694018e+00   -3.6242675791e+01    2.3175358639e+00    3.2237000000e+04    6.6326296719e-02    9.9117572642e-01
       330   -1.5404182703e+01    2.3792649764e+02   -2.6393571265e+01    1.0989388562e+01    7.4668321655e+00   -3.6053325295e+01    2.1929218645e+00    3.2366000000e+04    6.6456777734e-02    9.9157133424e-01
       331   -1.5396098867e+01    2.3762004946e+02   -2.6405312450e+01    1.1009213583e+01    7.4552734328e+00   -3.6042610340e+01    2.1820244574e+00    3.2469000000e+04    6.7056339883e-02    9.9124742382e-01
       332   -1.5385022589e+01    2.3729720665e+02   -2.6222697173e+01    1.0837674584e+01    7.4722224070e+00   -3.5955365108e+01    2.2604455283e+00    3.2516000000e+04    6.6667581289e-02    9.9186856844e-01
       333   -1.5379489594e+01    2.3709363178e+02   -2.6188501015e+01    1.0809011422e+01    7.4481737751e+00   -3.5853986963e+01    2.2173121724e+00    3.2300000000e+04    6.6715188711e-02    9.9109146902e-01
       334   -1.5386220564e+01    2.3730491838e+02   -2.6175964506e+01    1.0789743941e+01    7.4269201382e+00   -3.5831400416e+01    2.2285157720e+00    3.2374000000e+04    6.6571355508e-02    9.9156832526e-01
       335   -1.5389721610e+01    2.3739267057e+02   -2.6308677718e+01    1.0918956108e+01    7.4206082131e+00   -3.5859421749e+01    2.1301358181e+00    3.2298000000e+04    6.6824222031e-02    9.9180211873e-01
       336   -1.5384509095e+01    2.3730359431e+02   -2.6494428257e+01    1.1109919161e+01    7.4572195133e+00   -3.6222150462e+01    2.2705026917e+00    3.2350000000e+04    6.6380946055e-02    9.9132917967e-01
       337   -1.5385487478e+01    2.3731991850e+02   -2.6372219664e+01    1.0986732186e+01    7.4727098392e+00   -3.6182164332e+01    2.3372348288e+00    3.2480000000e+04    6.7475150039e-02    9.9157522269e-01
       338   -1.5403940233e+01    2.3788118771e+02   -2.6488753314e+01    1.1084813080e+01    7.4769051623e+00   -3.6200447970e+01    2.2347894940e+00    3.2517000000e+04    6.6700531406e-02    9.9103147398e-01
       339   -1.5406087212e+01    2.3793743536e+02   -2.6302414309e+01    1.0896327098e+01    7.4618982076e+00   -3.6035409055e+01    2.2710965380e+00    3.2737000000e+04    6.6033828555e-02    9.9108648100e-01
       340   -1.5388359955e+01    2.3740741686e+02   -2.6287528002e+01    1.0899168047e+01    7.4570727147e+00   -3.5896560206e+01    2.1519594899e+00    3.2939000000e+04    6.6980293047e-02    9.9198532682e-01
       341   -1.5398012494e+01    2.3765366494e+02   -2.6217012065e+01    1.0818999571e+01    7.4358515349e+00   -3.5834775355e+01    2.1819117549e+00    3.2682000000e+04    6.6467731914e-02    9.9197897449e-01
       342   -1.5392414665e+01    2.3754158486e+02   -2.6189134853e+01    1.0796720188e+01    7.4395403755e+00   -3.5825180315e+01    2.1965050859e+00    3.2806000000e+04    6.6949116602e-02    9.9171382086e-01
       343   -1.5386303364e+01    2.3732650971e+02   -2.6389526623e+01    1.1003223259e+01    7.5045201216e+00   -3.6059216365e+01    2.1651696201e+00    3.2640000000e+04    6.6881817617e-02    9.9148870804e-01
       344   -1.5390443998e+01    2.3745857973e+02   -2.6311153542e+01    1.0920709544e+01    7.5130270682e+00   -3.6069382728e+01    2.2452021174e+00    3.2631000000e+04    6.7192573555e-02    9.9166956024e-01
       345   -1.5396193038e+01    2.3764849341e+02   -2.6339685496e+01    1.0943492458e+01    7.5077860497e+00   -3.6140696512e+01    2.2932249664e+00    3.2449000000e+04    6.6476756055e-02    9.9139405228e-01
       346   -1.5384127021e+01    2.3726435447e+02   -2.6336097023e+01    1.0951970002e+01    7.4939754822e+00   -3.6156237456e+01    2.3261649513e+00    3.2455000000e+04    6.6771813555e-02    9.9134204385e-01
       347   -1.5394386546e+01    2.3764008246e+02   -2.6328614254e+01    1.0934227708e+01    7.4705061122e+00   -3.5977670623e+01    2.1785502568e+00    3.2309000000e+04    6.7114694922e-02    9.9113686839e-01
       348   -1.5401736925e+01    2.3781494324e+02   -2.6325979723e+01    1.0924242798e+01    7.4227681551e+00   -3.5974608886e+01    2.2258610081e+00    3.2300000000e+04    6.7077391875e-02    9.9154592785e-01
       349   -1.5400293679e+01    2.3774657552e+02   -2.6258822632e+01    1.0858528954e+01    7.4465764296e+00   -3.6066451717e+01    2.3610526548e+00    3.2094000000e+04    6.7194811250e-02    9.9159047503e-01
       350   -1.5389428387e+01    2.3747636484e+02   -2.6139337186e+01    1.0749908799e+01    7.4255046461e+00   -3.5830281190e+01    2.2654393588e+00    3.2061000000e+04    6.7871239102e-02    9.9198849173e-01
       351   -1.5398833386e+01    2.3773128362e+02   -2.6187213534e+01    1.0788380148e+01    7.4400362498e+00   -3.5807467580e+01    2.1802177964e+00    3.2113000000e+04    6.4594382930e-02    9.9156798280e-01
       352   -1.5404073558e+01    2.3799004002e+02   -2.6259769201e+01    1.0855695644e+01    7.4372220364e+00   -3.5863893321e+01    2.1669020833e+00    3.2236000000e+04    6.5743006914e-02    9.9142326162e-01
       353   -1.5399968097e+01    2.3777063023e+02   -2.6287509821e+01    1.0887541724e+01    7.4588386579e+00   -3.5936515583e+01    2.1901671047e+00    3.2332000000e+04    6.5806123398e-02    9.9137951416e-01
       354   -1.5397518747e+01    2.3776228702e+02   -2.6367215728e+01    1.0969696981e+01    7.4301487063e+00   -3.5929726362e+01    2.1323619273e+00    3.2404000000e+04    6.5713638125e-02    9.9138016118e-01
       355   -1.5403990959e+01    2.3787088620e+02   -2.6179325111e+01    1.0775334152e+01    7.4145849163e+00   -3.5733848775e+01    2.1399387483e+00    3.2238000000e+04    6.6346100352e-02    9.9195513862e-01
       356   -1.5396142001e+01    2.3762686237e+02   -2.6216559883e+01    1.0820417882e+01    7.3974322949e+00   -3.5729591307e+01    2.1155991292e+00    3.2368000000e+04    6.6350346250e-02    9.9165345465e-01
       357   -1.5387832967e+01    2.3738552040e+02   -2.6439130500e+01    1.1051297532e+01    7.4500841667e+00   -3.6112665471e+01    2.2234508041e+00    3.2691000000e+04    6.5795577148e-02    9.9138733106e-01
       358   -1.5405815146e+01    2.3799818334e+02   -2.6531861052e+01    1.1126045906e+01    7.5046210735e+00   -3.6356798919e+01    2.3203167927e+00    3.2962000000e+04    6.6122394648e-02    9.9127372112e-01
       359   -1.5410730199e+01    2.3813253983e+02   -2.6502017126e+01    1.1091286926e+01    7.5038820554e+00   -3.6348336656e+01    2.3424374745e+00    3.2998000000e+04    6.5283255430e-02    9.9129404811e-01
       360   -1.5389548206e+01    2.3740939054e+02   -2.6202698214e+01    1.0813150008e+01    7.4351416644e+00   -3.5835105166e+01    2.1972652879e+00    3.3223000000e+04    6.5645589375e-02    9.9191721322e-01
       361   -1.5395711478e+01    2.3761517953e+02   -2.6300340149e+01    1.0904628672e+01    7.4693420910e+00   -3.5986851302e+01    2.2171690620e+00    3.3412000000e+04    6.8142667383e-02    9.9128336686e-01
       362   -1.5383851048e+01    2.3725440142e+02   -2.6500954596e+01    1.1117103548e+01    7.4940076665e+00   -3.6287299360e+01    2.2923370973e+00    3.3256000000e+04    6.7366641289e-02    9.9151881170e-01
       363   -1.5392203901e+01    2.3749903948e+02   -2.6426890416e+01    1.1034686515e+01    7.4869546580e+00   -3.6068401379e+01    2.1545563048e+00    3.2899000000e+04    6.5611620156e-02    9.9141690788e-01
       364   -1.5390782048e+01    2.3745746244e+02   -2.6414317354e+01    1.1023535306e+01    7.4818428494e+00   -3.6108882784e+01    2.2127225807e+00    3.2910000000e+04    6.6426711641e-02    9.9146404228e-01
       365   -1.5398284704e+01    2.3772318695e+02   -2.6481546543e+01    1.1083261839e+01    7.5168738015e+00   -3.6245461339e+01    2.2470409946e+00    3.2763000000e+04    6.6532414453e-02    9.9112602501e-01
       366   -1.5391385841e+01    2.3747861452e+02   -2.6362673925e+01    1.0971288084e+01    7.5238409340e+00   -3.6148328337e+01    2.2618134782e+00    3.2626000000e+04    6.5457592070e-02    9.9146286893e-01
       367   -1.5390095827e+01    2.3747691812e+02   -2.6568167288e+01    1.1178071461e+01    7.5240721835e+00   -3.6361398739e+01    2.2691592679e+00    3.2813000000e+04    6.5674703906e-02    9.9128359443e-01
       368   -1.5388969158e+01    2.3744294354e+02   -2.6501956155e+01    1.1112986997e+01    7.5122653344e+00   -3.6185625203e+01    2.1714037137e+00    3.2606000000e+04    6.7404746406e-02    9.9137503138e-01
       369   -1.5391280039e+01    2.3753967609e+02   -2.6477565444e+01    1.1086285405e+01    7.5221676879e+00   -3.6209160790e+01    2.2094276580e+00    3.2674000000e+04    6.6798615625e-02    9.9198389873e-01
       370   -1.5397807847e+01    2.3771017998e+02   -2.6368320666e+01    1.0970512819e+01    7.4928500139e+00   -3.6133519511e+01    2.2723488309e+00    3.2566000000e+04    6.6515339648e-02    9.9126107292e-01
       371   -1.5395529862e+01    2.3763618669e+02   -2.6526020241e+01    1.1130490379e+01    7.5513510066e+00   -3.6285404162e+01    2.2080329138e+00    3.2483000000e+04    6.7006240781e-02    9.9116643476e-01
       372   -1.5399651029e+01    2.3775871393e+02   -2.6622171735e+01    1.1222520706e+01    7.6062970252e+00   -3.6594890935e+01    2.3664221746e+00    3.2404000000e+04    6.7261903281e-02    9.9137066486e-01
       373   -1.5386381107e+01    2.3736372918e+02   -2.6580428616e+01    1.1194047510e+01    7.5559075478e+00   -3.6486163041e+01    2.3498268765e+00    3.2602000000e+04    6.7559214688e-02    9.9126878804e-01
       374   -1.5392376044e+01    2.3748823716e+02   -2.6367504919e+01    1.0975128875e+01    7.5202734852e+00   -3.6196559495e+01    2.3087810909e+00    3.2734000000e+04    6.6587714453e-02    9.9134588517e-01
       375   -1.5395508316e+01    2.3766489403e+02   -2.6387608579e+01    1.0992100263e+01    7.5280623501e+00   -3.6304069826e+01    2.3883988968e+00    3.2655000000e+04    6.7168127305e-02    9.9209757370e-01
       376   -1.5408671950e+01    2.3805465248e+02   -2.6325601718e+01    1.0916929768e+01    7.5331026305e+00   -3.6257850871e+01    2.3991465226e+00    3.2673000000e+04    6.7749905430e-02    9.9176692736e-01
       377   -1.5398768450e+01    2.3769249681e+02   -2.6242194259e+01    1.0843425809e+01    7.4958832960e+00   -3.5987998504e+01    2.2499209494e+00    3.2665000000e+04    6.7538365000e-02    9.9152594591e-01
       378   -1.5401382021e+01    2.3780965022e+02   -2.6194487378e+01    1.0793105357e+01    7.4817047514e+00   -3.5905387504e+01    2.2291953749e+00    3.2486000000e+04    6.7348216055e-02    9.9189132753e-01
       379   -1.5400251584e+01    2.3780597200e+02   -2.6184188153e+01    1.0783936569e+01    7.4530272192e+00   -3.5821684895e+01    2.1844695224e+00    3.2456000000e+04    6.6977258086e-02    9.9169817820e-01
       380   -1.5406891604e+01    2.3803322447e+02   -2.6318035271e+01    1.0911143667e+01    7.4582592388e+00   -3.5963691798e+01    2.1873972883e+00    3.2627000000e+04    6.6655503555e-02    9.9133904208e-01
       381   -1.5401038154e+01    2.3784903882e+02   -2.6375277834e+01    1.0974239680e+01    7.4980968301e+00   -3.6246648631e+01    2.3732739669e+00    3.2660000000e+04    6.6495750742e-02    9.9128043789e-01
       382   -1.5407026022e+01    2.3802818501e+02   -2.6430398518e+01    1.1023372496e+01    7.5007195790e+00   -3.6313829077e+01    2.3827109798e+00    3.2661000000e+04    6.6492499062e-02    9.9161106625e-01
       383   -1.5397634735e+01    2.3770986684e+02   -2.6285765424e+01    1.0888130689e+01    7.4784217816e+00   -3.6044471282e+01    2.2802840761e+00    3.2664000000e+04    6.7332267031e-02    9.9188967533e-01
       384   -1.5396533277e+01    2.3770728750e+02   -2.6483781944e+01    1.1087248667e+01    7.5037465368e+00   -3.6363103951e+01    2.3755754701e+00    3.2799000000e+04    6.6950932227e-02    9.9149831780e-01
       385   -1.5399238905e+01    2.3775329853e+02   -2.6430953951e+01    1.1031715047e+01    7.4741142511e+00   -3.6191767185e+01    2.2866989827e+00    3.2667000000e+04    6.6280407227e-02    9.9157905586e-01
       386   -1.5397093416e+01    2.3782262981e+02   -2.6500054204e+01    1.1102960788e+01    7.4790198109e+00   -3.6461078690e+01    2.4820046745e+00    3.2622000000e+04    6.6494634844e-02    9.9098069948e-01
       387   -1.5404448367e+01    2.3811470548e+02   -2.6291566760e+01    1.0887118392e+01    7.4808646050e+00   -3.6042402574e+01    2.2699712090e+00    3.2547000000e+04    6.6855970430e-02    9.9139212690e-01
       388   -1.5391109979e+01    2.3756487367e+02   -2.6264377322e+01    1.0873267343e+01    7.4802719451e+00   -3.6007692873e+01    2.2630436058e+00    3.2481000000e+04    6.6567239180e-02    9.9135443657e-01
       389   -1.5417747915e+01    2.3830918932e+02   -2.6358775917e+01    1.0941028002e+01    7.4555125078e+00   -3.6134090371e+01    2.3198019469e+00    3.2635000000e+04    6.6636753750e-02    9.9119913542e-01
       390   -1.5405912659e+01    2.3795328937e+02   -2.6400338062e+01    1.0994425402e+01    7.4888333104e+00   -3.6163853794e+01    2.2746824224e+00    3.2661000000e+04    6.5321476719e-02    9.9143838579e-01
       391   -1.5399912105e+01    2.3774336911e+02   -2.6322399574e+01    1.0922487469e+01    7.5040971598e+00   -3.6268383223e+01    2.4418864890e+00    3.2742000000e+04    6.6723818711e-02    9.9161682503e-01
       392   -1.5396289543e+01    2.3765333858e+02   -2.6300421026e+01    1.0904131482e+01    7.5014955825e+00   -3.6162835167e+01    2.3609185582e+00    3.2710000000e+04    6.6815797187e-02    9.9163640159e-01
       393   -1.5387546103e+01    2.3740506884e+02   -2.6487255165e+01    1.1099709061e+01    7.5288962607e+00   -3.6336372979e+01    2.3202215540e+00    3.2650000000e+04    6.7226870391e-02    9.9116946761e-01
       394   -1.5389215113e+01    2.3746417770e+02   -2.6505159230e+01    1.1115944117e+01    7.5307501045e+00   -3.6272899888e+01    2.2369905536e+00    3.2555000000e+04    6.6742839219e-02    9.9157409114e-01
       395   -1.5403558288e+01    2.3789710192e+02   -2.6451897377e+01    1.1048339089e+01    7.5311038271e+00   -3.6382918666e+01    2.3999174621e+00    3.2467000000e+04    6.5833403555e-02    9.9131207350e-01
       396   -1.5408926512e+01    2.3804583687e+02   -2.6517746359e+01    1.1108819847e+01    7.5140179072e+00   -3.6352656792e+01    2.3208925249e+00    3.2568000000e+04    6.6668967773e-02    9.9136481649e-01
       397   -1.5402184734e+01    2.3782299599e+02   -2.6391095287e+01    1.0988910553e+01    7.5189097811e+00   -3.6230085448e+01    2.3200803793e+00    3.2665000000e+04    6.6849976523e-02    9.9123518907e-01
       398   -1.5399269401e+01    2.3773960002e+02   -2.6451341775e+01    1.1052072374e+01    7.4880227652e+00   -3.6271018417e+01    2.3316538766e+00    3.2899000000e+04    6.6967717813e-02    9.9195545674e-01
       399   -1.5397615526e+01    2.3769058934e+02   -2.6472795996e+01    1.1075180470e+01    7.5151351906e+00   -3.6382100290e+01    2.3941691031e+00    3.2932000000e+04    6.7243896328e-02    9.9130750958e-01
