#   index    LocalEnergy         LocalEnergy_sq      LocalPotential      Kinetic             ElecElec            LocalECP            NonLocalECP         BlockWeight         BlockCPU            AcceptRatio         
         0   -1.5376608072e+01    2.3701596752e+02   -2.6259356315e+01    1.0882748243e+01    7.3918951027e+00   -3.5895085461e+01    2.2438340437e+00    2.0480000000e+03    8.4756112671e-04    6.6650390625e-01
         1   -1.5372462872e+01    2.3689005781e+02   -2.6226269623e+01    1.0853806751e+01    7.3352130279e+00   -3.5685079878e+01    2.1235972266e+00    2.0480000000e+03    8.5096950165e-04    6.6630859375e-01
         2   -1.5386544981e+01    2.3732901113e+02   -2.6143554039e+01    1.0757009058e+01    7.3637108696e+00   -3.5835332835e+01    2.3280679263e+00    2.0480000000e+03    8.5501685699e-04    6.7089843750e-01
         3   -1.5409137411e+01    2.3809319205e+02   -2.6068882840e+01    1.0659745429e+01    7.3745708303e+00   -3.5629753293e+01    2.1862996223e+00    2.0480000000e+03    8.5350209106e-04    6.6718750000e-01
         4   -1.5390142231e+01    2.3759406781e+02   -2.5979745188e+01    1.0589602957e+01    7.3205834458e+00   -3.5443957746e+01    2.1436291126e+00    2.0480000000e+03    8.5624585999e-04    6.6494140625e-01
         5   -1.5354283246e+01    2.3631521954e+02   -2.5889361879e+01    1.0535078633e+01    7.3949121376e+00   -3.5593120733e+01    2.3088467162e+00    2.0480000000e+03    8.5702875061e-04    6.7666015625e-01
         6   -1.5399100869e+01    2.3765231616e+02   -2.5953250295e+01    1.0554149426e+01    7.3205680998e+00   -3.5672296030e+01    2.3984776350e+00    2.0480000000e+03    8.5481013092e-04    6.7011718750e-01
         7   -1.5402666878e+01    2.3784938250e+02   -2.6085560199e+01    1.0682893321e+01    7.3597704047e+00   -3.5549399249e+01    2.1040686452e+00    2.0480000000e+03    8.5083014984e-04    6.7451171875e-01
         8   -1.5397694442e+01    2.3765906996e+02   -2.5844990141e+01    1.0447295699e+01    7.3132351680e+00   -3.5354981563e+01    2.1967562538e+00    2.0480000000e+03    8.5422903839e-04    6.7548828125e-01
         9   -1.5371427930e+01    2.3685672305e+02   -2.5825035290e+01    1.0453607360e+01    7.2969280072e+00   -3.5403757966e+01    2.2817946687e+00    2.0480000000e+03    8.4953042267e-04    6.7470703125e-01
        10   -1.5349245041e+01    2.3614439346e+02   -2.5929909425e+01    1.0580664383e+01    7.3216958352e+00   -3.5373430305e+01    2.1218250453e+00    2.0480000000e+03    8.5150936432e-04    6.7187500000e-01
        11   -1.5379251597e+01    2.3705793740e+02   -2.5904282511e+01    1.0525030914e+01    7.3562984759e+00   -3.5681215217e+01    2.4206342293e+00    2.0480000000e+03    8.4830775269e-04    6.7197265625e-01
        12   -1.5397488389e+01    2.3854107445e+02   -2.6020749227e+01    1.0623260838e+01    7.3304773066e+00   -3.5249752162e+01    1.8985256286e+00    2.0480000000e+03    8.4936195892e-04    6.7304687500e-01
        13   -1.5369378317e+01    2.3684600050e+02   -2.5721155226e+01    1.0351776909e+01    7.3260771522e+00   -3.5340949076e+01    2.2937166977e+00    2.0480000000e+03    8.6637624908e-04    6.7011718750e-01
        14   -1.5363067396e+01    2.3660149513e+02   -2.5970141534e+01    1.0607074138e+01    7.3646136803e+00   -3.5570235874e+01    2.2354806594e+00    2.0480000000e+03    8.5874501343e-04    6.7167968750e-01
        15   -1.5340534362e+01    2.3590552996e+02   -2.5843662346e+01    1.0503127985e+01    7.3056661690e+00   -3.5363533389e+01    2.2142048732e+00    2.0480000000e+03    8.5514377289e-04    6.8271484375e-01
        16   -1.5365916047e+01    2.3663523430e+02   -2.5807199744e+01    1.0441283697e+01    7.3983329889e+00   -3.5578664880e+01    2.3731321461e+00    2.0480000000e+03    8.5466844116e-04    6.6611328125e-01
        17   -1.5377869843e+01    2.3702402004e+02   -2.5929610321e+01    1.0551740478e+01    7.3184674244e+00   -3.5387959692e+01    2.1398819474e+00    2.0480000000e+03    8.5055756042e-04    6.6914062500e-01
        18   -1.5377114873e+01    2.3702532458e+02   -2.6077199950e+01    1.0700085077e+01    7.3371921782e+00   -3.5568453278e+01    2.1540611498e+00    2.0480000000e+03    8.5959425140e-04    6.6992187500e-01
        19   -1.5370292668e+01    2.3680883029e+02   -2.5918049193e+01    1.0547756525e+01    7.3664622524e+00   -3.5492161612e+01    2.2076501665e+00    2.0480000000e+03    8.5253460266e-04    6.7226562500e-01
        20   -1.5361910512e+01    2.3644376151e+02   -2.5765457279e+01    1.0403546767e+01    7.2844110102e+00   -3.5260720737e+01    2.2108524476e+00    2.0480000000e+03    8.5367475494e-04    6.7910156250e-01
        21   -1.5385019855e+01    2.3718030234e+02   -2.6003969932e+01    1.0618950077e+01    7.3126023396e+00   -3.5394739232e+01    2.0781669600e+00    2.0480000000e+03    8.5677096313e-04    6.6435546875e-01
        22   -1.5383729244e+01    2.3716837075e+02   -2.5825965029e+01    1.0442235785e+01    7.3199936016e+00   -3.5285084332e+01    2.1391257009e+00    2.0480000000e+03    8.5143527527e-04    6.7265625000e-01
        23   -1.5369951015e+01    2.3682583266e+02   -2.5860620723e+01    1.0490669708e+01    7.2959200760e+00   -3.5288054818e+01    2.1315140194e+00    2.0480000000e+03    8.5228495422e-04    6.6962890625e-01
        24   -1.5394001373e+01    2.3747410654e+02   -2.5861864094e+01    1.0467862721e+01    7.3405551977e+00   -3.5260505887e+01    2.0580865947e+00    2.0480000000e+03    8.5364105042e-04    6.6513671875e-01
        25   -1.5374714530e+01    2.3688703526e+02   -2.5975689318e+01    1.0600974788e+01    7.3833027494e+00   -3.5405157324e+01    2.0461652569e+00    2.0480000000e+03    8.5638331726e-04    6.5947265625e-01
        26   -1.5363750770e+01    2.3659929217e+02   -2.5937385070e+01    1.0573634300e+01    7.3756062888e+00   -3.5353661935e+01    2.0406705767e+00    2.0480000000e+03    8.5156779144e-04    6.7177734375e-01
        27   -1.5370147501e+01    2.3688384232e+02   -2.6010275502e+01    1.0640128001e+01    7.3577833328e+00   -3.5475886811e+01    2.1078279761e+00    2.0480000000e+03    8.5410727997e-04    6.7324218750e-01
        28   -1.5370514546e+01    2.3681916685e+02   -2.5859917374e+01    1.0489402829e+01    7.3403410177e+00   -3.5487558656e+01    2.2873002641e+00    2.0480000000e+03    8.5330901428e-04    6.6738281250e-01
        29   -1.5379863860e+01    2.3710788140e+02   -2.6035479585e+01    1.0655615725e+01    7.3348336731e+00   -3.5605548306e+01    2.2352350478e+00    2.0480000000e+03    8.5495055969e-04    6.6650390625e-01
        30   -1.5396424500e+01    2.3764703286e+02   -2.6033182693e+01    1.0636758193e+01    7.3763364836e+00   -3.5642091410e+01    2.2325722337e+00    2.0480000000e+03    8.5372777863e-04    6.7382812500e-01
        31   -1.5400007468e+01    2.3794298664e+02   -2.6347019987e+01    1.0947012519e+01    7.3955511189e+00   -3.6022312619e+01    2.2797415131e+00    2.0480000000e+03    8.5352789703e-04    6.6542968750e-01
        32   -1.5412364064e+01    2.3815963476e+02   -2.6180939798e+01    1.0768575734e+01    7.3558862636e+00   -3.5798495159e+01    2.2616690975e+00    2.0480000000e+03    8.5383273499e-04    6.7402343750e-01
        33   -1.5393554267e+01    2.3760037539e+02   -2.6147377530e+01    1.0753823263e+01    7.3183724594e+00   -3.5787009964e+01    2.3212599744e+00    2.0480000000e+03    8.4755150787e-04    6.7011718750e-01
        34   -1.5390906275e+01    2.3748807423e+02   -2.6088871329e+01    1.0697965054e+01    7.3056489917e+00   -3.5566752583e+01    2.1722322623e+00    2.0480000000e+03    8.4649274322e-04    6.7138671875e-01
        35   -1.5391990044e+01    2.3753937937e+02   -2.6041533745e+01    1.0649543702e+01    7.3590390781e+00   -3.5594298261e+01    2.1937254382e+00    2.0480000000e+03    8.4815597137e-04    6.6582031250e-01
        36   -1.5366976697e+01    2.3672520665e+02   -2.6067580515e+01    1.0700603819e+01    7.3588509160e+00   -3.5533024997e+01    2.1065935656e+00    2.0480000000e+03    8.5330725769e-04    6.7177734375e-01
        37   -1.5371993106e+01    2.3684590614e+02   -2.5990159625e+01    1.0618166518e+01    7.3312671684e+00   -3.5632370737e+01    2.3109439443e+00    2.0480000000e+03    8.5048636810e-04    6.5869140625e-01
        38   -1.5374497190e+01    2.3699789033e+02   -2.6047890056e+01    1.0673392866e+01    7.3440163176e+00   -3.5683495564e+01    2.2915891902e+00    2.0480000000e+03    8.4895387482e-04    6.8115234375e-01
        39   -1.5368460088e+01    2.3681081767e+02   -2.5983407467e+01    1.0614947380e+01    7.3499225024e+00   -3.5697943186e+01    2.3646132164e+00    2.0480000000e+03    8.6662195465e-04    6.7421875000e-01
        40   -1.5382803749e+01    2.3725601716e+02   -2.6122122207e+01    1.0739318458e+01    7.3694661004e+00   -3.5812438179e+01    2.3208498718e+00    2.0480000000e+03    8.5303439819e-04    6.7578125000e-01
        41   -1.5361398963e+01    2.3654270281e+02   -2.5951456371e+01    1.0590057408e+01    7.3497037706e+00   -3.5635799619e+01    2.3346394777e+00    2.0480000000e+03    8.5192823334e-04    6.7333984375e-01
        42   -1.5364957518e+01    2.3660872450e+02   -2.6040881872e+01    1.0675924354e+01    7.3812447450e+00   -3.5573014550e+01    2.1508879329e+00    2.0480000000e+03    8.5767605621e-04    6.6669921875e-01
        43   -1.5373565318e+01    2.3694412833e+02   -2.6035027732e+01    1.0661462414e+01    7.3511554797e+00   -3.5466169988e+01    2.0799867768e+00    2.0480000000e+03    8.5224346802e-04    6.6601562500e-01
        44   -1.5369706568e+01    2.3678457617e+02   -2.5895731615e+01    1.0526025046e+01    7.3351195431e+00   -3.5279912096e+01    2.0490609378e+00    2.0480000000e+03    8.5009708588e-04    6.7744140625e-01
        45   -1.5386866468e+01    2.3753679481e+02   -2.5873537757e+01    1.0486671290e+01    7.3881229170e+00   -3.5524314240e+01    2.2626535658e+00    2.0480000000e+03    8.5515940155e-04    6.7890625000e-01
        46   -1.5340837167e+01    2.3601376385e+02   -2.5785671878e+01    1.0444834711e+01    7.3274510751e+00   -3.5401869521e+01    2.2887465674e+00    2.0480000000e+03    8.4754499237e-04    6.6425781250e-01
        47   -1.5358267888e+01    2.3648999495e+02   -2.5857948771e+01    1.0499680883e+01    7.3963848022e+00   -3.5402141545e+01    2.1478079717e+00    2.0480000000e+03    8.4924945892e-04    6.7001953125e-01
        48   -1.5371396188e+01    2.3683545141e+02   -2.6045994826e+01    1.0674598637e+01    7.3274688541e+00   -3.5520661442e+01    2.1471977622e+00    2.0480000000e+03    8.5486074310e-04    6.6689453125e-01
        49   -1.5403776011e+01    2.3785164704e+02   -2.6065401491e+01    1.0661625480e+01    7.3404918474e+00   -3.5698125583e+01    2.2922322444e+00    2.0480000000e+03    8.4755771271e-04    6.6318359375e-01
        50   -1.5377127081e+01    2.3702972443e+02   -2.6090328638e+01    1.0713201557e+01    7.3213567744e+00   -3.5549470785e+01    2.1377853729e+00    2.0480000000e+03    8.5171271454e-04    6.6562500000e-01
        51   -1.5382716482e+01    2.3725848892e+02   -2.5916899527e+01    1.0534183044e+01    7.3243160221e+00   -3.5487498681e+01    2.2462831321e+00    2.0480000000e+03    8.5493102234e-04    6.6992187500e-01
        52   -1.5363387434e+01    2.3661060465e+02   -2.5868784450e+01    1.0505397016e+01    7.3031142353e+00   -3.5224941290e+01    2.0530426046e+00    2.0480000000e+03    8.4643951935e-04    6.7001953125e-01
        53   -1.5366677428e+01    2.3667076960e+02   -2.6018407784e+01    1.0651730357e+01    7.3725520498e+00   -3.5610316820e+01    2.2193569852e+00    2.0480000000e+03    8.5525540314e-04    6.6542968750e-01
        54   -1.5364654429e+01    2.3686436060e+02   -2.5904494606e+01    1.0539840177e+01    7.3817566772e+00   -3.5572529698e+01    2.2862784149e+00    2.0480000000e+03    8.5357389740e-04    6.7011718750e-01
        55   -1.5357308029e+01    2.3649752990e+02   -2.5867719466e+01    1.0510411437e+01    7.3238617100e+00   -3.5429792414e+01    2.2382112383e+00    2.0480000000e+03    8.4925705627e-04    6.6396484375e-01
        56   -1.5345613963e+01    2.3607727804e+02   -2.6026438169e+01    1.0680824206e+01    7.3639622701e+00   -3.5642348399e+01    2.2519479596e+00    2.0480000000e+03    8.5395015594e-04    6.6816406250e-01
        57   -1.5364990460e+01    2.3669745673e+02   -2.5975856255e+01    1.0610865795e+01    7.3095114043e+00   -3.5431398656e+01    2.1460309966e+00    2.0480000000e+03    8.4924226532e-04    6.7304687500e-01
        58   -1.5380655189e+01    2.3718603845e+02   -2.5966099560e+01    1.0585444371e+01    7.3339102820e+00   -3.5452113139e+01    2.1521032973e+00    2.0480000000e+03    8.5166837189e-04    6.7373046875e-01
        59   -1.5397968635e+01    2.3770277670e+02   -2.6123673572e+01    1.0725704937e+01    7.3059092417e+00   -3.5617082026e+01    2.1874992126e+00    2.0480000000e+03    8.5017852448e-04    6.6757812500e-01
        60   -1.5402172209e+01    2.3786572274e+02   -2.5990995450e+01    1.0588823241e+01    7.3741770340e+00   -3.5574155859e+01    2.2089833751e+00    2.0480000000e+03    8.5597243256e-04    6.6738281250e-01
        61   -1.5416949347e+01    2.3833413532e+02   -2.5939277510e+01    1.0522328163e+01    7.3037922133e+00   -3.5576967393e+01    2.3338976696e+00    2.0480000000e+03    8.5658385132e-04    6.7246093750e-01
        62   -1.5381326865e+01    2.3715748735e+02   -2.5962200541e+01    1.0580873676e+01    7.3519155098e+00   -3.5607916644e+01    2.2938005933e+00    2.0480000000e+03    9.4909905304e-04    6.7119140625e-01
        63   -1.5410452934e+01    2.3811817377e+02   -2.6051965181e+01    1.0641512247e+01    7.3114439259e+00   -3.5590830832e+01    2.2274217247e+00    2.0480000000e+03    8.5645336548e-04    6.7558593750e-01
        64   -1.5363844883e+01    2.3666809757e+02   -2.5936419997e+01    1.0572575114e+01    7.3409110145e+00   -3.5654675307e+01    2.3773442949e+00    2.0480000000e+03    8.5802242584e-04    6.7705078125e-01
        65   -1.5402168310e+01    2.3798928343e+02   -2.6160585445e+01    1.0758417135e+01    7.3739202112e+00   -3.5725599341e+01    2.1910936848e+00    2.0480000000e+03    8.9229930267e-04    6.7451171875e-01
        66   -1.5398466372e+01    2.3782395443e+02   -2.6240192542e+01    1.0841726170e+01    7.3736869465e+00   -3.5702597664e+01    2.0887181760e+00    2.0480000000e+03    8.5724486206e-04    6.6777343750e-01
        67   -1.5384094555e+01    2.3731303086e+02   -2.6177174103e+01    1.0793079548e+01    7.3224869587e+00   -3.5726929146e+01    2.2272680839e+00    2.0480000000e+03    8.5022091461e-04    6.6425781250e-01
        68   -1.5392144638e+01    2.3750919013e+02   -2.6168907519e+01    1.0776762881e+01    7.3648184116e+00   -3.5714969862e+01    2.1812439315e+00    2.0480000000e+03    8.5655686676e-04    6.6757812500e-01
        69   -1.5397054709e+01    2.3770249077e+02   -2.6153768863e+01    1.0756714154e+01    7.3665765600e+00   -3.5656232811e+01    2.1358873879e+00    2.0480000000e+03    8.5391732758e-04    6.6142578125e-01
        70   -1.5370149070e+01    2.3676369725e+02   -2.6003454600e+01    1.0633305530e+01    7.3788646685e+00   -3.5456705594e+01    2.0743863259e+00    2.0480000000e+03    8.5924818481e-04    6.7060546875e-01
        71   -1.5369297037e+01    2.3680424288e+02   -2.6132616480e+01    1.0763319443e+01    7.3867872918e+00   -3.5802331337e+01    2.2829275657e+00    2.0480000000e+03    8.5595985779e-04    6.6259765625e-01
        72   -1.5372866503e+01    2.3694559906e+02   -2.6089326728e+01    1.0716460224e+01    7.3854432486e+00   -3.5867049010e+01    2.3922790335e+00    2.0480000000e+03    8.6000565369e-04    6.6923828125e-01
        73   -1.5358408196e+01    2.3648034473e+02   -2.5963011583e+01    1.0604603387e+01    7.4170560630e+00   -3.5747671966e+01    2.3676043200e+00    2.0480000000e+03    8.6475620422e-04    6.6953125000e-01
        74   -1.5384013664e+01    2.3729802670e+02   -2.6174128408e+01    1.0790114744e+01    7.4170934221e+00   -3.5989495661e+01    2.3982738316e+00    2.0480000000e+03    8.5847688934e-04    6.7148437500e-01
        75   -1.5383854204e+01    2.3728645184e+02   -2.6161974625e+01    1.0778120420e+01    7.4290765655e+00   -3.5954737607e+01    2.3636864163e+00    2.0480000000e+03    8.5865163452e-04    6.6279296875e-01
        76   -1.5371205382e+01    2.3687261921e+02   -2.6370414487e+01    1.0999209106e+01    7.4021940696e+00   -3.6053724320e+01    2.2811157627e+00    2.0480000000e+03    8.5973498352e-04    6.6230468750e-01
        77   -1.5380166093e+01    2.3717096769e+02   -2.6245172278e+01    1.0865006185e+01    7.3901313501e+00   -3.5955691568e+01    2.3203879393e+00    2.0480000000e+03    8.5422528931e-04    6.6933593750e-01
        78   -1.5388467991e+01    2.3741429343e+02   -2.6142705683e+01    1.0754237693e+01    7.3698123677e+00   -3.5838962762e+01    2.3264447115e+00    2.0480000000e+03    8.4913713135e-04    6.6718750000e-01
        79   -1.5406165399e+01    2.3800129231e+02   -2.6151995907e+01    1.0745830508e+01    7.3360643702e+00   -3.5559564438e+01    2.0715041606e+00    2.0480000000e+03    8.5856257080e-04    6.6796875000e-01
        80   -1.5388374001e+01    2.3744150241e+02   -2.6079138524e+01    1.0690764522e+01    7.2855393268e+00   -3.5456040909e+01    2.0913630590e+00    2.0480000000e+03    8.5657972748e-04    6.7246093750e-01
        81   -1.5393446567e+01    2.3759229978e+02   -2.5992170282e+01    1.0598723715e+01    7.3158108731e+00   -3.5465219655e+01    2.1572385001e+00    2.0480000000e+03    8.5421981201e-04    6.6640625000e-01
        82   -1.5380230252e+01    2.3715327700e+02   -2.6195032379e+01    1.0814802127e+01    7.3706985802e+00   -3.5757083559e+01    2.1913526001e+00    2.0480000000e+03    8.5664001678e-04    6.6425781250e-01
        83   -1.5368046453e+01    2.3680967221e+02   -2.6227364416e+01    1.0859317963e+01    7.3694661658e+00   -3.5752937016e+01    2.1561064340e+00    2.0480000000e+03    8.5400366241e-04    6.6044921875e-01
        84   -1.5364348756e+01    2.3665611939e+02   -2.6150042962e+01    1.0785694205e+01    7.3852600372e+00   -3.5784925002e+01    2.2496220031e+00    2.0480000000e+03    8.4991884766e-04    6.5878906250e-01
        85   -1.5390208708e+01    2.3749177780e+02   -2.6233779773e+01    1.0843571065e+01    7.4176541531e+00   -3.5928192970e+01    2.2767590437e+00    2.0480000000e+03    8.6214320862e-04    6.6201171875e-01
        86   -1.5403999410e+01    2.3792100365e+02   -2.6135777656e+01    1.0731778246e+01    7.4245060826e+00   -3.6021298572e+01    2.4610148338e+00    2.0480000000e+03    8.6316314697e-04    6.6142578125e-01
        87   -1.5403071584e+01    2.3786643594e+02   -2.6202462374e+01    1.0799390791e+01    7.4137082068e+00   -3.5765142978e+01    2.1489723963e+00    2.0480000000e+03    8.6221988129e-04    6.7080078125e-01
        88   -1.5403119324e+01    2.3787003202e+02   -2.6239501821e+01    1.0836382497e+01    7.4229861913e+00   -3.6010721956e+01    2.3482339437e+00    2.0480000000e+03    8.5931764160e-04    6.6083984375e-01
        89   -1.5389491615e+01    2.3744161172e+02   -2.6048220411e+01    1.0658728795e+01    7.3633451180e+00   -3.5602963042e+01    2.1913975135e+00    2.0480000000e+03    8.5882284821e-04    6.7148437500e-01
        90   -1.5387535044e+01    2.3733789720e+02   -2.5849390801e+01    1.0461855756e+01    7.3768651435e+00   -3.5490662117e+01    2.2644061725e+00    2.0480000000e+03    8.5443319641e-04    6.6865234375e-01
        91   -1.5365232896e+01    2.3657563260e+02   -2.5831001409e+01    1.0465768513e+01    7.3853685603e+00   -3.5580070454e+01    2.3637004849e+00    2.0480000000e+03    8.7259659485e-04    6.7265625000e-01
        92   -1.5367629888e+01    2.3678836546e+02   -2.5974649470e+01    1.0607019581e+01    7.3256494237e+00   -3.5451124615e+01    2.1508257215e+00    2.0480000000e+03    8.5536647186e-04    6.6728515625e-01
        93   -1.5368386518e+01    2.3673347766e+02   -2.5890015487e+01    1.0521628969e+01    7.3273552875e+00   -3.5492508733e+01    2.2751379579e+00    2.0480000000e+03    8.4582707520e-04    6.7050781250e-01
        94   -1.5366588206e+01    2.3671658174e+02   -2.6123222788e+01    1.0756634581e+01    7.3883466473e+00   -3.5794188372e+01    2.2826189364e+00    2.0480000000e+03    8.5728154572e-04    6.7226562500e-01
        95   -1.5380742451e+01    2.3713051905e+02   -2.6188218186e+01    1.0807475735e+01    7.3732660300e+00   -3.5884013463e+01    2.3225292471e+00    2.0480000000e+03    8.5532494263e-04    6.6992187500e-01
        96   -1.5387957746e+01    2.3745087030e+02   -2.6264379874e+01    1.0876422127e+01    7.4297240926e+00   -3.6113733955e+01    2.4196299887e+00    2.0480000000e+03    8.6105506958e-04    6.7080078125e-01
        97   -1.5350404114e+01    2.3618658147e+02   -2.5886561241e+01    1.0536157127e+01    7.3255767615e+00   -3.5441926770e+01    2.2297887673e+00    2.0480000000e+03    8.5505766479e-04    6.6953125000e-01
        98   -1.5359480818e+01    2.3654473602e+02   -2.6024477597e+01    1.0664996779e+01    7.3415046720e+00   -3.5630891466e+01    2.2649091962e+00    2.0480000000e+03    8.5185811951e-04    6.7216796875e-01
        99   -1.5355267962e+01    2.3632106378e+02   -2.5979646637e+01    1.0624378675e+01    7.3487036463e+00   -3.5620810764e+01    2.2924604806e+00    2.0480000000e+03    8.5556284149e-04    6.7919921875e-01
       100   -1.5369908618e+01    2.3680840722e+02   -2.6091425891e+01    1.0721517273e+01    7.3653209996e+00   -3.5652499128e+01    2.1957522371e+00    2.0480000000e+03    8.5104009949e-04    6.6884765625e-01
       101   -1.5378436124e+01    2.3705068090e+02   -2.6037483018e+01    1.0659046894e+01    7.3280580640e+00   -3.5802359914e+01    2.4368188318e+00    2.0480000000e+03    8.5578216797e-04    6.6396484375e-01
       102   -1.5368444704e+01    2.3670885245e+02   -2.6156102070e+01    1.0787657366e+01    7.3384631040e+00   -3.5680417436e+01    2.1858522617e+00    2.0480000000e+03    8.5728839203e-04    6.6367187500e-01
       103   -1.5361988779e+01    2.3655598359e+02   -2.6308530540e+01    1.0946541761e+01    7.3736025310e+00   -3.5905506951e+01    2.2233738796e+00    2.0480000000e+03    8.6036662140e-04    6.6923828125e-01
       104   -1.5340391982e+01    2.3592985698e+02   -2.6140900162e+01    1.0800508180e+01    7.3626031994e+00   -3.5654817544e+01    2.1513141828e+00    2.0480000000e+03    8.5827845703e-04    6.6552734375e-01
       105   -1.5363099111e+01    2.3657020204e+02   -2.6165071169e+01    1.0801972057e+01    7.3019788359e+00   -3.5601972360e+01    2.1349223552e+00    2.0480000000e+03    8.5555204498e-04    6.7041015625e-01
       106   -1.5369632159e+01    2.3678441650e+02   -2.6113376943e+01    1.0743744784e+01    7.3235707896e+00   -3.5503296433e+01    2.0663487011e+00    2.0480000000e+03    8.5142063568e-04    6.6816406250e-01
       107   -1.5349685317e+01    2.3622079661e+02   -2.5986050030e+01    1.0636364713e+01    7.3558289839e+00   -3.5502260198e+01    2.1603811832e+00    2.0480000000e+03    8.5022698608e-04    6.6640625000e-01
       108   -1.5354030680e+01    2.3636687829e+02   -2.5955609464e+01    1.0601578784e+01    7.3208555022e+00   -3.5427705071e+01    2.1512401045e+00    2.0480000000e+03    8.5007600189e-04    6.6679687500e-01
       109   -1.5357853984e+01    2.3640255108e+02   -2.6072103309e+01    1.0714249325e+01    7.3031717011e+00   -3.5484423158e+01    2.1091481486e+00    2.0480000000e+03    8.5539901489e-04    6.7177734375e-01
       110   -1.5376618832e+01    2.3701887830e+02   -2.6138799400e+01    1.0762180568e+01    7.3020110102e+00   -3.5589319325e+01    2.1485089150e+00    2.0480000000e+03    8.5357057190e-04    6.7050781250e-01
       111   -1.5350053921e+01    2.3656142337e+02   -2.6104539243e+01    1.0754485322e+01    7.3947448822e+00   -3.5859013204e+01    2.3597290792e+00    2.0480000000e+03    8.5534094818e-04    6.6669921875e-01
       112   -1.5359104538e+01    2.3650754135e+02   -2.6162442541e+01    1.0803338002e+01    7.3654653712e+00   -3.5782873918e+01    2.2549660064e+00    2.0480000000e+03    8.5358693115e-04    6.6962890625e-01
       113   -1.5352114487e+01    2.3622867563e+02   -2.6150654639e+01    1.0798540152e+01    7.3953305621e+00   -3.5894264103e+01    2.3482789015e+00    2.0480000000e+03    8.6139675812e-04    6.7607421875e-01
       114   -1.5336975662e+01    2.3576298730e+02   -2.6114082217e+01    1.0777106555e+01    7.3645316112e+00   -3.5667016051e+01    2.1884022225e+00    2.0480000000e+03    8.5887781494e-04    6.6689453125e-01
       115   -1.5392993848e+01    2.3756834947e+02   -2.6008472121e+01    1.0615478273e+01    7.4005347963e+00   -3.5746397172e+01    2.3373902554e+00    2.0480000000e+03    8.5899122131e-04    6.6083984375e-01
       116   -1.5391551001e+01    2.3748159522e+02   -2.5924108821e+01    1.0532557820e+01    7.2940548443e+00   -3.5341882840e+01    2.1237191745e+00    2.0480000000e+03    8.4985673798e-04    6.6484375000e-01
       117   -1.5376417962e+01    2.3705416472e+02   -2.5873286729e+01    1.0496868767e+01    7.3448160208e+00   -3.5466832588e+01    2.2487298379e+00    2.0480000000e+03    8.6347012024e-04    6.7197265625e-01
       118   -1.5387495488e+01    2.3740894146e+02   -2.5792603804e+01    1.0405108316e+01    7.2637475358e+00   -3.5257178797e+01    2.2008274572e+00    2.0480000000e+03    8.5004599518e-04    6.6679687500e-01
       119   -1.5392739896e+01    2.3755737540e+02   -2.5947202281e+01    1.0554462386e+01    7.3523229813e+00   -3.5474482865e+01    2.1749576022e+00    2.0480000000e+03    8.5314520935e-04    6.7050781250e-01
       120   -1.5389504982e+01    2.3742642011e+02   -2.6020074466e+01    1.0630569484e+01    7.3553997923e+00   -3.5765745366e+01    2.3902711080e+00    2.0480000000e+03    8.5369421112e-04    6.6406250000e-01
       121   -1.5393468620e+01    2.3761014127e+02   -2.6259445962e+01    1.0865977342e+01    7.3640237716e+00   -3.5915087009e+01    2.2916172758e+00    2.0480000000e+03    8.5718970367e-04    6.7490234375e-01
       122   -1.5364643991e+01    2.3665692708e+02   -2.6013125842e+01    1.0648481851e+01    7.3359400717e+00   -3.5578730719e+01    2.2296648063e+00    2.0480000000e+03    8.5189689575e-04    6.5966796875e-01
       123   -1.5347989187e+01    2.3608311783e+02   -2.6072397889e+01    1.0724408703e+01    7.3993123168e+00   -3.5604583925e+01    2.1328737190e+00    2.0480000000e+03    8.5492138947e-04    6.6464843750e-01
       124   -1.5350055807e+01    2.3621273804e+02   -2.6098462205e+01    1.0748406398e+01    7.3724795333e+00   -3.5627923411e+01    2.1569816719e+00    2.0480000000e+03    8.6020347839e-04    6.6171875000e-01
       125   -1.5349707112e+01    2.3615031937e+02   -2.5804821328e+01    1.0455114217e+01    7.3005485534e+00   -3.5244582166e+01    2.1392122843e+00    2.0480000000e+03    8.4989509644e-04    6.6748046875e-01
       126   -1.5389538863e+01    2.3737822713e+02   -2.5846074961e+01    1.0456536098e+01    7.3367791426e+00   -3.5472645532e+01    2.2897914286e+00    2.0480000000e+03    8.5168065857e-04    6.7314453125e-01
       127   -1.5372749040e+01    2.3689653936e+02   -2.5895954657e+01    1.0523205617e+01    7.3320559573e+00   -3.5431167550e+01    2.2031569348e+00    2.0480000000e+03    8.4770142395e-04    6.6914062500e-01
       128   -1.5370972154e+01    2.3686128591e+02   -2.5855222872e+01    1.0484250718e+01    7.3005319976e+00   -3.5264107371e+01    2.1083525008e+00    2.0480000000e+03    8.4379603638e-04    6.7128906250e-01
       129   -1.5386485939e+01    2.3738987114e+02   -2.5765609151e+01    1.0379123213e+01    7.3409657442e+00   -3.5395358531e+01    2.2887836352e+00    2.0480000000e+03    8.4411811737e-04    6.6884765625e-01
       130   -1.5346933737e+01    2.3609325455e+02   -2.5828947804e+01    1.0482014067e+01    7.3035317371e+00   -3.5319787846e+01    2.1873083047e+00    2.0480000000e+03    8.4633892181e-04    6.7167968750e-01
       131   -1.5386591662e+01    2.3729496858e+02   -2.5759213046e+01    1.0372621384e+01    7.2561895416e+00   -3.5276513956e+01    2.2611113680e+00    2.0480000000e+03    8.4694521637e-04    6.8378906250e-01
       132   -1.5399404869e+01    2.3774277010e+02   -2.5830826310e+01    1.0431421441e+01    7.2711841784e+00   -3.5276045100e+01    2.1740346116e+00    2.0480000000e+03    8.4600372101e-04    6.6787109375e-01
       133   -1.5359981894e+01    2.3642919566e+02   -2.5782926336e+01    1.0422944441e+01    7.2573360917e+00   -3.5138085913e+01    2.0978234859e+00    2.0480000000e+03    8.4423249756e-04    6.6708984375e-01
       134   -1.5363209603e+01    2.3652435447e+02   -2.5674160221e+01    1.0310950619e+01    7.3023308504e+00   -3.5088624374e+01    2.1121333021e+00    2.0480000000e+03    8.5535171875e-04    6.7177734375e-01
       135   -1.5370024526e+01    2.3676709221e+02   -2.5659099008e+01    1.0289074482e+01    7.2912493925e+00   -3.5169799127e+01    2.2194507264e+00    2.0480000000e+03    8.4891576874e-04    6.6396484375e-01
       136   -1.5378887399e+01    2.3708192953e+02   -2.5951699269e+01    1.0572811871e+01    7.3342863798e+00   -3.5369087248e+01    2.0831015990e+00    2.0480000000e+03    8.5088950378e-04    6.6943359375e-01
       137   -1.5360505697e+01    2.3654992177e+02   -2.5838544492e+01    1.0478038795e+01    7.3778963571e+00   -3.5688209973e+01    2.4717691234e+00    2.0480000000e+03    8.5143638580e-04    6.6865234375e-01
       138   -1.5358910647e+01    2.3639028679e+02   -2.6038988927e+01    1.0680078280e+01    7.3244602177e+00   -3.5579079533e+01    2.2156303887e+00    2.0480000000e+03    8.4923801300e-04    6.6669921875e-01
       139   -1.5348593067e+01    2.3609327707e+02   -2.5969451460e+01    1.0620858393e+01    7.3661552830e+00   -3.5596497953e+01    2.2608912106e+00    2.0480000000e+03    8.5242799377e-04    6.6865234375e-01
       140   -1.5357086207e+01    2.3642855446e+02   -2.5917025940e+01    1.0559939733e+01    7.3911711981e+00   -3.5659103453e+01    2.3509063150e+00    2.0480000000e+03    8.4895921173e-04    6.7304687500e-01
       141   -1.5375822582e+01    2.3698767543e+02   -2.6011692760e+01    1.0635870177e+01    7.3778096404e+00   -3.5581812344e+01    2.1923099439e+00    2.0480000000e+03    8.4826987183e-04    6.7021484375e-01
       142   -1.5363310960e+01    2.3655315494e+02   -2.6236229338e+01    1.0872918378e+01    7.4046542860e+00   -3.5784455575e+01    2.1435719506e+00    2.0480000000e+03    8.5230643585e-04    6.6269531250e-01
       143   -1.5364632076e+01    2.3658036215e+02   -2.6217538105e+01    1.0852906029e+01    7.3888877054e+00   -3.5710882411e+01    2.1044566007e+00    2.0480000000e+03    8.7517885925e-04    6.6904296875e-01
       144   -1.5373323249e+01    2.3685325433e+02   -2.5962723355e+01    1.0589400106e+01    7.3583772585e+00   -3.5644415568e+01    2.3233149541e+00    2.0480000000e+03    8.5757740509e-04    6.6630859375e-01
       145   -1.5369236792e+01    2.3673931670e+02   -2.6059337759e+01    1.0690100967e+01    7.3577654161e+00   -3.5792443097e+01    2.3753399219e+00    2.0480000000e+03    8.5233017670e-04    6.6835937500e-01
       146   -1.5348388729e+01    2.3608266518e+02   -2.6005593761e+01    1.0657205032e+01    7.3861594017e+00   -3.5809491142e+01    2.4177379796e+00    2.0480000000e+03    8.5256241241e-04    6.6367187500e-01
       147   -1.5349075689e+01    2.3610531510e+02   -2.5954074580e+01    1.0604998891e+01    7.3598001154e+00   -3.5577163058e+01    2.2632883634e+00    2.0480000000e+03    8.5254182556e-04    6.6738281250e-01
       148   -1.5367348053e+01    2.3675824633e+02   -2.6006513659e+01    1.0639165606e+01    7.3163342456e+00   -3.5436557369e+01    2.1137094647e+00    2.0480000000e+03    8.5561508484e-04    6.7138671875e-01
       149   -1.5385482978e+01    2.3732896747e+02   -2.6066243441e+01    1.0680760463e+01    7.3978142728e+00   -3.5683887172e+01    2.2198294584e+00    2.0480000000e+03    8.5682765533e-04    6.6992187500e-01
       150   -1.5402003052e+01    2.3787445107e+02   -2.6251409207e+01    1.0849406155e+01    7.3874933784e+00   -3.5841225747e+01    2.2023231616e+00    2.0480000000e+03    8.5356129181e-04    6.6865234375e-01
       151   -1.5378947175e+01    2.3710158510e+02   -2.6153323830e+01    1.0774376655e+01    7.3581000872e+00   -3.5603979299e+01    2.0925553821e+00    2.0480000000e+03    8.5572602234e-04    6.6435546875e-01
       152   -1.5363843895e+01    2.3666513613e+02   -2.6105320742e+01    1.0741476847e+01    7.4164618459e+00   -3.5752675507e+01    2.2308929183e+00    2.0480000000e+03    8.5844018585e-04    6.6523437500e-01
       153   -1.5359456843e+01    2.3647857677e+02   -2.5989670855e+01    1.0630214012e+01    7.4007083954e+00   -3.5742094651e+01    2.3517154000e+00    2.0480000000e+03    8.5531804169e-04    6.7031250000e-01
       154   -1.5364685094e+01    2.3663791381e+02   -2.6000239872e+01    1.0635554778e+01    7.3888638713e+00   -3.5729998632e+01    2.3408948882e+00    2.0480000000e+03    8.5499089600e-04    6.6826171875e-01
       155   -1.5384397968e+01    2.3723500171e+02   -2.6088628758e+01    1.0704230790e+01    7.3918121884e+00   -3.5716847696e+01    2.2364067496e+00    2.0480000000e+03    8.5590254883e-04    6.7255859375e-01
       156   -1.5359381831e+01    2.3645173652e+02   -2.6069148756e+01    1.0709766925e+01    7.3311397110e+00   -3.5480948872e+01    2.0806604050e+00    2.0480000000e+03    8.5118391602e-04    6.6875000000e-01
       157   -1.5357717684e+01    2.3646487758e+02   -2.5994820869e+01    1.0637103185e+01    7.3405064036e+00   -3.5584475049e+01    2.2491477757e+00    2.0480000000e+03    8.5900458893e-04    6.6064453125e-01
       158   -1.5371492482e+01    2.3684892382e+02   -2.6076214246e+01    1.0704721764e+01    7.3411022688e+00   -3.5631036260e+01    2.2137197451e+00    2.0480000000e+03    8.4864750305e-04    6.6552734375e-01
       159   -1.5374753615e+01    2.3702006714e+02   -2.6166996010e+01    1.0792242394e+01    7.3096931824e+00   -3.5640533800e+01    2.1638446076e+00    2.0480000000e+03    8.5199136261e-04    6.6835937500e-01
       160   -1.5375564201e+01    2.3698963270e+02   -2.6110017254e+01    1.0734453053e+01    7.3645832294e+00   -3.5854793948e+01    2.3801934645e+00    2.0480000000e+03    8.5297491852e-04    6.6572265625e-01
       161   -1.5344320748e+01    2.3601625150e+02   -2.6103054314e+01    1.0758733566e+01    7.3535720383e+00   -3.5628915080e+01    2.1722887278e+00    2.0480000000e+03    8.5697225403e-04    6.6425781250e-01
       162   -1.5375934842e+01    2.3704938990e+02   -2.6143477208e+01    1.0767542366e+01    7.3146977212e+00   -3.5673678437e+01    2.2155035073e+00    2.0480000000e+03    8.5338156494e-04    6.6845703125e-01
       163   -1.5355926608e+01    2.3644567990e+02   -2.6453878157e+01    1.1097951549e+01    7.3585841879e+00   -3.5782736467e+01    1.9702741222e+00    2.0480000000e+03    8.5335509247e-04    6.7138671875e-01
       164   -1.5362890101e+01    2.3662080595e+02   -2.6015301625e+01    1.0652411524e+01    7.3706930488e+00   -3.5553623584e+01    2.1676289108e+00    2.0480000000e+03    8.6170279327e-04    6.6679687500e-01
       165   -1.5383802712e+01    2.3729026364e+02   -2.6056679896e+01    1.0672877185e+01    7.3309482714e+00   -3.5622760150e+01    2.2351319821e+00    2.0480000000e+03    8.5488989929e-04    6.5898437500e-01
       166   -1.5374105848e+01    2.3706454378e+02   -2.5965545429e+01    1.0591439581e+01    7.2771182633e+00   -3.5520984291e+01    2.2783205986e+00    2.0480000000e+03    8.5495576660e-04    6.6787109375e-01
       167   -1.5357890340e+01    2.3640944875e+02   -2.5874719832e+01    1.0516829492e+01    7.2814959269e+00   -3.5311071739e+01    2.1548559792e+00    2.0480000000e+03    8.4934012054e-04    6.7177734375e-01
       168   -1.5372160115e+01    2.3686068459e+02   -2.6152641140e+01    1.0780481025e+01    7.3425299144e+00   -3.5570756674e+01    2.0755856195e+00    2.0480000000e+03    8.5758526611e-04    6.6806640625e-01
       169   -1.5378349119e+01    2.3707110668e+02   -2.5892682386e+01    1.0514333267e+01    7.3787996591e+00   -3.5550998335e+01    2.2795162897e+00    2.0480000000e+03    8.6811621033e-04    6.7167968750e-01
       170   -1.5368024731e+01    2.3674263786e+02   -2.5971484679e+01    1.0603459948e+01    7.2975279566e+00   -3.5422074484e+01    2.1530618484e+00    2.0480000000e+03    8.5518680328e-04    6.7128906250e-01
       171   -1.5369698937e+01    2.3678754674e+02   -2.5953756078e+01    1.0584057141e+01    7.2898128754e+00   -3.5267100788e+01    2.0235318348e+00    2.0480000000e+03    8.4755849091e-04    6.6152343750e-01
       172   -1.5409002425e+01    2.3804321172e+02   -2.5789637431e+01    1.0380635005e+01    7.2708262684e+00   -3.5243899288e+01    2.1834355889e+00    2.0480000000e+03    8.4589183685e-04    6.6455078125e-01
       173   -1.5393858498e+01    2.3753602200e+02   -2.5905655635e+01    1.0511797137e+01    7.3168071669e+00   -3.5181139616e+01    1.9586768147e+00    2.0480000000e+03    8.4918781738e-04    6.6904296875e-01
       174   -1.5377275412e+01    2.3703557230e+02   -2.6146021892e+01    1.0768746479e+01    7.3469106213e+00   -3.5604697860e+01    2.1117653476e+00    2.0480000000e+03    8.4805496826e-04    6.7246093750e-01
       175   -1.5402935358e+01    2.3783307853e+02   -2.6087045555e+01    1.0684110197e+01    7.3259172784e+00   -3.5520028930e+01    2.1070660965e+00    2.0480000000e+03    8.5695758118e-04    6.6542968750e-01
       176   -1.5448889234e+01    2.3929216348e+02   -2.5989430830e+01    1.0540541596e+01    7.3467031048e+00   -3.5568816968e+01    2.2326830341e+00    2.0480000000e+03    8.4935556213e-04    6.6953125000e-01
       177   -1.5413442872e+01    2.3820240871e+02   -2.6065329189e+01    1.0651886317e+01    7.3534909713e+00   -3.5458912622e+01    2.0400924611e+00    2.0480000000e+03    8.5779861237e-04    6.7128906250e-01
       178   -1.5389513839e+01    2.3744700767e+02   -2.6149024529e+01    1.0759510690e+01    7.3745325372e+00   -3.5837976332e+01    2.3144192653e+00    2.0480000000e+03    8.5908856232e-04    6.7539062500e-01
       179   -1.5399672459e+01    2.3781409609e+02   -2.6321136881e+01    1.0921464422e+01    7.4133318830e+00   -3.5983327534e+01    2.2488587702e+00    2.0480000000e+03    8.6693710693e-04    6.6894531250e-01
       180   -1.5365972991e+01    2.3666717927e+02   -2.6182668759e+01    1.0816695768e+01    7.4122974437e+00   -3.5896368267e+01    2.3014020646e+00    2.0480000000e+03    8.6224006683e-04    6.5712890625e-01
       181   -1.5391615685e+01    2.3757748900e+02   -2.6372876428e+01    1.0981260743e+01    7.3568556146e+00   -3.5897979705e+01    2.1682476633e+00    2.0480000000e+03    8.5961313049e-04    6.6503906250e-01
       182   -1.5392950298e+01    2.3763888144e+02   -2.6332739142e+01    1.0939788845e+01    7.3929499102e+00   -3.6076239996e+01    2.3505509432e+00    2.0480000000e+03    8.5952082977e-04    6.5947265625e-01
       183   -1.5415266733e+01    2.3825048385e+02   -2.6205511253e+01    1.0790244520e+01    7.3288132131e+00   -3.5837988316e+01    2.3036638502e+00    2.0480000000e+03    8.5702081024e-04    6.6708984375e-01
       184   -1.5376991161e+01    2.3716296390e+02   -2.6221357605e+01    1.0844366444e+01    7.3551958976e+00   -3.5739613884e+01    2.1630603821e+00    2.0480000000e+03    8.5919518524e-04    6.5996093750e-01
       185   -1.5396242118e+01    2.3772154143e+02   -2.6076587907e+01    1.0680345790e+01    7.3312825295e+00   -3.5726293778e+01    2.3184233412e+00    2.0480000000e+03    8.5927297455e-04    6.7060546875e-01
       186   -1.5360827062e+01    2.3652533947e+02   -2.5757135133e+01    1.0396308071e+01    7.3278444344e+00   -3.5313508953e+01    2.2285293850e+00    2.0480000000e+03    8.5407788605e-04    6.7119140625e-01
       187   -1.5382437432e+01    2.3720051828e+02   -2.5923240484e+01    1.0540803052e+01    7.3709614718e+00   -3.5482543437e+01    2.1883414814e+00    2.0480000000e+03    8.5221577423e-04    6.7343750000e-01
       188   -1.5355265747e+01    2.3638666959e+02   -2.6029242776e+01    1.0673977029e+01    7.2956471423e+00   -3.5486731694e+01    2.1618417749e+00    2.0480000000e+03    8.5764084442e-04    6.6591796875e-01
       189   -1.5385868569e+01    2.3735437402e+02   -2.5952453991e+01    1.0566585422e+01    7.3263528599e+00   -3.5491956004e+01    2.2131491535e+00    2.0480000000e+03    8.4709986267e-04    6.6689453125e-01
       190   -1.5379632187e+01    2.3718017782e+02   -2.6000870985e+01    1.0621238798e+01    7.3667128313e+00   -3.5666398892e+01    2.2988150759e+00    2.0480000000e+03    8.5520117554e-04    6.6777343750e-01
       191   -1.5359714167e+01    2.3654722334e+02   -2.5847637725e+01    1.0487923558e+01    7.3869345009e+00   -3.5648221386e+01    2.4136491604e+00    2.0480000000e+03    8.4805634277e-04    6.6250000000e-01
       192   -1.5350617732e+01    2.3623578080e+02   -2.5984645656e+01    1.0634027924e+01    7.3326069638e+00   -3.5518654910e+01    2.2014022898e+00    2.0480000000e+03    8.5125452850e-04    6.7890625000e-01
       193   -1.5348812985e+01    2.3615700171e+02   -2.5910539248e+01    1.0561726263e+01    7.3601721526e+00   -3.5595620542e+01    2.3249091418e+00    2.0480000000e+03    8.4943623199e-04    6.7460937500e-01
       194   -1.5361764088e+01    2.3658287119e+02   -2.5937944896e+01    1.0576180808e+01    7.3261611397e+00   -3.5602861222e+01    2.3387551860e+00    2.0480000000e+03    8.5105171082e-04    6.6884765625e-01
       195   -1.5374564784e+01    2.3694949989e+02   -2.6263423228e+01    1.0888858444e+01    7.3709374147e+00   -3.5800705576e+01    2.1663449336e+00    2.0480000000e+03    8.6819668884e-04    6.6738281250e-01
       196   -1.5358362410e+01    2.3666810184e+02   -2.6095660329e+01    1.0737297919e+01    7.4078884627e+00   -3.5933599497e+01    2.4300507053e+00    2.0480000000e+03    8.5250571991e-04    6.6640625000e-01
       197   -1.5349247512e+01    2.3620944096e+02   -2.6098053713e+01    1.0748806201e+01    7.4288468962e+00   -3.5893370559e+01    2.3664699491e+00    2.0480000000e+03    8.5615388855e-04    6.6884765625e-01
       198   -1.5376187414e+01    2.3720960647e+02   -2.6305985034e+01    1.0929797621e+01    7.4150478556e+00   -3.6085294346e+01    2.3642614563e+00    2.0480000000e+03    8.5961145203e-04    6.7197265625e-01
       199   -1.5388949236e+01    2.3747666051e+02   -2.6362208870e+01    1.0973259634e+01    7.3835203077e+00   -3.6182249328e+01    2.4365201508e+00    2.0480000000e+03    8.5948702759e-04    6.6621093750e-01
