#   index    LocalEnergy         LocalEnergy_sq      LocalPotential      Kinetic             ElecElec            LocalECP            NonLocalECP         BlockWeight         BlockCPU            AcceptRatio         
         0   -1.5209930557e+01    2.3235008188e+02   -2.4124850850e+01    8.9149202930e+00    6.7699184187e+00   -3.2535473771e+01    1.6407045023e+00    2.0480000000e+03    8.0140145233e-04    7.1855468750e-01
         1   -1.5194161125e+01    2.3189993167e+02   -2.3922315383e+01    8.7281542580e+00    6.7569453356e+00   -3.2450950071e+01    1.7716893527e+00    2.0480000000e+03    8.2443749359e-04    7.1611328125e-01
         2   -1.5231520214e+01    2.3302005376e+02   -2.3982883758e+01    8.7513635448e+00    6.7880259734e+00   -3.2527152495e+01    1.7562427629e+00    2.0480000000e+03    8.1511964661e-04    7.2128906250e-01
         3   -1.5210501523e+01    2.3247408565e+02   -2.3914607642e+01    8.7041061188e+00    6.7743841102e+00   -3.2428906569e+01    1.7399148167e+00    2.0480000000e+03    8.2051995026e-04    7.1699218750e-01
         4   -1.5190000091e+01    2.3166270020e+02   -2.3916298904e+01    8.7262988134e+00    6.7836999300e+00   -3.2391283529e+01    1.6912846948e+00    2.0480000000e+03    8.1303861176e-04    7.1152343750e-01
         5   -1.5188546079e+01    2.3161455207e+02   -2.3921120060e+01    8.7325739810e+00    6.7862190332e+00   -3.2519848374e+01    1.8125092811e+00    2.0480000000e+03    8.1033679840e-04    7.2246093750e-01
         6   -1.5217458395e+01    2.3251273654e+02   -2.4013348395e+01    8.7958899994e+00    6.7536643257e+00   -3.2431627529e+01    1.6646148085e+00    2.0480000000e+03    8.1087301697e-04    7.1875000000e-01
         7   -1.5190354920e+01    2.3165469669e+02   -2.4064444160e+01    8.8740892403e+00    6.7576752025e+00   -3.2438475245e+01    1.6163558821e+00    2.0480000000e+03    8.1918001617e-04    7.1542968750e-01
         8   -1.5215833682e+01    2.3263229731e+02   -2.4106149564e+01    8.8903158824e+00    6.7735859994e+00   -3.2546058072e+01    1.6663225082e+00    2.0480000000e+03    8.0197859070e-04    7.0937500000e-01
         9   -1.5226546270e+01    2.3282892502e+02   -2.4096236948e+01    8.8696906785e+00    6.7619366266e+00   -3.2518478702e+01    1.6603051271e+00    2.0480000000e+03    8.0166587952e-04    7.1171875000e-01
        10   -1.5194008329e+01    2.3172922960e+02   -2.3988317105e+01    8.7943087757e+00    6.7460221184e+00   -3.2516040705e+01    1.7817014812e+00    2.0480000000e+03    8.0041026520e-04    7.1884765625e-01
        11   -1.5206835963e+01    2.3214401158e+02   -2.4102229016e+01    8.8953930530e+00    6.7412616742e+00   -3.2418173362e+01    1.5746826716e+00    2.0480000000e+03    8.0753526886e-04    7.1171875000e-01
        12   -1.5212319648e+01    2.3231952721e+02   -2.4240376834e+01    9.0280571864e+00    6.8191349019e+00   -3.2781935246e+01    1.7224235092e+00    2.0480000000e+03    8.1616975830e-04    7.0996093750e-01
        13   -1.5244407046e+01    2.3333604945e+02   -2.4328315838e+01    9.0839087920e+00    6.8374023149e+00   -3.2923346468e+01    1.7576283151e+00    2.0480000000e+03    8.1211792419e-04    7.1787109375e-01
        14   -1.5220729688e+01    2.3265152306e+02   -2.4097277322e+01    8.8765476339e+00    6.8428091684e+00   -3.2875209218e+01    1.9351227271e+00    2.0480000000e+03    8.2002062958e-04    7.1279296875e-01
        15   -1.5214886723e+01    2.3234933568e+02   -2.4114793923e+01    8.8999071994e+00    6.7689189492e+00   -3.2728417556e+01    1.8447046839e+00    2.0480000000e+03    8.0525877777e-04    7.1464843750e-01
        16   -1.5254119079e+01    2.3361310380e+02   -2.4088988626e+01    8.8348695465e+00    6.7624759405e+00   -3.2742949261e+01    1.8914846951e+00    2.0480000000e+03    8.1356295166e-04    7.1347656250e-01
        17   -1.5223954239e+01    2.3275109995e+02   -2.4008289892e+01    8.7843356528e+00    6.8216576242e+00   -3.2702143810e+01    1.8721962940e+00    2.0480000000e+03    8.1609839203e-04    7.1542968750e-01
        18   -1.5196496694e+01    2.3179011865e+02   -2.4071023200e+01    8.8745265060e+00    6.7900477741e+00   -3.2491295486e+01    1.6302245118e+00    2.0480000000e+03    8.2247420959e-04    7.1083984375e-01
        19   -1.5196364592e+01    2.3190724364e+02   -2.4158261796e+01    8.9618972042e+00    6.8172378947e+00   -3.2606491793e+01    1.6309921017e+00    2.0480000000e+03    8.0846514557e-04    7.1103515625e-01
        20   -1.5208952844e+01    2.3241773966e+02   -2.4302920374e+01    9.0939675302e+00    6.8473649942e+00   -3.2766105789e+01    1.6158204207e+00    2.0480000000e+03    8.0962919037e-04    7.1308593750e-01
        21   -1.5226145657e+01    2.3287915440e+02   -2.4154991594e+01    8.9288459366e+00    6.7842196814e+00   -3.2808479219e+01    1.8692679439e+00    2.0480000000e+03    8.0594931244e-04    7.1464843750e-01
        22   -1.5222569488e+01    2.3285015895e+02   -2.4152741335e+01    8.9301718470e+00    6.8227962122e+00   -3.2796614992e+01    1.8210774444e+00    2.0480000000e+03    8.0532743835e-04    7.1923828125e-01
        23   -1.5225053380e+01    2.3295714928e+02   -2.4339232935e+01    9.1141795553e+00    6.7863981180e+00   -3.2873943430e+01    1.7483123769e+00    2.0480000000e+03    8.0749631805e-04    7.0566406250e-01
        24   -1.5246507663e+01    2.3343033919e+02   -2.4354882619e+01    9.1083749566e+00    6.7225170958e+00   -3.2819127273e+01    1.7417275582e+00    2.0480000000e+03    8.0851957397e-04    7.1660156250e-01
        25   -1.5241891712e+01    2.3339006218e+02   -2.4325033247e+01    9.0831415352e+00    6.7941816162e+00   -3.2797064906e+01    1.6778500429e+00    2.0480000000e+03    8.0902425262e-04    7.1904296875e-01
        26   -1.5221811462e+01    2.3277805541e+02   -2.4217067485e+01    8.9952560229e+00    6.7319326073e+00   -3.2583143862e+01    1.6341437698e+00    2.0480000000e+03    8.0866553009e-04    7.1943359375e-01
        27   -1.5234452071e+01    2.3300653647e+02   -2.3957921859e+01    8.7234697876e+00    6.7516725400e+00   -3.2626278849e+01    1.9166844505e+00    2.0480000000e+03    8.2868488495e-04    7.2148437500e-01
        28   -1.5201397183e+01    2.3196748796e+02   -2.4032299902e+01    8.8309027197e+00    6.7522647484e+00   -3.2452330526e+01    1.6677658751e+00    2.0480000000e+03    8.0287827026e-04    7.1240234375e-01
        29   -1.5224554606e+01    2.3271495770e+02   -2.4114244024e+01    8.8896894183e+00    6.7519473907e+00   -3.2611938047e+01    1.7457466323e+00    2.0480000000e+03    8.0568183105e-04    7.1279296875e-01
        30   -1.5197250593e+01    2.3189509335e+02   -2.4083623341e+01    8.8863727474e+00    6.7498417754e+00   -3.2626957588e+01    1.7934924718e+00    2.0480000000e+03    7.9807148895e-04    7.1474609375e-01
        31   -1.5223963453e+01    2.3279775360e+02   -2.4163938284e+01    8.9399748308e+00    6.7469557592e+00   -3.2681271489e+01    1.7703774464e+00    2.0480000000e+03    8.0957732086e-04    7.1728515625e-01
        32   -1.5230074557e+01    2.3295307778e+02   -2.4310444440e+01    9.0803698830e+00    6.7879087241e+00   -3.2766430188e+01    1.6680770238e+00    2.0480000000e+03    7.9783954651e-04    7.0869140625e-01
        33   -1.5221633696e+01    2.3274739253e+02   -2.4042212923e+01    8.8205792269e+00    6.7501621135e+00   -3.2660810934e+01    1.8684358982e+00    2.0480000000e+03    8.1116872467e-04    7.1416015625e-01
        34   -1.5231977877e+01    2.3300731948e+02   -2.4210641766e+01    8.9786638888e+00    6.7165764657e+00   -3.2630128394e+01    1.7029101621e+00    2.0480000000e+03    8.0760737000e-04    7.1621093750e-01
        35   -1.5262693221e+01    2.3403473163e+02   -2.4341744645e+01    9.0790514241e+00    6.7874049217e+00   -3.2875010327e+01    1.7458607595e+00    2.0480000000e+03    8.1341494202e-04    7.1601562500e-01
        36   -1.5232429604e+01    2.3304258331e+02   -2.4176299359e+01    8.9438697549e+00    6.7383445340e+00   -3.2602236769e+01    1.6875928761e+00    2.0480000000e+03    8.1249755920e-04    7.2080078125e-01
        37   -1.5200951098e+01    2.3198587540e+02   -2.4116789880e+01    8.9158387823e+00    6.8112152481e+00   -3.2551082891e+01    1.6230777621e+00    2.0480000000e+03    8.1050612000e-04    7.0615234375e-01
        38   -1.5206435232e+01    2.3212930719e+02   -2.4135291050e+01    8.9288558186e+00    6.7507036871e+00   -3.2408086227e+01    1.5220914897e+00    2.0480000000e+03    8.1369042877e-04    7.0820312500e-01
        39   -1.5219684385e+01    2.3243959293e+02   -2.4190533749e+01    8.9708493637e+00    6.8406562730e+00   -3.2813876612e+01    1.7826865899e+00    2.0480000000e+03    8.1528467560e-04    7.1474609375e-01
        40   -1.5225397437e+01    2.3270569902e+02   -2.4246358163e+01    9.0209607254e+00    6.8447479138e+00   -3.2846769564e+01    1.7556634873e+00    2.0480000000e+03    8.1269917664e-04    7.1152343750e-01
        41   -1.5237488037e+01    2.3307114503e+02   -2.4189424603e+01    8.9519365663e+00    6.8341343801e+00   -3.2717309407e+01    1.6937504239e+00    2.0480000000e+03    8.1543503967e-04    7.1152343750e-01
        42   -1.5227850202e+01    2.3278290430e+02   -2.4332453479e+01    9.1046032768e+00    6.8025572937e+00   -3.2968282594e+01    1.8332718212e+00    2.0480000000e+03    8.1928415100e-04    7.1240234375e-01
        43   -1.5227211091e+01    2.3281204338e+02   -2.4270142158e+01    9.0429310673e+00    6.8185005128e+00   -3.2866723103e+01    1.7780804317e+00    2.0480000000e+03    8.0784598694e-04    7.1035156250e-01
        44   -1.5227153154e+01    2.3286044704e+02   -2.4292743158e+01    9.0655900041e+00    6.8366868759e+00   -3.2811491625e+01    1.6820615919e+00    2.0480000000e+03    8.2163250916e-04    7.1220703125e-01
        45   -1.5243525264e+01    2.3330327126e+02   -2.4329267743e+01    9.0857424791e+00    6.8293204534e+00   -3.2839063916e+01    1.6804757196e+00    2.0480000000e+03    8.0751902618e-04    7.0791015625e-01
        46   -1.5233874752e+01    2.3308889918e+02   -2.4264111710e+01    9.0302369577e+00    6.8585533481e+00   -3.2972755856e+01    1.8500907980e+00    2.0480000000e+03    8.1746706451e-04    7.0732421875e-01
        47   -1.5252917502e+01    2.3367051553e+02   -2.4192343605e+01    8.9394261030e+00    6.8028441257e+00   -3.2911359687e+01    1.9161719556e+00    2.0480000000e+03    8.0250045624e-04    7.0751953125e-01
        48   -1.5249738552e+01    2.3367698893e+02   -2.4485416598e+01    9.2356780460e+00    6.8143067340e+00   -3.2952739602e+01    1.6530162701e+00    2.0480000000e+03    8.1483631500e-04    7.1083984375e-01
        49   -1.5260586076e+01    2.3399054924e+02   -2.4360549338e+01    9.0999632626e+00    6.8234654605e+00   -3.2944704366e+01    1.7606895678e+00    2.0480000000e+03    8.1457079285e-04    7.1318359375e-01
        50   -1.5231499275e+01    2.3293153712e+02   -2.4256557141e+01    9.0250578656e+00    6.8279335200e+00   -3.2687040913e+01    1.6025502518e+00    2.0480000000e+03    8.1200835022e-04    7.1777343750e-01
        51   -1.5246825860e+01    2.3351186869e+02   -2.4227763410e+01    8.9809375506e+00    6.8072317593e+00   -3.2844970205e+01    1.8099750356e+00    2.0480000000e+03    8.0645667480e-04    7.2138671875e-01
        52   -1.5251623789e+01    2.3385835139e+02   -2.4395071641e+01    9.1434478523e+00    6.8301474735e+00   -3.2817041320e+01    1.5918222053e+00    2.0480000000e+03    8.1107451385e-04    7.0712890625e-01
        53   -1.5244582283e+01    2.3337780983e+02   -2.4197491732e+01    8.9529094488e+00    6.7962583826e+00   -3.2603909342e+01    1.6101592278e+00    2.0480000000e+03    8.3309118256e-04    7.1005859375e-01
        54   -1.5240478111e+01    2.3327709026e+02   -2.4205592191e+01    8.9651140807e+00    6.7612624546e+00   -3.2657496987e+01    1.6906423408e+00    2.0480000000e+03    8.0313099091e-04    7.1064453125e-01
        55   -1.5228321490e+01    2.3287606198e+02   -2.4234332516e+01    9.0060110266e+00    6.8007185439e+00   -3.2699678520e+01    1.6646274599e+00    2.0480000000e+03    8.1668468567e-04    7.2050781250e-01
        56   -1.5237565334e+01    2.3327649523e+02   -2.4356971794e+01    9.1194064599e+00    6.8722446347e+00   -3.2867059305e+01    1.6378428764e+00    2.0480000000e+03    8.1259783325e-04    7.1855468750e-01
        57   -1.5233175637e+01    2.3306146293e+02   -2.4400475778e+01    9.1673001406e+00    6.8680584067e+00   -3.3040000354e+01    1.7714661692e+00    2.0480000000e+03    8.1273411224e-04    7.1171875000e-01
        58   -1.5206174294e+01    2.3223354067e+02   -2.4302849458e+01    9.0966751648e+00    6.7743709078e+00   -3.2944944146e+01    1.8677237795e+00    2.0480000000e+03    8.0169395386e-04    7.1220703125e-01
        59   -1.5215706489e+01    2.3259475721e+02   -2.4510589945e+01    9.2948834552e+00    6.7747155924e+00   -3.2962624274e+01    1.6773187372e+00    2.0480000000e+03    8.0812873657e-04    7.1279296875e-01
        60   -1.5243951044e+01    2.3340830112e+02   -2.4501685853e+01    9.2577348088e+00    6.8619955265e+00   -3.3201989359e+01    1.8383079795e+00    2.0480000000e+03    8.0707752991e-04    7.1171875000e-01
        61   -1.5261824377e+01    2.3400020424e+02   -2.4274724404e+01    9.0129000270e+00    6.8366292020e+00   -3.3078374697e+01    1.9670210909e+00    2.0480000000e+03    8.1419064209e-04    7.1572265625e-01
        62   -1.5235813755e+01    2.3306137772e+02   -2.4148539786e+01    8.9127260305e+00    6.7951007942e+00   -3.2758320480e+01    1.8146798996e+00    2.0480000000e+03    8.0883264862e-04    7.1591796875e-01
        63   -1.5218943993e+01    2.3260111417e+02   -2.3981019622e+01    8.7620756296e+00    6.8184689599e+00   -3.2734477188e+01    1.9349886054e+00    2.0480000000e+03    8.1375746033e-04    7.1738281250e-01
        64   -1.5187548739e+01    2.3154546986e+02   -2.3969940353e+01    8.7823916144e+00    6.7542029130e+00   -3.2478729472e+01    1.7545862055e+00    2.0480000000e+03    8.1808827881e-04    7.1757812500e-01
        65   -1.5219102967e+01    2.3254593788e+02   -2.4063911257e+01    8.8448082895e+00    6.7731861910e+00   -3.2568802367e+01    1.7317049187e+00    2.0480000000e+03    8.1491876801e-04    7.1123046875e-01
        66   -1.5230466378e+01    2.3288522896e+02   -2.4295894631e+01    9.0654282529e+00    6.7613634158e+00   -3.2867063182e+01    1.8098051358e+00    2.0480000000e+03    8.1137831726e-04    7.1826171875e-01
        67   -1.5236590492e+01    2.3315288261e+02   -2.4290304128e+01    9.0537136361e+00    6.7506110119e+00   -3.2838257204e+01    1.7973420641e+00    2.0480000000e+03    8.0915447968e-04    7.1630859375e-01
        68   -1.5250327749e+01    2.3352047187e+02   -2.4312280457e+01    9.0619527078e+00    6.7866273240e+00   -3.2837316689e+01    1.7384089084e+00    2.0480000000e+03    8.0546277161e-04    7.1386718750e-01
        69   -1.5220496131e+01    2.3254771790e+02   -2.4172702100e+01    8.9522059685e+00    6.7631403263e+00   -3.2659686486e+01    1.7238440601e+00    2.0480000000e+03    8.0153345551e-04    7.1376953125e-01
        70   -1.5233505806e+01    2.3294579152e+02   -2.4232086786e+01    8.9985809796e+00    6.7848436942e+00   -3.2748963823e+01    1.7320333425e+00    2.0480000000e+03    8.0968520782e-04    7.1318359375e-01
        71   -1.5258066365e+01    2.3374554087e+02   -2.4305788905e+01    9.0477225401e+00    6.8016062570e+00   -3.2920427790e+01    1.8130326279e+00    2.0480000000e+03    8.0854332794e-04    7.1826171875e-01
        72   -1.5194489456e+01    2.3179086204e+02   -2.4081860507e+01    8.8873710505e+00    6.8077597629e+00   -3.2672466281e+01    1.7828460111e+00    2.0480000000e+03    8.0163518402e-04    7.1289062500e-01
        73   -1.5207915121e+01    2.3230275484e+02   -2.4299575002e+01    9.0916598808e+00    6.7958577042e+00   -3.2837907794e+01    1.7424750883e+00    2.0480000000e+03    8.0468207367e-04    7.2373046875e-01
        74   -1.5231714700e+01    2.3294305570e+02   -2.4395611064e+01    9.1638963635e+00    6.8149872242e+00   -3.2950160533e+01    1.7395622454e+00    2.0480000000e+03    8.1354616913e-04    7.1259765625e-01
        75   -1.5212956369e+01    2.3232936617e+02   -2.4198032952e+01    8.9850765828e+00    6.8240417056e+00   -3.2902504080e+01    1.8804294225e+00    2.0480000000e+03    8.0020855804e-04    7.0927734375e-01
        76   -1.5201126558e+01    2.3202192633e+02   -2.4162930491e+01    8.9618039327e+00    6.9298541682e+00   -3.2948302745e+01    1.8555180863e+00    2.0480000000e+03    8.0627511993e-04    7.0986328125e-01
        77   -1.5255616832e+01    2.3375786204e+02   -2.4222046795e+01    8.9664299632e+00    6.8414583330e+00   -3.3025636948e+01    1.9621318204e+00    2.0480000000e+03    8.0434252411e-04    7.1484375000e-01
        78   -1.5234370285e+01    2.3303559490e+02   -2.4227188140e+01    8.9928178549e+00    6.8346767062e+00   -3.3032781186e+01    1.9709163394e+00    2.0480000000e+03    8.0820715271e-04    7.0683593750e-01
        79   -1.5224774129e+01    2.3269310191e+02   -2.4278471538e+01    9.0536974088e+00    6.8688713832e+00   -3.2840577589e+01    1.6932346676e+00    2.0480000000e+03    8.3742387970e-04    7.1259765625e-01
        80   -1.5228664555e+01    2.3286332799e+02   -2.4447170587e+01    9.2185060322e+00    6.8171725713e+00   -3.2953803470e+01    1.6894603109e+00    2.0480000000e+03    8.2166069641e-04    7.2021484375e-01
        81   -1.5264097379e+01    2.3418259175e+02   -2.4439201204e+01    9.1751038247e+00    6.8198236616e+00   -3.2998303547e+01    1.7392786816e+00    2.0480000000e+03    8.1387494812e-04    7.0576171875e-01
        82   -1.5223684412e+01    2.3272503542e+02   -2.4222507617e+01    8.9988232057e+00    6.8363246413e+00   -3.2821585544e+01    1.7627532848e+00    2.0480000000e+03    8.1501624908e-04    7.1142578125e-01
        83   -1.5251557638e+01    2.3361958426e+02   -2.4111001202e+01    8.8594435642e+00    6.8439882561e+00   -3.2854256840e+01    1.8992673819e+00    2.0480000000e+03    8.0882727997e-04    7.1884765625e-01
        84   -1.5232629884e+01    2.3307298120e+02   -2.4246298018e+01    9.0136681337e+00    6.8089400780e+00   -3.2697086669e+01    1.6418485733e+00    2.0480000000e+03    8.1079013763e-04    7.1035156250e-01
        85   -1.5224180658e+01    2.3273460307e+02   -2.4139251334e+01    8.9150706757e+00    6.8293042156e+00   -3.2749433133e+01    1.7808775836e+00    2.0480000000e+03    8.1519876617e-04    7.0947265625e-01
        86   -1.5199534439e+01    2.3202036872e+02   -2.4237203634e+01    9.0376691950e+00    6.7682789646e+00   -3.2756664336e+01    1.7511817375e+00    2.0480000000e+03    8.0717281036e-04    7.1259765625e-01
        87   -1.5216429519e+01    2.3271005822e+02   -2.4173030036e+01    8.9566005162e+00    6.8220535859e+00   -3.2787772766e+01    1.7926891446e+00    2.0480000000e+03    8.0943771637e-04    7.1142578125e-01
        88   -1.5233711687e+01    2.3324733971e+02   -2.4258668567e+01    9.0249568801e+00    6.8357938064e+00   -3.2933385425e+01    1.8389230510e+00    2.0480000000e+03    8.1471087921e-04    7.1259765625e-01
        89   -1.5208490088e+01    2.3245239207e+02   -2.4195345185e+01    8.9868550963e+00    6.7856178564e+00   -3.2728272096e+01    1.7473090547e+00    2.0480000000e+03    8.1184106323e-04    7.1816406250e-01
        90   -1.5232848703e+01    2.3322500314e+02   -2.4209966421e+01    8.9771177174e+00    6.7327274408e+00   -3.2637674693e+01    1.6949808315e+00    2.0480000000e+03    8.1443970276e-04    7.1660156250e-01
        91   -1.5225981550e+01    2.3281106744e+02   -2.4123367677e+01    8.8973861278e+00    6.6890406568e+00   -3.2388451775e+01    1.5760434412e+00    2.0480000000e+03    8.0596856354e-04    7.2187500000e-01
        92   -1.5216198031e+01    2.3257342686e+02   -2.4257331353e+01    9.0411333222e+00    6.7451649249e+00   -3.2621953007e+01    1.6194567288e+00    2.0480000000e+03    8.0816267151e-04    7.2021484375e-01
        93   -1.5213747504e+01    2.3244619819e+02   -2.3981501884e+01    8.7677543800e+00    6.7147624146e+00   -3.2426037781e+01    1.7297734820e+00    2.0480000000e+03    8.0527240417e-04    7.1826171875e-01
        94   -1.5233636349e+01    2.3311656912e+02   -2.4011566009e+01    8.7779296601e+00    6.7103200346e+00   -3.2556455128e+01    1.8345690837e+00    2.0480000000e+03    8.0659028900e-04    7.2382812500e-01
        95   -1.5205402545e+01    2.3215860403e+02   -2.4060912245e+01    8.8555096994e+00    6.7538496571e+00   -3.2521728877e+01    1.7069669753e+00    2.0480000000e+03    8.1066571991e-04    7.1943359375e-01
        96   -1.5220754318e+01    2.3262305263e+02   -2.4256571657e+01    9.0358173399e+00    6.8291189133e+00   -3.2876136867e+01    1.7904462963e+00    2.0480000000e+03    8.1350961121e-04    7.1562500000e-01
        97   -1.5205252513e+01    2.3211930004e+02   -2.4331459873e+01    9.1262073602e+00    6.7801456018e+00   -3.2732715363e+01    1.6211098877e+00    2.0480000000e+03    8.0735370850e-04    7.1142578125e-01
        98   -1.5199166354e+01    2.3199663507e+02   -2.4107459861e+01    8.9082935073e+00    6.7480880181e+00   -3.2532758103e+01    1.6772102239e+00    2.0480000000e+03    8.0690084900e-04    7.1660156250e-01
        99   -1.5233534077e+01    2.3314901102e+02   -2.4252362556e+01    9.0188284791e+00    6.7900987862e+00   -3.2780976430e+01    1.7385150876e+00    2.0480000000e+03    8.0659887787e-04    7.1210937500e-01
       100   -1.5202459587e+01    2.3207223329e+02   -2.4069664376e+01    8.8672047888e+00    6.7868718070e+00   -3.2706997121e+01    1.8504609384e+00    2.0480000000e+03    9.6421651489e-04    7.1777343750e-01
       101   -1.5227985560e+01    2.3290889108e+02   -2.4154994839e+01    8.9270092784e+00    6.7426742012e+00   -3.2711235614e+01    1.8135665738e+00    2.0480000000e+03    8.1187849976e-04    7.1210937500e-01
       102   -1.5217136146e+01    2.3251822494e+02   -2.4036221480e+01    8.8190853343e+00    6.7930128429e+00   -3.2599350327e+01    1.7701160037e+00    2.0480000000e+03    8.1278205780e-04    7.1503906250e-01
       103   -1.5219638127e+01    2.3264361347e+02   -2.4010344508e+01    8.7907063809e+00    6.8261660661e+00   -3.2659267773e+01    1.8227571996e+00    2.0480000000e+03    8.1022703766e-04    7.2373046875e-01
       104   -1.5199844331e+01    2.3201382486e+02   -2.3908848635e+01    8.7090043037e+00    6.7573484936e+00   -3.2363517889e+01    1.6973207607e+00    2.0480000000e+03    8.1024117401e-04    7.1591796875e-01
       105   -1.5191673186e+01    2.3174859988e+02   -2.3900294644e+01    8.7086214581e+00    6.7633321906e+00   -3.2217865112e+01    1.5542382766e+00    2.0480000000e+03    8.3513521881e-04    7.1708984375e-01
       106   -1.5231056353e+01    2.3296841085e+02   -2.4207865402e+01    8.9768090495e+00    6.7566455097e+00   -3.2620787677e+01    1.6562767655e+00    2.0480000000e+03    8.0738970734e-04    7.2197265625e-01
       107   -1.5232792784e+01    2.3294079288e+02   -2.4270699723e+01    9.0379069392e+00    6.8157161605e+00   -3.2840746392e+01    1.7543305080e+00    2.0480000000e+03    8.1607428741e-04    7.1875000000e-01
       108   -1.5227930907e+01    2.3286030036e+02   -2.4137321568e+01    8.9093906611e+00    6.7998890309e+00   -3.2776183887e+01    1.8389732880e+00    2.0480000000e+03    8.1252930084e-04    7.1630859375e-01
       109   -1.5240612932e+01    2.3315560586e+02   -2.4173314048e+01    8.9327011169e+00    6.8115559139e+00   -3.2745381269e+01    1.7605113067e+00    2.0480000000e+03    8.1348671661e-04    7.1416015625e-01
       110   -1.5209280855e+01    2.3224473695e+02   -2.4131917132e+01    8.9226362765e+00    6.8039565389e+00   -3.2734664329e+01    1.7987906581e+00    2.0480000000e+03    8.0786167938e-04    7.1630859375e-01
       111   -1.5226960237e+01    2.3282810176e+02   -2.4054268888e+01    8.8273086513e+00    6.8437982140e+00   -3.2811891600e+01    1.9138244981e+00    2.0480000000e+03    8.0748534515e-04    7.1943359375e-01
       112   -1.5206921758e+01    2.3222267780e+02   -2.4161555337e+01    8.9546335790e+00    6.8459255145e+00   -3.2858612495e+01    1.8511316439e+00    2.0480000000e+03    8.0986695953e-04    7.1142578125e-01
       113   -1.5247559519e+01    2.3341365829e+02   -2.4259023127e+01    9.0114636080e+00    6.7961873430e+00   -3.2923259511e+01    1.8680490413e+00    2.0480000000e+03    8.1559462585e-04    7.1601562500e-01
       114   -1.5234564199e+01    2.3312201962e+02   -2.4324020201e+01    9.0894560013e+00    6.8398745142e+00   -3.3001646425e+01    1.8377517099e+00    2.0480000000e+03    8.1325295746e-04    7.0849609375e-01
       115   -1.5222920965e+01    2.3268901816e+02   -2.4300920181e+01    9.0779992158e+00    6.8136786483e+00   -3.2784687045e+01    1.6700882160e+00    2.0480000000e+03    8.0211543518e-04    7.0820312500e-01
       116   -1.5223412461e+01    2.3279224703e+02   -2.4317991964e+01    9.0945795030e+00    6.8373781950e+00   -3.2776325194e+01    1.6209550345e+00    2.0480000000e+03    8.0623208191e-04    7.0976562500e-01
       117   -1.5202797294e+01    2.3206632358e+02   -2.4193217846e+01    8.9904205519e+00    6.8400346038e+00   -3.2810206618e+01    1.7769541681e+00    2.0480000000e+03    8.1246734192e-04    7.1015625000e-01
       118   -1.5215915508e+01    2.3249933736e+02   -2.4342353798e+01    9.1264382898e+00    6.8304835168e+00   -3.2991821865e+01    1.8189845502e+00    2.0480000000e+03    8.0959617249e-04    7.1601562500e-01
       119   -1.5187120336e+01    2.3167056642e+02   -2.4090719937e+01    8.9035996018e+00    6.8090018308e+00   -3.2726588907e+01    1.8268671384e+00    2.0480000000e+03    8.0378841187e-04    7.1855468750e-01
       120   -1.5219825816e+01    2.3260103929e+02   -2.4051094773e+01    8.8312689572e+00    6.7716683714e+00   -3.2520196562e+01    1.6974334176e+00    2.0480000000e+03    8.0763056854e-04    7.2705078125e-01
       121   -1.5197504909e+01    2.3195773750e+02   -2.3971244360e+01    8.7737394508e+00    6.6933264961e+00   -3.2395823961e+01    1.7312531046e+00    2.0480000000e+03    7.9882424408e-04    7.2822265625e-01
       122   -1.5209194734e+01    2.3236925566e+02   -2.4085753387e+01    8.8765586523e+00    6.7323903037e+00   -3.2481311267e+01    1.6631675761e+00    2.0480000000e+03    8.0455589844e-04    7.1621093750e-01
       123   -1.5256199308e+01    2.3379040085e+02   -2.4283716223e+01    9.0275169149e+00    6.7721818627e+00   -3.2788596825e+01    1.7326987389e+00    2.0480000000e+03    8.1047607605e-04    7.1044921875e-01
       124   -1.5256877989e+01    2.3381203325e+02   -2.4286371480e+01    9.0294934910e+00    6.7748279259e+00   -3.2733923456e+01    1.6727240499e+00    2.0480000000e+03    8.0964204956e-04    7.0644531250e-01
       125   -1.5266781447e+01    2.3402564991e+02   -2.4243787308e+01    8.9770058610e+00    6.8167535833e+00   -3.2822237768e+01    1.7616968764e+00    2.0480000000e+03    8.1761702637e-04    7.0878906250e-01
       126   -1.5195430244e+01    2.3181844720e+02   -2.3985357314e+01    8.7899270697e+00    6.7002054080e+00   -3.2206829351e+01    1.5212666291e+00    2.0480000000e+03    8.0369262970e-04    7.1757812500e-01
       127   -1.5214691335e+01    2.3238082641e+02   -2.3770681912e+01    8.5559905779e+00    6.7280763188e+00   -3.2398235097e+01    1.8994768655e+00    2.0480000000e+03    8.0727718292e-04    7.2031250000e-01
       128   -1.5215825266e+01    2.3243945413e+02   -2.3882875620e+01    8.6670503545e+00    6.6712787886e+00   -3.2243918974e+01    1.6897645655e+00    2.0480000000e+03    8.0390803925e-04    7.1181640625e-01
       129   -1.5221262348e+01    2.3275909343e+02   -2.4028534802e+01    8.8072724540e+00    6.7191081479e+00   -3.2479810848e+01    1.7321678985e+00    2.0480000000e+03    8.0545572845e-04    7.1542968750e-01
       130   -1.5202776858e+01    2.3218308564e+02   -2.3970798351e+01    8.7680214930e+00    6.7577708636e+00   -3.2308941547e+01    1.5803723324e+00    2.0480000000e+03    8.0180585571e-04    7.1992187500e-01
       131   -1.5170078808e+01    2.3128315939e+02   -2.3893372713e+01    8.7232939049e+00    6.7717721740e+00   -3.2372674141e+01    1.7075292545e+00    2.0480000000e+03    8.2112463715e-04    7.1230468750e-01
       132   -1.5201336824e+01    2.3208577324e+02   -2.3914399235e+01    8.7130624107e+00    6.7493324659e+00   -3.2423603756e+01    1.7598720555e+00    2.0480000000e+03    8.0033564362e-04    7.1230468750e-01
       133   -1.5226791560e+01    2.3279269377e+02   -2.3958897397e+01    8.7321058371e+00    6.7646120272e+00   -3.2512082268e+01    1.7885728441e+00    2.0480000000e+03    8.0988497162e-04    7.2021484375e-01
       134   -1.5226512628e+01    2.3278000238e+02   -2.3944371821e+01    8.7178591932e+00    6.7368452983e+00   -3.2482728138e+01    1.8015110192e+00    2.0480000000e+03    8.0234866058e-04    7.1005859375e-01
       135   -1.5206279800e+01    2.3229005590e+02   -2.3965209983e+01    8.7589301832e+00    6.7372509804e+00   -3.2408856691e+01    1.7063957274e+00    2.0480000000e+03    8.0438398376e-04    7.2099609375e-01
       136   -1.5229986281e+01    2.3300057974e+02   -2.4054349948e+01    8.8243636668e+00    6.7639610163e+00   -3.2476433916e+01    1.6581229519e+00    2.0480000000e+03    8.0325129822e-04    7.1142578125e-01
       137   -1.5230726982e+01    2.3304282584e+02   -2.4059685537e+01    8.8289585555e+00    6.7730037793e+00   -3.2510339605e+01    1.6776502887e+00    2.0480000000e+03    8.0155481171e-04    7.1386718750e-01
       138   -1.5208981334e+01    2.3229643766e+02   -2.4130067584e+01    8.9210862498e+00    6.7688725755e+00   -3.2669247361e+01    1.7703072013e+00    2.0480000000e+03    8.0921100983e-04    7.1660156250e-01
       139   -1.5231550847e+01    2.3289079089e+02   -2.4207676256e+01    8.9761254089e+00    6.7526026172e+00   -3.2731267569e+01    1.7709886954e+00    2.0480000000e+03    8.0898255432e-04    7.1406250000e-01
       140   -1.5235011112e+01    2.3310236506e+02   -2.4146058596e+01    8.9110474845e+00    6.7825035700e+00   -3.2760814016e+01    1.8322518491e+00    2.0480000000e+03    8.0388106781e-04    7.1611328125e-01
       141   -1.5242419333e+01    2.3347927838e+02   -2.4069948496e+01    8.8275291622e+00    6.7706307769e+00   -3.2827718370e+01    1.9871390977e+00    2.0480000000e+03    8.0432014679e-04    7.1044921875e-01
       142   -1.5248983793e+01    2.3358133407e+02   -2.4351556672e+01    9.1025728787e+00    6.7894964661e+00   -3.2916650980e+01    1.7755978427e+00    2.0480000000e+03    8.0889068756e-04    7.1328125000e-01
       143   -1.5228303523e+01    2.3311324574e+02   -2.4277177628e+01    9.0488741042e+00    6.8555926888e+00   -3.2979560072e+01    1.8467897550e+00    2.0480000000e+03    8.1069309540e-04    7.1425781250e-01
       144   -1.5208612973e+01    2.3221022651e+02   -2.4175907257e+01    8.9672942833e+00    6.8105844794e+00   -3.2714819647e+01    1.7283279109e+00    2.0480000000e+03    8.1140131744e-04    7.1591796875e-01
       145   -1.5165187883e+01    2.3090030850e+02   -2.4193817221e+01    9.0286293382e+00    6.8024969576e+00   -3.2649181836e+01    1.6528676568e+00    2.0480000000e+03    8.0866561401e-04    7.1894531250e-01
       146   -1.5235854606e+01    2.3309730771e+02   -2.4250577848e+01    9.0147232417e+00    6.8227489102e+00   -3.2707291552e+01    1.6339647938e+00    2.0480000000e+03    8.1051034149e-04    7.1748046875e-01
       147   -1.5195413560e+01    2.3187634392e+02   -2.4053479797e+01    8.8580662373e+00    6.8013376812e+00   -3.2696825365e+01    1.8420078866e+00    2.0480000000e+03    8.0458015472e-04    7.1796875000e-01
       148   -1.5189111458e+01    2.3177506457e+02   -2.4128660647e+01    8.9395491883e+00    6.8219076994e+00   -3.2797071655e+01    1.8465033086e+00    2.0480000000e+03    8.0434013885e-04    7.1718750000e-01
       149   -1.5193611175e+01    2.3175338308e+02   -2.4320457665e+01    9.1268464905e+00    6.8063935226e+00   -3.2845849426e+01    1.7189982385e+00    2.0480000000e+03    8.0880033722e-04    7.1787109375e-01
       150   -1.5196717841e+01    2.3189848028e+02   -2.4062962509e+01    8.8662446681e+00    6.7747454947e+00   -3.2715827681e+01    1.8781196781e+00    2.0480000000e+03    8.1091217041e-04    7.1787109375e-01
       151   -1.5168096234e+01    2.3098149228e+02   -2.3896754005e+01    8.7286577705e+00    6.7609995629e+00   -3.2322351362e+01    1.6645977946e+00    2.0480000000e+03    8.0368338226e-04    7.1845703125e-01
       152   -1.5140680651e+01    2.3010643492e+02   -2.3792349260e+01    8.6516686081e+00    6.7451095256e+00   -3.2282405133e+01    1.7449463476e+00    2.0480000000e+03    8.0328561554e-04    7.1435546875e-01
       153   -1.5182508803e+01    2.3138163737e+02   -2.3812623726e+01    8.6301149230e+00    6.6654229125e+00   -3.2277330248e+01    1.7992836094e+00    2.0480000000e+03    7.9967843842e-04    7.2197265625e-01
       154   -1.5175525118e+01    2.3121386970e+02   -2.3692218060e+01    8.5166929421e+00    6.7030920087e+00   -3.2112367789e+01    1.7170577205e+00    2.0480000000e+03    8.0157249390e-04    7.2402343750e-01
       155   -1.5199790802e+01    2.3200373403e+02   -2.3902483309e+01    8.7026925076e+00    6.7512756622e+00   -3.2550108756e+01    1.8963497844e+00    2.0480000000e+03    7.9964347412e-04    7.1757812500e-01
       156   -1.5202781202e+01    2.3214983177e+02   -2.4100006934e+01    8.8972257320e+00    6.7274567274e+00   -3.2749494045e+01    1.9220303838e+00    2.0480000000e+03    8.0017650726e-04    7.1708984375e-01
       157   -1.5242114214e+01    2.3342581549e+02   -2.4230132332e+01    8.9880181172e+00    6.7613120501e+00   -3.2767489289e+01    1.7760449072e+00    2.0480000000e+03    8.2736814117e-04    7.2490234375e-01
       158   -1.5241732377e+01    2.3336275306e+02   -2.4284531756e+01    9.0427993790e+00    6.8242363031e+00   -3.3050696007e+01    1.9419279474e+00    2.0480000000e+03    8.1392462708e-04    7.0996093750e-01
       159   -1.5215629720e+01    2.3245899197e+02   -2.4186869433e+01    8.9712397131e+00    6.8213168523e+00   -3.2652547888e+01    1.6443616025e+00    2.0480000000e+03    8.0706055450e-04    7.1582031250e-01
       160   -1.5194394486e+01    2.3190645111e+02   -2.4110603185e+01    8.9162086999e+00    6.8031750999e+00   -3.2576182888e+01    1.6624046032e+00    2.0480000000e+03    8.1150921478e-04    7.1601562500e-01
       161   -1.5223449166e+01    2.3299734686e+02   -2.4149560969e+01    8.9261118029e+00    6.7995878265e+00   -3.2760188483e+01    1.8110396875e+00    2.0480000000e+03    8.1243566437e-04    7.2050781250e-01
       162   -1.5234731051e+01    2.3306717964e+02   -2.4223139549e+01    8.9884084982e+00    6.7882222113e+00   -3.2691725753e+01    1.6803639925e+00    2.0480000000e+03    8.0455888855e-04    7.1240234375e-01
       163   -1.5247241618e+01    2.3345069478e+02   -2.4187679041e+01    8.9404374228e+00    6.8419178803e+00   -3.2909674256e+01    1.8800773339e+00    2.0480000000e+03    8.0460770752e-04    7.0722656250e-01
       164   -1.5208571057e+01    2.3228975662e+02   -2.4100692791e+01    8.8921217336e+00    6.7781064188e+00   -3.2683364809e+01    1.8045655993e+00    2.0480000000e+03    8.0845996643e-04    7.1416015625e-01
       165   -1.5212055178e+01    2.3236193383e+02   -2.3948439885e+01    8.7363847073e+00    6.7137960957e+00   -3.2453983667e+01    1.7917476860e+00    2.0480000000e+03    7.9784630524e-04    7.1572265625e-01
       166   -1.5186298897e+01    2.3151454572e+02   -2.3954923328e+01    8.7686244307e+00    6.7309503735e+00   -3.2470717658e+01    1.7848439567e+00    2.0480000000e+03    8.0149368713e-04    7.1611328125e-01
       167   -1.5202818873e+01    2.3206696285e+02   -2.3962028356e+01    8.7592094829e+00    6.7356619385e+00   -3.2443971482e+01    1.7462811876e+00    2.0480000000e+03    8.0669109009e-04    7.2392578125e-01
       168   -1.5216784952e+01    2.3256326343e+02   -2.4085072848e+01    8.8682878958e+00    6.7734786516e+00   -3.2608400946e+01    1.7498494468e+00    2.0480000000e+03    8.0609070313e-04    7.1679687500e-01
       169   -1.5211517924e+01    2.3236637381e+02   -2.3984647428e+01    8.7731295044e+00    6.7435155585e+00   -3.2537538459e+01    1.8093754720e+00    2.0480000000e+03    8.0479515503e-04    7.2099609375e-01
       170   -1.5207278706e+01    2.3227902112e+02   -2.4005507780e+01    8.7982290742e+00    6.7522401205e+00   -3.2604452882e+01    1.8467049817e+00    2.0480000000e+03    8.0489300507e-04    7.1865234375e-01
       171   -1.5205753000e+01    2.3219201523e+02   -2.4118957403e+01    8.9132044036e+00    6.7160630197e+00   -3.2557375629e+01    1.7223552060e+00    2.0480000000e+03    8.0271255035e-04    7.2177734375e-01
       172   -1.5226789569e+01    2.3288957825e+02   -2.4108192712e+01    8.8814031434e+00    6.7515426159e+00   -3.2621134845e+01    1.7613995167e+00    2.0480000000e+03    8.0473257782e-04    7.1494140625e-01
       173   -1.5208609716e+01    2.3231816609e+02   -2.3968116892e+01    8.7595071761e+00    6.7760846636e+00   -3.2633356185e+01    1.8891546294e+00    2.0480000000e+03    8.0341055725e-04    7.1728515625e-01
       174   -1.5217701380e+01    2.3273486495e+02   -2.3831113723e+01    8.6134123427e+00    6.7940895094e+00   -3.2591042719e+01    1.9658394868e+00    2.0480000000e+03    8.0215371155e-04    7.2109375000e-01
       175   -1.5205354522e+01    2.3221976456e+02   -2.3881116411e+01    8.6757618888e+00    6.7101227231e+00   -3.2389679924e+01    1.7984407894e+00    2.0480000000e+03    8.0293542542e-04    7.1259765625e-01
       176   -1.5169071815e+01    2.3102438295e+02   -2.3835931465e+01    8.6668596500e+00    6.7170592637e+00   -3.2265630377e+01    1.7126396489e+00    2.0480000000e+03    8.0489159332e-04    7.1689453125e-01
       177   -1.5187113638e+01    2.3164973797e+02   -2.3742915182e+01    8.5558015439e+00    6.7024185086e+00   -3.2085801722e+01    1.6404680306e+00    2.0480000000e+03    7.9808317993e-04    7.2265625000e-01
       178   -1.5189948889e+01    2.3168067684e+02   -2.4082541196e+01    8.8925923069e+00    6.7298281345e+00   -3.2387535081e+01    1.5751657505e+00    2.0480000000e+03    8.0396476471e-04    7.2265625000e-01
       179   -1.5202702363e+01    2.3212918666e+02   -2.3985716575e+01    8.7830142117e+00    6.6937943305e+00   -3.2210960571e+01    1.5314496659e+00    2.0480000000e+03    7.9993728973e-04    7.1269531250e-01
       180   -1.5193104911e+01    2.3185920169e+02   -2.3837673675e+01    8.6445687637e+00    6.7181568883e+00   -3.2379494601e+01    1.8236640380e+00    2.0480000000e+03    7.9663419769e-04    7.1914062500e-01
       181   -1.5179868999e+01    2.3144151780e+02   -2.3777966286e+01    8.5980972873e+00    6.6856105637e+00   -3.2167651845e+01    1.7040749959e+00    2.0480000000e+03    7.9532615631e-04    7.1826171875e-01
       182   -1.5191175449e+01    2.3178089314e+02   -2.3831478537e+01    8.6403030875e+00    6.7237167074e+00   -3.2295448593e+01    1.7402533482e+00    2.0480000000e+03    7.9290400909e-04    7.2304687500e-01
       183   -1.5206521201e+01    2.3227300437e+02   -2.3857803921e+01    8.6512827199e+00    6.6998774096e+00   -3.2361203397e+01    1.8035220664e+00    2.0480000000e+03    8.1779933014e-04    7.2119140625e-01
       184   -1.5197032280e+01    2.3196754098e+02   -2.3882330629e+01    8.6852983488e+00    6.6734935379e+00   -3.2199307778e+01    1.6434836108e+00    2.0480000000e+03    8.0234807800e-04    7.1904296875e-01
       185   -1.5211389630e+01    2.3236552796e+02   -2.3816575213e+01    8.6051855826e+00    6.7356997231e+00   -3.2347738734e+01    1.7954637978e+00    2.0480000000e+03    8.0298163635e-04    7.2060546875e-01
       186   -1.5219158977e+01    2.3259188370e+02   -2.3810980865e+01    8.5918218875e+00    6.7413595668e+00   -3.2392069227e+01    1.8397287952e+00    2.0480000000e+03    7.9720690125e-04    7.2197265625e-01
       187   -1.5215162174e+01    2.3244114476e+02   -2.3964211664e+01    8.7490494901e+00    6.7810011586e+00   -3.2540989153e+01    1.7957763303e+00    2.0480000000e+03    8.0473859650e-04    7.2119140625e-01
       188   -1.5220767351e+01    2.3283869742e+02   -2.4015236822e+01    8.7944694711e+00    6.7268579039e+00   -3.2456784813e+01    1.7146900876e+00    2.0480000000e+03    8.0306317963e-04    7.1982421875e-01
       189   -1.5232979319e+01    2.3307023885e+02   -2.4168533652e+01    8.9355543330e+00    6.8033784822e+00   -3.2764879451e+01    1.7929673173e+00    2.0480000000e+03    8.1063765686e-04    7.2021484375e-01
       190   -1.5217611617e+01    2.3259688919e+02   -2.4133831818e+01    8.9162202009e+00    6.8179128817e+00   -3.2707809319e+01    1.7560646187e+00    2.0480000000e+03    8.0533819092e-04    7.1406250000e-01
       191   -1.5236141588e+01    2.3309750758e+02   -2.4303993092e+01    9.0678515040e+00    6.7565499235e+00   -3.2792016931e+01    1.7314739152e+00    2.0480000000e+03    8.1240613403e-04    7.0273437500e-01
       192   -1.5253149942e+01    2.3365628662e+02   -2.4291106962e+01    9.0379570197e+00    6.7840012825e+00   -3.2911698609e+01    1.8365903653e+00    2.0480000000e+03    8.1235727020e-04    7.1455078125e-01
       193   -1.5245198084e+01    2.3342056555e+02   -2.4278867421e+01    9.0336693373e+00    6.7921322400e+00   -3.2862158750e+01    1.7911590889e+00    2.0480000000e+03    8.0899227692e-04    7.0869140625e-01
       194   -1.5250664796e+01    2.3362728136e+02   -2.4168648247e+01    8.9179834508e+00    6.7945831266e+00   -3.2693489715e+01    1.7302583414e+00    2.0480000000e+03    8.1088884125e-04    7.0830078125e-01
       195   -1.5220442933e+01    2.3262052917e+02   -2.4218056236e+01    8.9976133026e+00    6.8297038715e+00   -3.2794737150e+01    1.7469770425e+00    2.0480000000e+03    8.1323310150e-04    7.1582031250e-01
       196   -1.5216138427e+01    2.3246790605e+02   -2.4047936454e+01    8.8317980266e+00    6.8923992835e+00   -3.2772554561e+01    1.8322188241e+00    2.0480000000e+03    8.0792306549e-04    7.2275390625e-01
       197   -1.5215792054e+01    2.3251637738e+02   -2.4064140599e+01    8.8483485458e+00    6.7407935386e+00   -3.2517159313e+01    1.7122251750e+00    2.0480000000e+03    8.0243698547e-04    7.1162109375e-01
       198   -1.5203607498e+01    2.3222592588e+02   -2.4142358006e+01    8.9387505089e+00    6.8051668701e+00   -3.2714953392e+01    1.7674285157e+00    2.0480000000e+03    8.0348564484e-04    7.1787109375e-01
       199   -1.5212893494e+01    2.3241276221e+02   -2.4176177463e+01    8.9632839693e+00    6.7958239134e+00   -3.2805385756e+01    1.8333843796e+00    2.0480000000e+03    8.0807150421e-04    7.1132812500e-01
