#   index    LocalEnergy         LocalEnergy_sq      LocalPotential      Kinetic             ElecElec            Coulomb             BlockWeight         BlockCPU            AcceptRatio         
         0   -3.7397954627e+01    1.4660984604e+03   -7.4070902205e+01    3.6672947578e+01    1.1895849049e+01   -8.5966751254e+01    1.2800000000e+04    2.8245787144e-02    8.3270833333e-01
         1   -3.7767876620e+01    1.5279345767e+03   -7.2687643423e+01    3.4919766803e+01    1.1982294489e+01   -8.4669937913e+01    1.2800000000e+04    2.8311696929e-02    8.3223958333e-01
         2   -3.7329504988e+01    1.4425156972e+03   -7.1231256699e+01    3.3901751712e+01    1.1916584546e+01   -8.3147841245e+01    1.2800000000e+04    2.8349431597e-02    8.3535156250e-01
         3   -3.7301468176e+01    1.4111295381e+03   -7.0469410109e+01    3.3167941933e+01    1.2086135296e+01   -8.2555545405e+01    1.2800000000e+04    2.8335694297e-02    8.3290364583e-01
         4   -3.7175636900e+01    1.4040898531e+03   -7.3342967701e+01    3.6167330801e+01    1.1991136662e+01   -8.5334104363e+01    1.2800000000e+04    2.8276188140e-02    8.3050781250e-01
         5   -3.7424280455e+01    1.5194128281e+03   -6.9691337131e+01    3.2267056676e+01    1.1988467221e+01   -8.1679804352e+01    1.2800000000e+04    2.8384121206e-02    8.3792968750e-01
         6   -3.7514592304e+01    1.5075477033e+03   -6.9771898887e+01    3.2257306583e+01    1.2088648399e+01   -8.1860547286e+01    1.2800000000e+04    2.8326664399e-02    8.3194010417e-01
         7   -3.7522606830e+01    1.4783894982e+03   -7.1821898638e+01    3.4299291808e+01    1.1925295325e+01   -8.3747193963e+01    1.2800000000e+04    2.8326461230e-02    8.3238281250e-01
         8   -3.7808072513e+01    1.4682451728e+03   -7.2704843803e+01    3.4896771290e+01    1.1898510431e+01   -8.4603354234e+01    1.2800000000e+04    2.8302776450e-02    8.3074218750e-01
         9   -3.7674482867e+01    1.4615246869e+03   -7.2831610434e+01    3.5157127567e+01    1.2159461300e+01   -8.4991071734e+01    1.2800000000e+04    2.8331810508e-02    8.3188802083e-01
        10   -3.8186324956e+01    3.2626495435e+03   -7.3575237317e+01    3.5388912361e+01    1.2064695439e+01   -8.5639932756e+01    1.2800000000e+04    2.8298116772e-02    8.3059895833e-01
        11   -3.7733200817e+01    1.4728277461e+03   -7.3941044560e+01    3.6207843742e+01    1.1917855242e+01   -8.5858899802e+01    1.2800000000e+04    2.8287520029e-02    8.2953125000e-01
        12   -3.7921155231e+01    1.6119352254e+03   -7.4040754979e+01    3.6119599748e+01    1.1961029469e+01   -8.6001784449e+01    1.2800000000e+04    2.8310415684e-02    8.3132812500e-01
        13   -3.8356825137e+01    1.9890561701e+03   -7.3782609897e+01    3.5425784759e+01    1.2192268322e+01   -8.5974878219e+01    1.2800000000e+04    2.8324509326e-02    8.3131510417e-01
        14   -3.7799382719e+01    1.4714728117e+03   -7.2440744056e+01    3.4641361337e+01    1.2114107313e+01   -8.4554851369e+01    1.2800000000e+04    2.8285950928e-02    8.3010416667e-01
        15   -3.7567713020e+01    1.5506354721e+03   -7.1334025001e+01    3.3766311981e+01    1.1998107904e+01   -8.3332132905e+01    1.2800000000e+04    2.8367217495e-02    8.3445312500e-01
        16   -3.7699607357e+01    1.4965312483e+03   -7.1149496697e+01    3.3449889339e+01    1.2052047012e+01   -8.3201543709e+01    1.2800000000e+04    2.8309088164e-02    8.3130208333e-01
        17   -3.7456674167e+01    1.4296551350e+03   -7.3014195219e+01    3.5557521052e+01    1.2170253264e+01   -8.5184448483e+01    1.2800000000e+04    2.8305775229e-02    8.3078125000e-01
        18   -3.7874506886e+01    1.4794266359e+03   -7.2654296329e+01    3.4779789442e+01    1.2090221617e+01   -8.4744517946e+01    1.2800000000e+04    2.8294721089e-02    8.2997395833e-01
        19   -3.7851610426e+01    1.5352525696e+03   -7.2828105560e+01    3.4976495134e+01    1.2043371595e+01   -8.4871477155e+01    1.2800000000e+04    2.8313159600e-02    8.3153645833e-01
        20   -3.8031315307e+01    1.8150229102e+03   -7.3343504055e+01    3.5312188748e+01    1.2021140651e+01   -8.5364644706e+01    1.2800000000e+04    2.8367671797e-02    8.3397135417e-01
        21   -3.7543954193e+01    1.4284875876e+03   -7.1701341237e+01    3.4157387045e+01    1.1911470092e+01   -8.3612811330e+01    1.2800000000e+04    2.8328619053e-02    8.3041666667e-01
        22   -3.7111198758e+01    1.4037335765e+03   -7.2423251590e+01    3.5312052831e+01    1.2049774597e+01   -8.4473026186e+01    1.2800000000e+04    2.8365320229e-02    8.3446614583e-01
        23   -3.7138784319e+01    1.4082318409e+03   -7.2078818014e+01    3.4940033695e+01    1.1850540485e+01   -8.3929358499e+01    1.2800000000e+04    2.8351658159e-02    8.3209635417e-01
        24   -3.8152180606e+01    1.5929984073e+03   -7.2812350201e+01    3.4660169595e+01    1.1723481759e+01   -8.4535831960e+01    1.2800000000e+04    2.8335807632e-02    8.3180989583e-01
        25   -3.7122725188e+01    1.4025843553e+03   -7.0127638258e+01    3.3004913069e+01    1.2051560692e+01   -8.2179198950e+01    1.2800000000e+04    2.8333497856e-02    8.3304687500e-01
        26   -3.7856010042e+01    1.7664944617e+03   -7.2048727873e+01    3.4192717830e+01    1.2116425407e+01   -8.4165153280e+01    1.2800000000e+04    2.8328412666e-02    8.3282552083e-01
        27   -3.7693029965e+01    1.4480770178e+03   -7.2505021314e+01    3.4811991349e+01    1.2116460873e+01   -8.4621482187e+01    1.2800000000e+04    2.8359135454e-02    8.3187500000e-01
        28   -3.7329915453e+01    1.4129556735e+03   -7.1071418417e+01    3.3741502964e+01    1.1975746463e+01   -8.3047164880e+01    1.2800000000e+04    2.8360830039e-02    8.3365885417e-01
        29   -3.7920464554e+01    1.5898030237e+03   -7.2323272875e+01    3.4402808321e+01    1.2054311780e+01   -8.4377584655e+01    1.2800000000e+04    2.8366264902e-02    8.3292968750e-01
        30   -3.8028562109e+01    1.5798281983e+03   -7.1475416608e+01    3.3446854499e+01    1.2078596094e+01   -8.3554012702e+01    1.2800000000e+04    2.8360444131e-02    8.3302083333e-01
        31   -3.8515219640e+01    1.8392681981e+03   -7.5414389791e+01    3.6899170151e+01    1.2120934733e+01   -8.7535324524e+01    1.2800000000e+04    2.8319878062e-02    8.2966145833e-01
        32   -3.7213784497e+01    1.4062522457e+03   -7.1506257573e+01    3.4292473076e+01    1.2078777734e+01   -8.3585035307e+01    1.2800000000e+04    2.8370858735e-02    8.3316406250e-01
        33   -3.7289067754e+01    1.4186886574e+03   -7.0375784713e+01    3.3086716958e+01    1.2164251741e+01   -8.2540036453e+01    1.2800000000e+04    2.8333264844e-02    8.3261718750e-01
        34   -3.7582675813e+01    1.4339272925e+03   -7.1346867917e+01    3.3764192103e+01    1.2097244128e+01   -8.3444112045e+01    1.2800000000e+04    2.8337252373e-02    8.3252604167e-01
        35   -3.7709995298e+01    1.4553652086e+03   -7.0198466200e+01    3.2488470903e+01    1.2083660271e+01   -8.2282126471e+01    1.2800000000e+04    2.8348199785e-02    8.3371093750e-01
        36   -3.7513880058e+01    1.6345968650e+03   -7.0569720756e+01    3.3055840698e+01    1.2053976253e+01   -8.2623697009e+01    1.2800000000e+04    2.8336947119e-02    8.3360677083e-01
        37   -3.7393670571e+01    1.4487028187e+03   -7.3351726603e+01    3.5958056031e+01    1.2098458051e+01   -8.5450184654e+01    1.2800000000e+04    2.8324985044e-02    8.3022135417e-01
        38   -3.7312350968e+01    1.4206597278e+03   -7.2447100579e+01    3.5134749611e+01    1.2002190696e+01   -8.4449291275e+01    1.2800000000e+04    2.8347347612e-02    8.3165364583e-01
        39   -3.7782242690e+01    1.4945425825e+03   -7.3376065743e+01    3.5593823053e+01    1.2003155553e+01   -8.5379221296e+01    1.2800000000e+04    2.8341795381e-02    8.3000000000e-01
        40   -3.7967370084e+01    1.5488363359e+03   -7.4216271000e+01    3.6248900916e+01    1.2203974075e+01   -8.6420245075e+01    1.2800000000e+04    2.8324188135e-02    8.2908854167e-01
        41   -3.7703638105e+01    1.7045712529e+03   -7.2771553405e+01    3.5067915300e+01    1.1969947317e+01   -8.4741500722e+01    1.2800000000e+04    2.8350402202e-02    8.3171875000e-01
        42   -3.7661268402e+01    1.6725961447e+03   -7.2641278511e+01    3.4980010109e+01    1.2071838342e+01   -8.4713116853e+01    1.2800000000e+04    2.8372516768e-02    8.3234375000e-01
        43   -3.7793624422e+01    1.6837499284e+03   -7.2781793460e+01    3.4988169038e+01    1.2074507160e+01   -8.4856300620e+01    1.2800000000e+04    2.8347757808e-02    8.3154947917e-01
        44   -3.7475323023e+01    1.4250161786e+03   -7.0926265054e+01    3.3450942031e+01    1.2134721945e+01   -8.3060986999e+01    1.2800000000e+04    2.8317455737e-02    8.3230468750e-01
        45   -3.7327567170e+01    1.4163051431e+03   -7.1208325010e+01    3.3880757840e+01    1.2150428920e+01   -8.3358753929e+01    1.2800000000e+04    2.8328134155e-02    8.2927083333e-01
        46   -3.7523920213e+01    1.4252113244e+03   -7.1302130577e+01    3.3778210365e+01    1.1922548113e+01   -8.3224678690e+01    1.2800000000e+04    2.8335816060e-02    8.3044270833e-01
        47   -3.7202232358e+01    1.4167829062e+03   -7.1641864571e+01    3.4439632213e+01    1.2125758397e+01   -8.3767622967e+01    1.2800000000e+04    2.8323533340e-02    8.3158854167e-01
        48   -3.7530069571e+01    1.4265045400e+03   -7.1107173235e+01    3.3577103664e+01    1.2090511413e+01   -8.3197684648e+01    1.2800000000e+04    2.8319578994e-02    8.3167968750e-01
        49   -3.7337352682e+01    1.4189646125e+03   -7.1684181622e+01    3.4346828940e+01    1.1982059667e+01   -8.3666241289e+01    1.2800000000e+04    2.8343891421e-02    8.3113281250e-01
        50   -3.7377366344e+01    1.4209743620e+03   -7.2349747031e+01    3.4972380686e+01    1.1893693478e+01   -8.4243440509e+01    1.2800000000e+04    2.8303763047e-02    8.3118489583e-01
        51   -3.7158999929e+01    1.4057080893e+03   -7.2428152717e+01    3.5269152788e+01    1.2013248766e+01   -8.4441401484e+01    1.2800000000e+04    2.8318953369e-02    8.3197916667e-01
        52   -3.7429422575e+01    1.4240168962e+03   -7.2198786547e+01    3.4769363972e+01    1.2095905551e+01   -8.4294692098e+01    1.2800000000e+04    2.8374923574e-02    8.3351562500e-01
        53   -3.7458632892e+01    1.4213856585e+03   -7.1071063808e+01    3.3612430917e+01    1.2276979761e+01   -8.3348043570e+01    1.2800000000e+04    2.8325478760e-02    8.3184895833e-01
        54   -3.7865411330e+01    1.4938350878e+03   -7.3184887670e+01    3.5319476340e+01    1.2236711407e+01   -8.5421599077e+01    1.2800000000e+04    2.8331590488e-02    8.2971354167e-01
        55   -3.7319868388e+01    1.4224464944e+03   -7.2574735121e+01    3.5254866734e+01    1.1966926391e+01   -8.4541661513e+01    1.2800000000e+04    2.8395409067e-02    8.3539062500e-01
        56   -3.7716933836e+01    1.4920885857e+03   -7.1163044868e+01    3.3446111032e+01    1.2132305731e+01   -8.3295350599e+01    1.2800000000e+04    2.8392827920e-02    8.3667968750e-01
        57   -3.7720355810e+01    1.6630554280e+03   -7.2100989718e+01    3.4380633909e+01    1.1922398507e+01   -8.4023388225e+01    1.2800000000e+04    2.8336846831e-02    8.3227864583e-01
        58   -3.8252800983e+01    2.3060993696e+03   -7.4970026170e+01    3.6717225186e+01    1.1949586930e+01   -8.6919613099e+01    1.2800000000e+04    2.8343531567e-02    8.3078125000e-01
        59   -3.9297870202e+01    2.4488254970e+03   -7.5634443337e+01    3.6336573135e+01    1.2156112303e+01   -8.7790555640e+01    1.2800000000e+04    2.8354079570e-02    8.3226562500e-01
        60   -3.7446792030e+01    1.5158026150e+03   -7.2747703777e+01    3.5300911747e+01    1.2026486217e+01   -8.4774189994e+01    1.2800000000e+04    2.8308416519e-02    8.2971354167e-01
        61   -3.7269043795e+01    1.4317697370e+03   -7.0229765677e+01    3.2960721883e+01    1.2035752958e+01   -8.2265518636e+01    1.2800000000e+04    2.8349290093e-02    8.3371093750e-01
        62   -3.7328523894e+01    1.4185956584e+03   -7.2335093847e+01    3.5006569953e+01    1.2022885550e+01   -8.4357979397e+01    1.2800000000e+04    2.8300139976e-02    8.3015625000e-01
        63   -3.9032209242e+01    2.7637612748e+03   -7.3805203320e+01    3.4772994077e+01    1.2065629803e+01   -8.5870833123e+01    1.2800000000e+04    2.8339840347e-02    8.3259114583e-01
        64   -3.7606932120e+01    1.4698191564e+03   -7.3287160371e+01    3.5680228252e+01    1.2041752012e+01   -8.5328912383e+01    1.2800000000e+04    2.8289347456e-02    8.2820312500e-01
        65   -3.7618740852e+01    1.4514172689e+03   -7.3267889289e+01    3.5649148437e+01    1.2149956473e+01   -8.5417845762e+01    1.2800000000e+04    2.8312093398e-02    8.3192708333e-01
        66   -3.7309301628e+01    1.4119423293e+03   -7.0316697633e+01    3.3007396005e+01    1.2022973576e+01   -8.2339671208e+01    1.2800000000e+04    2.8259240601e-02    8.3213541667e-01
        67   -3.7094039911e+01    1.4025160406e+03   -7.1486268429e+01    3.4392228518e+01    1.1838438220e+01   -8.3324706649e+01    1.2800000000e+04    2.8269305879e-02    8.3449218750e-01
        68   -3.7630199630e+01    1.5339530345e+03   -7.1913668687e+01    3.4283469057e+01    1.1982304731e+01   -8.3895973418e+01    1.2800000000e+04    2.8232978359e-02    8.3171875000e-01
        69   -3.8990056819e+01    2.7508142276e+03   -7.2890984736e+01    3.3900927917e+01    1.2012160081e+01   -8.4903144818e+01    1.2800000000e+04    2.8286911470e-02    8.3305989583e-01
        70   -3.9367716512e+01    2.5905706088e+03   -7.6162476347e+01    3.6794759836e+01    1.2191589744e+01   -8.8354066092e+01    1.2800000000e+04    2.8204743374e-02    8.3002604167e-01
        71   -3.7079070082e+01    1.4018524141e+03   -7.3212515635e+01    3.6133445553e+01    1.2067895176e+01   -8.5280410811e+01    1.2800000000e+04    2.8266413936e-02    8.3134114583e-01
        72   -3.7249700293e+01    1.4086151625e+03   -7.1795081999e+01    3.4545381706e+01    1.2003572202e+01   -8.3798654200e+01    1.2800000000e+04    2.8303571528e-02    8.3289062500e-01
        73   -3.7398828437e+01    1.4192436448e+03   -7.2347670101e+01    3.4948841664e+01    1.2234951638e+01   -8.4582621739e+01    1.2800000000e+04    2.8304173374e-02    8.3466145833e-01
        74   -3.7831186692e+01    1.4945733024e+03   -7.3122095133e+01    3.5290908441e+01    1.2123858098e+01   -8.5245953231e+01    1.2800000000e+04    2.8260384878e-02    8.3250000000e-01
        75   -3.7241037995e+01    1.4078520301e+03   -7.3751286152e+01    3.6510248157e+01    1.2143231140e+01   -8.5894517292e+01    1.2800000000e+04    2.8278476284e-02    8.3264322917e-01
        76   -3.7536690958e+01    1.4993810064e+03   -7.4147493333e+01    3.6610802375e+01    1.2046832457e+01   -8.6194325790e+01    1.2800000000e+04    2.8268885610e-02    8.3170572917e-01
        77   -3.7655736084e+01    1.4644408163e+03   -7.4755940974e+01    3.7100204889e+01    1.2273979064e+01   -8.7029920038e+01    1.2800000000e+04    2.8221511895e-02    8.2996093750e-01
        78   -3.7934633704e+01    1.7423613087e+03   -7.4299487901e+01    3.6364854197e+01    1.2161583137e+01   -8.6461071037e+01    1.2800000000e+04    2.8252935820e-02    8.3208333333e-01
        79   -3.7319804579e+01    1.4192172111e+03   -7.3134980487e+01    3.5815175908e+01    1.2130235003e+01   -8.5265215490e+01    1.2800000000e+04    2.8236489023e-02    8.3020833333e-01
        80   -3.7381956548e+01    1.4262401088e+03   -7.0980078151e+01    3.3598121602e+01    1.2047598622e+01   -8.3027676773e+01    1.2800000000e+04    2.8305719229e-02    8.3398437500e-01
        81   -3.7596446336e+01    1.4545061756e+03   -6.9588417892e+01    3.1991971556e+01    1.1930701126e+01   -8.1519119017e+01    1.2800000000e+04    2.8285529346e-02    8.3425781250e-01
        82   -3.7267444976e+01    1.4131838792e+03   -7.3123887529e+01    3.5856442554e+01    1.1976514440e+01   -8.5100401969e+01    1.2800000000e+04    2.8230013184e-02    8.3010416667e-01
        83   -3.7625271818e+01    1.4524844171e+03   -7.4201734574e+01    3.6576462756e+01    1.2115412065e+01   -8.6317146639e+01    1.2800000000e+04    2.8240742007e-02    8.3221354167e-01
        84   -3.7278393270e+01    1.4114216959e+03   -7.1729489138e+01    3.4451095868e+01    1.2082334862e+01   -8.3811824000e+01    1.2800000000e+04    2.8263568818e-02    8.3320312500e-01
        85   -3.8048179570e+01    2.1198777635e+03   -7.1819481169e+01    3.3771301599e+01    1.2051703140e+01   -8.3871184308e+01    1.2800000000e+04    2.8277414844e-02    8.3295572917e-01
        86   -3.7186754157e+01    1.4138797547e+03   -7.1688016662e+01    3.4501262505e+01    1.2210177044e+01   -8.3898193706e+01    1.2800000000e+04    2.8252737183e-02    8.3251302083e-01
        87   -3.8056911379e+01    1.5642388112e+03   -7.4389795447e+01    3.6332884068e+01    1.2094328977e+01   -8.6484124425e+01    1.2800000000e+04    2.8277942554e-02    8.3286458333e-01
        88   -3.7622425671e+01    1.4663597856e+03   -7.2029599791e+01    3.4407174120e+01    1.1939855185e+01   -8.3969454976e+01    1.2800000000e+04    2.8297309082e-02    8.3485677083e-01
        89   -3.7820572427e+01    1.4721736478e+03   -7.1626554462e+01    3.3805982035e+01    1.2067055571e+01   -8.3693610033e+01    1.2800000000e+04    2.8255548145e-02    8.3188802083e-01
        90   -3.8190544649e+01    1.6491657748e+03   -7.4213333993e+01    3.6022789345e+01    1.2039171442e+01   -8.6252505435e+01    1.2800000000e+04    2.8233013638e-02    8.3062500000e-01
        91   -3.7450948114e+01    1.4391733049e+03   -7.0821673132e+01    3.3370725018e+01    1.1924751671e+01   -8.2746424803e+01    1.2800000000e+04    2.8250569106e-02    8.3212239583e-01
        92   -3.7450015013e+01    1.4247107571e+03   -7.1512966188e+01    3.4062951176e+01    1.1990256877e+01   -8.3503223065e+01    1.2800000000e+04    2.8246339058e-02    8.3257812500e-01
        93   -3.7173208562e+01    1.3998142185e+03   -6.9832990932e+01    3.2659782370e+01    1.2018963509e+01   -8.1851954441e+01    1.2800000000e+04    2.8256022363e-02    8.3114583333e-01
        94   -3.8099845556e+01    1.5380569494e+03   -7.2858929032e+01    3.4759083476e+01    1.2193045801e+01   -8.5051974833e+01    1.2800000000e+04    2.8265911948e-02    8.3165364583e-01
        95   -3.7408375196e+01    1.4207372053e+03   -7.1611352555e+01    3.4202977358e+01    1.2040149014e+01   -8.3651501569e+01    1.2800000000e+04    2.8250737935e-02    8.3118489583e-01
        96   -3.7232472702e+01    1.4063691462e+03   -7.0995795713e+01    3.3763323010e+01    1.1954747528e+01   -8.2950543240e+01    1.2800000000e+04    2.8263957515e-02    8.3425781250e-01
        97   -3.7334854432e+01    1.4377534614e+03   -7.2609352884e+01    3.5274498453e+01    1.2247923943e+01   -8.4857276827e+01    1.2800000000e+04    2.8252457383e-02    8.3272135417e-01
        98   -3.7640802583e+01    1.4932337761e+03   -7.2191310258e+01    3.4550507675e+01    1.1884982415e+01   -8.4076292673e+01    1.2800000000e+04    2.8255887124e-02    8.3136718750e-01
        99   -3.7406602002e+01    1.4323182607e+03   -7.2785868045e+01    3.5379266043e+01    1.1926341795e+01   -8.4712209840e+01    1.2800000000e+04    2.8241725933e-02    8.3104166667e-01
       100   -3.7630310006e+01    1.4776059547e+03   -7.1376525183e+01    3.3746215177e+01    1.1939927461e+01   -8.3316452644e+01    1.2800000000e+04    2.8264047529e-02    8.3264322917e-01
       101   -3.7234987262e+01    1.4045067593e+03   -7.2443823393e+01    3.5208836132e+01    1.2131866206e+01   -8.4575689599e+01    1.2800000000e+04    2.8208243657e-02    8.3048177083e-01
       102   -3.7458847721e+01    1.4235880160e+03   -7.1913049466e+01    3.4454201745e+01    1.2087269805e+01   -8.4000319271e+01    1.2800000000e+04    2.8244286006e-02    8.3207031250e-01
       103   -3.7380207093e+01    1.4490830512e+03   -7.4128777460e+01    3.6748570368e+01    1.1903067652e+01   -8.6031845112e+01    1.2800000000e+04    2.8206968765e-02    8.3195312500e-01
       104   -3.7676744097e+01    1.5274591827e+03   -7.4530796099e+01    3.6854052002e+01    1.2213556641e+01   -8.6744352740e+01    1.2800000000e+04    2.8220405190e-02    8.2890625000e-01
       105   -3.7187291277e+01    1.4153643298e+03   -7.2148853121e+01    3.4961561843e+01    1.1993178063e+01   -8.4142031184e+01    1.2800000000e+04    2.8266665674e-02    8.3373697917e-01
       106   -3.7532798504e+01    1.4425753110e+03   -7.4233449743e+01    3.6700651239e+01    1.2204231604e+01   -8.6437681347e+01    1.2800000000e+04    2.8227064551e-02    8.2936197917e-01
       107   -3.7570647644e+01    1.4372931989e+03   -7.4419111163e+01    3.6848463519e+01    1.2139473332e+01   -8.6558584495e+01    1.2800000000e+04    2.8259570513e-02    8.2985677083e-01
       108   -3.7378582481e+01    1.4191130601e+03   -7.2102821892e+01    3.4724239412e+01    1.1985866580e+01   -8.4088688473e+01    1.2800000000e+04    2.8300140610e-02    8.3320312500e-01
       109   -3.7686947353e+01    1.5018965412e+03   -7.3762810863e+01    3.6075863510e+01    1.2168434885e+01   -8.5931245748e+01    1.2800000000e+04    2.8240586211e-02    8.3005208333e-01
       110   -3.7479164582e+01    1.4273327080e+03   -7.1242610467e+01    3.3763445885e+01    1.2176150015e+01   -8.3418760481e+01    1.2800000000e+04    2.8244199526e-02    8.3291666667e-01
       111   -3.7839985581e+01    1.6015962028e+03   -7.3271268300e+01    3.5431282719e+01    1.2072559251e+01   -8.5343827551e+01    1.2800000000e+04    2.8290134346e-02    8.3407552083e-01
       112   -3.7531264568e+01    1.4444347270e+03   -7.2837719487e+01    3.5306454919e+01    1.1985122405e+01   -8.4822841892e+01    1.2800000000e+04    2.8302272368e-02    8.3382812500e-01
       113   -3.7716120180e+01    1.5913031062e+03   -7.2920790550e+01    3.5204670370e+01    1.2013177001e+01   -8.4933967551e+01    1.2800000000e+04    2.8264169937e-02    8.3272135417e-01
       114   -3.7429461254e+01    1.4164354870e+03   -7.0203073696e+01    3.2773612443e+01    1.1941513893e+01   -8.2144587589e+01    1.2800000000e+04    2.8276558784e-02    8.3393229167e-01
       115   -3.7247425830e+01    1.4287426164e+03   -7.2684600684e+01    3.5437174855e+01    1.2029027603e+01   -8.4713628288e+01    1.2800000000e+04    2.8269188374e-02    8.3286458333e-01
       116   -3.7726569579e+01    1.6445896387e+03   -7.4194186094e+01    3.6467616515e+01    1.1880662266e+01   -8.6074848360e+01    1.2800000000e+04    2.8232726899e-02    8.3234375000e-01
       117   -3.7478404568e+01    1.5047961378e+03   -7.1337680009e+01    3.3859275441e+01    1.2003757386e+01   -8.3341437395e+01    1.2800000000e+04    2.8290685796e-02    8.3480468750e-01
       118   -3.7360871907e+01    1.4497156124e+03   -7.2815820911e+01    3.5454949003e+01    1.2011680359e+01   -8.4827501269e+01    1.2800000000e+04    2.8303498237e-02    8.3454427083e-01
       119   -3.7252240024e+01    1.4092939320e+03   -7.2089275403e+01    3.4837035379e+01    1.2055860996e+01   -8.4145136399e+01    1.2800000000e+04    2.8300801787e-02    8.3446614583e-01
       120   -3.7370858652e+01    1.4185858007e+03   -7.2761997035e+01    3.5391138382e+01    1.2156432797e+01   -8.4918429832e+01    1.2800000000e+04    2.8263842529e-02    8.2910156250e-01
       121   -3.7584387988e+01    1.4844039775e+03   -7.2470186787e+01    3.4885798799e+01    1.2121832647e+01   -8.4592019434e+01    1.2800000000e+04    2.8284191382e-02    8.3216145833e-01
       122   -3.7587905368e+01    1.4496013725e+03   -7.3555073120e+01    3.5967167752e+01    1.1985666709e+01   -8.5540739828e+01    1.2800000000e+04    2.8192821689e-02    8.2638020833e-01
       123   -3.7436692759e+01    1.4261568448e+03   -7.1529318446e+01    3.4092625687e+01    1.2098072374e+01   -8.3627390820e+01    1.2800000000e+04    2.8308664805e-02    8.3359375000e-01
       124   -3.7173479618e+01    1.4062726670e+03   -7.2892340235e+01    3.5718860618e+01    1.2079969555e+01   -8.4972309790e+01    1.2800000000e+04    2.8293844897e-02    8.3199218750e-01
       125   -3.8233313273e+01    1.9362189356e+03   -7.2729206389e+01    3.4495893116e+01    1.2101440177e+01   -8.4830646566e+01    1.2800000000e+04    2.8243588228e-02    8.3117187500e-01
       126   -3.7580556228e+01    1.5203652581e+03   -7.3207592663e+01    3.5627036435e+01    1.2012594834e+01   -8.5220187497e+01    1.2800000000e+04    2.8296876265e-02    8.3486979167e-01
       127   -3.7827456781e+01    1.6396674659e+03   -7.0382514286e+01    3.2555057505e+01    1.2092913483e+01   -8.2475427768e+01    1.2800000000e+04    2.8331617075e-02    8.3484375000e-01
       128   -3.7718446672e+01    1.5092608905e+03   -7.3356465011e+01    3.5638018339e+01    1.2300658844e+01   -8.5657123855e+01    1.2800000000e+04    2.8285299141e-02    8.3057291667e-01
       129   -3.8303668874e+01    1.8356543949e+03   -7.5035701119e+01    3.6732032245e+01    1.2087047366e+01   -8.7122748486e+01    1.2800000000e+04    2.8255794771e-02    8.2988281250e-01
       130   -3.7436132157e+01    1.4394703286e+03   -7.1418428274e+01    3.3982296117e+01    1.2068960858e+01   -8.3487389133e+01    1.2800000000e+04    2.8298566304e-02    8.3255208333e-01
       131   -3.7181214192e+01    1.4030294940e+03   -7.2957124702e+01    3.5775910509e+01    1.2040169906e+01   -8.4997294607e+01    1.2800000000e+04    2.8286624985e-02    8.3087239583e-01
       132   -3.7362486178e+01    1.4163936806e+03   -7.1019964714e+01    3.3657478536e+01    1.2007537452e+01   -8.3027502166e+01    1.2800000000e+04    2.8307821782e-02    8.3220052083e-01
       133   -3.7282640806e+01    1.4147188220e+03   -7.1499590529e+01    3.4216949723e+01    1.1948592071e+01   -8.3448182600e+01    1.2800000000e+04    2.8249017627e-02    8.3148437500e-01
       134   -3.7598521263e+01    1.4349556233e+03   -7.3192326879e+01    3.5593805616e+01    1.2076675910e+01   -8.5269002789e+01    1.2800000000e+04    2.8247965264e-02    8.2916666667e-01
       135   -3.7222942521e+01    1.5458926586e+03   -7.2668483799e+01    3.5445541277e+01    1.2172663926e+01   -8.4841147725e+01    1.2800000000e+04    2.8282732881e-02    8.3345052083e-01
       136   -3.7327429227e+01    1.4157643486e+03   -7.0031134062e+01    3.2703704836e+01    1.1988610746e+01   -8.2019744808e+01    1.2800000000e+04    2.8323091953e-02    8.3513020833e-01
       137   -3.7724074996e+01    1.5250931409e+03   -7.3834346455e+01    3.6110271459e+01    1.2140892344e+01   -8.5975238799e+01    1.2800000000e+04    2.8287229761e-02    8.3221354167e-01
       138   -3.7659451505e+01    1.5463312053e+03   -7.3097828825e+01    3.5438377321e+01    1.2086471314e+01   -8.5184300140e+01    1.2800000000e+04    2.8264392187e-02    8.3003906250e-01
       139   -3.7214148607e+01    1.4102267260e+03   -7.3277256031e+01    3.6063107424e+01    1.2135198893e+01   -8.5412454924e+01    1.2800000000e+04    2.8281107646e-02    8.3167968750e-01
       140   -3.7559881328e+01    1.4598310408e+03   -7.2484457575e+01    3.4924576248e+01    1.2062379063e+01   -8.4546836638e+01    1.2800000000e+04    2.8296976733e-02    8.3359375000e-01
       141   -3.7470044845e+01    1.4433335823e+03   -7.1943318292e+01    3.4473273447e+01    1.2190162729e+01   -8.4133481021e+01    1.2800000000e+04    2.8254882603e-02    8.3328125000e-01
       142   -3.8725969018e+01    2.2721581053e+03   -7.4545748254e+01    3.5819779237e+01    1.2128466643e+01   -8.6674214898e+01    1.2800000000e+04    2.8241835635e-02    8.3036458333e-01
       143   -3.7641419063e+01    1.5776328746e+03   -7.0481238317e+01    3.2839819254e+01    1.2025055170e+01   -8.2506293487e+01    1.2800000000e+04    2.8329769834e-02    8.3636718750e-01
       144   -3.8087044410e+01    1.5980950170e+03   -7.3038495281e+01    3.4951450871e+01    1.2030482767e+01   -8.5068978048e+01    1.2800000000e+04    2.8268367129e-02    8.3156250000e-01
       145   -3.7443596991e+01    1.4547478502e+03   -7.4074577292e+01    3.6630980301e+01    1.2277139553e+01   -8.6351716844e+01    1.2800000000e+04    2.8257970283e-02    8.3011718750e-01
       146   -3.7582684102e+01    1.4632051511e+03   -7.2557724765e+01    3.4975040663e+01    1.2158396801e+01   -8.4716121566e+01    1.2800000000e+04    2.8254921016e-02    8.3001302083e-01
       147   -3.7506047665e+01    1.4307638860e+03   -7.1395337516e+01    3.3889289851e+01    1.2154562939e+01   -8.3549900455e+01    1.2800000000e+04    2.8276733564e-02    8.3084635417e-01
       148   -3.7400674751e+01    1.4292910380e+03   -7.2158578175e+01    3.4757903423e+01    1.2104937948e+01   -8.4263516123e+01    1.2800000000e+04    2.8266390898e-02    8.3341145833e-01
       149   -3.8354645356e+01    1.8637696820e+03   -7.3511681315e+01    3.5157035959e+01    1.2142288032e+01   -8.5653969347e+01    1.2800000000e+04    2.8225792031e-02    8.2842447917e-01
       150   -3.7325770394e+01    1.5405109717e+03   -7.2209124331e+01    3.4883353938e+01    1.2047979532e+01   -8.4257103863e+01    1.2800000000e+04    2.8302076685e-02    8.3239583333e-01
       151   -3.7401453378e+01    1.4412670791e+03   -7.1146474988e+01    3.3745021609e+01    1.2135005728e+01   -8.3281480716e+01    1.2800000000e+04    2.8253788999e-02    8.2983072917e-01
       152   -3.7404177474e+01    1.4335978619e+03   -7.1492445180e+01    3.4088267707e+01    1.2083115650e+01   -8.3575560831e+01    1.2800000000e+04    2.8303894805e-02    8.3309895833e-01
       153   -3.7413747269e+01    1.4243207605e+03   -7.1322769720e+01    3.3909022451e+01    1.2093223157e+01   -8.3415992877e+01    1.2800000000e+04    2.8329831377e-02    8.3259114583e-01
       154   -3.7417231593e+01    1.4184229362e+03   -7.0542444128e+01    3.3125212534e+01    1.1964810514e+01   -8.2507254642e+01    1.2800000000e+04    2.8299803848e-02    8.3463541667e-01
       155   -3.7410469989e+01    1.4198586945e+03   -7.1056810001e+01    3.3646340013e+01    1.2050621900e+01   -8.3107431901e+01    1.2800000000e+04    2.8259453140e-02    8.3156250000e-01
       156   -3.7058616698e+01    1.3926357161e+03   -7.1507395525e+01    3.4448778827e+01    1.2119521606e+01   -8.3626917131e+01    1.2800000000e+04    2.8273007627e-02    8.3195312500e-01
       157   -3.7403806021e+01    1.4224816480e+03   -7.2182536137e+01    3.4778730116e+01    1.2050974898e+01   -8.4233511035e+01    1.2800000000e+04    2.8287611689e-02    8.3242187500e-01
       158   -3.8079928976e+01    1.6271838224e+03   -7.4867419866e+01    3.6787490891e+01    1.2041038855e+01   -8.6908458722e+01    1.2800000000e+04    2.8252726958e-02    8.2989583333e-01
       159   -3.6978323337e+01    1.3983036074e+03   -7.6026776070e+01    3.9048452733e+01    1.2155543538e+01   -8.8182319607e+01    1.2800000000e+04    2.8289347842e-02    8.3151041667e-01
       160   -3.7750865755e+01    1.4853672572e+03   -7.4001141616e+01    3.6250275861e+01    1.2104528531e+01   -8.6105670146e+01    1.2800000000e+04    2.8282848018e-02    8.3123697917e-01
       161   -3.7353699016e+01    1.4204198600e+03   -7.1922716369e+01    3.4569017353e+01    1.1886250107e+01   -8.3808966476e+01    1.2800000000e+04    2.8304074883e-02    8.3526041667e-01
       162   -3.7667303019e+01    1.4642031849e+03   -7.1105329119e+01    3.3438026100e+01    1.2013597878e+01   -8.3118926997e+01    1.2800000000e+04    2.8258627446e-02    8.3255208333e-01
       163   -3.7404817941e+01    1.4256456966e+03   -7.2909441982e+01    3.5504624041e+01    1.1997683406e+01   -8.4907125388e+01    1.2800000000e+04    2.8296331719e-02    8.3342447917e-01
       164   -3.7218262764e+01    1.4084519518e+03   -7.3400635525e+01    3.6182372762e+01    1.2149587141e+01   -8.5550222666e+01    1.2800000000e+04    2.8256102930e-02    8.2990885417e-01
       165   -3.7653388469e+01    1.4375983524e+03   -7.1282444744e+01    3.3629056275e+01    1.2097586305e+01   -8.3380031049e+01    1.2800000000e+04    2.8277094165e-02    8.3080729167e-01
       166   -3.7504655341e+01    1.4215559416e+03   -6.9445450144e+01    3.1940794802e+01    1.2142346142e+01   -8.1587796285e+01    1.2800000000e+04    2.8295112915e-02    8.3131510417e-01
       167   -4.0247943096e+01    2.3248752599e+04   -7.3945496816e+01    3.3697553720e+01    1.2182340748e+01   -8.6127837565e+01    1.2800000000e+04    2.8282165859e-02    8.3093750000e-01
       168   -3.7461928767e+01    1.4626716984e+03   -7.0820744166e+01    3.3358815399e+01    1.2038781004e+01   -8.2859525170e+01    1.2800000000e+04    2.8261557402e-02    8.3217447917e-01
       169   -3.7317772484e+01    1.4234698522e+03   -7.1585476545e+01    3.4267704061e+01    1.1938191992e+01   -8.3523668537e+01    1.2800000000e+04    2.8252414663e-02    8.3126302083e-01
       170   -3.7993987013e+01    1.7945672979e+03   -7.2285156259e+01    3.4291169247e+01    1.2033609370e+01   -8.4318765629e+01    1.2800000000e+04    2.8309793223e-02    8.3389322917e-01
       171   -3.7383127857e+01    1.4170751074e+03   -7.1093365302e+01    3.3710237444e+01    1.1919248579e+01   -8.3012613881e+01    1.2800000000e+04    2.8297961577e-02    8.3307291667e-01
       172   -3.8647264663e+01    1.9994081941e+03   -7.2733537260e+01    3.4086272597e+01    1.2109321880e+01   -8.4842859140e+01    1.2800000000e+04    2.8301307827e-02    8.3390625000e-01
       173   -3.7301092370e+01    1.4299574690e+03   -7.2471587707e+01    3.5170495337e+01    1.2132638483e+01   -8.4604226190e+01    1.2800000000e+04    2.8279254741e-02    8.3156250000e-01
       174   -3.7701845160e+01    1.4785715992e+03   -7.2261784264e+01    3.4559939104e+01    1.2154210511e+01   -8.4415994775e+01    1.2800000000e+04    2.8255680391e-02    8.3105468750e-01
       175   -3.7528709187e+01    1.4432526333e+03   -7.3370072315e+01    3.5841363127e+01    1.2104172368e+01   -8.5474244683e+01    1.2800000000e+04    2.8276195298e-02    8.3263020833e-01
       176   -3.7453534499e+01    1.4863618228e+03   -7.4327527776e+01    3.6873993277e+01    1.2164546243e+01   -8.6492074019e+01    1.2800000000e+04    2.8253649341e-02    8.2884114583e-01
       177   -3.8655180601e+01    1.9335790946e+03   -7.6173855007e+01    3.7518674405e+01    1.2163593436e+01   -8.8337448443e+01    1.2800000000e+04    2.8302217466e-02    8.3152343750e-01
       178   -3.8333048655e+01    2.3154945751e+03   -7.4758054042e+01    3.6425005388e+01    1.2141340783e+01   -8.6899394825e+01    1.2800000000e+04    2.8256810615e-02    8.3062500000e-01
       179   -3.7654917332e+01    1.4342458124e+03   -7.0402630307e+01    3.2747712975e+01    1.1985573236e+01   -8.2388203543e+01    1.2800000000e+04    2.8278175996e-02    8.3278645833e-01
       180   -3.7421013938e+01    1.4221652792e+03   -7.2809318062e+01    3.5388304123e+01    1.1964162562e+01   -8.4773480624e+01    1.2800000000e+04    2.8323695923e-02    8.3414062500e-01
       181   -3.7976930479e+01    2.3544769652e+03   -7.3507826179e+01    3.5530895700e+01    1.2106968669e+01   -8.5614794847e+01    1.2800000000e+04    2.8249693896e-02    8.3029947917e-01
       182   -3.7024890135e+01    1.3905710220e+03   -7.2683906047e+01    3.5659015912e+01    1.2055266617e+01   -8.4739172664e+01    1.2800000000e+04    2.8265289961e-02    8.3243489583e-01
       183   -3.7424315237e+01    1.4201329981e+03   -7.2310755584e+01    3.4886440346e+01    1.1943110971e+01   -8.4253866555e+01    1.2800000000e+04    2.8216600972e-02    8.2967447917e-01
       184   -3.7411861666e+01    1.4343072758e+03   -7.0953683045e+01    3.3541821379e+01    1.2124174004e+01   -8.3077857049e+01    1.2800000000e+04    2.8308489844e-02    8.3483072917e-01
       185   -3.7458135702e+01    1.5190833181e+03   -7.1481059360e+01    3.4022923658e+01    1.1948865852e+01   -8.3429925212e+01    1.2800000000e+04    2.8291534521e-02    8.3161458333e-01
       186   -3.7419625460e+01    1.4328569854e+03   -7.1926790685e+01    3.4507165224e+01    1.1999805801e+01   -8.3926596485e+01    1.2800000000e+04    2.8296046040e-02    8.3192708333e-01
       187   -3.7736951376e+01    1.4632704129e+03   -7.1547399434e+01    3.3810448058e+01    1.1900353186e+01   -8.3447752619e+01    1.2800000000e+04    2.8311390718e-02    8.3501302083e-01
       188   -3.8048388504e+01    2.1109172499e+03   -7.3631078856e+01    3.5582690352e+01    1.2063258918e+01   -8.5694337774e+01    1.2800000000e+04    2.8255520532e-02    8.3054687500e-01
       189   -3.7514495802e+01    1.5037199293e+03   -7.4536833400e+01    3.7022337597e+01    1.2151075260e+01   -8.6687908660e+01    1.2800000000e+04    2.8268722842e-02    8.3152343750e-01
       190   -3.7595307884e+01    1.4688067248e+03   -7.4062224074e+01    3.6466916190e+01    1.2098871945e+01   -8.6161096019e+01    1.2800000000e+04    2.8284548560e-02    8.3127604167e-01
       191   -3.7365642094e+01    1.4224651298e+03   -7.2844550646e+01    3.5478908552e+01    1.2094027164e+01   -8.4938577809e+01    1.2800000000e+04    2.8295379473e-02    8.3252604167e-01
       192   -3.7246307523e+01    1.4062003230e+03   -7.0598508127e+01    3.3352200603e+01    1.1917251415e+01   -8.2515759542e+01    1.2800000000e+04    2.8456017295e-02    8.3196614583e-01
       193   -3.7450213623e+01    1.4488402918e+03   -7.2651665557e+01    3.5201451935e+01    1.2080694149e+01   -8.4732359706e+01    1.2800000000e+04    2.8279403472e-02    8.3117187500e-01
       194   -3.7318379681e+01    1.4097226562e+03   -7.1192013766e+01    3.3873634085e+01    1.2073000154e+01   -8.3265013920e+01    1.2800000000e+04    2.8255446938e-02    8.3097656250e-01
       195   -3.7188307755e+01    1.4060165702e+03   -7.3023455101e+01    3.5835147346e+01    1.2069535231e+01   -8.5092990331e+01    1.2800000000e+04    2.8265734019e-02    8.2985677083e-01
       196   -3.7889040187e+01    1.7637224640e+03   -7.3485336978e+01    3.5596296790e+01    1.1957754163e+01   -8.5443091141e+01    1.2800000000e+04    2.8297419028e-02    8.3233072917e-01
       197   -3.8319454112e+01    1.9140939958e+03   -7.3338238719e+01    3.5018784607e+01    1.2153299170e+01   -8.5491537889e+01    1.2800000000e+04    2.8252110625e-02    8.3078125000e-01
       198   -3.7769815376e+01    1.5698426799e+03   -7.2631670141e+01    3.4861854765e+01    1.2118711380e+01   -8.4750381521e+01    1.2800000000e+04    2.8320841201e-02    8.3333333333e-01
       199   -3.7648951167e+01    1.5362412381e+03   -7.2540010811e+01    3.4891059644e+01    1.1967031517e+01   -8.4507042328e+01    1.2800000000e+04    2.8291985103e-02    8.3075520833e-01
       200   -3.7448192959e+01    1.4681597238e+03   -7.3580370809e+01    3.6132177851e+01    1.2023336777e+01   -8.5603707586e+01    1.2800000000e+04    2.8260964155e-02    8.3252604167e-01
       201   -3.8091398115e+01    1.6821135267e+03   -7.5376416085e+01    3.7285017970e+01    1.2104054242e+01   -8.7480470328e+01    1.2800000000e+04    2.8292295425e-02    8.3123697917e-01
       202   -3.7254388669e+01    1.4075398157e+03   -7.1857681640e+01    3.4603292971e+01    1.1964226484e+01   -8.3821908123e+01    1.2800000000e+04    2.8329404731e-02    8.3309895833e-01
       203   -3.7020895161e+01    1.3971896407e+03   -7.2701544489e+01    3.5680649328e+01    1.2015378625e+01   -8.4716923114e+01    1.2800000000e+04    2.8329823657e-02    8.3449218750e-01
       204   -3.7316854867e+01    1.4486190981e+03   -7.2357383205e+01    3.5040528338e+01    1.2060873537e+01   -8.4418256742e+01    1.2800000000e+04    2.8305740142e-02    8.3236979167e-01
       205   -3.7648465455e+01    1.4867070644e+03   -7.5801353165e+01    3.8152887710e+01    1.2188461120e+01   -8.7989814285e+01    1.2800000000e+04    2.8233293955e-02    8.2949218750e-01
       206   -3.7499853269e+01    1.4674964919e+03   -7.2764095125e+01    3.5264241856e+01    1.2153167242e+01   -8.4917262367e+01    1.2800000000e+04    2.8262139043e-02    8.3153645833e-01
       207   -3.7821250856e+01    1.5999155454e+03   -7.2460845923e+01    3.4639595067e+01    1.2061468313e+01   -8.4522314236e+01    1.2800000000e+04    2.8252812861e-02    8.3115885417e-01
       208   -3.7839843081e+01    1.5492365329e+03   -7.2537018253e+01    3.4697175172e+01    1.2157409888e+01   -8.4694428140e+01    1.2800000000e+04    2.8288221455e-02    8.3188802083e-01
       209   -3.9402117147e+01    2.3323312436e+03   -7.6530784874e+01    3.7128667727e+01    1.2033646892e+01   -8.8564431766e+01    1.2800000000e+04    2.8236846655e-02    8.3046875000e-01
       210   -3.7893297121e+01    1.6202270892e+03   -6.9915386243e+01    3.2022089123e+01    1.2145934690e+01   -8.2061320933e+01    1.2800000000e+04    2.8281531831e-02    8.3234375000e-01
       211   -3.7576191165e+01    1.4627128514e+03   -7.1812251558e+01    3.4236060394e+01    1.1975153051e+01   -8.3787404609e+01    1.2800000000e+04    2.8270389810e-02    8.3233072917e-01
       212   -3.8043791577e+01    2.0148706734e+03   -7.0924169782e+01    3.2880378205e+01    1.1887940711e+01   -8.2812110493e+01    1.2800000000e+04    2.8297094800e-02    8.3295572917e-01
       213   -3.7554470643e+01    1.4652261409e+03   -7.5300555850e+01    3.7746085206e+01    1.2242053108e+01   -8.7542608957e+01    1.2800000000e+04    2.8204807554e-02    8.2807291667e-01
       214   -3.7442470535e+01    1.4332794815e+03   -7.4235702781e+01    3.6793232246e+01    1.2068953809e+01   -8.6304656591e+01    1.2800000000e+04    2.8261831372e-02    8.3191406250e-01
       215   -3.7159198363e+01    1.4021889382e+03   -7.1923046902e+01    3.4763848538e+01    1.2132262922e+01   -8.4055309824e+01    1.2800000000e+04    2.8272764995e-02    8.3153645833e-01
       216   -3.7244530603e+01    1.4027277961e+03   -7.0122156289e+01    3.2877625686e+01    1.2193820950e+01   -8.2315977239e+01    1.2800000000e+04    2.8314677515e-02    8.3540364583e-01
       217   -3.7135624450e+01    1.3977659036e+03   -6.9808849785e+01    3.2673225335e+01    1.2071302637e+01   -8.1880152422e+01    1.2800000000e+04    2.8310658291e-02    8.3472656250e-01
       218   -3.7434474074e+01    1.4509783311e+03   -7.1446957540e+01    3.4012483466e+01    1.2014843976e+01   -8.3461801516e+01    1.2800000000e+04    2.8267638008e-02    8.3257812500e-01
       219   -3.7562380763e+01    1.4761932903e+03   -7.1961908370e+01    3.4399527608e+01    1.2204292405e+01   -8.4166200776e+01    1.2800000000e+04    2.8277899312e-02    8.3231770833e-01
       220   -3.8170515711e+01    1.9963720753e+03   -7.4310739824e+01    3.6140224113e+01    1.2075016128e+01   -8.6385755952e+01    1.2800000000e+04    2.8241759331e-02    8.3179687500e-01
       221   -3.7205033887e+01    1.4091392814e+03   -6.9882809071e+01    3.2677775184e+01    1.1971486384e+01   -8.1854295454e+01    1.2800000000e+04    2.8309181396e-02    8.3595052083e-01
       222   -3.7619426627e+01    1.4671623456e+03   -7.4650260335e+01    3.7030833708e+01    1.2069702526e+01   -8.6719962860e+01    1.2800000000e+04    2.8236868135e-02    8.3061197917e-01
       223   -3.7132476117e+01    1.4061339650e+03   -7.1907244849e+01    3.4774768732e+01    1.2075058637e+01   -8.3982303487e+01    1.2800000000e+04    2.8269381758e-02    8.3246093750e-01
       224   -3.7284205010e+01    1.4071793208e+03   -6.9227307003e+01    3.1943101994e+01    1.1945297613e+01   -8.1172604617e+01    1.2800000000e+04    2.8290870996e-02    8.3406250000e-01
       225   -3.7885079083e+01    1.7689764226e+03   -7.0742437514e+01    3.2857358431e+01    1.2047226415e+01   -8.2789663929e+01    1.2800000000e+04    2.8296385869e-02    8.3381510417e-01
       226   -3.7191574901e+01    1.4026679381e+03   -7.1266296092e+01    3.4074721191e+01    1.1978981008e+01   -8.3245277100e+01    1.2800000000e+04    2.8295139385e-02    8.3285156250e-01
       227   -3.7587893080e+01    1.4360842693e+03   -7.1702572535e+01    3.4114679455e+01    1.2172426438e+01   -8.3874998974e+01    1.2800000000e+04    2.8241233442e-02    8.2927083333e-01
       228   -3.7493251955e+01    1.4625540529e+03   -7.4198097759e+01    3.6704845804e+01    1.2131547440e+01   -8.6329645200e+01    1.2800000000e+04    2.8256374307e-02    8.2947916667e-01
       229   -3.7429852366e+01    1.4172027006e+03   -6.9733421200e+01    3.2303568835e+01    1.2109065208e+01   -8.1842486409e+01    1.2800000000e+04    2.8271326152e-02    8.3208333333e-01
       230   -3.7323732799e+01    1.4143848847e+03   -7.2147094614e+01    3.4823361815e+01    1.2213291904e+01   -8.4360386519e+01    1.2800000000e+04    2.8299743018e-02    8.3044270833e-01
       231   -3.7535127094e+01    1.4316788596e+03   -7.1105248869e+01    3.3570121775e+01    1.2140116226e+01   -8.3245365095e+01    1.2800000000e+04    2.8286421855e-02    8.3371093750e-01
       232   -3.7372551318e+01    1.4155559595e+03   -7.2688798584e+01    3.5316247265e+01    1.2074072669e+01   -8.4762871253e+01    1.2800000000e+04    2.8279917988e-02    8.3384114583e-01
       233   -3.7442534209e+01    1.4309230389e+03   -7.1520263695e+01    3.4077729486e+01    1.2187411749e+01   -8.3707675444e+01    1.2800000000e+04    2.8259902969e-02    8.3244791667e-01
       234   -3.7701166475e+01    1.4561469501e+03   -7.2717828899e+01    3.5016662425e+01    1.1980610674e+01   -8.4698439574e+01    1.2800000000e+04    2.8287873301e-02    8.3250000000e-01
       235   -3.7377884447e+01    1.4229322194e+03   -7.2116959421e+01    3.4739074974e+01    1.2097774630e+01   -8.4214734051e+01    1.2800000000e+04    2.8254145586e-02    8.3082031250e-01
       236   -3.7457551675e+01    1.4286202739e+03   -7.3291726475e+01    3.5834174800e+01    1.1961792553e+01   -8.5253519028e+01    1.2800000000e+04    2.8260515166e-02    8.3213541667e-01
       237   -3.7530844205e+01    1.4247727540e+03   -7.0371232552e+01    3.2840388347e+01    1.2182459532e+01   -8.2553692084e+01    1.2800000000e+04    2.8269248569e-02    8.3240885417e-01
       238   -3.7555449959e+01    1.4350505166e+03   -7.2542650942e+01    3.4987200983e+01    1.2124783526e+01   -8.4667434468e+01    1.2800000000e+04    2.8264205425e-02    8.2984375000e-01
       239   -3.7498758686e+01    1.4252189617e+03   -7.1677129960e+01    3.4178371274e+01    1.2221169600e+01   -8.3898299560e+01    1.2800000000e+04    2.8249096548e-02    8.3178385417e-01
       240   -3.7562167274e+01    1.4458413231e+03   -7.3590439264e+01    3.6028271989e+01    1.2053771086e+01   -8.5644210349e+01    1.2800000000e+04    2.8275949922e-02    8.3123697917e-01
       241   -3.7639307102e+01    1.4354180440e+03   -7.3790288658e+01    3.6150981556e+01    1.2273285743e+01   -8.6063574401e+01    1.2800000000e+04    2.8210401226e-02    8.2839843750e-01
       242   -3.7389630306e+01    1.4348830156e+03   -7.3197137539e+01    3.5807507233e+01    1.2069787187e+01   -8.5266924726e+01    1.2800000000e+04    2.8294211367e-02    8.3153645833e-01
       243   -3.7324379271e+01    1.4183793652e+03   -7.2674843041e+01    3.5350463770e+01    1.2121263057e+01   -8.4796106098e+01    1.2800000000e+04    2.8258989751e-02    8.2940104167e-01
       244   -3.7784231547e+01    1.6538099229e+03   -7.2532726656e+01    3.4748495110e+01    1.2007505410e+01   -8.4540232067e+01    1.2800000000e+04    2.8272816558e-02    8.3140625000e-01
       245   -3.9406761752e+01    2.8271567728e+03   -7.5082736115e+01    3.5675974363e+01    1.1918432087e+01   -8.7001168202e+01    1.2800000000e+04    2.8309823940e-02    8.3278645833e-01
       246   -3.7239017954e+01    1.4119981281e+03   -7.4014055879e+01    3.6775037925e+01    1.2099391441e+01   -8.6113447321e+01    1.2800000000e+04    2.8269661880e-02    8.3139322917e-01
       247   -3.7648439451e+01    1.4517528649e+03   -7.1848423078e+01    3.4199983627e+01    1.2215315140e+01   -8.4063738218e+01    1.2800000000e+04    2.8259764639e-02    8.2955729167e-01
       248   -3.7472420119e+01    1.4244781101e+03   -7.1040999752e+01    3.3568579633e+01    1.2117008321e+01   -8.3158008072e+01    1.2800000000e+04    2.8291006997e-02    8.3295572917e-01
       249   -3.7338724836e+01    1.4220549003e+03   -7.3305800119e+01    3.5967075283e+01    1.2178970255e+01   -8.5484770374e+01    1.2800000000e+04    2.8270657871e-02    8.3243489583e-01
       250   -3.7553222006e+01    1.4322304691e+03   -7.0456642820e+01    3.2903420813e+01    1.2081831134e+01   -8.2538473953e+01    1.2800000000e+04    2.8293506187e-02    8.3335937500e-01
       251   -3.7444508317e+01    1.4664654569e+03   -7.2410965469e+01    3.4966457152e+01    1.2025253018e+01   -8.4436218487e+01    1.2800000000e+04    2.8268582134e-02    8.3170572917e-01
       252   -3.7477247256e+01    1.4294175284e+03   -7.2941633086e+01    3.5464385830e+01    1.2007024074e+01   -8.4948657160e+01    1.2800000000e+04    2.8240863545e-02    8.3059895833e-01
       253   -3.7433167520e+01    1.4760905679e+03   -7.2645532272e+01    3.5212364752e+01    1.2097154084e+01   -8.4742686356e+01    1.2800000000e+04    2.8263739272e-02    8.3105468750e-01
       254   -3.7740349790e+01    1.5096657311e+03   -7.2533238693e+01    3.4792888903e+01    1.2088016943e+01   -8.4621255636e+01    1.2800000000e+04    2.8256891367e-02    8.2993489583e-01
       255   -3.8030464340e+01    1.6724175424e+03   -7.2083043349e+01    3.4052579010e+01    1.1874266778e+01   -8.3957310127e+01    1.2800000000e+04    2.8284735269e-02    8.3350260417e-01
       256   -3.7380515261e+01    1.4267710139e+03   -7.2878557081e+01    3.5498041820e+01    1.2186185467e+01   -8.5064742549e+01    1.2800000000e+04    2.8252539893e-02    8.3080729167e-01
       257   -3.8061277081e+01    1.7876575108e+03   -7.3186968830e+01    3.5125691749e+01    1.2157250308e+01   -8.5344219138e+01    1.2800000000e+04    2.8270110947e-02    8.3290364583e-01
       258   -3.7274448732e+01    1.4076023124e+03   -6.9395387627e+01    3.2120938895e+01    1.1968789994e+01   -8.1364177621e+01    1.2800000000e+04    2.8296376924e-02    8.3493489583e-01
       259   -3.8550148125e+01    1.7780134111e+03   -7.5229466738e+01    3.6679318614e+01    1.2234445716e+01   -8.7463912455e+01    1.2800000000e+04    2.8264063667e-02    8.3141927083e-01
       260   -3.7398518954e+01    1.4399295432e+03   -7.2739847215e+01    3.5341328261e+01    1.2106498496e+01   -8.4846345711e+01    1.2800000000e+04    2.8287938789e-02    8.3320312500e-01
       261   -3.7338006270e+01    1.4263690329e+03   -7.2086517817e+01    3.4748511547e+01    1.1988534651e+01   -8.4075052467e+01    1.2800000000e+04    2.8259411875e-02    8.3170572917e-01
       262   -3.7398550905e+01    1.4229866445e+03   -7.2897757578e+01    3.5499206673e+01    1.1968077719e+01   -8.4865835296e+01    1.2800000000e+04    2.8288022676e-02    8.3196614583e-01
       263   -3.7540989840e+01    1.4306631578e+03   -7.1972904782e+01    3.4431914943e+01    1.2191541436e+01   -8.4164446218e+01    1.2800000000e+04    2.8259893838e-02    8.3054687500e-01
       264   -3.7636345282e+01    1.4898949497e+03   -7.4714603385e+01    3.7078258104e+01    1.2112585257e+01   -8.6827188643e+01    1.2800000000e+04    2.8252683892e-02    8.3046875000e-01
       265   -3.8369684961e+01    1.7085263675e+03   -7.4622733993e+01    3.6253049031e+01    1.2127000849e+01   -8.6749734842e+01    1.2800000000e+04    2.8239467656e-02    8.3109375000e-01
       266   -3.7300868148e+01    1.4121793972e+03   -7.3577166028e+01    3.6276297880e+01    1.1975794323e+01   -8.5552960351e+01    1.2800000000e+04    2.8270813159e-02    8.3194010417e-01
       267   -3.7488312114e+01    1.4266785473e+03   -7.2266839260e+01    3.4778527146e+01    1.2140484589e+01   -8.4407323849e+01    1.2800000000e+04    2.8291789990e-02    8.3252604167e-01
       268   -3.7507338740e+01    1.4346387310e+03   -7.0774842417e+01    3.3267503676e+01    1.2001187787e+01   -8.2776030203e+01    1.2800000000e+04    2.8294104834e-02    8.3410156250e-01
       269   -3.7456564103e+01    1.4295004035e+03   -7.0973382881e+01    3.3516818778e+01    1.2139879777e+01   -8.3113262658e+01    1.2800000000e+04    2.8298430684e-02    8.3286458333e-01
       270   -3.7331529394e+01    1.4201999911e+03   -7.2680015289e+01    3.5348485895e+01    1.2178605582e+01   -8.4858620871e+01    1.2800000000e+04    2.8253342744e-02    8.3166666667e-01
       271   -3.7136057666e+01    1.4009997261e+03   -7.0740050008e+01    3.3603992342e+01    1.1979571815e+01   -8.2719621823e+01    1.2800000000e+04    2.8311876514e-02    8.3550781250e-01
       272   -3.7541737161e+01    1.4393136060e+03   -7.3322102530e+01    3.5780365369e+01    1.2064173261e+01   -8.5386275792e+01    1.2800000000e+04    2.8235431514e-02    8.3013020833e-01
       273   -3.7785997586e+01    1.5228988861e+03   -7.4553767166e+01    3.6767769580e+01    1.2135400695e+01   -8.6689167860e+01    1.2800000000e+04    2.8286442188e-02    8.3097656250e-01
       274   -3.7414818703e+01    1.4295180098e+03   -7.1695510294e+01    3.4280691591e+01    1.1967915712e+01   -8.3663426006e+01    1.2800000000e+04    2.8263184458e-02    8.3242187500e-01
       275   -3.7985950341e+01    1.5702818279e+03   -7.1696318080e+01    3.3710367740e+01    1.1975235075e+01   -8.3671553155e+01    1.2800000000e+04    2.8246251685e-02    8.3115885417e-01
       276   -3.7398430984e+01    1.4157608649e+03   -7.0445969526e+01    3.3047538542e+01    1.1934083284e+01   -8.2380052810e+01    1.2800000000e+04    2.8262162441e-02    8.3135416667e-01
       277   -3.7377998920e+01    1.4177972700e+03   -7.1324659733e+01    3.3946660813e+01    1.2035572620e+01   -8.3360232353e+01    1.2800000000e+04    2.8287493110e-02    8.3229166667e-01
       278   -3.9059291376e+01    2.3915469836e+03   -7.5238782089e+01    3.6179490713e+01    1.2084290772e+01   -8.7323072861e+01    1.2800000000e+04    2.8271733960e-02    8.3220052083e-01
       279   -3.7625494285e+01    1.5492235286e+03   -7.4740662629e+01    3.7115168344e+01    1.2100503296e+01   -8.6841165925e+01    1.2800000000e+04    2.8252166494e-02    8.3063802083e-01
       280   -3.7319938988e+01    1.4139870668e+03   -7.1538097039e+01    3.4218158051e+01    1.2301318031e+01   -8.3839415070e+01    1.2800000000e+04    2.8299098853e-02    8.3291666667e-01
       281   -3.9345690194e+01    4.9534303226e+03   -7.4879102917e+01    3.5533412723e+01    1.2219945784e+01   -8.7099048701e+01    1.2800000000e+04    2.8287788633e-02    8.3095052083e-01
       282   -3.7539285492e+01    1.5115444846e+03   -7.1999882161e+01    3.4460596670e+01    1.2236739841e+01   -8.4236622003e+01    1.2800000000e+04    2.8266759165e-02    8.3203125000e-01
       283   -3.7673207363e+01    1.4790467406e+03   -7.4286253640e+01    3.6613046277e+01    1.2112833117e+01   -8.6399086756e+01    1.2800000000e+04    2.8247629058e-02    8.2906250000e-01
       284   -3.7742081811e+01    1.4647088431e+03   -7.2586045704e+01    3.4843963893e+01    1.2128045209e+01   -8.4714090913e+01    1.2800000000e+04    2.8284280747e-02    8.3175781250e-01
       285   -3.7521252987e+01    1.4326649571e+03   -7.0826688235e+01    3.3305435248e+01    1.2068675160e+01   -8.2895363395e+01    1.2800000000e+04    2.8271330405e-02    8.3316406250e-01
       286   -3.7914502744e+01    1.8515785225e+03   -7.2973494842e+01    3.5058992097e+01    1.2038082788e+01   -8.5011577629e+01    1.2800000000e+04    2.8264976689e-02    8.3167968750e-01
       287   -3.7512463633e+01    1.4337463324e+03   -7.0703305583e+01    3.3190841950e+01    1.1940188287e+01   -8.2643493870e+01    1.2800000000e+04    2.8279046201e-02    8.3279947917e-01
       288   -3.7442734607e+01    1.4477855813e+03   -7.3946344260e+01    3.6503609653e+01    1.2084332225e+01   -8.6030676485e+01    1.2800000000e+04    2.8253487153e-02    8.3080729167e-01
       289   -3.7149962302e+01    1.4026687397e+03   -7.1826781944e+01    3.4676819642e+01    1.2124229029e+01   -8.3951010973e+01    1.2800000000e+04    2.8271666660e-02    8.3311197917e-01
       290   -3.7556376273e+01    1.4781592688e+03   -7.4995910772e+01    3.7439534499e+01    1.2170038780e+01   -8.7165949552e+01    1.2800000000e+04    2.8227275215e-02    8.2921875000e-01
       291   -3.7392985653e+01    1.4162112576e+03   -7.2251405508e+01    3.4858419854e+01    1.1956817328e+01   -8.4208222835e+01    1.2800000000e+04    2.8243581729e-02    8.3220052083e-01
       292   -3.7296337802e+01    1.4089250795e+03   -7.1672394548e+01    3.4376056746e+01    1.2594702464e+01   -8.4267097012e+01    1.2800000000e+04    2.8258205537e-02    8.3070312500e-01
       293   -3.7461865916e+01    1.4718484607e+03   -7.2953261244e+01    3.5491395327e+01    1.1971032288e+01   -8.4924293532e+01    1.2800000000e+04    2.8278356494e-02    8.3364583333e-01
       294   -3.7482777782e+01    1.4283508468e+03   -7.4103987432e+01    3.6621209650e+01    1.1963251132e+01   -8.6067238565e+01    1.2800000000e+04    2.8231862085e-02    8.2863281250e-01
       295   -3.7509571973e+01    1.4304402734e+03   -7.1697042232e+01    3.4187470258e+01    1.2000458538e+01   -8.3697500770e+01    1.2800000000e+04    2.8267388452e-02    8.3109375000e-01
       296   -3.8251781298e+01    1.7692279880e+03   -7.3104078203e+01    3.4852296905e+01    1.1862865658e+01   -8.4966943861e+01    1.2800000000e+04    2.8311018867e-02    8.3257812500e-01
       297   -3.7447184454e+01    1.5262156958e+03   -7.1628493827e+01    3.4181309373e+01    1.1962253369e+01   -8.3590747196e+01    1.2800000000e+04    2.8284979619e-02    8.3316406250e-01
       298   -3.7598920633e+01    1.4433167452e+03   -7.3076265769e+01    3.5477345136e+01    1.2069697499e+01   -8.5145963268e+01    1.2800000000e+04    2.8256425605e-02    8.3213541667e-01
       299   -3.7878362488e+01    1.5543824717e+03   -7.3103220811e+01    3.5224858324e+01    1.2097677126e+01   -8.5200897937e+01    1.2800000000e+04    2.8255305693e-02    8.3087239583e-01
       300   -3.7325682210e+01    1.4563832031e+03   -7.3691007183e+01    3.6365324974e+01    1.2115240510e+01   -8.5806247693e+01    1.2800000000e+04    2.8282865063e-02    8.3154947917e-01
       301   -3.7338231024e+01    1.4284842729e+03   -7.3674222017e+01    3.6335990993e+01    1.2090869325e+01   -8.5765091341e+01    1.2800000000e+04    2.8269972295e-02    8.2967447917e-01
       302   -3.7716490948e+01    1.4735739511e+03   -7.4265610396e+01    3.6549119448e+01    1.2338118836e+01   -8.6603729232e+01    1.2800000000e+04    2.8238749746e-02    8.2865885417e-01
       303   -3.7458718137e+01    1.4401370356e+03   -7.1808491954e+01    3.4349773817e+01    1.1936283453e+01   -8.3744775407e+01    1.2800000000e+04    2.8290973047e-02    8.3350260417e-01
       304   -3.7655306004e+01    1.4794126676e+03   -7.4344838074e+01    3.6689532070e+01    1.2072636323e+01   -8.6417474397e+01    1.2800000000e+04    2.8249820742e-02    8.3018229167e-01
       305   -3.7362109225e+01    1.4240196250e+03   -7.1954442170e+01    3.4592332945e+01    1.2002356018e+01   -8.3956798188e+01    1.2800000000e+04    2.8288296455e-02    8.3239583333e-01
       306   -3.7054371805e+01    1.3987344317e+03   -7.2563762937e+01    3.5509391132e+01    1.2065233241e+01   -8.4628996178e+01    1.2800000000e+04    2.8258243296e-02    8.3194010417e-01
       307   -3.7661014646e+01    1.5165908104e+03   -7.1677016648e+01    3.4016002001e+01    1.2144929217e+01   -8.3821945865e+01    1.2800000000e+04    2.8284218745e-02    8.3259114583e-01
       308   -3.7431608179e+01    1.4438392317e+03   -7.1970676499e+01    3.4539068321e+01    1.2287599568e+01   -8.4258276067e+01    1.2800000000e+04    2.8278686553e-02    8.3341145833e-01
       309   -3.7125439622e+01    1.4019822994e+03   -7.2326570656e+01    3.5201131034e+01    1.2088916715e+01   -8.4415487371e+01    1.2800000000e+04    2.8274314580e-02    8.3162760417e-01
       310   -3.7792014629e+01    1.8487544934e+03   -7.5089098934e+01    3.7297084305e+01    1.2283421806e+01   -8.7372520739e+01    1.2800000000e+04    2.8309865991e-02    8.3406250000e-01
       311   -3.7444193684e+01    1.4189446072e+03   -7.1284375674e+01    3.3840181990e+01    1.1970798025e+01   -8.3255173699e+01    1.2800000000e+04    2.8250582729e-02    8.3240885417e-01
       312   -3.7451772312e+01    1.4526252992e+03   -7.2789213507e+01    3.5337441196e+01    1.2025757872e+01   -8.4814971379e+01    1.2800000000e+04    2.8269702080e-02    8.3052083333e-01
       313   -3.7833918293e+01    1.4993852621e+03   -7.3061883228e+01    3.5227964934e+01    1.2054500565e+01   -8.5116383792e+01    1.2800000000e+04    2.8292631206e-02    8.2988281250e-01
       314   -3.7372295416e+01    1.4350310567e+03   -7.0178245851e+01    3.2805950435e+01    1.1850589623e+01   -8.2028835474e+01    1.2800000000e+04    2.8278271484e-02    8.3378906250e-01
       315   -3.7208067006e+01    1.4077931879e+03   -7.1923717216e+01    3.4715650210e+01    1.2078084464e+01   -8.4001801680e+01    1.2800000000e+04    2.8292030825e-02    8.3498697917e-01
       316   -3.6909723123e+01    1.3913026588e+03   -7.3353157332e+01    3.6443434209e+01    1.1934551302e+01   -8.5287708634e+01    1.2800000000e+04    2.8255164717e-02    8.3110677083e-01
       317   -3.7484612494e+01    1.4582936166e+03   -7.3654244044e+01    3.6169631550e+01    1.2173846109e+01   -8.5828090153e+01    1.2800000000e+04    2.8238008765e-02    8.3037760417e-01
       318   -3.7468853962e+01    1.4414275408e+03   -7.0564579081e+01    3.3095725118e+01    1.2260259978e+01   -8.2824839059e+01    1.2800000000e+04    2.8268156675e-02    8.3171875000e-01
       319   -3.7337694635e+01    1.4314008322e+03   -7.2922686189e+01    3.5584991554e+01    1.1946465473e+01   -8.4869151662e+01    1.2800000000e+04    2.8240665220e-02    8.3223958333e-01
       320   -3.6995184280e+01    1.3995994568e+03   -7.2998518099e+01    3.6003333819e+01    1.1928148148e+01   -8.4926666248e+01    1.2800000000e+04    2.8262575181e-02    8.3074218750e-01
       321   -3.7506113374e+01    1.4298303937e+03   -6.9749062816e+01    3.2242949442e+01    1.1961857042e+01   -8.1710919858e+01    1.2800000000e+04    2.8287030308e-02    8.3440104167e-01
       322   -3.8315984776e+01    2.8313750047e+03   -7.4990553440e+01    3.6674568664e+01    1.2015518072e+01   -8.7006071512e+01    1.2800000000e+04    2.8272704829e-02    8.3063802083e-01
       323   -3.7105259483e+01    1.4098352074e+03   -7.3585851487e+01    3.6480592004e+01    1.2080935084e+01   -8.5666786571e+01    1.2800000000e+04    2.8232439321e-02    8.2980468750e-01
       324   -3.7715381374e+01    1.5846634740e+03   -7.4621711098e+01    3.6906329724e+01    1.2177551364e+01   -8.6799262461e+01    1.2800000000e+04    2.8226944570e-02    8.3098958333e-01
       325   -3.7387898989e+01    1.4357595867e+03   -7.1322868921e+01    3.3934969932e+01    1.1886468883e+01   -8.3209337805e+01    1.2800000000e+04    2.8284212046e-02    8.3454427083e-01
       326   -3.8554432235e+01    2.7059513423e+03   -7.2461813146e+01    3.3907380910e+01    1.2004724498e+01   -8.4466537644e+01    1.2800000000e+04    2.8255098716e-02    8.3057291667e-01
       327   -3.7670804526e+01    1.4644172788e+03   -7.2006219088e+01    3.4335414562e+01    1.1936111694e+01   -8.3942330782e+01    1.2800000000e+04    2.8287020469e-02    8.3330729167e-01
       328   -3.7383046277e+01    1.4343016304e+03   -7.3679814779e+01    3.6296768502e+01    1.1941288178e+01   -8.5621102958e+01    1.2800000000e+04    2.8259302632e-02    8.3248697917e-01
       329   -3.7277181104e+01    1.4183016301e+03   -7.2753481305e+01    3.5476300201e+01    1.1938809424e+01   -8.4692290728e+01    1.2800000000e+04    2.8261646255e-02    8.3195312500e-01
       330   -3.7739860956e+01    1.5287622166e+03   -7.1075249386e+01    3.3335388430e+01    1.2109692916e+01   -8.3184942302e+01    1.2800000000e+04    2.8271930518e-02    8.3335937500e-01
       331   -3.7665365443e+01    1.9275335107e+03   -7.1623685721e+01    3.3958320279e+01    1.2058823969e+01   -8.3682509691e+01    1.2800000000e+04    2.8296763486e-02    8.3523437500e-01
       332   -3.7452347736e+01    1.4883612061e+03   -7.1252676612e+01    3.3800328876e+01    1.1950934327e+01   -8.3203610939e+01    1.2800000000e+04    2.8275939482e-02    8.3410156250e-01
       333   -3.8312221959e+01    2.8274220764e+03   -7.3468044231e+01    3.5155822271e+01    1.2144896655e+01   -8.5612940886e+01    1.2800000000e+04    2.8239135322e-02    8.3062500000e-01
       334   -3.7360211971e+01    1.4157290883e+03   -7.2122337200e+01    3.4762125229e+01    1.2003998938e+01   -8.4126336138e+01    1.2800000000e+04    2.8243016484e-02    8.3054687500e-01
       335   -3.7556984974e+01    1.4601540154e+03   -7.1915023022e+01    3.4358038047e+01    1.1859205711e+01   -8.3774228732e+01    1.2800000000e+04    2.8292000024e-02    8.3329427083e-01
       336   -3.7551535177e+01    1.4396811948e+03   -7.2740589816e+01    3.5189054638e+01    1.2026344915e+01   -8.4766934730e+01    1.2800000000e+04    2.8283622729e-02    8.3330729167e-01
       337   -3.7344973918e+01    1.4173519626e+03   -7.3904301314e+01    3.6559327395e+01    1.1982187538e+01   -8.5886488851e+01    1.2800000000e+04    2.8192519507e-02    8.2792968750e-01
       338   -3.7439947519e+01    1.4289574631e+03   -7.2198645134e+01    3.4758697615e+01    1.1946568369e+01   -8.4145213503e+01    1.2800000000e+04    2.8283402661e-02    8.3287760417e-01
       339   -3.7323196355e+01    1.4130454774e+03   -7.2229484856e+01    3.4906288501e+01    1.2060921183e+01   -8.4290406039e+01    1.2800000000e+04    2.8249951519e-02    8.3055989583e-01
       340   -3.7409794240e+01    1.4177940319e+03   -7.1043479602e+01    3.3633685361e+01    1.2071027597e+01   -8.3114507199e+01    1.2800000000e+04    2.8280166694e-02    8.3252604167e-01
       341   -3.7430603739e+01    1.4317772616e+03   -7.2239615594e+01    3.4809011855e+01    1.2170932400e+01   -8.4410547994e+01    1.2800000000e+04    2.8275702896e-02    8.3161458333e-01
       342   -3.8324076425e+01    1.8157884922e+03   -7.1758665546e+01    3.3434589121e+01    1.2003357114e+01   -8.3762022660e+01    1.2800000000e+04    2.8285606650e-02    8.3484375000e-01
       343   -3.8078936806e+01    1.8087288224e+03   -7.4151712709e+01    3.6072775903e+01    1.2110639903e+01   -8.6262352612e+01    1.2800000000e+04    2.8216019634e-02    8.3016927083e-01
       344   -3.9428260717e+01    5.7261685502e+03   -7.4427508253e+01    3.4999247536e+01    1.2072904288e+01   -8.6500412541e+01    1.2800000000e+04    2.8233936187e-02    8.3054687500e-01
       345   -3.7599210378e+01    1.5053730887e+03   -7.5120057192e+01    3.7520846814e+01    1.2025977647e+01   -8.7146034840e+01    1.2800000000e+04    2.8237502651e-02    8.3035156250e-01
       346   -3.8287304657e+01    2.0153525796e+03   -7.3640364020e+01    3.5353059363e+01    1.2036907252e+01   -8.5677271272e+01    1.2800000000e+04    2.8283002549e-02    8.3076822917e-01
       347   -3.7624792677e+01    1.6072732968e+03   -7.1566956148e+01    3.3942163471e+01    1.1999447699e+01   -8.3566403847e+01    1.2800000000e+04    2.8260111558e-02    8.3108072917e-01
       348   -3.7690622090e+01    1.5947139987e+03   -7.3039756982e+01    3.5349134892e+01    1.2014514382e+01   -8.5054271364e+01    1.2800000000e+04    2.8256493237e-02    8.3191406250e-01
       349   -3.7370240019e+01    1.4351323579e+03   -7.3791289584e+01    3.6421049565e+01    1.1980777582e+01   -8.5772067166e+01    1.2800000000e+04    2.8269892358e-02    8.3259114583e-01
       350   -3.7891258762e+01    1.5284256490e+03   -7.2742312306e+01    3.4851053544e+01    1.2010929785e+01   -8.4753242091e+01    1.2800000000e+04    2.8265058481e-02    8.3255208333e-01
       351   -3.8355803137e+01    1.9727747057e+03   -7.2370325636e+01    3.4014522500e+01    1.2024872346e+01   -8.4395197982e+01    1.2800000000e+04    2.8276892578e-02    8.3194010417e-01
       352   -3.7522469171e+01    1.4803905074e+03   -7.3797986716e+01    3.6275517545e+01    1.2211058693e+01   -8.6009045409e+01    1.2800000000e+04    2.8230586313e-02    8.3014322917e-01
       353   -3.7972016433e+01    1.5175065613e+03   -7.1036382857e+01    3.3064366424e+01    1.2120518425e+01   -8.3156901282e+01    1.2800000000e+04    2.8270950239e-02    8.3338541667e-01
       354   -3.7386572337e+01    1.4810342204e+03   -7.1957097617e+01    3.4570525280e+01    1.2074292473e+01   -8.4031390090e+01    1.2800000000e+04    2.8266196499e-02    8.3255208333e-01
       355   -3.8350403450e+01    1.7536071289e+03   -7.3240368109e+01    3.4889964659e+01    1.1941443489e+01   -8.5181811598e+01    1.2800000000e+04    2.8295178335e-02    8.3309895833e-01
       356   -3.7645268141e+01    1.5333483858e+03   -7.1303347096e+01    3.3658078955e+01    1.2089987118e+01   -8.3393334214e+01    1.2800000000e+04    2.8285044058e-02    8.3261718750e-01
       357   -3.8408633547e+01    1.6759001907e+03   -7.5097318027e+01    3.6688684480e+01    1.2077292357e+01   -8.7174610384e+01    1.2800000000e+04    2.8264193608e-02    8.2953125000e-01
       358   -3.7522579256e+01    1.4529038440e+03   -7.2463489666e+01    3.4940910411e+01    1.2113883129e+01   -8.4577372795e+01    1.2800000000e+04    2.8261385166e-02    8.3207031250e-01
       359   -3.7203686228e+01    1.4074347338e+03   -7.2367000214e+01    3.5163313986e+01    1.2099536788e+01   -8.4466537001e+01    1.2800000000e+04    2.8300195151e-02    8.3446614583e-01
       360   -3.7178640237e+01    1.4114066836e+03   -7.0761510297e+01    3.3582870061e+01    1.1981430767e+01   -8.2742941064e+01    1.2800000000e+04    2.8284115127e-02    8.3207031250e-01
       361   -3.7300226340e+01    1.4098535029e+03   -7.0938519273e+01    3.3638292933e+01    1.2061208013e+01   -8.2999727285e+01    1.2800000000e+04    2.8247464932e-02    8.3057291667e-01
       362   -3.7643417163e+01    1.5023664821e+03   -7.1317534809e+01    3.3674117646e+01    1.2005466081e+01   -8.3323000890e+01    1.2800000000e+04    2.8307957407e-02    8.3436197917e-01
       363   -3.7587509812e+01    1.4268692337e+03   -7.0245956551e+01    3.2658446739e+01    1.2014294647e+01   -8.2260251198e+01    1.2800000000e+04    2.8241388096e-02    8.3117187500e-01
       364   -3.7440742663e+01    1.4343513026e+03   -7.4587721222e+01    3.7146978559e+01    1.2140079981e+01   -8.6727801203e+01    1.2800000000e+04    2.8284223867e-02    8.3143229167e-01
       365   -3.7279357986e+01    1.4142466538e+03   -7.1717509975e+01    3.4438151989e+01    1.2035253258e+01   -8.3752763233e+01    1.2800000000e+04    2.8318676558e-02    8.3300781250e-01
       366   -3.7992853711e+01    1.8423939259e+03   -7.3468158604e+01    3.5475304892e+01    1.2153790769e+01   -8.5621949372e+01    1.2800000000e+04    2.8285441367e-02    8.3152343750e-01
       367   -3.7606540767e+01    1.4699582920e+03   -7.3985318638e+01    3.6378777871e+01    1.2136983224e+01   -8.6122301862e+01    1.2800000000e+04    2.8267904180e-02    8.3121093750e-01
       368   -3.7717308155e+01    1.4753702156e+03   -7.3524258313e+01    3.5806950158e+01    1.2353012399e+01   -8.5877270712e+01    1.2800000000e+04    2.8242399360e-02    8.2937500000e-01
       369   -3.7380290500e+01    1.4163089429e+03   -7.1825445213e+01    3.4445154714e+01    1.2024765638e+01   -8.3850210851e+01    1.2800000000e+04    2.8252677764e-02    8.3281250000e-01
       370   -3.7582531542e+01    1.4752276263e+03   -7.3186090492e+01    3.5603558950e+01    1.1976303127e+01   -8.5162393619e+01    1.2800000000e+04    2.8281886714e-02    8.3278645833e-01
       371   -3.7347032638e+01    1.4226037959e+03   -7.1839118759e+01    3.4492086121e+01    1.2093425394e+01   -8.3932544153e+01    1.2800000000e+04    2.8355883164e-02    8.3174479167e-01
       372   -3.7478487557e+01    1.4213276894e+03   -6.9545549715e+01    3.2067062157e+01    1.1951183507e+01   -8.1496733222e+01    1.2800000000e+04    2.8295020010e-02    8.3536458333e-01
       373   -3.7232404870e+01    1.4048192519e+03   -7.2504923157e+01    3.5272518287e+01    1.2076585500e+01   -8.4581508657e+01    1.2800000000e+04    2.8278459170e-02    8.3151041667e-01
       374   -3.7331612987e+01    1.4146474306e+03   -7.3225033373e+01    3.5893420386e+01    1.2088093056e+01   -8.5313126429e+01    1.2800000000e+04    2.8205123379e-02    8.2880208333e-01
       375   -3.7618321787e+01    1.6759398008e+03   -7.1511826386e+01    3.3893504599e+01    1.2043734073e+01   -8.3555560459e+01    1.2800000000e+04    2.8282347002e-02    8.3190104167e-01
       376   -3.7942507344e+01    1.6168712995e+03   -7.2734762163e+01    3.4792254819e+01    1.2119502456e+01   -8.4854264619e+01    1.2800000000e+04    2.8253352046e-02    8.3148437500e-01
       377   -3.7478773152e+01    1.4225876343e+03   -7.1003251161e+01    3.3524478009e+01    1.2059049451e+01   -8.3062300612e+01    1.2800000000e+04    2.8245731562e-02    8.3035156250e-01
       378   -3.7188072961e+01    1.4101940002e+03   -7.2394275452e+01    3.5206202491e+01    1.2077446088e+01   -8.4471721540e+01    1.2800000000e+04    2.8297641807e-02    8.3367187500e-01
       379   -3.7633286850e+01    1.4879144569e+03   -7.3481033082e+01    3.5847746231e+01    1.2102709311e+01   -8.5583742393e+01    1.2800000000e+04    2.8277408125e-02    8.3167968750e-01
       380   -3.7309728461e+01    1.4103891499e+03   -7.1358514431e+01    3.4048785969e+01    1.2062151771e+01   -8.3420666202e+01    1.2800000000e+04    2.8298859146e-02    8.3291666667e-01
       381   -3.7695273327e+01    1.5188911760e+03   -7.3982825310e+01    3.6287551983e+01    1.2141888496e+01   -8.6124713807e+01    1.2800000000e+04    2.8255450806e-02    8.2872395833e-01
       382   -3.7832894747e+01    1.5006320381e+03   -7.3585103250e+01    3.5752208503e+01    1.2027240322e+01   -8.5612343572e+01    1.2800000000e+04    2.8252416929e-02    8.3101562500e-01
       383   -3.7450293181e+01    1.4214653726e+03   -7.1583558968e+01    3.4133265788e+01    1.2168084160e+01   -8.3751643128e+01    1.2800000000e+04    2.8266218628e-02    8.3048177083e-01
       384   -3.7123302211e+01    1.4233947834e+03   -7.2866096588e+01    3.5742794377e+01    1.1987420058e+01   -8.4853516646e+01    1.2800000000e+04    2.8311288618e-02    8.3514322917e-01
       385   -3.7790454569e+01    1.5900103693e+03   -7.3095628650e+01    3.5305174081e+01    1.2170930381e+01   -8.5266559032e+01    1.2800000000e+04    2.8231060376e-02    8.2813802083e-01
       386   -3.8591126088e+01    2.1659105404e+03   -7.2799413527e+01    3.4208287438e+01    1.2022369471e+01   -8.4821782998e+01    1.2800000000e+04    2.8278207715e-02    8.3283854167e-01
       387   -3.7939159293e+01    1.5847380953e+03   -7.2429865973e+01    3.4490706681e+01    1.2130598245e+01   -8.4560464219e+01    1.2800000000e+04    2.8258428115e-02    8.3080729167e-01
       388   -3.7180608313e+01    1.4010179967e+03   -7.1509871158e+01    3.4329262845e+01    1.1981594954e+01   -8.3491466112e+01    1.2800000000e+04    2.8289596294e-02    8.3153645833e-01
       389   -3.7721314421e+01    1.4644023945e+03   -6.9702672023e+01    3.1981357602e+01    1.1900855709e+01   -8.1603527732e+01    1.2800000000e+04    2.8287384854e-02    8.3346354167e-01
       390   -3.7871734648e+01    1.6366874257e+03   -7.3260179298e+01    3.5388444650e+01    1.2104022340e+01   -8.5364201638e+01    1.2800000000e+04    2.8273273037e-02    8.3261718750e-01
       391   -3.7421478009e+01    1.4187840838e+03   -7.2542938017e+01    3.5121460009e+01    1.2130275890e+01   -8.4673213908e+01    1.2800000000e+04    2.8250956079e-02    8.2967447917e-01
       392   -3.7397756946e+01    1.4772008812e+03   -7.1817929151e+01    3.4420172206e+01    1.2163563548e+01   -8.3981492699e+01    1.2800000000e+04    2.8270395273e-02    8.3192708333e-01
       393   -3.7118311027e+01    1.3970781397e+03   -7.2092671941e+01    3.4974360913e+01    1.1923499708e+01   -8.4016171649e+01    1.2800000000e+04    2.8271402881e-02    8.3221354167e-01
       394   -3.7449408739e+01    1.4218588439e+03   -7.1741275620e+01    3.4291866881e+01    1.1973010288e+01   -8.3714285908e+01    1.2800000000e+04    2.8291143896e-02    8.3268229167e-01
       395   -3.8036459235e+01    1.7190257721e+03   -7.1663101452e+01    3.3626642217e+01    1.2041632861e+01   -8.3704734313e+01    1.2800000000e+04    2.8262304375e-02    8.3309895833e-01
       396   -3.7439129533e+01    1.4171346818e+03   -6.9556603319e+01    3.2117473786e+01    1.1967846957e+01   -8.1524450276e+01    1.2800000000e+04    2.8261990195e-02    8.3165364583e-01
       397   -3.7673440759e+01    1.5089414953e+03   -7.2743436983e+01    3.5069996224e+01    1.2021107812e+01   -8.4764544795e+01    1.2800000000e+04    2.8258325654e-02    8.3072916667e-01
       398   -3.7450535739e+01    1.4752183686e+03   -7.1089939171e+01    3.3639403432e+01    1.2044476952e+01   -8.3134416124e+01    1.2800000000e+04    2.8271097080e-02    8.3375000000e-01
       399   -3.7609576584e+01    1.5090927523e+03   -7.2314953910e+01    3.4705377326e+01    1.1968138351e+01   -8.4283092261e+01    1.2800000000e+04    2.8280084609e-02    8.3156250000e-01
       400   -3.7509393773e+01    1.4357939061e+03   -7.1771369567e+01    3.4261975794e+01    1.2156279831e+01   -8.3927649397e+01    1.2800000000e+04    2.8269561201e-02    8.2989583333e-01
       401   -3.7295617892e+01    1.4177159713e+03   -7.1425110248e+01    3.4129492356e+01    1.2024530297e+01   -8.3449640545e+01    1.2800000000e+04    2.8293843101e-02    8.3399739583e-01
       402   -3.7202669863e+01    1.4250460758e+03   -7.2259553711e+01    3.5056883847e+01    1.2020336663e+01   -8.4279890374e+01    1.2800000000e+04    2.8243967944e-02    8.3158854167e-01
       403   -3.7447563863e+01    1.4221469508e+03   -7.0172716311e+01    3.2725152448e+01    1.1929042979e+01   -8.2101759290e+01    1.2800000000e+04    2.8295950244e-02    8.3325520833e-01
       404   -3.7233049187e+01    1.4114664858e+03   -7.2866644513e+01    3.5633595325e+01    1.2029944253e+01   -8.4896588766e+01    1.2800000000e+04    2.8245417783e-02    8.2921875000e-01
       405   -3.8239384737e+01    2.0156288598e+03   -7.2237384986e+01    3.3998000249e+01    1.2115765368e+01   -8.4353150354e+01    1.2800000000e+04    2.8270399126e-02    8.3167968750e-01
       406   -3.8004359088e+01    2.2948485285e+03   -7.1976577294e+01    3.3972218207e+01    1.2063546387e+01   -8.4040123682e+01    1.2800000000e+04    2.8297552500e-02    8.3385416667e-01
       407   -3.7448155199e+01    1.4215463522e+03   -7.0945657764e+01    3.3497502564e+01    1.2143900049e+01   -8.3089557812e+01    1.2800000000e+04    2.8223968291e-02    8.3009114583e-01
       408   -3.7831760904e+01    1.5446085621e+03   -7.2244466672e+01    3.4412705768e+01    1.2072759706e+01   -8.4317226378e+01    1.2800000000e+04    2.8260175215e-02    8.3223958333e-01
       409   -3.8063082115e+01    1.7493437034e+03   -7.3667317970e+01    3.5604235855e+01    1.2149751298e+01   -8.5817069268e+01    1.2800000000e+04    2.8252265708e-02    8.3007812500e-01
       410   -3.7576736670e+01    1.4356452403e+03   -7.2265424644e+01    3.4688687973e+01    1.2165163222e+01   -8.4430587866e+01    1.2800000000e+04    2.8276388550e-02    8.3080729167e-01
       411   -3.8302068368e+01    1.8964557077e+03   -7.4079080941e+01    3.5777012573e+01    1.2116262511e+01   -8.6195343452e+01    1.2800000000e+04    2.8268464390e-02    8.3269531250e-01
       412   -3.7533209629e+01    1.5031784156e+03   -7.2236093442e+01    3.4702883813e+01    1.2153721072e+01   -8.4389814514e+01    1.2800000000e+04    2.8317424277e-02    8.3292968750e-01
       413   -3.7365583128e+01    1.4171916414e+03   -7.0169622648e+01    3.2804039520e+01    1.2162930624e+01   -8.2332553273e+01    1.2800000000e+04    2.8282678442e-02    8.3200520833e-01
       414   -3.8019232221e+01    1.5304093798e+03   -7.0798203204e+01    3.2778970983e+01    1.1931273730e+01   -8.2729476935e+01    1.2800000000e+04    2.8301608164e-02    8.3369791667e-01
       415   -3.7493815209e+01    1.4741955585e+03   -7.4382846588e+01    3.6889031379e+01    1.2235760255e+01   -8.6618606842e+01    1.2800000000e+04    2.8260403628e-02    8.3108072917e-01
       416   -3.7450647674e+01    1.4243497924e+03   -7.0839837302e+01    3.3389189628e+01    1.2082466432e+01   -8.2922303733e+01    1.2800000000e+04    2.8300600205e-02    8.3160156250e-01
       417   -3.7417535300e+01    1.4254977461e+03   -7.2916764589e+01    3.5499229289e+01    1.2024029420e+01   -8.4940794009e+01    1.2800000000e+04    2.8277490278e-02    8.3048177083e-01
       418   -3.7547435320e+01    1.4361114138e+03   -7.2602831317e+01    3.5055395996e+01    1.2108898960e+01   -8.4711730277e+01    1.2800000000e+04    2.8263630493e-02    8.3135416667e-01
       419   -3.7476677529e+01    1.4223877166e+03   -7.0392445022e+01    3.2915767493e+01    1.1891631722e+01   -8.2284076743e+01    1.2800000000e+04    2.8284191230e-02    8.3341145833e-01
       420   -3.7196911212e+01    1.4734456843e+03   -7.3954033111e+01    3.6757121900e+01    1.2051605890e+01   -8.6005639001e+01    1.2800000000e+04    2.8246933179e-02    8.2976562500e-01
       421   -3.7339543109e+01    1.4160695700e+03   -7.0766844728e+01    3.3427301619e+01    1.2066164813e+01   -8.2833009542e+01    1.2800000000e+04    2.8261711235e-02    8.3197916667e-01
       422   -3.7616747800e+01    1.4619629169e+03   -6.8957634902e+01    3.1340887102e+01    1.2015483812e+01   -8.0973118714e+01    1.2800000000e+04    2.8327484263e-02    8.3486979167e-01
       423   -3.7728129962e+01    1.4706546357e+03   -7.3275555868e+01    3.5547425906e+01    1.2056756830e+01   -8.5332312698e+01    1.2800000000e+04    2.8270244341e-02    8.3028645833e-01
       424   -3.7396978436e+01    1.5320824825e+03   -7.1043819765e+01    3.3646841329e+01    1.1924147261e+01   -8.2967967026e+01    1.2800000000e+04    2.8312891050e-02    8.3458333333e-01
       425   -3.6947859738e+01    1.4064546688e+03   -7.2768136042e+01    3.5820276304e+01    1.1877158576e+01   -8.4645294619e+01    1.2800000000e+04    2.8290138237e-02    8.3236979167e-01
       426   -3.7237946069e+01    1.4179121115e+03   -7.1458917440e+01    3.4220971371e+01    1.2174648736e+01   -8.3633566176e+01    1.2800000000e+04    2.8260067363e-02    8.3169270833e-01
       427   -3.7392597681e+01    1.4263047541e+03   -7.4205505174e+01    3.6812907492e+01    1.2103524003e+01   -8.6309029176e+01    1.2800000000e+04    2.8267624268e-02    8.3050781250e-01
       428   -3.7452824375e+01    1.4249091691e+03   -7.2137105159e+01    3.4684280785e+01    1.2197018917e+01   -8.4334124077e+01    1.2800000000e+04    2.8206205830e-02    8.2942708333e-01
       429   -3.7618663074e+01    1.4693925277e+03   -7.3449698382e+01    3.5831035308e+01    1.2299746632e+01   -8.5749445014e+01    1.2800000000e+04    2.8227100322e-02    8.2930989583e-01
       430   -3.7544620136e+01    1.4772761014e+03   -7.3759627089e+01    3.6215006953e+01    1.2004766125e+01   -8.5764393214e+01    1.2800000000e+04    2.8256108677e-02    8.3191406250e-01
       431   -3.7384829735e+01    1.4315621078e+03   -6.9215407055e+01    3.1830577320e+01    1.2122300421e+01   -8.1337707476e+01    1.2800000000e+04    2.8312745918e-02    8.3445312500e-01
       432   -3.7486633334e+01    1.4273840590e+03   -7.2659190529e+01    3.5172557195e+01    1.2176295656e+01   -8.4835486185e+01    1.2800000000e+04    2.8255412256e-02    8.3028645833e-01
       433   -3.7273885033e+01    1.4104769531e+03   -7.2454223280e+01    3.5180338246e+01    1.2075572459e+01   -8.4529795739e+01    1.2800000000e+04    2.8234285322e-02    8.2946614583e-01
       434   -3.7234805634e+01    1.4031520740e+03   -7.0960512640e+01    3.3725707006e+01    1.1966172358e+01   -8.2926684998e+01    1.2800000000e+04    2.8268971670e-02    8.3279947917e-01
       435   -3.7351894023e+01    1.4142903410e+03   -7.0248438990e+01    3.2896544967e+01    1.1982931609e+01   -8.2231370599e+01    1.2800000000e+04    2.8324093047e-02    8.3411458333e-01
       436   -3.7725835987e+01    1.6359089227e+03   -7.0527067737e+01    3.2801231750e+01    1.1989221753e+01   -8.2516289490e+01    1.2800000000e+04    2.8331122861e-02    8.3585937500e-01
       437   -3.7302069083e+01    1.4113517096e+03   -7.0347583444e+01    3.3045514361e+01    1.1946841716e+01   -8.2294425160e+01    1.2800000000e+04    2.8327636016e-02    8.3598958333e-01
       438   -3.7378417517e+01    1.4431539938e+03   -7.1931789139e+01    3.4553371622e+01    1.1964237716e+01   -8.3896026855e+01    1.2800000000e+04    2.8277072173e-02    8.3269531250e-01
       439   -3.7764422836e+01    1.5198280887e+03   -7.2490272761e+01    3.4725849926e+01    1.1996493599e+01   -8.4486766360e+01    1.2800000000e+04    2.8322650278e-02    8.3350260417e-01
       440   -3.7768587177e+01    1.4751686854e+03   -7.4174995519e+01    3.6406408342e+01    1.2114673734e+01   -8.6289669253e+01    1.2800000000e+04    2.8217992563e-02    8.2881510417e-01
       441   -3.7304645890e+01    1.4202706332e+03   -7.2004915699e+01    3.4700269810e+01    1.2118513553e+01   -8.4123429252e+01    1.2800000000e+04    2.8259692368e-02    8.3292968750e-01
       442   -3.7527391905e+01    1.4878234079e+03   -7.2852991203e+01    3.5325599298e+01    1.2114691489e+01   -8.4967682691e+01    1.2800000000e+04    2.8285254961e-02    8.3200520833e-01
       443   -3.8068431032e+01    1.6952693501e+03   -7.2029121992e+01    3.3960690960e+01    1.2056296440e+01   -8.4085418432e+01    1.2800000000e+04    2.8298635303e-02    8.3375000000e-01
       444   -3.7316924586e+01    1.4208425462e+03   -7.2165405202e+01    3.4848480616e+01    1.2097770821e+01   -8.4263176023e+01    1.2800000000e+04    2.8236379517e-02    8.3125000000e-01
       445   -3.7760817973e+01    1.5449743610e+03   -7.3212365479e+01    3.5451547506e+01    1.2033727084e+01   -8.5246092563e+01    1.2800000000e+04    2.8260718818e-02    8.3140625000e-01
       446   -3.7300022050e+01    1.4188336042e+03   -7.4631402268e+01    3.7331380218e+01    1.2144945200e+01   -8.6776347468e+01    1.2800000000e+04    2.8251452515e-02    8.2848958333e-01
       447   -3.7334732650e+01    1.4180076125e+03   -7.2816668927e+01    3.5481936277e+01    1.2083750998e+01   -8.4900419925e+01    1.2800000000e+04    2.8232527153e-02    8.3140625000e-01
       448   -3.7508820626e+01    1.4613499930e+03   -7.5257663291e+01    3.7748842665e+01    1.2096297524e+01   -8.7353960815e+01    1.2800000000e+04    2.8304230269e-02    8.3356770833e-01
       449   -3.7252960671e+01    1.4137121406e+03   -7.3585974919e+01    3.6333014247e+01    1.2215566635e+01   -8.5801541553e+01    1.2800000000e+04    2.8206565103e-02    8.2951822917e-01
       450   -3.7379657943e+01    1.4262894847e+03   -7.3000544767e+01    3.5620886823e+01    1.2159262397e+01   -8.5159807164e+01    1.2800000000e+04    2.8239508799e-02    8.2936197917e-01
       451   -3.7584256475e+01    1.4492344531e+03   -7.3133761567e+01    3.5549505092e+01    1.2085098848e+01   -8.5218860415e+01    1.2800000000e+04    2.8250307305e-02    8.2972656250e-01
       452   -3.7155688706e+01    1.4026685151e+03   -7.2355846714e+01    3.5200158008e+01    1.2095550914e+01   -8.4451397628e+01    1.2800000000e+04    2.8269125913e-02    8.3136718750e-01
       453   -3.7334657758e+01    1.4129936536e+03   -7.1788782675e+01    3.4454124917e+01    1.2085852561e+01   -8.3874635236e+01    1.2800000000e+04    2.8243299946e-02    8.3039062500e-01
       454   -3.7780152246e+01    1.4808353406e+03   -7.4859549324e+01    3.7079397078e+01    1.2010642935e+01   -8.6870192260e+01    1.2800000000e+04    2.8235722686e-02    8.3072916667e-01
       455   -3.7815415083e+01    1.4968053600e+03   -7.2983528805e+01    3.5168113721e+01    1.2134619934e+01   -8.5118148739e+01    1.2800000000e+04    2.8248911641e-02    8.3115885417e-01
       456   -3.8166784316e+01    2.2659110872e+03   -7.3334513358e+01    3.5167729042e+01    1.2146602266e+01   -8.5481115624e+01    1.2800000000e+04    2.8263695474e-02    8.3119791667e-01
       457   -3.8515326068e+01    1.7710655727e+03   -7.3829277460e+01    3.5313951391e+01    1.2076795606e+01   -8.5906073066e+01    1.2800000000e+04    2.8269456621e-02    8.3477864583e-01
       458   -3.7428948453e+01    1.4185263410e+03   -7.0576203450e+01    3.3147254997e+01    1.1998715719e+01   -8.2574919168e+01    1.2800000000e+04    2.8227428394e-02    8.3028645833e-01
       459   -3.7392719200e+01    1.4137270335e+03   -7.0420636979e+01    3.3027917779e+01    1.2135081191e+01   -8.2555718170e+01    1.2800000000e+04    2.8249508550e-02    8.3227864583e-01
       460   -3.7599592152e+01    1.4652163024e+03   -7.2940123937e+01    3.5340531786e+01    1.2107864622e+01   -8.5047988559e+01    1.2800000000e+04    2.8226043750e-02    8.3076822917e-01
       461   -3.7801682197e+01    1.4710560180e+03   -7.2115999042e+01    3.4314316844e+01    1.1989217445e+01   -8.4105216487e+01    1.2800000000e+04    2.8266786182e-02    8.3165364583e-01
       462   -3.7614932754e+01    1.5151680856e+03   -7.3006846665e+01    3.5391913911e+01    1.2097159714e+01   -8.5104006379e+01    1.2800000000e+04    2.8265491953e-02    8.3151041667e-01
       463   -3.7443514513e+01    1.4476994483e+03   -7.3439449001e+01    3.5995934488e+01    1.2131938069e+01   -8.5571387071e+01    1.2800000000e+04    2.8226352085e-02    8.2928385417e-01
       464   -3.7400132310e+01    1.4113225867e+03   -6.9135588902e+01    3.1735456592e+01    1.1937463264e+01   -8.1073052166e+01    1.2800000000e+04    2.8306369980e-02    8.3430989583e-01
       465   -3.9703765790e+01    3.5296680974e+03   -7.4624407473e+01    3.4920641683e+01    1.2098358667e+01   -8.6722766140e+01    1.2800000000e+04    2.8490386450e-02    8.3295572917e-01
       466   -3.8787389576e+01    3.1743411054e+03   -7.5630672065e+01    3.6843282489e+01    1.2145940578e+01   -8.7776612643e+01    1.2800000000e+04    2.8231276426e-02    8.2897135417e-01
       467   -3.7524364970e+01    1.4304167211e+03   -7.2360682949e+01    3.4836317979e+01    1.2168103532e+01   -8.4528786481e+01    1.2800000000e+04    2.8220280957e-02    8.2983072917e-01
       468   -3.7607490654e+01    1.4845196013e+03   -7.0404017455e+01    3.2796526801e+01    1.2159281415e+01   -8.2563298870e+01    1.2800000000e+04    2.8275401890e-02    8.3126302083e-01
       469   -3.7768768822e+01    1.6443408562e+03   -7.1226392097e+01    3.3457623276e+01    1.2099701271e+01   -8.3326093368e+01    1.2800000000e+04    2.8313820215e-02    8.3509114583e-01
       470   -3.7726259424e+01    1.5820756205e+03   -7.6913372326e+01    3.9187112902e+01    1.2020776626e+01   -8.8934148953e+01    1.2800000000e+04    2.8255419048e-02    8.3058593750e-01
       471   -3.7874878208e+01    1.4962307360e+03   -7.5412163539e+01    3.7537285331e+01    1.2018822177e+01   -8.7430985716e+01    1.2800000000e+04    2.8251010176e-02    8.2848958333e-01
       472   -3.7468008828e+01    1.4244089766e+03   -7.1557498123e+01    3.4089489295e+01    1.1998729332e+01   -8.3556227455e+01    1.2800000000e+04    2.8284199644e-02    8.3250000000e-01
       473   -3.8592521789e+01    2.2235691969e+03   -7.5746253455e+01    3.7153731665e+01    1.2088787476e+01   -8.7835040931e+01    1.2800000000e+04    2.8265617271e-02    8.3039062500e-01
       474   -3.7489858182e+01    1.4342346145e+03   -7.2484240203e+01    3.4994382021e+01    1.2197708747e+01   -8.4681948950e+01    1.2800000000e+04    2.8257052256e-02    8.3035156250e-01
       475   -3.7952207356e+01    1.5210408298e+03   -7.2793350595e+01    3.4841143239e+01    1.2011404571e+01   -8.4804755166e+01    1.2800000000e+04    2.8319238477e-02    8.3378906250e-01
       476   -3.7529199345e+01    1.4336756067e+03   -7.1702312837e+01    3.4173113492e+01    1.1964748157e+01   -8.3667060994e+01    1.2800000000e+04    2.8292579126e-02    8.3429687500e-01
       477   -3.7738948196e+01    1.5400245299e+03   -7.5213327898e+01    3.7474379701e+01    1.2140158217e+01   -8.7353486115e+01    1.2800000000e+04    2.8299067231e-02    8.3311197917e-01
       478   -3.7423680576e+01    1.4231503427e+03   -7.3882963363e+01    3.6459282788e+01    1.2014519606e+01   -8.5897482969e+01    1.2800000000e+04    2.8235030718e-02    8.2953125000e-01
       479   -3.7465935371e+01    1.4787834556e+03   -7.3357121834e+01    3.5891186463e+01    1.2107938401e+01   -8.5465060235e+01    1.2800000000e+04    2.8251235317e-02    8.2942708333e-01
       480   -3.7872728683e+01    1.6301300557e+03   -7.1342610811e+01    3.3469882128e+01    1.2054832657e+01   -8.3397443468e+01    1.2800000000e+04    2.8263752710e-02    8.3283854167e-01
       481   -3.7476282360e+01    1.4243531108e+03   -7.2189438551e+01    3.4713156191e+01    1.2096404313e+01   -8.4285842864e+01    1.2800000000e+04    2.8271140459e-02    8.3207031250e-01
       482   -3.7295077812e+01    1.4179335101e+03   -7.4347978122e+01    3.7052900310e+01    1.2074305903e+01   -8.6422284025e+01    1.2800000000e+04    2.8251351113e-02    8.2983072917e-01
       483   -3.7452906758e+01    1.4258296912e+03   -7.2032915605e+01    3.4580008847e+01    1.1902538433e+01   -8.3935454038e+01    1.2800000000e+04    2.8282537993e-02    8.3178385417e-01
       484   -3.7432000196e+01    1.4257670514e+03   -7.0841740078e+01    3.3409739882e+01    1.1925091599e+01   -8.2766831677e+01    1.2800000000e+04    2.8283083691e-02    8.3398437500e-01
       485   -3.7541304336e+01    1.4468002813e+03   -7.1355734791e+01    3.3814430455e+01    1.2007683327e+01   -8.3363418118e+01    1.2800000000e+04    2.8284579390e-02    8.3354166667e-01
       486   -3.7848696216e+01    1.4957928969e+03   -7.4255767263e+01    3.6407071047e+01    1.1982034848e+01   -8.6237802111e+01    1.2800000000e+04    2.8254108184e-02    8.3066406250e-01
       487   -3.7297565873e+01    1.4127625859e+03   -7.2242109897e+01    3.4944544023e+01    1.2000138304e+01   -8.4242248200e+01    1.2800000000e+04    2.8268025269e-02    8.3134114583e-01
       488   -3.7322516519e+01    1.4319857465e+03   -7.4642957829e+01    3.7320441310e+01    1.2166556748e+01   -8.6809514577e+01    1.2800000000e+04    2.8246931118e-02    8.3028645833e-01
       489   -3.7880106453e+01    1.5500887988e+03   -7.4214579714e+01    3.6334473261e+01    1.2150221947e+01   -8.6364801660e+01    1.2800000000e+04    2.8265537559e-02    8.3132812500e-01
       490   -3.7412988442e+01    1.4195146237e+03   -7.1195402420e+01    3.3782413978e+01    1.2018346889e+01   -8.3213749310e+01    1.2800000000e+04    2.8280253945e-02    8.3294270833e-01
       491   -3.7762843220e+01    1.5757658798e+03   -7.1941192071e+01    3.4178348850e+01    1.2019014910e+01   -8.3960206980e+01    1.2800000000e+04    2.8250599224e-02    8.3000000000e-01
       492   -3.7749674202e+01    1.5403574654e+03   -7.3505610173e+01    3.5755935971e+01    1.2149595181e+01   -8.5655205354e+01    1.2800000000e+04    2.8233598169e-02    8.2908854167e-01
       493   -3.7630373186e+01    1.4474388886e+03   -6.9409286664e+01    3.1778913478e+01    1.2078402714e+01   -8.1487689378e+01    1.2800000000e+04    2.8238541050e-02    8.3264322917e-01
       494   -3.7555466058e+01    1.4920149078e+03   -7.4197605812e+01    3.6642139754e+01    1.2136918941e+01   -8.6334524754e+01    1.2800000000e+04    2.8241057979e-02    8.3143229167e-01
       495   -3.7088040075e+01    1.3998211112e+03   -7.3240507688e+01    3.6152467612e+01    1.2185224043e+01   -8.5425731730e+01    1.2800000000e+04    2.8254608403e-02    8.2938802083e-01
       496   -3.7555558026e+01    1.4920601700e+03   -7.0632966846e+01    3.3077408820e+01    1.2007281713e+01   -8.2640248559e+01    1.2800000000e+04    2.8304743550e-02    8.3421875000e-01
       497   -3.7572396474e+01    1.5258452945e+03   -7.1971048121e+01    3.4398651647e+01    1.1799327707e+01   -8.3770375828e+01    1.2800000000e+04    2.8275849443e-02    8.3307291667e-01
       498   -3.7395694204e+01    1.4216363614e+03   -7.0937892358e+01    3.3542198153e+01    1.2026099853e+01   -8.2963992210e+01    1.2800000000e+04    2.8304670459e-02    8.3346354167e-01
       499   -3.7699501034e+01    1.4591010049e+03   -7.1282828243e+01    3.3583327209e+01    1.2134771353e+01   -8.3417599596e+01    1.2800000000e+04    2.8312362334e-02    8.3341145833e-01
