#   index    LocalEnergy         LocalEnergy_sq      LocalPotential      Kinetic             Coulomb             BlockWeight         BlockCPU            AcceptRatio         
         0   -3.3783803379e-01    9.0403229563e-01   -1.4235977979e+00    1.0857597641e+00   -1.4235977979e+00    5.1200000000e+04    5.5912221423e-03    9.9992187500e-01
         1   -3.8076821677e-01    7.8254130809e-01   -1.4059586181e+00    1.0251904013e+00   -1.4059586181e+00    5.1200000000e+04    5.6384457300e-03    9.9992187500e-01
         2   -3.9207492682e-01    8.4900099736e-01   -1.3920453293e+00    9.9997040245e-01   -1.3920453293e+00    5.1200000000e+04    5.6228436450e-03    9.9996093750e-01
         3   -3.8517031437e-01    6.4138691701e-01   -1.3691274445e+00    9.8395713009e-01   -1.3691274445e+00    5.1200000000e+04    5.6224941846e-03    1.0000000000e+00
         4   -4.3396567309e-01    1.1938536830e+00   -1.4032056868e+00    9.6924001370e-01   -1.4032056868e+00    5.1200000000e+04    5.6008800964e-03    9.9998046875e-01
         5   -4.2254686103e-01    1.0335547998e+00   -1.3541527509e+00    9.3160588988e-01   -1.3541527509e+00    5.1200000000e+04    5.6191252454e-03    9.9996093750e-01
         6   -4.1811521735e-01    6.8380866546e-01   -1.3432832846e+00    9.2516806721e-01   -1.3432832846e+00    5.1200000000e+04    5.6235667847e-03    9.9998046875e-01
         7   -4.2282989770e-01    6.3056988099e-01   -1.3083021131e+00    8.8547221538e-01   -1.3083021131e+00    5.1200000000e+04    5.6187962451e-03    9.9994140625e-01
         8   -4.7343544398e-01    1.1533364682e+00   -1.3368132270e+00    8.6337778306e-01   -1.3368132270e+00    5.1200000000e+04    5.6236138330e-03    9.9998046875e-01
         9   -4.5019604843e-01    8.3451111231e-01   -1.3180337547e+00    8.6783770630e-01   -1.3180337547e+00    5.1200000000e+04    5.5983313940e-03    9.9988281250e-01
        10   -4.4820162210e-01    9.4909449092e-01   -1.3368634391e+00    8.8866181704e-01   -1.3368634391e+00    5.1200000000e+04    5.6175344800e-03    9.9998046875e-01
        11   -4.0753562131e-01    5.6331701185e-01   -1.2987773833e+00    8.9124176203e-01   -1.2987773833e+00    5.1200000000e+04    5.6222282764e-03    9.9996093750e-01
        12   -4.2591078747e-01    9.0910929204e-01   -1.3022230037e+00    8.7631221624e-01   -1.3022230037e+00    5.1200000000e+04    5.6218978650e-03    9.9998046875e-01
        13   -4.2328345707e-01    7.5109048043e-01   -1.3091593776e+00    8.8587592051e-01   -1.3091593776e+00    5.1200000000e+04    5.6223557361e-03    1.0000000000e+00
        14   -4.5085005370e-01    8.5140656580e-01   -1.2863057903e+00    8.3545573656e-01   -1.2863057903e+00    5.1200000000e+04    5.6017147644e-03    9.9998046875e-01
        15   -4.1648955036e-01    5.3384070624e-01   -1.2400678574e+00    8.2357830702e-01   -1.2400678574e+00    5.1200000000e+04    5.6204045251e-03    9.9996093750e-01
        16   -4.3868105644e-01    6.1675063115e-01   -1.2327882745e+00    7.9410721807e-01   -1.2327882745e+00    5.1200000000e+04    5.6187739185e-03    9.9988281250e-01
        17   -4.4814170653e-01    6.7813035320e-01   -1.2289897621e+00    7.8084805560e-01   -1.2289897621e+00    5.1200000000e+04    5.6179235925e-03    9.9998046875e-01
        18   -4.2823397939e-01    5.9825908661e-01   -1.1833561669e+00    7.5512218754e-01   -1.1833561669e+00    5.1200000000e+04    5.6206166016e-03    1.0000000000e+00
        19   -4.7113274629e-01    9.1660988166e-01   -1.2240685349e+00    7.5293578865e-01   -1.2240685349e+00    5.1200000000e+04    5.6018911621e-03    9.9998046875e-01
        20   -4.5543022073e-01    8.6669107175e-01   -1.2429463434e+00    7.8751612264e-01   -1.2429463434e+00    5.1200000000e+04    5.6215091333e-03    9.9996093750e-01
        21   -4.4249475436e-01    6.4253462487e-01   -1.2452057497e+00    8.0271099531e-01   -1.2452057497e+00    5.1200000000e+04    5.6223099219e-03    9.9994140625e-01
        22   -4.9095362041e-01    9.3048986229e-01   -1.2914972673e+00    8.0054364693e-01   -1.2914972673e+00    5.1200000000e+04    5.6188153149e-03    9.9998046875e-01
        23   -4.6429109196e-01    7.1207511689e-01   -1.2204733084e+00    7.5618221647e-01   -1.2204733084e+00    5.1200000000e+04    5.6200311584e-03    9.9998046875e-01
        24   -4.5114877080e-01    6.0294635230e-01   -1.2119572780e+00    7.6080850720e-01   -1.2119572780e+00    5.1200000000e+04    5.6064141760e-03    9.9996093750e-01
        25   -4.6043612153e-01    6.8302077335e-01   -1.2062905026e+00    7.4585438109e-01   -1.2062905026e+00    5.1200000000e+04    5.6192257361e-03    9.9996093750e-01
        26   -4.3566274288e-01    4.9550917001e-01   -1.1749455509e+00    7.3928280806e-01   -1.1749455509e+00    5.1200000000e+04    5.6234057629e-03    9.9994140625e-01
        27   -4.6156667488e-01    8.7779312983e-01   -1.1944146655e+00    7.3284799059e-01   -1.1944146655e+00    5.1200000000e+04    5.6230012073e-03    9.9992187500e-01
        28   -4.8372044465e-01    8.2909995582e-01   -1.2035668174e+00    7.1984637273e-01   -1.2035668174e+00    5.1200000000e+04    5.6221131018e-03    9.9996093750e-01
        29   -4.5280618139e-01    7.1276308627e-01   -1.1744647651e+00    7.2165858369e-01   -1.1744647651e+00    5.1200000000e+04    5.6016753076e-03    9.9992187500e-01
        30   -4.3878788668e-01    6.0481213009e-01   -1.1632550622e+00    7.2446717549e-01   -1.1632550622e+00    5.1200000000e+04    5.6230486401e-03    9.9986328125e-01
        31   -4.5352632967e-01    5.8946486713e-01   -1.1759427426e+00    7.2241641297e-01   -1.1759427426e+00    5.1200000000e+04    5.6212451733e-03    9.9994140625e-01
        32   -4.2393629495e-01    4.4689438802e-01   -1.1236184635e+00    6.9968216855e-01   -1.1236184635e+00    5.1200000000e+04    5.6189481567e-03    1.0000000000e+00
        33   -4.5828951652e-01    6.2782328884e-01   -1.1379979574e+00    6.7970844088e-01   -1.1379979574e+00    5.1200000000e+04    5.6233285303e-03    9.9998046875e-01
        34   -4.8096481983e-01    7.7736606604e-01   -1.1069688200e+00    6.2600400014e-01   -1.1069688200e+00    5.1200000000e+04    5.5992528381e-03    9.9998046875e-01
        35   -4.6598262833e-01    5.2925633299e-01   -1.1329646793e+00    6.6698205098e-01   -1.1329646793e+00    5.1200000000e+04    5.6183813025e-03    9.9996093750e-01
        36   -4.7542555514e-01    8.2405941840e-01   -1.1875936588e+00    7.1216810370e-01   -1.1875936588e+00    5.1200000000e+04    5.6236448950e-03    9.9992187500e-01
        37   -4.9433116734e-01    7.7141413304e-01   -1.2319832427e+00    7.3765207535e-01   -1.2319832427e+00    5.1200000000e+04    5.6214761548e-03    9.9994140625e-01
        38   -4.8564301070e-01    7.6403850707e-01   -1.2509108039e+00    7.6526779321e-01   -1.2509108039e+00    5.1200000000e+04    5.6250979590e-03    9.9998046875e-01
        39   -4.7276709370e-01    8.3476842877e-01   -1.2158993413e+00    7.4313224756e-01   -1.2158993413e+00    5.1200000000e+04    5.6015060010e-03    9.9992187500e-01
        40   -4.4196346356e-01    6.1146040516e-01   -1.1761135461e+00    7.3415008250e-01   -1.1761135461e+00    5.1200000000e+04    5.6205050916e-03    9.9996093750e-01
        41   -4.6911770638e-01    5.9315967208e-01   -1.2162462577e+00    7.4712855132e-01   -1.2162462577e+00    5.1200000000e+04    5.6219352893e-03    1.0000000000e+00
        42   -4.4655707161e-01    5.3774157196e-01   -1.1914372436e+00    7.4488017199e-01   -1.1914372436e+00    5.1200000000e+04    5.6222349231e-03    1.0000000000e+00
        43   -4.9050987579e-01    1.1155641739e+00   -1.2630430183e+00    7.7253314256e-01   -1.2630430183e+00    5.1200000000e+04    5.6214865308e-03    9.9996093750e-01
        44   -4.7206239471e-01    7.8723660686e-01   -1.2060655984e+00    7.3400320365e-01   -1.2060655984e+00    5.1200000000e+04    5.6028570593e-03    9.9988281250e-01
        45   -4.3457620136e-01    6.0281466885e-01   -1.1922858044e+00    7.5770960300e-01   -1.1922858044e+00    5.1200000000e+04    5.6180458923e-03    9.9994140625e-01
        46   -4.3072180021e-01    6.4715397909e-01   -1.2228559634e+00    7.9213416314e-01   -1.2228559634e+00    5.1200000000e+04    5.6236030701e-03    9.9994140625e-01
        47   -4.3108525111e-01    8.1432584185e-01   -1.2628930609e+00    8.3180780978e-01   -1.2628930609e+00    5.1200000000e+04    5.6204085974e-03    9.9996093750e-01
        48   -4.3433103137e-01    8.0395933955e-01   -1.2552684616e+00    8.2093743027e-01   -1.2552684616e+00    5.1200000000e+04    5.6246212292e-03    9.9998046875e-01
        49   -4.1132423850e-01    4.5265973600e-01   -1.1934331331e+00    7.8210889463e-01   -1.1934331331e+00    5.1200000000e+04    5.6052798608e-03    1.0000000000e+00
        50   -4.3949828281e-01    8.1101978001e-01   -1.1907515665e+00    7.5125328364e-01   -1.1907515665e+00    5.1200000000e+04    5.6210313477e-03    9.9996093750e-01
        51   -4.3775545817e-01    9.7957479933e-01   -1.2411447026e+00    8.0338924445e-01   -1.2411447026e+00    5.1200000000e+04    5.6234501367e-03    9.9994140625e-01
        52   -4.4148015255e-01    6.3685243889e-01   -1.2473845126e+00    8.0590436002e-01   -1.2473845126e+00    5.1200000000e+04    5.6221080786e-03    9.9994140625e-01
        53   -4.3045309627e-01    6.7677664757e-01   -1.2577185143e+00    8.2726541801e-01   -1.2577185143e+00    5.1200000000e+04    5.6209545459e-03    9.9996093750e-01
        54   -4.7058829736e-01    1.1038018857e+00   -1.2815630765e+00    8.1097477916e-01   -1.2815630765e+00    5.1200000000e+04    5.6034614282e-03    9.9998046875e-01
        55   -4.7033061941e-01    9.3639224748e-01   -1.2890275167e+00    8.1869689727e-01   -1.2890275167e+00    5.1200000000e+04    5.6198949500e-03    9.9998046875e-01
        56   -4.3569641260e-01    6.2093310853e-01   -1.2356005791e+00    7.9990416649e-01   -1.2356005791e+00    5.1200000000e+04    5.6213637109e-03    9.9998046875e-01
        57   -4.5322017940e-01    5.8179209333e-01   -1.2044164654e+00    7.5119628596e-01   -1.2044164654e+00    5.1200000000e+04    5.6179325598e-03    9.9998046875e-01
        58   -4.3476247773e-01    4.6936650357e-01   -1.1893889005e+00    7.5462642281e-01   -1.1893889005e+00    5.1200000000e+04    5.6233760266e-03    9.9994140625e-01
        59   -4.2604296501e-01    5.6817700331e-01   -1.1937182059e+00    7.6767524086e-01   -1.1937182059e+00    5.1200000000e+04    5.5989652686e-03    9.9996093750e-01
        60   -4.3669779961e-01    4.9332359775e-01   -1.1816823027e+00    7.4498450312e-01   -1.1816823027e+00    5.1200000000e+04    5.6212869275e-03    9.9990234375e-01
        61   -4.5269636507e-01    4.8123852183e-01   -1.1528488995e+00    7.0015253438e-01   -1.1528488995e+00    5.1200000000e+04    5.6233451025e-03    9.9998046875e-01
        62   -4.2818007587e-01    4.8484691811e-01   -1.1452994463e+00    7.1711937042e-01   -1.1452994463e+00    5.1200000000e+04    5.7501910291e-03    9.9988281250e-01
        63   -4.6886693406e-01    7.2828156528e-01   -1.1933095804e+00    7.2444264635e-01   -1.1933095804e+00    5.1200000000e+04    5.6215941553e-03    1.0000000000e+00
        64   -4.5702197089e-01    6.8800149762e-01   -1.1650684007e+00    7.0804642985e-01   -1.1650684007e+00    5.1200000000e+04    5.6020770618e-03    9.9992187500e-01
        65   -4.5156809737e-01    8.0798841185e-01   -1.1721762916e+00    7.2060819422e-01   -1.1721762916e+00    5.1200000000e+04    5.6182017798e-03    9.9998046875e-01
        66   -4.2461892146e-01    4.1027857249e-01   -1.1115012641e+00    6.8688234260e-01   -1.1115012641e+00    5.1200000000e+04    5.6227736719e-03    9.9994140625e-01
        67   -4.4026476240e-01    5.0462084811e-01   -1.1234485475e+00    6.8318378513e-01   -1.1234485475e+00    5.1200000000e+04    5.6232867468e-03    9.9990234375e-01
        68   -4.7532062945e-01    1.2134929684e+00   -1.1574903008e+00    6.8216967139e-01   -1.1574903008e+00    5.1200000000e+04    5.6219698804e-03    9.9996093750e-01
        69   -4.8402187496e-01    7.8465174866e-01   -1.1626907558e+00    6.7866888081e-01   -1.1626907558e+00    5.1200000000e+04    5.6007355762e-03    9.9996093750e-01
        70   -4.5355265693e-01    7.0040810488e-01   -1.1643534439e+00    7.1080078700e-01   -1.1643534439e+00    5.1200000000e+04    5.6182709399e-03    9.9996093750e-01
        71   -4.7583223622e-01    7.0602759626e-01   -1.1608231809e+00    6.8499094469e-01   -1.1608231809e+00    5.1200000000e+04    5.6253772583e-03    9.9998046875e-01
        72   -4.7751289950e-01    7.2846728379e-01   -1.1623382189e+00    6.8482531937e-01   -1.1623382189e+00    5.1200000000e+04    5.6219041895e-03    9.9998046875e-01
        73   -4.5862509907e-01    8.3918909013e-01   -1.1186498272e+00    6.6002472818e-01   -1.1186498272e+00    5.1200000000e+04    5.6217674780e-03    9.9994140625e-01
        74   -4.5125368586e-01    6.7291985974e-01   -1.1426675429e+00    6.9141385700e-01   -1.1426675429e+00    5.1200000000e+04    5.6071443030e-03    9.9998046875e-01
        75   -4.9124243366e-01    9.8457034206e-01   -1.1512497217e+00    6.6000728803e-01   -1.1512497217e+00    5.1200000000e+04    5.6189969714e-03    1.0000000000e+00
        76   -4.6539997422e-01    5.0503959915e-01   -1.1074253874e+00    6.4202541318e-01   -1.1074253874e+00    5.1200000000e+04    5.6239641028e-03    9.9992187500e-01
        77   -4.7737843070e-01    1.0191865470e+00   -1.1257758326e+00    6.4839740193e-01   -1.1257758326e+00    5.1200000000e+04    5.6263754639e-03    9.9996093750e-01
        78   -4.7960910538e-01    7.2237084022e-01   -1.1611676156e+00    6.8155851024e-01   -1.1611676156e+00    5.1200000000e+04    5.6212048584e-03    9.9992187500e-01
        79   -4.7605874245e-01    6.3637539635e-01   -1.1227889609e+00    6.4673021842e-01   -1.1227889609e+00    5.1200000000e+04    5.6027803711e-03    9.9998046875e-01
        80   -4.8765990323e-01    5.9349783974e-01   -1.1405640885e+00    6.5290418528e-01   -1.1405640885e+00    5.1200000000e+04    5.6203371094e-03    9.9998046875e-01
        81   -5.0765708764e-01    7.5144745688e-01   -1.1327798380e+00    6.2512275039e-01   -1.1327798380e+00    5.1200000000e+04    5.6249765430e-03    9.9992187500e-01
        82   -4.7695400234e-01    5.3216450132e-01   -1.0872494024e+00    6.1029540007e-01   -1.0872494024e+00    5.1200000000e+04    5.6211668335e-03    1.0000000000e+00
        83   -4.8283296428e-01    6.2086609873e-01   -1.0594452788e+00    5.7661231456e-01   -1.0594452788e+00    5.1200000000e+04    5.6233327869e-03    9.9998046875e-01
        84   -5.0323239730e-01    5.7646462249e-01   -1.0554875881e+00    5.5225519077e-01   -1.0554875881e+00    5.1200000000e+04    5.6004530176e-03    1.0000000000e+00
        85   -5.1297720688e-01    5.7675389450e-01   -1.0527148828e+00    5.3973767593e-01   -1.0527148828e+00    5.1200000000e+04    5.6203567883e-03    9.9994140625e-01
        86   -5.0944709398e-01    7.1529168908e-01   -1.0918357036e+00    5.8238860963e-01   -1.0918357036e+00    5.1200000000e+04    5.6219771094e-03    9.9996093750e-01
        87   -4.6170025361e-01    4.6112253080e-01   -1.0505735668e+00    5.8887331322e-01   -1.0505735668e+00    5.1200000000e+04    5.6235650916e-03    9.9996093750e-01
        88   -4.7346506177e-01    5.1002809871e-01   -1.0630693877e+00    5.8960432589e-01   -1.0630693877e+00    5.1200000000e+04    5.6243326868e-03    9.9994140625e-01
        89   -4.6424261942e-01    4.5984303784e-01   -1.0582036035e+00    5.9396098412e-01   -1.0582036035e+00    5.1200000000e+04    5.6021253491e-03    9.9994140625e-01
        90   -4.7893208553e-01    6.5635408440e-01   -1.0870449315e+00    6.0811284593e-01   -1.0870449315e+00    5.1200000000e+04    5.6234969836e-03    9.9994140625e-01
        91   -4.7870212259e-01    5.9005609649e-01   -1.0862121866e+00    6.0751006405e-01   -1.0862121866e+00    5.1200000000e+04    5.6205066528e-03    1.0000000000e+00
        92   -4.8110226238e-01    6.0721611723e-01   -1.1085494634e+00    6.2744720101e-01   -1.1085494634e+00    5.1200000000e+04    5.6233824927e-03    9.9994140625e-01
        93   -4.9398582600e-01    9.5596394780e-01   -1.1395674659e+00    6.4558163993e-01   -1.1395674659e+00    5.1200000000e+04    5.6237577795e-03    9.9998046875e-01
        94   -5.0434262133e-01    8.0004932984e-01   -1.1533832581e+00    6.4904063680e-01   -1.1533832581e+00    5.1200000000e+04    5.6016520862e-03    9.9998046875e-01
        95   -4.5856104930e-01    4.2613179470e-01   -1.0835636841e+00    6.2500263485e-01   -1.0835636841e+00    5.1200000000e+04    5.6179246008e-03    9.9996093750e-01
        96   -4.6703827188e-01    5.9495218760e-01   -1.1028474901e+00    6.3580921825e-01   -1.1028474901e+00    5.1200000000e+04    5.6212669446e-03    9.9994140625e-01
        97   -4.5314776020e-01    6.9932641496e-01   -1.1236640837e+00    6.7051632346e-01   -1.1236640837e+00    5.1200000000e+04    5.6211451819e-03    9.9998046875e-01
        98   -4.6056636314e-01    6.0714971361e-01   -1.1374746468e+00    6.7690828366e-01   -1.1374746468e+00    5.1200000000e+04    5.6222826648e-03    9.9996093750e-01
        99   -4.8726829555e-01    7.6516121008e-01   -1.1749516440e+00    6.8768334841e-01   -1.1749516440e+00    5.1200000000e+04    5.6029107507e-03    9.9992187500e-01
       100   -4.8314675750e-01    8.9641618878e-01   -1.1806530062e+00    6.9750624870e-01   -1.1806530062e+00    5.1200000000e+04    5.6209408899e-03    9.9996093750e-01
       101   -4.9530188499e-01    9.4891510625e-01   -1.2050574522e+00    7.0975556717e-01   -1.2050574522e+00    5.1200000000e+04    5.6205479810e-03    9.9998046875e-01
       102   -4.4937760669e-01    6.5143594141e-01   -1.1562335864e+00    7.0685597973e-01   -1.1562335864e+00    5.1200000000e+04    5.6222629138e-03    9.9996093750e-01
       103   -4.5293837205e-01    4.7523931062e-01   -1.1320181233e+00    6.7907975127e-01   -1.1320181233e+00    5.1200000000e+04    5.6233758704e-03    9.9994140625e-01
       104   -4.5992185878e-01    7.2667025656e-01   -1.1423178300e+00    6.8239597119e-01   -1.1423178300e+00    5.1200000000e+04    5.6015410510e-03    9.9998046875e-01
       105   -5.0069576366e-01    7.8541899973e-01   -1.1687256100e+00    6.6802984634e-01   -1.1687256100e+00    5.1200000000e+04    5.6226096741e-03    9.9994140625e-01
       106   -4.8454069360e-01    7.5414621636e-01   -1.1376298157e+00    6.5308912208e-01   -1.1376298157e+00    5.1200000000e+04    5.6245633594e-03    9.9996093750e-01
       107   -4.8589012103e-01    6.4954016429e-01   -1.1309238801e+00    6.4503375910e-01   -1.1309238801e+00    5.1200000000e+04    5.6210326318e-03    9.9998046875e-01
       108   -4.7129184387e-01    5.8146910122e-01   -1.1161467818e+00    6.4485493797e-01   -1.1161467818e+00    5.1200000000e+04    5.6258204272e-03    9.9988281250e-01
       109   -4.6577561629e-01    5.4236375239e-01   -1.1050255478e+00    6.3924993149e-01   -1.1050255478e+00    5.1200000000e+04    5.5999267102e-03    9.9992187500e-01
       110   -4.7558539280e-01    8.1940848638e-01   -1.1579693607e+00    6.8238396794e-01   -1.1579693607e+00    5.1200000000e+04    5.6229830554e-03    9.9998046875e-01
       111   -4.6021021061e-01    5.5833207941e-01   -1.1408122745e+00    6.8060206394e-01   -1.1408122745e+00    5.1200000000e+04    5.6246749219e-03    9.9992187500e-01
       112   -4.8532321954e-01    8.2705712583e-01   -1.1667361759e+00    6.8141295633e-01   -1.1667361759e+00    5.1200000000e+04    5.6235102832e-03    9.9998046875e-01
       113   -4.7964925335e-01    8.3116426266e-01   -1.1932575649e+00    7.1360831157e-01   -1.1932575649e+00    5.1200000000e+04    5.6232290405e-03    9.9994140625e-01
       114   -4.3585041476e-01    5.8958913260e-01   -1.1842123300e+00    7.4836191526e-01   -1.1842123300e+00    5.1200000000e+04    5.6046400452e-03    9.9994140625e-01
       115   -4.3081438778e-01    4.9654047547e-01   -1.1506815668e+00    7.1986717905e-01   -1.1506815668e+00    5.1200000000e+04    5.6222187524e-03    9.9994140625e-01
       116   -4.6112018939e-01    6.8610618326e-01   -1.1644526540e+00    7.0333246462e-01   -1.1644526540e+00    5.1200000000e+04    5.6215945374e-03    9.9992187500e-01
       117   -4.5376612657e-01    6.7157576334e-01   -1.1987093155e+00    7.4494318890e-01   -1.1987093155e+00    5.1200000000e+04    5.6202839783e-03    9.9998046875e-01
       118   -4.6844027634e-01    8.2933401475e-01   -1.2085733502e+00    7.4013307389e-01   -1.2085733502e+00    5.1200000000e+04    5.6240078613e-03    9.9994140625e-01
       119   -4.5600787374e-01    7.3643336489e-01   -1.1614655505e+00    7.0545767679e-01   -1.1614655505e+00    5.1200000000e+04    5.6039261584e-03    9.9998046875e-01
       120   -4.4963083965e-01    5.3408537145e-01   -1.1504345229e+00    7.0080368324e-01   -1.1504345229e+00    5.1200000000e+04    5.6193311926e-03    9.9996093750e-01
       121   -4.7065229438e-01    7.9182603057e-01   -1.1613163499e+00    6.9066405555e-01   -1.1613163499e+00    5.1200000000e+04    5.6254178430e-03    9.9992187500e-01
       122   -4.3736368209e-01    4.9376041773e-01   -1.1165131028e+00    6.7914942075e-01   -1.1165131028e+00    5.1200000000e+04    5.6208485107e-03    9.9994140625e-01
       123   -4.5314913814e-01    5.8702304256e-01   -1.1602640221e+00    7.0711488392e-01   -1.1602640221e+00    5.1200000000e+04    5.6249562744e-03    1.0000000000e+00
       124   -4.6230064983e-01    6.8849452883e-01   -1.1902467730e+00    7.2794612319e-01   -1.1902467730e+00    5.1200000000e+04    5.6042745032e-03    9.9994140625e-01
       125   -4.3094683778e-01    4.7324073065e-01   -1.1484787934e+00    7.1753195561e-01   -1.1484787934e+00    5.1200000000e+04    5.6243843506e-03    1.0000000000e+00
       126   -4.5160956517e-01    7.0518688167e-01   -1.1447047426e+00    6.9309517738e-01   -1.1447047426e+00    5.1200000000e+04    5.6221756970e-03    9.9996093750e-01
       127   -4.7076844494e-01    7.1345919520e-01   -1.1875802406e+00    7.1681179563e-01   -1.1875802406e+00    5.1200000000e+04    5.6227726123e-03    9.9996093750e-01
       128   -4.7216326709e-01    9.3609343825e-01   -1.1775520704e+00    7.0538880334e-01   -1.1775520704e+00    5.1200000000e+04    5.6214817139e-03    9.9992187500e-01
       129   -4.5637699912e-01    7.0100325285e-01   -1.1741297509e+00    7.1775275174e-01   -1.1741297509e+00    5.1200000000e+04    5.6054916418e-03    9.9994140625e-01
       130   -4.4984412285e-01    6.8782890977e-01   -1.1674311488e+00    7.1758702593e-01   -1.1674311488e+00    5.1200000000e+04    5.6248179102e-03    9.9996093750e-01
       131   -4.6249941654e-01    7.7005681035e-01   -1.2095469400e+00    7.4704752350e-01   -1.2095469400e+00    5.1200000000e+04    5.6208461572e-03    9.9994140625e-01
       132   -4.4340112567e-01    8.1776613155e-01   -1.1977813535e+00    7.5438022783e-01   -1.1977813535e+00    5.1200000000e+04    5.6232166968e-03    9.9996093750e-01
       133   -4.1653368554e-01    4.0750875633e-01   -1.1600840558e+00    7.4355037026e-01   -1.1600840558e+00    5.1200000000e+04    5.6237311877e-03    9.9998046875e-01
       134   -4.2205342614e-01    5.8262101391e-01   -1.1615163446e+00    7.3946291848e-01   -1.1615163446e+00    5.1200000000e+04    5.6035292126e-03    9.9996093750e-01
       135   -4.4437672766e-01    5.5128821762e-01   -1.1653805396e+00    7.2100381193e-01   -1.1653805396e+00    5.1200000000e+04    5.6208546313e-03    9.9990234375e-01
       136   -4.9088064336e-01    9.7180746453e-01   -1.1960479579e+00    7.0516731453e-01   -1.1960479579e+00    5.1200000000e+04    5.6277722424e-03    9.9996093750e-01
       137   -4.6443784639e-01    7.1580943223e-01   -1.1919946189e+00    7.2755677254e-01   -1.1919946189e+00    5.1200000000e+04    5.6212036328e-03    9.9992187500e-01
       138   -4.3147987078e-01    5.3183078981e-01   -1.1630387311e+00    7.3155886031e-01   -1.1630387311e+00    5.1200000000e+04    5.6269200903e-03    9.9998046875e-01
       139   -4.5871994463e-01    6.6620573594e-01   -1.1664679274e+00    7.0774798272e-01   -1.1664679274e+00    5.1200000000e+04    5.6019609155e-03    9.9996093750e-01
       140   -4.5577226453e-01    5.1593119603e-01   -1.1632330666e+00    7.0746080209e-01   -1.1632330666e+00    5.1200000000e+04    5.6192881189e-03    9.9994140625e-01
       141   -4.5520049382e-01    5.9578902441e-01   -1.1761380306e+00    7.2093753676e-01   -1.1761380306e+00    5.1200000000e+04    5.6222001562e-03    9.9992187500e-01
       142   -4.6804458697e-01    7.5327447067e-01   -1.1601957979e+00    6.9215121089e-01   -1.1601957979e+00    5.1200000000e+04    5.6236859656e-03    9.9998046875e-01
       143   -4.5718531121e-01    7.5710316156e-01   -1.1450064619e+00    6.8782115067e-01   -1.1450064619e+00    5.1200000000e+04    5.6249323169e-03    1.0000000000e+00
       144   -4.6487705726e-01    6.3486818874e-01   -1.1471362110e+00    6.8225915375e-01   -1.1471362110e+00    5.1200000000e+04    5.6009652271e-03    9.9990234375e-01
       145   -4.4656763955e-01    5.4353984802e-01   -1.1589724410e+00    7.1240480148e-01   -1.1589724410e+00    5.1200000000e+04    5.6182995313e-03    9.9998046875e-01
       146   -4.5992206657e-01    8.1655232985e-01   -1.2081095725e+00    7.4818750593e-01   -1.2081095725e+00    5.1200000000e+04    5.6263531494e-03    9.9996093750e-01
       147   -4.2582129404e-01    4.7200511042e-01   -1.1672626257e+00    7.4144133165e-01   -1.1672626257e+00    5.1200000000e+04    5.6245419360e-03    9.9996093750e-01
       148   -4.3564402681e-01    6.0880099475e-01   -1.1714367905e+00    7.3579276371e-01   -1.1714367905e+00    5.1200000000e+04    5.6238592236e-03    9.9988281250e-01
       149   -4.4917190309e-01    5.4719039530e-01   -1.1432477606e+00    6.9407585748e-01   -1.1432477606e+00    5.1200000000e+04    5.6264388586e-03    9.9996093750e-01
       150   -4.5383631329e-01    5.9807646404e-01   -1.1621642592e+00    7.0832794589e-01   -1.1621642592e+00    5.1200000000e+04    5.6064380737e-03    9.9996093750e-01
       151   -4.3451511537e-01    5.1020528626e-01   -1.1758125171e+00    7.4129740176e-01   -1.1758125171e+00    5.1200000000e+04    5.6219176587e-03    1.0000000000e+00
       152   -4.5421435991e-01    7.0617787441e-01   -1.1637239500e+00    7.0950959012e-01   -1.1637239500e+00    5.1200000000e+04    5.6186315088e-03    9.9990234375e-01
       153   -4.5231409453e-01    7.5225454828e-01   -1.1661523289e+00    7.1383823437e-01   -1.1661523289e+00    5.1200000000e+04    5.6233647327e-03    9.9998046875e-01
       154   -4.3392346677e-01    4.8003750976e-01   -1.1665202032e+00    7.3259673645e-01   -1.1665202032e+00    5.1200000000e+04    5.6245573755e-03    9.9994140625e-01
       155   -4.3857847245e-01    6.2031797540e-01   -1.2241905408e+00    7.8561206837e-01   -1.2241905408e+00    5.1200000000e+04    5.6036502356e-03    9.9998046875e-01
       156   -4.3185790254e-01    6.5407493440e-01   -1.2347871308e+00    8.0292922826e-01   -1.2347871308e+00    5.1200000000e+04    5.6215507983e-03    9.9990234375e-01
       157   -4.5075223608e-01    6.9326017545e-01   -1.2348230478e+00    7.8407081168e-01   -1.2348230478e+00    5.1200000000e+04    5.6208436938e-03    9.9992187500e-01
       158   -4.1188979729e-01    4.9788470819e-01   -1.1974286816e+00    7.8553888428e-01   -1.1974286816e+00    5.1200000000e+04    5.6223554004e-03    9.9994140625e-01
       159   -4.3504630457e-01    6.0660528414e-01   -1.1938894551e+00    7.5884315053e-01   -1.1938894551e+00    5.1200000000e+04    5.6199493066e-03    9.9998046875e-01
       160   -4.1416060995e-01    5.2406288029e-01   -1.1847724166e+00    7.7061180665e-01   -1.1847724166e+00    5.1200000000e+04    5.6051367102e-03    9.9994140625e-01
       161   -4.2407597482e-01    8.8094238281e-01   -1.2359341820e+00    8.1185820715e-01   -1.2359341820e+00    5.1200000000e+04    5.6258149280e-03    9.9994140625e-01
       162   -3.9402009845e-01    4.3299265531e-01   -1.2200166414e+00    8.2599654297e-01   -1.2200166414e+00    5.1200000000e+04    5.6184935315e-03    9.9998046875e-01
       163   -4.0126529400e-01    5.9645667498e-01   -1.2142442000e+00    8.1297890603e-01   -1.2142442000e+00    5.1200000000e+04    5.6264748169e-03    9.9998046875e-01
       164   -4.2393240427e-01    6.0055344362e-01   -1.2055736891e+00    7.8164128484e-01   -1.2055736891e+00    5.1200000000e+04    5.6214737439e-03    9.9996093750e-01
       165   -4.8737226908e-01    1.0481304586e+00   -1.2318190132e+00    7.4444674408e-01   -1.2318190132e+00    5.1200000000e+04    5.6052305212e-03    9.9994140625e-01
       166   -4.6034537200e-01    6.2456403433e-01   -1.1868257205e+00    7.2648034853e-01   -1.1868257205e+00    5.1200000000e+04    5.6199183545e-03    9.9996093750e-01
       167   -4.5683522546e-01    7.4851210556e-01   -1.1764717413e+00    7.1963651583e-01   -1.1764717413e+00    5.1200000000e+04    5.6203458228e-03    1.0000000000e+00
       168   -4.3981498422e-01    5.3904554104e-01   -1.1836444418e+00    7.4382945755e-01   -1.1836444418e+00    5.1200000000e+04    5.6219035681e-03    9.9998046875e-01
       169   -4.5418121049e-01    7.1095037157e-01   -1.1648763586e+00    7.1069514807e-01   -1.1648763586e+00    5.1200000000e+04    5.6197126855e-03    1.0000000000e+00
       170   -4.4889906643e-01    6.1361302301e-01   -1.1822876392e+00    7.3338857273e-01   -1.1822876392e+00    5.1200000000e+04    5.6052560767e-03    9.9986328125e-01
       171   -4.4666354941e-01    6.4621094932e-01   -1.2241976476e+00    7.7753409815e-01   -1.2241976476e+00    5.1200000000e+04    5.6216728772e-03    9.9992187500e-01
       172   -4.5529335101e-01    6.9505842374e-01   -1.2269596199e+00    7.7166626891e-01   -1.2269596199e+00    5.1200000000e+04    5.6181324695e-03    9.9998046875e-01
       173   -4.4487370763e-01    6.2857381949e-01   -1.1758450033e+00    7.3097129565e-01   -1.1758450033e+00    5.1200000000e+04    5.6218575378e-03    9.9992187500e-01
       174   -4.4117450985e-01    5.0415571163e-01   -1.1575088865e+00    7.1633437670e-01   -1.1575088865e+00    5.1200000000e+04    5.6210573962e-03    9.9998046875e-01
       175   -4.4408313727e-01    8.3993345247e-01   -1.1756435031e+00    7.3156036579e-01   -1.1756435031e+00    5.1200000000e+04    5.6005504590e-03    9.9996093750e-01
       176   -4.7050674920e-01    9.5268150658e-01   -1.2631064089e+00    7.9259965971e-01   -1.2631064089e+00    5.1200000000e+04    5.6255861292e-03    9.9994140625e-01
       177   -4.3823614741e-01    6.5726382682e-01   -1.2408510408e+00    8.0261489338e-01   -1.2408510408e+00    5.1200000000e+04    5.6217205298e-03    9.9992187500e-01
       178   -4.2510623294e-01    6.2161919218e-01   -1.2176983447e+00    7.9259211178e-01   -1.2176983447e+00    5.1200000000e+04    5.6202288477e-03    9.9998046875e-01
       179   -4.3837069047e-01    5.6885244121e-01   -1.1957199591e+00    7.5734926867e-01   -1.1957199591e+00    5.1200000000e+04    5.6170877039e-03    9.9996093750e-01
       180   -4.5437455203e-01    9.4931637902e-01   -1.1766876200e+00    7.2231306793e-01   -1.1766876200e+00    5.1200000000e+04    5.6040488171e-03    9.9992187500e-01
       181   -4.6439222966e-01    5.8167451985e-01   -1.1721305638e+00    7.0773833418e-01   -1.1721305638e+00    5.1200000000e+04    5.6228655823e-03    1.0000000000e+00
       182   -4.8113549999e-01    6.7648179765e-01   -1.1845642956e+00    7.0342879557e-01   -1.1845642956e+00    5.1200000000e+04    5.6206189355e-03    9.9994140625e-01
       183   -4.5770056392e-01    5.6050968992e-01   -1.1871768119e+00    7.2947624802e-01   -1.1871768119e+00    5.1200000000e+04    5.6235948303e-03    9.9990234375e-01
       184   -4.2669055203e-01    6.6602543914e-01   -1.1837030575e+00    7.5701250549e-01   -1.1837030575e+00    5.1200000000e+04    5.6216510278e-03    1.0000000000e+00
       185   -4.6326581938e-01    6.5403019042e-01   -1.1873183968e+00    7.2405257737e-01   -1.1873183968e+00    5.1200000000e+04    5.6028412256e-03    9.9994140625e-01
       186   -4.8540173404e-01    8.2237372809e-01   -1.1939648654e+00    7.0856313140e-01   -1.1939648654e+00    5.1200000000e+04    5.6266961572e-03    9.9992187500e-01
       187   -4.5246676723e-01    6.2819440173e-01   -1.1498360149e+00    6.9736924765e-01   -1.1498360149e+00    5.1200000000e+04    5.6226755688e-03    9.9998046875e-01
       188   -4.5517678312e-01    5.2535687075e-01   -1.1521346709e+00    6.9695788781e-01   -1.1521346709e+00    5.1200000000e+04    5.6268628088e-03    9.9998046875e-01
       189   -4.7018957199e-01    5.9537205098e-01   -1.1891288598e+00    7.1893928785e-01   -1.1891288598e+00    5.1200000000e+04    5.6237229248e-03    9.9992187500e-01
       190   -4.4703517405e-01    4.8665856282e-01   -1.1578984005e+00    7.1086322647e-01   -1.1578984005e+00    5.1200000000e+04    5.6038567676e-03    9.9998046875e-01
       191   -4.2647472671e-01    4.3230574357e-01   -1.1507686289e+00    7.2429390221e-01   -1.1507686289e+00    5.1200000000e+04    5.6234697107e-03    9.9998046875e-01
       192   -4.3680055432e-01    6.4005085762e-01   -1.2200042271e+00    7.8320367277e-01   -1.2200042271e+00    5.1200000000e+04    5.6227013623e-03    1.0000000000e+00
       193   -4.0296449846e-01    5.6622816364e-01   -1.2295535666e+00    8.2658906811e-01   -1.2295535666e+00    5.1200000000e+04    5.6233548047e-03    9.9998046875e-01
       194   -4.4317588271e-01    9.0853177113e-01   -1.2265505040e+00    7.8337462130e-01   -1.2265505040e+00    5.1200000000e+04    5.6174743823e-03    9.9990234375e-01
       195   -4.3954094399e-01    6.5072855842e-01   -1.2113573160e+00    7.7181637197e-01   -1.2113573160e+00    5.1200000000e+04    5.6019345581e-03    9.9996093750e-01
       196   -4.4682014309e-01    2.6491532897e+00   -1.2459987943e+00    7.9917865123e-01   -1.2459987943e+00    5.1200000000e+04    5.6237557336e-03    9.9998046875e-01
       197   -4.5859467091e-01    7.7095938669e-01   -1.1959822835e+00    7.3738761262e-01   -1.1959822835e+00    5.1200000000e+04    5.6205798425e-03    9.9998046875e-01
       198   -4.3129587695e-01    5.8508284410e-01   -1.1675044129e+00    7.3620853597e-01   -1.1675044129e+00    5.1200000000e+04    5.6229987231e-03    9.9996093750e-01
       199   -4.3563963513e-01    7.0111833689e-01   -1.1702060629e+00    7.3456642778e-01   -1.1702060629e+00    5.1200000000e+04    5.6257821252e-03    9.9996093750e-01
       200   -4.5496488296e-01    6.2362005206e-01   -1.2057722232e+00    7.5080734024e-01   -1.2057722232e+00    5.1200000000e+04    5.6034649146e-03    9.9992187500e-01
       201   -4.3646505116e-01    6.4570381899e-01   -1.2112051086e+00    7.7474005745e-01   -1.2112051086e+00    5.1200000000e+04    5.6231708545e-03    9.9996093750e-01
       202   -4.5460712766e-01    9.3793364761e-01   -1.2130830341e+00    7.5847590645e-01   -1.2130830341e+00    5.1200000000e+04    5.6244211255e-03    9.9996093750e-01
       203   -4.4497994556e-01    8.2999104343e-01   -1.1783580840e+00    7.3337813845e-01   -1.1783580840e+00    5.1200000000e+04    5.6243272803e-03    9.9998046875e-01
       204   -4.4492156119e-01    5.1128319789e-01   -1.1517440303e+00    7.0682246907e-01   -1.1517440303e+00    5.1200000000e+04    5.6212215527e-03    9.9996093750e-01
       205   -4.7500787175e-01    8.9931668390e-01   -1.1965165174e+00    7.2150864561e-01   -1.1965165174e+00    5.1200000000e+04    5.6062469287e-03    9.9998046875e-01
       206   -4.5386291979e-01    5.3856460945e-01   -1.1746363790e+00    7.2077345919e-01   -1.1746363790e+00    5.1200000000e+04    5.6234225537e-03    9.9996093750e-01
       207   -4.1667706317e-01    4.6723689364e-01   -1.1689838481e+00    7.5230678496e-01   -1.1689838481e+00    5.1200000000e+04    5.6229534241e-03    9.9998046875e-01
       208   -4.2274683951e-01    4.7303082913e-01   -1.1797428942e+00    7.5699605466e-01   -1.1797428942e+00    5.1200000000e+04    5.6245026953e-03    9.9988281250e-01
       209   -4.5215451932e-01    8.7363927158e-01   -1.2396026405e+00    7.8744812114e-01   -1.2396026405e+00    5.1200000000e+04    5.6208487671e-03    9.9996093750e-01
       210   -4.5528124136e-01    6.8794808606e-01   -1.2634128615e+00    8.0813162018e-01   -1.2634128615e+00    5.1200000000e+04    5.6042741443e-03    1.0000000000e+00
       211   -4.7235039185e-01    1.1901822807e+00   -1.2860412624e+00    8.1369087054e-01   -1.2860412624e+00    5.1200000000e+04    5.6236329968e-03    9.9994140625e-01
       212   -4.2274292534e-01    6.1262979609e-01   -1.2218304274e+00    7.9908750206e-01   -1.2218304274e+00    5.1200000000e+04    5.6254615259e-03    9.9998046875e-01
       213   -4.0884659810e-01    4.5938210278e-01   -1.1909760391e+00    7.8212944097e-01   -1.1909760391e+00    5.1200000000e+04    5.6246743018e-03    9.9998046875e-01
       214   -4.5827830530e-01    8.7464268585e-01   -1.2467385672e+00    7.8846026188e-01   -1.2467385672e+00    5.1200000000e+04    5.6242167981e-03    9.9996093750e-01
       215   -4.6773808142e-01    7.2259504301e-01   -1.2878473456e+00    8.2010926413e-01   -1.2878473456e+00    5.1200000000e+04    5.5989155725e-03    9.9998046875e-01
       216   -4.3189426965e-01    8.5293876215e-01   -1.2608301884e+00    8.2893591880e-01   -1.2608301884e+00    5.1200000000e+04    5.6186854687e-03    9.9988281250e-01
       217   -4.3904240386e-01    6.6747613817e-01   -1.1923120672e+00    7.5326966335e-01   -1.1923120672e+00    5.1200000000e+04    5.6215286951e-03    9.9998046875e-01
       218   -4.5337573756e-01    5.9837495168e-01   -1.1931717899e+00    7.3979605238e-01   -1.1931717899e+00    5.1200000000e+04    5.6214390076e-03    1.0000000000e+00
       219   -4.7663428823e-01    1.0301968804e+00   -1.2411898566e+00    7.6455556839e-01   -1.2411898566e+00    5.1200000000e+04    5.6233328748e-03    9.9998046875e-01
       220   -4.5781486692e-01    6.6299466838e-01   -1.2152053210e+00    7.5739045405e-01   -1.2152053210e+00    5.1200000000e+04    5.6015884326e-03    9.9994140625e-01
       221   -4.8845132122e-01    7.6268590118e-01   -1.2456301754e+00    7.5717885422e-01   -1.2456301754e+00    5.1200000000e+04    5.6251029919e-03    9.9998046875e-01
       222   -4.4530566047e-01    7.1974871457e-01   -1.1783014551e+00    7.3299579459e-01   -1.1783014551e+00    5.1200000000e+04    5.6201183557e-03    9.9998046875e-01
       223   -4.5676098000e-01    5.9899904056e-01   -1.2145210480e+00    7.5776006802e-01   -1.2145210480e+00    5.1200000000e+04    5.6237335095e-03    9.9996093750e-01
       224   -4.2948522682e-01    4.8645190835e-01   -1.1584692940e+00    7.2898406722e-01   -1.1584692940e+00    5.1200000000e+04    5.6205935986e-03    9.9994140625e-01
       225   -4.4107755080e-01    7.7421805954e-01   -1.2263259339e+00    7.8524838311e-01   -1.2263259339e+00    5.1200000000e+04    5.6011708997e-03    9.9996093750e-01
       226   -4.3481875243e-01    9.0220733445e-01   -1.2393780716e+00    8.0455931914e-01   -1.2393780716e+00    5.1200000000e+04    5.6262913074e-03    9.9994140625e-01
       227   -4.3747451794e-01    6.4650671595e-01   -1.2265665624e+00    7.8909204442e-01   -1.2265665624e+00    5.1200000000e+04    5.6219821289e-03    9.9998046875e-01
       228   -4.3765109338e-01    5.5282184949e-01   -1.1829068675e+00    7.4525577413e-01   -1.1829068675e+00    5.1200000000e+04    5.6227545032e-03    9.9998046875e-01
       229   -4.8316345608e-01    9.6897098684e-01   -1.2123193118e+00    7.2915585569e-01   -1.2123193118e+00    5.1200000000e+04    5.6202269995e-03    9.9992187500e-01
       230   -4.9558663435e-01    9.0002807871e-01   -1.2311314690e+00    7.3554483467e-01   -1.2311314690e+00    5.1200000000e+04    5.6007818188e-03    9.9990234375e-01
       231   -4.8265285310e-01    7.1770712925e-01   -1.2297257168e+00    7.4707286366e-01   -1.2297257168e+00    5.1200000000e+04    5.6195653979e-03    9.9996093750e-01
       232   -4.7433536997e-01    9.6689529642e-01   -1.2153196985e+00    7.4098432852e-01   -1.2153196985e+00    5.1200000000e+04    5.6182668677e-03    9.9992187500e-01
       233   -4.4483990404e-01    5.2885783487e-01   -1.1920466778e+00    7.4720677374e-01   -1.1920466778e+00    5.1200000000e+04    5.6214712073e-03    1.0000000000e+00
       234   -4.2345964859e-01    5.1400218373e-01   -1.1853350708e+00    7.6187542223e-01   -1.1853350708e+00    5.1200000000e+04    5.6175235120e-03    9.9992187500e-01
       235   -4.5229241559e-01    6.5368671507e-01   -1.2264873230e+00    7.7419490745e-01   -1.2264873230e+00    5.1200000000e+04    5.6008240881e-03    9.9996093750e-01
       236   -4.7077296801e-01    9.8225393894e-01   -1.2536286630e+00    7.8285569502e-01   -1.2536286630e+00    5.1200000000e+04    5.6223302820e-03    9.9994140625e-01
       237   -4.3353402942e-01    4.6071567968e-01   -1.1986809406e+00    7.6514691113e-01   -1.1986809406e+00    5.1200000000e+04    5.6226638245e-03    9.9992187500e-01
       238   -4.4791247322e-01    7.3828020868e-01   -1.2342423079e+00    7.8632983471e-01   -1.2342423079e+00    5.1200000000e+04    5.6264164502e-03    9.9996093750e-01
       239   -4.4438575461e-01    6.1967482081e-01   -1.2558696102e+00    8.1148385554e-01   -1.2558696102e+00    5.1200000000e+04    5.6267024097e-03    1.0000000000e+00
       240   -4.4782253647e-01    5.1829823439e-01   -1.2270961050e+00    7.7927356848e-01   -1.2270961050e+00    5.1200000000e+04    5.6031049304e-03    9.9996093750e-01
       241   -4.7488290835e-01    7.3553626863e-01   -1.2175429157e+00    7.4266000731e-01   -1.2175429157e+00    5.1200000000e+04    5.6225605054e-03    9.9994140625e-01
       242   -4.8748038737e-01    9.0704754048e-01   -1.2035877401e+00    7.1610735276e-01   -1.2035877401e+00    5.1200000000e+04    5.6233316602e-03    9.9996093750e-01
       243   -4.7811405997e-01    7.9874582123e-01   -1.2294272388e+00    7.5131317884e-01   -1.2294272388e+00    5.1200000000e+04    5.6230173621e-03    1.0000000000e+00
       244   -4.5834181615e-01    6.0890447220e-01   -1.1954731867e+00    7.3713137052e-01   -1.1954731867e+00    5.1200000000e+04    5.6214886865e-03    9.9994140625e-01
       245   -4.5348433240e-01    5.3699443528e-01   -1.1653218623e+00    7.1183752992e-01   -1.1653218623e+00    5.1200000000e+04    5.6002509680e-03    9.9994140625e-01
       246   -4.5604944561e-01    6.5765077863e-01   -1.1671633946e+00    7.1111394901e-01   -1.1671633946e+00    5.1200000000e+04    5.6221604065e-03    9.9998046875e-01
       247   -4.5257757394e-01    6.4139361463e-01   -1.1636741600e+00    7.1109658608e-01   -1.1636741600e+00    5.1200000000e+04    5.6212546143e-03    9.9996093750e-01
       248   -4.7961411649e-01    6.6318092206e-01   -1.1853947608e+00    7.0578064433e-01   -1.1853947608e+00    5.1200000000e+04    5.6247971545e-03    9.9998046875e-01
       249   -4.4504240528e-01    4.4482255737e-01   -1.1435026620e+00    6.9846025672e-01   -1.1435026620e+00    5.1200000000e+04    5.6255608752e-03    9.9994140625e-01
       250   -4.4832084371e-01    5.1571638488e-01   -1.1408831447e+00    6.9256230096e-01   -1.1408831447e+00    5.1200000000e+04    5.6028251843e-03    9.9990234375e-01
       251   -4.6288271218e-01    7.0965212274e-01   -1.1753675462e+00    7.1248483399e-01   -1.1753675462e+00    5.1200000000e+04    5.6230778345e-03    9.9996093750e-01
       252   -4.4580624027e-01    8.6462945372e-01   -1.1816569082e+00    7.3585066794e-01   -1.1816569082e+00    5.1200000000e+04    5.6192624609e-03    9.9994140625e-01
       253   -4.4764019275e-01    6.2236683621e-01   -1.1626762505e+00    7.1503605774e-01   -1.1626762505e+00    5.1200000000e+04    5.6258416956e-03    9.9998046875e-01
       254   -4.8823418514e-01    7.5173467268e-01   -1.1731893977e+00    6.8495521253e-01   -1.1731893977e+00    5.1200000000e+04    5.6201861487e-03    9.9992187500e-01
       255   -5.0509642584e-01    7.2117386022e-01   -1.1630920974e+00    6.5799567153e-01   -1.1630920974e+00    5.1200000000e+04    5.6029123694e-03    9.9986328125e-01
       256   -4.8269434581e-01    5.4577706806e-01   -1.1452153650e+00    6.6252101915e-01   -1.1452153650e+00    5.1200000000e+04    5.6233732751e-03    9.9998046875e-01
       257   -4.8242907164e-01    7.1123402448e-01   -1.1300960074e+00    6.4766693573e-01   -1.1300960074e+00    5.1200000000e+04    5.6233610889e-03    9.9986328125e-01
       258   -4.8261075237e-01    6.8041300802e-01   -1.1404986554e+00    6.5788790306e-01   -1.1404986554e+00    5.1200000000e+04    5.6253747266e-03    9.9998046875e-01
       259   -4.7009500183e-01    7.4334549111e-01   -1.1421627078e+00    6.7206770595e-01   -1.1421627078e+00    5.1200000000e+04    5.6218291492e-03    1.0000000000e+00
       260   -4.5322883113e-01    5.4437703868e-01   -1.1488026426e+00    6.9557381149e-01   -1.1488026426e+00    5.1200000000e+04    5.6014815601e-03    9.9998046875e-01
       261   -4.4364401437e-01    4.9315011129e-01   -1.1094218198e+00    6.6577780543e-01   -1.1094218198e+00    5.1200000000e+04    5.6267021875e-03    1.0000000000e+00
       262   -4.5447176575e-01    5.9018121741e-01   -1.1561869270e+00    7.0171516124e-01   -1.1561869270e+00    5.1200000000e+04    5.6204543481e-03    9.9988281250e-01
       263   -4.4811077587e-01    6.5188899719e-01   -1.1978006110e+00    7.4968983511e-01   -1.1978006110e+00    5.1200000000e+04    5.6252182678e-03    9.9996093750e-01
       264   -4.9267673135e-01    9.4499627996e-01   -1.2364767292e+00    7.4379999783e-01   -1.2364767292e+00    5.1200000000e+04    5.6226454077e-03    9.9992187500e-01
       265   -4.7122603847e-01    1.2249455979e+00   -1.2310065532e+00    7.5978051468e-01   -1.2310065532e+00    5.1200000000e+04    5.6035235120e-03    9.9996093750e-01
       266   -4.5708510006e-01    6.9746053083e-01   -1.1776054458e+00    7.2052034575e-01   -1.1776054458e+00    5.1200000000e+04    5.6220223462e-03    9.9990234375e-01
       267   -4.5778432989e-01    6.1625075582e-01   -1.1484095290e+00    6.9062519908e-01   -1.1484095290e+00    5.1200000000e+04    5.6211773071e-03    9.9998046875e-01
       268   -4.9058408653e-01    9.4568291226e-01   -1.1607837012e+00    6.7019961465e-01   -1.1607837012e+00    5.1200000000e+04    5.6240372437e-03    9.9994140625e-01
       269   -4.6597126372e-01    6.6612899097e-01   -1.1175278865e+00    6.5155662282e-01   -1.1175278865e+00    5.1200000000e+04    5.6212164099e-03    9.9996093750e-01
       270   -4.6065841496e-01    5.3220870952e-01   -1.1430438327e+00    6.8238541777e-01   -1.1430438327e+00    5.1200000000e+04    5.6025217944e-03    9.9998046875e-01
       271   -4.6153356473e-01    5.1080474920e-01   -1.1536466595e+00    6.9211309476e-01   -1.1536466595e+00    5.1200000000e+04    5.6221738025e-03    9.9996093750e-01
       272   -4.8891945986e-01    1.0433135218e+00   -1.2245609696e+00    7.3564150979e-01   -1.2245609696e+00    5.1200000000e+04    5.6211881006e-03    9.9996093750e-01
       273   -4.4429691850e-01    5.8638427506e-01   -1.1711597920e+00    7.2686287354e-01   -1.1711597920e+00    5.1200000000e+04    5.6248992578e-03    9.9994140625e-01
       274   -4.4387486691e-01    5.1525518815e-01   -1.1214836190e+00    6.7760875207e-01   -1.1214836190e+00    5.1200000000e+04    5.6235387732e-03    9.9998046875e-01
       275   -4.5738260574e-01    5.2059433877e-01   -1.1192305718e+00    6.6184796609e-01   -1.1192305718e+00    5.1200000000e+04    5.6047464062e-03    9.9998046875e-01
       276   -4.4175570526e-01    5.3774901088e-01   -1.1786146331e+00    7.3685892779e-01   -1.1786146331e+00    5.1200000000e+04    5.6253404443e-03    9.9998046875e-01
       277   -4.2751036874e-01    4.9766077846e-01   -1.1555384502e+00    7.2802808150e-01   -1.1555384502e+00    5.1200000000e+04    5.6234094226e-03    9.9998046875e-01
       278   -4.5873707260e-01    7.5415230222e-01   -1.1619867072e+00    7.0324963461e-01   -1.1619867072e+00    5.1200000000e+04    5.6223109229e-03    9.9992187500e-01
       279   -4.4823241324e-01    9.1075406674e-01   -1.1377003737e+00    6.8946796042e-01   -1.1377003737e+00    5.1200000000e+04    5.6224289746e-03    9.9994140625e-01
       280   -4.8106390620e-01    5.9661842554e-01   -1.1535265305e+00    6.7246262433e-01   -1.1535265305e+00    5.1200000000e+04    5.6077263916e-03    9.9998046875e-01
       281   -4.7653085913e-01    6.1744810313e-01   -1.1434240260e+00    6.6689316684e-01   -1.1434240260e+00    5.1200000000e+04    5.6254625293e-03    9.9996093750e-01
       282   -4.6048878149e-01    8.1274481069e-01   -1.1383973671e+00    6.7790858565e-01   -1.1383973671e+00    5.1200000000e+04    5.6213118909e-03    9.9998046875e-01
       283   -4.5084659823e-01    5.7903155524e-01   -1.1346466831e+00    6.8380008487e-01   -1.1346466831e+00    5.1200000000e+04    5.6276913721e-03    9.9994140625e-01
       284   -4.6931540522e-01    7.1790892374e-01   -1.1789155182e+00    7.0960011302e-01   -1.1789155182e+00    5.1200000000e+04    5.6218804639e-03    9.9994140625e-01
       285   -4.5567271717e-01    7.0294766125e-01   -1.1534811161e+00    6.9780839896e-01   -1.1534811161e+00    5.1200000000e+04    5.6038265637e-03    9.9998046875e-01
       286   -4.5411374990e-01    6.4611431224e-01   -1.1450862343e+00    6.9097248435e-01   -1.1450862343e+00    5.1200000000e+04    5.6267750378e-03    9.9990234375e-01
       287   -4.2700447598e-01    4.7792973962e-01   -1.1574612657e+00    7.3045678968e-01   -1.1574612657e+00    5.1200000000e+04    5.6220830176e-03    9.9996093750e-01
       288   -4.1306737664e-01    5.3543655348e-01   -1.1951205075e+00    7.8205313084e-01   -1.1951205075e+00    5.1200000000e+04    5.6229082300e-03    9.9994140625e-01
       289   -4.1388754256e-01    4.7470114292e-01   -1.1746886471e+00    7.6080110453e-01   -1.1746886471e+00    5.1200000000e+04    5.6223321289e-03    9.9994140625e-01
       290   -4.4919942028e-01    8.0618505781e-01   -1.2171279949e+00    7.6792857466e-01   -1.2171279949e+00    5.1200000000e+04    5.6019805872e-03    9.9992187500e-01
       291   -4.4016830620e-01    6.1988876521e-01   -1.2095495434e+00    7.6938123715e-01   -1.2095495434e+00    5.1200000000e+04    5.6205807678e-03    9.9996093750e-01
       292   -4.1937608454e-01    4.9418980788e-01   -1.1758384613e+00    7.5646237681e-01   -1.1758384613e+00    5.1200000000e+04    5.6218385669e-03    9.9998046875e-01
       293   -4.0647319654e-01    6.6089953883e-01   -1.1918010264e+00    7.8532782988e-01   -1.1918010264e+00    5.1200000000e+04    5.6203130493e-03    9.9994140625e-01
       294   -4.2740993678e-01    5.2918332261e-01   -1.2043463899e+00    7.7693645315e-01   -1.2043463899e+00    5.1200000000e+04    5.6193267212e-03    9.9996093750e-01
       295   -4.7534798753e-01    1.1143194372e+00   -1.2300514660e+00    7.5470347847e-01   -1.2300514660e+00    5.1200000000e+04    5.6007068640e-03    9.9996093750e-01
       296   -4.8288240372e-01    7.7387108744e-01   -1.2236236494e+00    7.4074124571e-01   -1.2236236494e+00    5.1200000000e+04    5.6184153210e-03    9.9996093750e-01
       297   -4.5625515905e-01    5.8113455160e-01   -1.1954995831e+00    7.3924442400e-01   -1.1954995831e+00    5.1200000000e+04    5.6154112366e-03    1.0000000000e+00
       298   -4.3569569740e-01    5.4992241976e-01   -1.2069058313e+00    7.7121013395e-01   -1.2069058313e+00    5.1200000000e+04    5.6242540955e-03    9.9994140625e-01
       299   -4.5359847575e-01    9.6023285781e-01   -1.2717805435e+00    8.1818206776e-01   -1.2717805435e+00    5.1200000000e+04    5.6218413098e-03    9.9996093750e-01
       300   -4.7203269085e-01    9.0271730839e-01   -1.2840192891e+00    8.1198659825e-01   -1.2840192891e+00    5.1200000000e+04    5.6034319153e-03    9.9994140625e-01
       301   -4.6352692855e-01    9.7747573365e-01   -1.2418622034e+00    7.7833527481e-01   -1.2418622034e+00    5.1200000000e+04    5.6216089844e-03    9.9996093750e-01
       302   -4.4031123021e-01    6.7806500556e-01   -1.1986136978e+00    7.5830246755e-01   -1.1986136978e+00    5.1200000000e+04    5.6198136096e-03    9.9998046875e-01
       303   -4.4575383045e-01    7.5075874987e-01   -1.2027188085e+00    7.5696497802e-01   -1.2027188085e+00    5.1200000000e+04    5.6248087708e-03    9.9992187500e-01
       304   -4.4298640692e-01    7.7877778930e-01   -1.2148925214e+00    7.7190611445e-01   -1.2148925214e+00    5.1200000000e+04    5.6234581250e-03    9.9994140625e-01
       305   -4.3793158155e-01    5.8988886253e-01   -1.1824911526e+00    7.4455957106e-01   -1.1824911526e+00    5.1200000000e+04    5.6266516077e-03    9.9996093750e-01
       306   -4.3876845140e-01    5.2770305086e-01   -1.1894825396e+00    7.5071408818e-01   -1.1894825396e+00    5.1200000000e+04    5.6055314014e-03    1.0000000000e+00
       307   -4.3078816993e-01    5.4467714854e-01   -1.2002508401e+00    7.6946267019e-01   -1.2002508401e+00    5.1200000000e+04    5.6207420215e-03    9.9998046875e-01
       308   -4.4516467167e-01    7.0522500691e-01   -1.2107510122e+00    7.6558634057e-01   -1.2107510122e+00    5.1200000000e+04    5.6273330420e-03    9.9988281250e-01
       309   -4.4629588508e-01    6.4898269018e-01   -1.2209007094e+00    7.7460482432e-01   -1.2209007094e+00    5.1200000000e+04    5.6222279333e-03    9.9996093750e-01
       310   -4.4999236001e-01    6.5609758229e-01   -1.2056144491e+00    7.5562208909e-01   -1.2056144491e+00    5.1200000000e+04    5.6278873218e-03    9.9996093750e-01
       311   -4.3406742953e-01    6.8157631729e-01   -1.2030873984e+00    7.6901996886e-01   -1.2030873984e+00    5.1200000000e+04    5.6052448718e-03    9.9998046875e-01
       312   -4.4398605444e-01    5.9843484452e-01   -1.2185638491e+00    7.7457779463e-01   -1.2185638491e+00    5.1200000000e+04    5.6219589355e-03    9.9988281250e-01
       313   -4.8581777015e-01    1.0537829996e+00   -1.2209696539e+00    7.3515188376e-01   -1.2209696539e+00    5.1200000000e+04    5.6260691772e-03    1.0000000000e+00
       314   -4.5185147685e-01    5.1915674895e-01   -1.1552893788e+00    7.0343790196e-01   -1.1552893788e+00    5.1200000000e+04    5.6236025439e-03    9.9994140625e-01
       315   -4.4397122509e-01    5.1616558082e-01   -1.1749167737e+00    7.3094554858e-01   -1.1749167737e+00    5.1200000000e+04    5.6205734167e-03    9.9994140625e-01
       316   -4.2861225649e-01    7.5066953754e-01   -1.1736740685e+00    7.4506181206e-01   -1.1736740685e+00    5.1200000000e+04    5.5981667847e-03    9.9996093750e-01
       317   -4.3661312717e-01    7.7953757343e-01   -1.1931839763e+00    7.5657084916e-01   -1.1931839763e+00    5.1200000000e+04    5.6217945459e-03    9.9994140625e-01
       318   -4.3522004711e-01    8.1509332532e-01   -1.2205959760e+00    7.8537592890e-01   -1.2205959760e+00    5.1200000000e+04    5.6212863855e-03    9.9992187500e-01
       319   -4.3277249752e-01    5.1204134067e-01   -1.2037542699e+00    7.7098177235e-01   -1.2037542699e+00    5.1200000000e+04    5.6248324023e-03    9.9994140625e-01
       320   -4.3539182799e-01    4.8839320805e-01   -1.1767871094e+00    7.4139528146e-01   -1.1767871094e+00    5.1200000000e+04    5.6249512622e-03    9.9996093750e-01
       321   -4.7546795434e-01    1.0020876048e+00   -1.2093340779e+00    7.3386612355e-01   -1.2093340779e+00    5.1200000000e+04    5.6026395825e-03    9.9998046875e-01
       322   -4.5000023620e-01    5.8644324202e-01   -1.1958498940e+00    7.4584965784e-01   -1.1958498940e+00    5.1200000000e+04    5.6217672412e-03    9.9996093750e-01
       323   -4.8822757508e-01    9.4107850993e-01   -1.2506512788e+00    7.6242370374e-01   -1.2506512788e+00    5.1200000000e+04    5.6258394238e-03    9.9994140625e-01
       324   -4.7472307607e-01    9.8674948161e-01   -1.2468541060e+00    7.7213102993e-01   -1.2468541060e+00    5.1200000000e+04    5.6204722388e-03    9.9998046875e-01
       325   -4.2942588870e-01    6.6266305139e-01   -1.1978024569e+00    7.6837656815e-01   -1.1978024569e+00    5.1200000000e+04    5.6228203687e-03    9.9996093750e-01
       326   -4.5523526272e-01    5.6342856166e-01   -1.1837436945e+00    7.2850843176e-01   -1.1837436945e+00    5.1200000000e+04    5.6030236047e-03    9.9996093750e-01
       327   -4.6848774037e-01    6.1174258543e-01   -1.1607264240e+00    6.9223868362e-01   -1.1607264240e+00    5.1200000000e+04    5.6208212048e-03    9.9994140625e-01
       328   -4.7790690852e-01    5.6301837076e-01   -1.1489779036e+00    6.7107099504e-01   -1.1489779036e+00    5.1200000000e+04    5.6200467310e-03    9.9998046875e-01
       329   -4.8498669799e-01    7.2150279593e-01   -1.1772334907e+00    6.9224679270e-01   -1.1772334907e+00    5.1200000000e+04    5.6229900525e-03    9.9992187500e-01
       330   -4.5652634921e-01    5.9874028170e-01   -1.1503872241e+00    6.9386087489e-01   -1.1503872241e+00    5.1200000000e+04    5.6221551233e-03    9.9996093750e-01
       331   -4.7757819707e-01    6.5570897072e-01   -1.1576040238e+00    6.8002582671e-01   -1.1576040238e+00    5.1200000000e+04    5.6054715051e-03    9.9996093750e-01
       332   -4.8072052802e-01    6.5926626659e-01   -1.1523896451e+00    6.7166911708e-01   -1.1523896451e+00    5.1200000000e+04    5.6176065222e-03    9.9998046875e-01
       333   -4.8643841454e-01    6.0997963472e-01   -1.1457038481e+00    6.5926543351e-01   -1.1457038481e+00    5.1200000000e+04    5.6218828235e-03    1.0000000000e+00
       334   -4.7653261155e-01    7.7901237531e-01   -1.1481397781e+00    6.7160716658e-01   -1.1481397781e+00    5.1200000000e+04    5.6210616272e-03    9.9990234375e-01
       335   -4.8111052941e-01    8.0594904206e-01   -1.1613375544e+00    6.8022702500e-01   -1.1613375544e+00    5.1200000000e+04    5.6241494897e-03    9.9996093750e-01
       336   -4.4598168172e-01    5.8089578780e-01   -1.1504048530e+00    7.0442317126e-01   -1.1504048530e+00    5.1200000000e+04    5.6078913110e-03    9.9996093750e-01
       337   -4.2542682611e-01    4.4359611591e-01   -1.1402771116e+00    7.1485028550e-01   -1.1402771116e+00    5.1200000000e+04    5.6210937219e-03    9.9996093750e-01
       338   -4.4871164728e-01    5.4041544722e-01   -1.1698590545e+00    7.2114740722e-01   -1.1698590545e+00    5.1200000000e+04    5.6232814795e-03    1.0000000000e+00
       339   -4.7065655229e-01    7.0303059118e-01   -1.1960019982e+00    7.2534544593e-01   -1.1960019982e+00    5.1200000000e+04    5.6238962354e-03    9.9994140625e-01
       340   -4.9020532725e-01    8.5528959564e-01   -1.1946508170e+00    7.0444548978e-01   -1.1946508170e+00    5.1200000000e+04    5.6212252393e-03    9.9992187500e-01
       341   -4.8603116940e-01    8.5020785626e-01   -1.1912178989e+00    7.0518672953e-01   -1.1912178989e+00    5.1200000000e+04    5.6014552832e-03    9.9990234375e-01
       342   -4.6144806760e-01    5.4993786640e-01   -1.1521091329e+00    6.9066106527e-01   -1.1521091329e+00    5.1200000000e+04    5.6212232629e-03    9.9996093750e-01
       343   -4.4210295165e-01    4.7173237683e-01   -1.1061278074e+00    6.6402485572e-01   -1.1061278074e+00    5.1200000000e+04    5.6222346558e-03    9.9996093750e-01
       344   -4.6513963142e-01    7.4068537260e-01   -1.1170672712e+00    6.5192763974e-01   -1.1170672712e+00    5.1200000000e+04    5.6237160132e-03    9.9996093750e-01
       345   -4.7884550506e-01    7.3638870468e-01   -1.1071659480e+00    6.2832044297e-01   -1.1071659480e+00    5.1200000000e+04    5.6235591431e-03    9.9996093750e-01
       346   -4.6758489081e-01    7.4267075932e-01   -1.1004350215e+00    6.3285013065e-01   -1.1004350215e+00    5.1200000000e+04    5.6025566040e-03    9.9996093750e-01
       347   -4.6981360975e-01    5.6121109253e-01   -1.1319665860e+00    6.6215297624e-01   -1.1319665860e+00    5.1200000000e+04    5.6203694165e-03    9.9994140625e-01
       348   -4.8350760192e-01    1.1458712582e+00   -1.1281174685e+00    6.4460986663e-01   -1.1281174685e+00    5.1200000000e+04    5.6212430505e-03    9.9996093750e-01
       349   -4.7001342241e-01    5.7260108376e-01   -1.1067295044e+00    6.3671608195e-01   -1.1067295044e+00    5.1200000000e+04    5.6216595459e-03    9.9992187500e-01
       350   -4.5256014447e-01    5.1114005645e-01   -1.1309593998e+00    6.7839925534e-01   -1.1309593998e+00    5.1200000000e+04    5.6243253284e-03    9.9996093750e-01
       351   -4.5919381663e-01    5.3794808292e-01   -1.1435563478e+00    6.8436253113e-01   -1.1435563478e+00    5.1200000000e+04    5.6002506665e-03    9.9992187500e-01
       352   -4.4852916845e-01    4.6481321314e-01   -1.0871007066e+00    6.3857153812e-01   -1.0871007066e+00    5.1200000000e+04    5.6230332581e-03    1.0000000000e+00
       353   -4.6220828425e-01    5.7531401068e-01   -1.0733013777e+00    6.1109309347e-01   -1.0733013777e+00    5.1200000000e+04    5.6219100525e-03    9.9998046875e-01
       354   -4.8270337070e-01    6.6561379711e-01   -1.0592912943e+00    5.7658792361e-01   -1.0592912943e+00    5.1200000000e+04    5.6254228735e-03    9.9998046875e-01
       355   -4.7096774811e-01    5.5406758506e-01   -1.0707943782e+00    5.9982663010e-01   -1.0707943782e+00    5.1200000000e+04    5.6263630237e-03    9.9998046875e-01
       356   -5.1163341387e-01    8.9032026139e-01   -1.1340475510e+00    6.2241413713e-01   -1.1340475510e+00    5.1200000000e+04    5.6037428271e-03    9.9998046875e-01
       357   -4.8434605013e-01    6.4457364245e-01   -1.1251998932e+00    6.4085384304e-01   -1.1251998932e+00    5.1200000000e+04    5.6224050708e-03    9.9992187500e-01
       358   -4.8494321915e-01    5.7526426068e-01   -1.0888217393e+00    6.0387852013e-01   -1.0888217393e+00    5.1200000000e+04    5.6256881909e-03    1.0000000000e+00
       359   -4.5381851344e-01    4.6395537500e-01   -1.0549990858e+00    6.0118057232e-01   -1.0549990858e+00    5.1200000000e+04    5.6213456250e-03    9.9992187500e-01
       360   -4.6562888423e-01    6.3460938193e-01   -1.0945528938e+00    6.2892400954e-01   -1.0945528938e+00    5.1200000000e+04    5.6241350537e-03    9.9992187500e-01
       361   -4.7253504678e-01    9.9579183667e-01   -1.1410533127e+00    6.6851826595e-01   -1.1410533127e+00    5.1200000000e+04    5.6048753540e-03    9.9992187500e-01
       362   -4.6731483469e-01    5.7665380659e-01   -1.1554661572e+00    6.8815132251e-01   -1.1554661572e+00    5.1200000000e+04    5.6182700171e-03    9.9994140625e-01
       363   -4.7283268027e-01    7.6494693788e-01   -1.1622397937e+00    6.8940711339e-01   -1.1622397937e+00    5.1200000000e+04    5.6251951306e-03    9.9996093750e-01
       364   -4.6362221729e-01    4.9830891260e-01   -1.1325375708e+00    6.6891535347e-01   -1.1325375708e+00    5.1200000000e+04    5.6249076404e-03    9.9996093750e-01
       365   -4.7645358430e-01    1.2165247544e+00   -1.1520950671e+00    6.7564148284e-01   -1.1520950671e+00    5.1200000000e+04    5.6215738855e-03    9.9996093750e-01
       366   -4.6893997734e-01    6.1311399689e-01   -1.1566924766e+00    6.8775249929e-01   -1.1566924766e+00    5.1200000000e+04    5.6048352942e-03    9.9996093750e-01
       367   -4.4662659661e-01    8.1199687929e-01   -1.1645477432e+00    7.1792114662e-01   -1.1645477432e+00    5.1200000000e+04    5.6211698450e-03    9.9998046875e-01
       368   -4.8859793499e-01    7.9627140558e-01   -1.1990482469e+00    7.1045031193e-01   -1.1990482469e+00    5.1200000000e+04    5.6243955688e-03    9.9996093750e-01
       369   -4.6376849489e-01    5.5402139206e-01   -1.1800057369e+00    7.1623724196e-01   -1.1800057369e+00    5.1200000000e+04    5.6246775635e-03    9.9996093750e-01
       370   -4.6701446516e-01    5.8952882676e-01   -1.1538054797e+00    6.8679101458e-01   -1.1538054797e+00    5.1200000000e+04    5.6229696960e-03    9.9990234375e-01
       371   -4.7473597641e-01    6.5509620806e-01   -1.1038713810e+00    6.2913540457e-01   -1.1038713810e+00    5.1200000000e+04    5.6041914819e-03    1.0000000000e+00
       372   -4.8158943761e-01    7.5582831312e-01   -1.1495864845e+00    6.6799704692e-01   -1.1495864845e+00    5.1200000000e+04    5.6195362939e-03    9.9998046875e-01
       373   -4.9951369876e-01    1.0130902592e+00   -1.1857313553e+00    6.8621765653e-01   -1.1857313553e+00    5.1200000000e+04    5.6259501050e-03    9.9994140625e-01
       374   -4.5081918868e-01    4.5857729005e-01   -1.1687339698e+00    7.1791478115e-01   -1.1687339698e+00    5.1200000000e+04    5.6225470764e-03    9.9994140625e-01
       375   -4.6382545545e-01    5.6437373984e-01   -1.1774820295e+00    7.1365657403e-01   -1.1774820295e+00    5.1200000000e+04    5.6249798120e-03    9.9992187500e-01
       376   -4.4219854124e-01    5.3149419650e-01   -1.1587281962e+00    7.1652965492e-01   -1.1587281962e+00    5.1200000000e+04    5.6035719385e-03    9.9998046875e-01
       377   -4.5872243619e-01    6.0882214259e-01   -1.1950902040e+00    7.3636776780e-01   -1.1950902040e+00    5.1200000000e+04    5.6216902783e-03    9.9990234375e-01
       378   -4.4059574423e-01    5.7189942019e-01   -1.1772333958e+00    7.3663765156e-01   -1.1772333958e+00    5.1200000000e+04    5.6225353625e-03    9.9994140625e-01
       379   -4.5785457933e-01    6.9049467450e-01   -1.2093267479e+00    7.5147216852e-01   -1.2093267479e+00    5.1200000000e+04    5.6172986743e-03    9.9996093750e-01
       380   -4.4021170834e-01    5.7387289948e-01   -1.1799240226e+00    7.3971231427e-01   -1.1799240226e+00    5.1200000000e+04    5.6256005432e-03    9.9996093750e-01
       381   -4.5885689638e-01    8.3187462157e-01   -1.2079638978e+00    7.4910700143e-01   -1.2079638978e+00    5.1200000000e+04    5.6019294299e-03    9.9990234375e-01
       382   -4.5092507251e-01    7.6156385271e-01   -1.2164914590e+00    7.6556638645e-01   -1.2164914590e+00    5.1200000000e+04    5.6207116113e-03    9.9994140625e-01
       383   -4.5222528978e-01    7.1097206863e-01   -1.2117502094e+00    7.5952491966e-01   -1.2117502094e+00    5.1200000000e+04    5.6242918420e-03    9.9998046875e-01
       384   -4.5949036223e-01    6.5986947815e-01   -1.1560276962e+00    6.9653733397e-01   -1.1560276962e+00    5.1200000000e+04    5.6228328406e-03    9.9996093750e-01
       385   -4.7923468119e-01    7.2615882188e-01   -1.1482365945e+00    6.6900191331e-01   -1.1482365945e+00    5.1200000000e+04    5.6248997949e-03    9.9998046875e-01
       386   -4.6850396286e-01    5.3183253645e-01   -1.1369884029e+00    6.6848444008e-01   -1.1369884029e+00    5.1200000000e+04    5.6072901428e-03    9.9994140625e-01
       387   -4.3279962376e-01    4.9385911427e-01   -1.1327967460e+00    6.9999712224e-01   -1.1327967460e+00    5.1200000000e+04    5.6206002429e-03    9.9992187500e-01
       388   -4.4931832683e-01    7.1030270185e-01   -1.1758089796e+00    7.2649065272e-01   -1.1758089796e+00    5.1200000000e+04    5.6233045239e-03    9.9990234375e-01
       389   -4.6492289987e-01    7.6935494885e-01   -1.2050958603e+00    7.4017296046e-01   -1.2050958603e+00    5.1200000000e+04    5.6251474768e-03    9.9990234375e-01
       390   -4.5799093619e-01    5.8433990362e-01   -1.1785423479e+00    7.2055141170e-01   -1.1785423479e+00    5.1200000000e+04    5.6251424316e-03    9.9998046875e-01
       391   -4.1992672389e-01    4.2974083664e-01   -1.1086526367e+00    6.8872591285e-01   -1.1086526367e+00    5.1200000000e+04    5.6032983948e-03    9.9994140625e-01
       392   -4.2355368145e-01    4.4663827132e-01   -1.1143760583e+00    6.9082237685e-01   -1.1143760583e+00    5.1200000000e+04    5.6224056653e-03    9.9998046875e-01
       393   -4.5275999634e-01    6.4743231384e-01   -1.1533118113e+00    7.0055181493e-01   -1.1533118113e+00    5.1200000000e+04    5.6236968250e-03    9.9998046875e-01
       394   -4.5484657081e-01    6.1573505886e-01   -1.1772787784e+00    7.2243220761e-01   -1.1772787784e+00    5.1200000000e+04    5.6221046497e-03    9.9998046875e-01
       395   -4.4948895730e-01    8.7879932568e-01   -1.1888188068e+00    7.3932984948e-01   -1.1888188068e+00    5.1200000000e+04    5.6255457336e-03    9.9992187500e-01
       396   -4.4917787538e-01    7.5051474916e-01   -1.1904388395e+00    7.4126096412e-01   -1.1904388395e+00    5.1200000000e+04    5.6011968115e-03    9.9998046875e-01
       397   -4.0382594149e-01    5.5220397097e-01   -1.1949714556e+00    7.9114551416e-01   -1.1949714556e+00    5.1200000000e+04    5.6213689685e-03    9.9994140625e-01
       398   -3.9802526504e-01    6.5301526431e-01   -1.2198998976e+00    8.2187463252e-01   -1.2198998976e+00    5.1200000000e+04    5.6274078003e-03    1.0000000000e+00
       399   -4.5690531879e-01    1.0218577117e+00   -1.2898505996e+00    8.3294528084e-01   -1.2898505996e+00    5.1200000000e+04    5.6228102234e-03    9.9996093750e-01
       400   -4.5375023894e-01    9.0644830805e-01   -1.2929651718e+00    8.3921493287e-01   -1.2929651718e+00    5.1200000000e+04    5.6219839453e-03    9.9990234375e-01
       401   -4.3170921096e-01    7.9404298199e-01   -1.2436958193e+00    8.1198660835e-01   -1.2436958193e+00    5.1200000000e+04    5.5998509460e-03    9.9990234375e-01
       402   -4.4112046312e-01    6.2751913953e-01   -1.1833750881e+00    7.4225462502e-01   -1.1833750881e+00    5.1200000000e+04    5.6217452490e-03    9.9998046875e-01
       403   -4.6361859119e-01    5.9894825736e-01   -1.1760798571e+00    7.1246126587e-01   -1.1760798571e+00    5.1200000000e+04    5.6231162305e-03    1.0000000000e+00
       404   -4.5014957678e-01    6.1364369093e-01   -1.1903058652e+00    7.4015628839e-01   -1.1903058652e+00    5.1200000000e+04    5.6205745801e-03    9.9992187500e-01
       405   -4.6062001949e-01    8.2592706083e-01   -1.2550147813e+00    7.9439476181e-01   -1.2550147813e+00    5.1200000000e+04    5.6232070569e-03    9.9990234375e-01
       406   -4.7563124197e-01    1.0997156753e+00   -1.2822696728e+00    8.0663843078e-01   -1.2822696728e+00    5.1200000000e+04    5.6040713330e-03    1.0000000000e+00
       407   -4.5565043448e-01    6.5027529407e-01   -1.2247406659e+00    7.6909023145e-01   -1.2247406659e+00    5.1200000000e+04    5.6241286462e-03    9.9998046875e-01
       408   -5.0901345379e-01    9.7507817780e-01   -1.2565317668e+00    7.4751831305e-01   -1.2565317668e+00    5.1200000000e+04    5.6254084668e-03    9.9996093750e-01
       409   -4.7382880277e-01    8.7768282966e-01   -1.2494242868e+00    7.7559548403e-01   -1.2494242868e+00    5.1200000000e+04    5.6188544775e-03    9.9994140625e-01
       410   -4.4684792935e-01    6.4944457180e-01   -1.2149906941e+00    7.6814276479e-01   -1.2149906941e+00    5.1200000000e+04    5.6268143469e-03    9.9996093750e-01
       411   -4.5525659039e-01    6.3968924300e-01   -1.2007699342e+00    7.4551334381e-01   -1.2007699342e+00    5.1200000000e+04    5.6072152173e-03    9.9994140625e-01
       412   -4.3391306914e-01    5.4572375945e-01   -1.1646459855e+00    7.3073291641e-01   -1.1646459855e+00    5.1200000000e+04    5.6226307922e-03    9.9998046875e-01
       413   -4.6510486228e-01    6.5870120239e-01   -1.1616226496e+00    6.9651778735e-01   -1.1616226496e+00    5.1200000000e+04    5.6244503687e-03    9.9992187500e-01
       414   -4.6966396304e-01    5.5003584079e-01   -1.1361189140e+00    6.6645495099e-01   -1.1361189140e+00    5.1200000000e+04    5.6233452649e-03    9.9992187500e-01
       415   -4.3292346026e-01    4.5898191562e-01   -1.1414704641e+00    7.0854700380e-01   -1.1414704641e+00    5.1200000000e+04    5.6230435083e-03    1.0000000000e+00
       416   -4.4845647728e-01    6.0781865200e-01   -1.1722654057e+00    7.2380892846e-01   -1.1722654057e+00    5.1200000000e+04    5.6015128992e-03    9.9998046875e-01
       417   -4.4069060890e-01    7.3201010226e-01   -1.1548904105e+00    7.1419980161e-01   -1.1548904105e+00    5.1200000000e+04    5.6221211047e-03    9.9998046875e-01
       418   -4.6920139789e-01    6.6878488386e-01   -1.1689747500e+00    6.9977335216e-01   -1.1689747500e+00    5.1200000000e+04    5.6220191492e-03    9.9994140625e-01
       419   -5.0199375839e-01    7.0470167513e-01   -1.1786290414e+00    6.7663528301e-01   -1.1786290414e+00    5.1200000000e+04    5.6205919873e-03    9.9996093750e-01
       420   -4.9134145646e-01    1.0237802503e+00   -1.1945919667e+00    7.0325051024e-01   -1.1945919667e+00    5.1200000000e+04    5.6250272437e-03    1.0000000000e+00
       421   -4.3282042717e-01    6.4729399353e-01   -1.1846037777e+00    7.5178335055e-01   -1.1846037777e+00    5.1200000000e+04    5.6023076648e-03    1.0000000000e+00
       422   -4.2723723244e-01    5.2824141103e-01   -1.1659144021e+00    7.3867716963e-01   -1.1659144021e+00    5.1200000000e+04    5.6225482556e-03    9.9988281250e-01
       423   -4.6868311792e-01    7.5584237593e-01   -1.1843919266e+00    7.1570880867e-01   -1.1843919266e+00    5.1200000000e+04    5.6249900012e-03    9.9996093750e-01
       424   -4.7482700917e-01    9.4738015377e-01   -1.2053618787e+00    7.3053486957e-01   -1.2053618787e+00    5.1200000000e+04    5.6222431934e-03    9.9998046875e-01
       425   -4.8660182997e-01    8.9077763033e-01   -1.1943743213e+00    7.0777249136e-01   -1.1943743213e+00    5.1200000000e+04    5.6219921313e-03    9.9994140625e-01
       426   -4.5391044409e-01    7.0027987004e-01   -1.1741214367e+00    7.2021099265e-01   -1.1741214367e+00    5.1200000000e+04    5.6037812830e-03    1.0000000000e+00
       427   -4.4196809789e-01    6.5665238912e-01   -1.1999475825e+00    7.5797948466e-01   -1.1999475825e+00    5.1200000000e+04    5.6241304211e-03    9.9994140625e-01
       428   -4.4196802816e-01    7.0890134080e-01   -1.2236522786e+00    7.8168425047e-01   -1.2236522786e+00    5.1200000000e+04    5.6223626208e-03    9.9996093750e-01
       429   -4.4315004132e-01    7.0790167908e-01   -1.2441681218e+00    8.0101808050e-01   -1.2441681218e+00    5.1200000000e+04    5.6224687000e-03    9.9996093750e-01
       430   -4.4339251458e-01    6.7668299767e-01   -1.2356327424e+00    7.9224022778e-01   -1.2356327424e+00    5.1200000000e+04    5.6265986853e-03    9.9998046875e-01
       431   -4.4383888035e-01    5.9353443672e-01   -1.2133784080e+00    7.6953952768e-01   -1.2133784080e+00    5.1200000000e+04    5.6006640601e-03    9.9994140625e-01
       432   -4.9410264652e-01    9.7149698816e-01   -1.2291191753e+00    7.3501652877e-01   -1.2291191753e+00    5.1200000000e+04    5.6205701123e-03    1.0000000000e+00
       433   -5.0270944000e-01    1.1996666735e+00   -1.2331405598e+00    7.3043111981e-01   -1.2331405598e+00    5.1200000000e+04    5.6202609741e-03    9.9998046875e-01
       434   -4.6207380679e-01    5.9583846307e-01   -1.1918022785e+00    7.2972847167e-01   -1.1918022785e+00    5.1200000000e+04    5.6185473315e-03    9.9996093750e-01
       435   -4.6407956551e-01    6.6343388857e-01   -1.1833136463e+00    7.1923408077e-01   -1.1833136463e+00    5.1200000000e+04    5.6238378931e-03    9.9998046875e-01
       436   -4.4734816484e-01    5.2400122983e-01   -1.1579234968e+00    7.1057533194e-01   -1.1579234968e+00    5.1200000000e+04    5.6038768201e-03    9.9994140625e-01
       437   -4.4875322555e-01    5.7748914107e-01   -1.1986963551e+00    7.4994312956e-01   -1.1986963551e+00    5.1200000000e+04    5.6244376978e-03    9.9994140625e-01
       438   -4.5500791964e-01    5.9609595904e-01   -1.1794991194e+00    7.2449119977e-01   -1.1794991194e+00    5.1200000000e+04    5.6228167529e-03    9.9998046875e-01
       439   -4.8128630209e-01    6.9344476165e-01   -1.2011472751e+00    7.1986097305e-01   -1.2011472751e+00    5.1200000000e+04    5.6232859131e-03    9.9998046875e-01
       440   -4.5695470067e-01    7.7406350086e-01   -1.1879193308e+00    7.3096463012e-01   -1.1879193308e+00    5.1200000000e+04    5.6207812048e-03    9.9992187500e-01
       441   -4.2545112025e-01    4.9580699648e-01   -1.1654476397e+00    7.3999651942e-01   -1.1654476397e+00    5.1200000000e+04    5.6012589465e-03    9.9994140625e-01
       442   -4.5623002719e-01    7.7323912930e-01   -1.2401637350e+00    7.8393370781e-01   -1.2401637350e+00    5.1200000000e+04    5.6212943848e-03    9.9996093750e-01
       443   -4.4777655539e-01    6.2353430242e-01   -1.2167255156e+00    7.6894896018e-01   -1.2167255156e+00    5.1200000000e+04    5.6243173657e-03    1.0000000000e+00
       444   -4.4630507943e-01    6.4372367078e-01   -1.2238680946e+00    7.7756301513e-01   -1.2238680946e+00    5.1200000000e+04    5.6216779932e-03    9.9994140625e-01
       445   -4.5149939873e-01    9.3825476695e-01   -1.2311522183e+00    7.7965281961e-01   -1.2311522183e+00    5.1200000000e+04    5.6260618481e-03    9.9992187500e-01
       446   -4.2991859726e-01    5.8024309867e-01   -1.1927809246e+00    7.6286232735e-01   -1.1927809246e+00    5.1200000000e+04    5.6007006226e-03    9.9994140625e-01
       447   -4.5966102997e-01    7.8250018741e-01   -1.2145092415e+00    7.5484821152e-01   -1.2145092415e+00    5.1200000000e+04    5.6203221948e-03    9.9996093750e-01
       448   -4.4746668314e-01    8.7772313602e-01   -1.1877866830e+00    7.4031999991e-01   -1.1877866830e+00    5.1200000000e+04    5.6266671057e-03    1.0000000000e+00
       449   -4.2404123314e-01    4.6948869094e-01   -1.1679234521e+00    7.4388221894e-01   -1.1679234521e+00    5.1200000000e+04    5.6209544519e-03    1.0000000000e+00
       450   -4.5150911517e-01    5.6715897631e-01   -1.1650818421e+00    7.1357272693e-01   -1.1650818421e+00    5.1200000000e+04    5.6237800574e-03    1.0000000000e+00
       451   -4.6867915430e-01    7.0292518943e-01   -1.2389545898e+00    7.7027543549e-01   -1.2389545898e+00    5.1200000000e+04    5.6047711536e-03    9.9992187500e-01
       452   -4.7822397960e-01    8.3807233561e-01   -1.2274777519e+00    7.4925377227e-01   -1.2274777519e+00    5.1200000000e+04    5.6197448279e-03    9.9998046875e-01
       453   -4.7721852052e-01    7.9323762862e-01   -1.2287192492e+00    7.5150072872e-01   -1.2287192492e+00    5.1200000000e+04    5.6224097009e-03    9.9998046875e-01
       454   -4.6501146329e-01    6.9645663676e-01   -1.2167223237e+00    7.5171086045e-01   -1.2167223237e+00    5.1200000000e+04    5.6234347559e-03    9.9996093750e-01
       455   -4.4383914131e-01    5.6754583210e-01   -1.1983148719e+00    7.5447573064e-01   -1.1983148719e+00    5.1200000000e+04    5.6242582739e-03    9.9992187500e-01
       456   -4.3863101592e-01    7.3429835273e-01   -1.2044571588e+00    7.6582614292e-01   -1.2044571588e+00    5.1200000000e+04    5.6028957849e-03    9.9996093750e-01
       457   -4.3911883870e-01    7.8559758492e-01   -1.2041239784e+00    7.6500513974e-01   -1.2041239784e+00    5.1200000000e+04    5.6184631262e-03    1.0000000000e+00
       458   -4.2334560079e-01    7.9915614998e-01   -1.1898974898e+00    7.6655188899e-01   -1.1898974898e+00    5.1200000000e+04    5.6226378418e-03    1.0000000000e+00
       459   -4.2377371203e-01    5.2664346504e-01   -1.1787406746e+00    7.5496696257e-01   -1.1787406746e+00    5.1200000000e+04    5.6186525830e-03    9.9996093750e-01
       460   -4.4473524637e-01    7.5562119557e-01   -1.1777991585e+00    7.3306391215e-01   -1.1777991585e+00    5.1200000000e+04    5.6264579871e-03    1.0000000000e+00
       461   -4.4589119206e-01    5.8340077314e-01   -1.1543976476e+00    7.0850645551e-01   -1.1543976476e+00    5.1200000000e+04    5.6222878162e-03    9.9992187500e-01
       462   -4.3039507716e-01    5.4545741554e-01   -1.1716703965e+00    7.4127531937e-01   -1.1716703965e+00    5.1200000000e+04    5.6034795496e-03    9.9996093750e-01
       463   -4.4858715157e-01    2.5201683875e+00   -1.1917647414e+00    7.4317758987e-01   -1.1917647414e+00    5.1200000000e+04    5.6207318384e-03    9.9996093750e-01
       464   -4.1995040176e-01    4.8967532616e-01   -1.1876198167e+00    7.6766941497e-01   -1.1876198167e+00    5.1200000000e+04    5.6214936267e-03    9.9996093750e-01
       465   -4.2994449238e-01    7.5651472212e-01   -1.1646511308e+00    7.3470663838e-01   -1.1646511308e+00    5.1200000000e+04    5.6251376953e-03    9.9998046875e-01
       466   -4.6357280559e-01    7.2847109346e-01   -1.1763407221e+00    7.1276791654e-01   -1.1763407221e+00    5.1200000000e+04    5.6226872180e-03    9.9996093750e-01
       467   -4.5868040369e-01    7.1584678317e-01   -1.1613772583e+00    7.0269685458e-01   -1.1613772583e+00    5.1200000000e+04    5.6049099670e-03    9.9992187500e-01
       468   -4.8100820806e-01    9.6026187486e-01   -1.2132945460e+00    7.3228633795e-01   -1.2132945460e+00    5.1200000000e+04    5.6216568042e-03    9.9998046875e-01
       469   -4.6036023940e-01    6.6307584740e-01   -1.1899316215e+00    7.2957138207e-01   -1.1899316215e+00    5.1200000000e+04    5.6233104639e-03    9.9998046875e-01
       470   -4.3516027877e-01    5.1299650687e-01   -1.1949240579e+00    7.5976377913e-01   -1.1949240579e+00    5.1200000000e+04    5.6273492322e-03    1.0000000000e+00
       471   -4.2747583476e-01    6.3420849620e-01   -1.2010436577e+00    7.7356782298e-01   -1.2010436577e+00    5.1200000000e+04    5.6212331201e-03    9.9992187500e-01
       472   -4.5148013203e-01    7.7941325568e-01   -1.1982590451e+00    7.4677891310e-01   -1.1982590451e+00    5.1200000000e+04    5.6037883081e-03    9.9998046875e-01
       473   -4.6880496682e-01    6.1580594551e-01   -1.1986950648e+00    7.2989009794e-01   -1.1986950648e+00    5.1200000000e+04    5.6233446863e-03    9.9994140625e-01
       474   -4.6228042905e-01    6.2804091632e-01   -1.1848769659e+00    7.2259653686e-01   -1.1848769659e+00    5.1200000000e+04    5.6260442615e-03    9.9992187500e-01
       475   -4.5020644643e-01    6.7524190127e-01   -1.2024203004e+00    7.5221385397e-01   -1.2024203004e+00    5.1200000000e+04    5.6281777576e-03    9.9996093750e-01
       476   -4.6327416434e-01    9.8531408399e-01   -1.2381513195e+00    7.7487715511e-01   -1.2381513195e+00    5.1200000000e+04    5.6235406604e-03    9.9998046875e-01
       477   -4.4589851237e-01    6.2334677450e-01   -1.2295298314e+00    7.8363131901e-01   -1.2295298314e+00    5.1200000000e+04    5.6007061426e-03    9.9994140625e-01
       478   -4.4664046404e-01    5.7578694496e-01   -1.2089621797e+00    7.6232171569e-01   -1.2089621797e+00    5.1200000000e+04    5.6195708691e-03    9.9996093750e-01
       479   -4.5849894067e-01    6.1459798376e-01   -1.2160790756e+00    7.5758013492e-01   -1.2160790756e+00    5.1200000000e+04    5.6226427661e-03    9.9994140625e-01
       480   -4.5012645755e-01    6.1697428810e-01   -1.1918286861e+00    7.4170222853e-01   -1.1918286861e+00    5.1200000000e+04    5.6246562769e-03    9.9996093750e-01
       481   -4.7183428292e-01    9.0875947136e-01   -1.2174491812e+00    7.4561489828e-01   -1.2174491812e+00    5.1200000000e+04    5.6246747009e-03    1.0000000000e+00
       482   -4.7150419483e-01    1.1828536216e+00   -1.2383883611e+00    7.6688416624e-01   -1.2383883611e+00    5.1200000000e+04    5.6034246399e-03    9.9988281250e-01
       483   -4.5683078158e-01    8.1912389637e-01   -1.2255305218e+00    7.6869974022e-01   -1.2255305218e+00    5.1200000000e+04    5.6238987109e-03    9.9992187500e-01
       484   -4.2936583706e-01    6.2954696610e-01   -1.1689280457e+00    7.3956220861e-01   -1.1689280457e+00    5.1200000000e+04    5.6201993335e-03    9.9996093750e-01
       485   -4.3694452352e-01    7.4633362322e-01   -1.1796862196e+00    7.4274169612e-01   -1.1796862196e+00    5.1200000000e+04    5.6209710266e-03    9.9998046875e-01
       486   -4.4104184054e-01    6.7363767741e-01   -1.1877039685e+00    7.4666212798e-01   -1.1877039685e+00    5.1200000000e+04    5.6213025488e-03    1.0000000000e+00
       487   -4.9252011843e-01    1.0834749145e+00   -1.2510936300e+00    7.5857351152e-01   -1.2510936300e+00    5.1200000000e+04    5.6049434314e-03    1.0000000000e+00
       488   -4.6922792722e-01    8.8231846280e-01   -1.2252528301e+00    7.5602490285e-01   -1.2252528301e+00    5.1200000000e+04    5.6226767773e-03    9.9996093750e-01
       489   -4.5692210069e-01    8.7861671096e-01   -1.2353514999e+00    7.7842939923e-01   -1.2353514999e+00    5.1200000000e+04    5.6223875085e-03    9.9996093750e-01
       490   -4.7542150481e-01    8.9091698514e-01   -1.2512191914e+00    7.7579768660e-01   -1.2512191914e+00    5.1200000000e+04    5.6238838806e-03    9.9998046875e-01
       491   -4.1244993558e-01    4.8546477342e-01   -1.1697150211e+00    7.5726508553e-01   -1.1697150211e+00    5.1200000000e+04    5.6171490100e-03    9.9996093750e-01
       492   -4.1493309227e-01    6.1612438729e-01   -1.2175274012e+00    8.0259430892e-01   -1.2175274012e+00    5.1200000000e+04    5.6065495398e-03    9.9990234375e-01
       493   -4.5024533460e-01    8.4788205153e-01   -1.2349153302e+00    7.8466999559e-01   -1.2349153302e+00    5.1200000000e+04    5.6205485937e-03    9.9998046875e-01
       494   -4.4671549188e-01    6.4543173326e-01   -1.1588418544e+00    7.1212636251e-01   -1.1588418544e+00    5.1200000000e+04    5.6169681042e-03    9.9994140625e-01
       495   -4.8256864380e-01    9.5696619672e-01   -1.2098080650e+00    7.2723942118e-01   -1.2098080650e+00    5.1200000000e+04    5.6238273328e-03    9.9988281250e-01
       496   -4.4411280863e-01    5.7025638876e-01   -1.1656811557e+00    7.2156834703e-01   -1.1656811557e+00    5.1200000000e+04    5.6211973145e-03    9.9990234375e-01
       497   -4.6575104119e-01    7.9813586456e-01   -1.1433718248e+00    6.7762078359e-01   -1.1433718248e+00    5.1200000000e+04    5.6028844287e-03    1.0000000000e+00
       498   -4.4338341873e-01    5.2926536419e-01   -1.1304613240e+00    6.8707790525e-01   -1.1304613240e+00    5.1200000000e+04    5.6244227856e-03    9.9998046875e-01
       499   -4.5296415840e-01    7.1455351271e-01   -1.1351463843e+00    6.8218222586e-01   -1.1351463843e+00    5.1200000000e+04    5.6235686536e-03    9.9996093750e-01
