#   index    LocalEnergy         LocalEnergy_sq      LocalPotential      Kinetic             Coulomb             BlockWeight         BlockCPU            AcceptRatio         
         0   -2.8847190131e-01    3.8656792406e-01   -1.4090294927e+00    1.1205575914e+00   -1.4090294927e+00    1.2800000000e+04    5.4985188867e-03    9.9992187500e-01
         1   -3.1404280335e-01    3.8627626722e-01   -1.3808211399e+00    1.0667783366e+00   -1.3808211399e+00    1.2800000000e+04    5.5712989551e-03    1.0000000000e+00
         2   -3.1692697964e-01    5.2294478619e-01   -1.3283671744e+00    1.0114401947e+00   -1.3283671744e+00    1.2800000000e+04    5.5205387207e-03    9.9992187500e-01
         3   -3.9759075344e-01    1.2617943552e+00   -1.5343473021e+00    1.1367565487e+00   -1.5343473021e+00    1.2800000000e+04    5.5174229102e-03    9.9984375000e-01
         4   -4.4287535101e-01    1.8493162635e+00   -1.4699859342e+00    1.0271105832e+00   -1.4699859342e+00    1.2800000000e+04    5.4963227441e-03    1.0000000000e+00
         5   -4.2855544208e-01    9.4253845941e-01   -1.3999464774e+00    9.7139103528e-01   -1.3999464774e+00    1.2800000000e+04    5.5216571729e-03    9.9992187500e-01
         6   -4.7661184401e-01    8.2171905571e-01   -1.4089916380e+00    9.3237979404e-01   -1.4089916380e+00    1.2800000000e+04    5.5209459521e-03    1.0000000000e+00
         7   -4.6962060869e-01    9.6103412732e-01   -1.4311387041e+00    9.6151809544e-01   -1.4311387041e+00    1.2800000000e+04    5.5200527930e-03    1.0000000000e+00
         8   -4.3983344790e-01    6.9790922080e-01   -1.3848318891e+00    9.4499844125e-01   -1.3848318891e+00    1.2800000000e+04    5.5223105127e-03    9.9992187500e-01
         9   -4.7126893936e-01    8.7383535620e-01   -1.4295552484e+00    9.5828630904e-01   -1.4295552484e+00    1.2800000000e+04    5.5031466064e-03    1.0000000000e+00
        10   -4.4434219596e-01    6.8934457110e-01   -1.3804929128e+00    9.3615071687e-01   -1.3804929128e+00    1.2800000000e+04    5.5125609619e-03    9.9992187500e-01
        11   -4.0353502358e-01    4.6255719915e-01   -1.2745037239e+00    8.7096870027e-01   -1.2745037239e+00    1.2800000000e+04    5.5210685107e-03    9.9984375000e-01
        12   -4.0687795497e-01    5.1022074810e-01   -1.2817611491e+00    8.7488319415e-01   -1.2817611491e+00    1.2800000000e+04    5.5109061816e-03    1.0000000000e+00
        13   -4.1012570150e-01    4.9959065684e-01   -1.2595807896e+00    8.4945508810e-01   -1.2595807896e+00    1.2800000000e+04    5.5171083301e-03    9.9992187500e-01
        14   -4.2876618905e-01    5.6883746551e-01   -1.2530423455e+00    8.2427615641e-01   -1.2530423455e+00    1.2800000000e+04    5.4932642578e-03    1.0000000000e+00
        15   -4.8570823899e-01    6.1652997308e-01   -1.2429959456e+00    7.5728770666e-01   -1.2429959456e+00    1.2800000000e+04    5.5174453467e-03    1.0000000000e+00
        16   -4.7126574048e-01    9.8833990207e-01   -1.2594969090e+00    7.8823116848e-01   -1.2594969090e+00    1.2800000000e+04    5.5160121533e-03    1.0000000000e+00
        17   -4.3036623688e-01    6.6876877255e-01   -1.1990591982e+00    7.6869296133e-01   -1.1990591982e+00    1.2800000000e+04    5.5270905225e-03    9.9992187500e-01
        18   -4.3151135941e-01    1.0419275248e+00   -1.2864201922e+00    8.5490883277e-01   -1.2864201922e+00    1.2800000000e+04    5.5159841650e-03    9.9992187500e-01
        19   -4.0377552799e-01    5.4710894791e-01   -1.2608818304e+00    8.5710630243e-01   -1.2608818304e+00    1.2800000000e+04    5.4953022803e-03    9.9992187500e-01
        20   -3.7192509868e-01    3.7183763014e-01   -1.1600691694e+00    7.8814407075e-01   -1.1600691694e+00    1.2800000000e+04    5.5122924268e-03    1.0000000000e+00
        21   -4.6056913033e-01    8.7325004224e-01   -1.1417100659e+00    6.8114093552e-01   -1.1417100659e+00    1.2800000000e+04    5.5214098584e-03    9.9992187500e-01
        22   -4.3732668029e-01    3.8696898658e-01   -1.0853888702e+00    6.4806218995e-01   -1.0853888702e+00    1.2800000000e+04    5.5123770361e-03    1.0000000000e+00
        23   -4.4764356805e-01    5.5013553670e-01   -1.1178125263e+00    6.7016895830e-01   -1.1178125263e+00    1.2800000000e+04    5.5234134814e-03    1.0000000000e+00
        24   -4.0819476172e-01    4.9772802907e-01   -1.1696974140e+00    7.6150265230e-01   -1.1696974140e+00    1.2800000000e+04    5.4978448242e-03    9.9984375000e-01
        25   -3.9152729228e-01    4.7578004215e-01   -1.1947437977e+00    8.0321650544e-01   -1.1947437977e+00    1.2800000000e+04    5.5195335254e-03    9.9992187500e-01
        26   -4.3075749707e-01    3.9049641784e-01   -1.1383852475e+00    7.0762775039e-01   -1.1383852475e+00    1.2800000000e+04    5.5215608252e-03    9.9984375000e-01
        27   -4.5651990482e-01    4.7170102924e-01   -1.1565647410e+00    7.0004483622e-01   -1.1565647410e+00    1.2800000000e+04    5.5249393018e-03    1.0000000000e+00
        28   -4.1880870308e-01    5.3488574941e-01   -1.1739799228e+00    7.5517121972e-01   -1.1739799228e+00    1.2800000000e+04    5.5221844629e-03    1.0000000000e+00
        29   -3.8209289308e-01    5.7961776932e-01   -1.2371386481e+00    8.5504575500e-01   -1.2371386481e+00    1.2800000000e+04    5.4947529687e-03    1.0000000000e+00
        30   -4.3042419531e-01    7.1410410594e-01   -1.2295651217e+00    7.9914092640e-01   -1.2295651217e+00    1.2800000000e+04    5.5180774512e-03    1.0000000000e+00
        31   -3.9097051645e-01    4.6123299574e-01   -1.2124772761e+00    8.2150675962e-01   -1.2124772761e+00    1.2800000000e+04    5.5136815234e-03    9.9992187500e-01
        32   -3.9698766226e-01    4.5937223899e-01   -1.1956989666e+00    7.9871130433e-01   -1.1956989666e+00    1.2800000000e+04    5.5130644727e-03    1.0000000000e+00
        33   -4.5605244708e-01    9.0202961011e-01   -1.2175839051e+00    7.6153145804e-01   -1.2175839051e+00    1.2800000000e+04    5.5208314697e-03    9.9992187500e-01
        34   -4.2462477440e-01    7.9591292607e-01   -1.1927454903e+00    7.6812071588e-01   -1.1927454903e+00    1.2800000000e+04    5.5046404053e-03    1.0000000000e+00
        35   -4.6882928553e-01    8.7551424097e-01   -1.2352975779e+00    7.6646829233e-01   -1.2352975779e+00    1.2800000000e+04    5.5156251318e-03    1.0000000000e+00
        36   -4.1083875390e-01    4.6733411099e-01   -1.1104464539e+00    6.9960770000e-01   -1.1104464539e+00    1.2800000000e+04    5.5253067822e-03    1.0000000000e+00
        37   -4.1880595205e-01    3.7586232567e-01   -1.1179509943e+00    6.9914504221e-01   -1.1179509943e+00    1.2800000000e+04    5.5227810547e-03    1.0000000000e+00
        38   -4.3157913685e-01    3.7204540832e-01   -1.1260872303e+00    6.9450809342e-01   -1.1260872303e+00    1.2800000000e+04    5.5211864941e-03    9.9992187500e-01
        39   -4.4191039765e-01    3.8211338539e-01   -1.1247318888e+00    6.8282149118e-01   -1.1247318888e+00    1.2800000000e+04    5.5002804736e-03    1.0000000000e+00
        40   -4.7840039620e-01    6.6029619544e-01   -1.1651010372e+00    6.8670064104e-01   -1.1651010372e+00    1.2800000000e+04    5.5142029248e-03    1.0000000000e+00
        41   -5.1313371255e-01    9.4894312293e-01   -1.1736062908e+00    6.6047257826e-01   -1.1736062908e+00    1.2800000000e+04    5.5221258594e-03    1.0000000000e+00
        42   -4.5119406880e-01    4.7736314821e-01   -1.0654236283e+00    6.1422955946e-01   -1.0654236283e+00    1.2800000000e+04    5.5108488721e-03    9.9992187500e-01
        43   -4.5489722963e-01    5.1325614476e-01   -1.0446704503e+00    5.8977322065e-01   -1.0446704503e+00    1.2800000000e+04    5.5234516309e-03    9.9992187500e-01
        44   -4.9241084206e-01    1.4681564772e+00   -1.1439212345e+00    6.5151039248e-01   -1.1439212345e+00    1.2800000000e+04    5.4963156250e-03    9.9992187500e-01
        45   -4.2950960034e-01    3.7711893698e-01   -1.0797736571e+00    6.5026405677e-01   -1.0797736571e+00    1.2800000000e+04    5.5181047314e-03    1.0000000000e+00
        46   -4.4598118670e-01    4.4411655723e-01   -1.1514424995e+00    7.0546131285e-01   -1.1514424995e+00    1.2800000000e+04    5.5173911035e-03    1.0000000000e+00
        47   -4.4701451917e-01    8.1138825575e-01   -1.1317622855e+00    6.8474776638e-01   -1.1317622855e+00    1.2800000000e+04    5.5167786133e-03    1.0000000000e+00
        48   -4.4012453546e-01    4.9458238216e-01   -1.1159731599e+00    6.7584862443e-01   -1.1159731599e+00    1.2800000000e+04    5.5186611035e-03    1.0000000000e+00
        49   -4.5154127491e-01    5.2694014628e-01   -1.1224632070e+00    6.7092193213e-01   -1.1224632070e+00    1.2800000000e+04    5.4974929395e-03    1.0000000000e+00
        50   -4.3881167494e-01    3.7789725992e-01   -1.1052959165e+00    6.6648424152e-01   -1.1052959165e+00    1.2800000000e+04    5.5144052686e-03    1.0000000000e+00
        51   -4.6929449379e-01    5.7197564255e-01   -1.1398100275e+00    6.7051553367e-01   -1.1398100275e+00    1.2800000000e+04    5.5182437549e-03    9.9992187500e-01
        52   -4.7004672933e-01    7.6059971610e-01   -1.1202598739e+00    6.5021314455e-01   -1.1202598739e+00    1.2800000000e+04    5.5180499805e-03    9.9992187500e-01
        53   -4.8845066012e-01    1.1711419111e+00   -1.1566810606e+00    6.6823040043e-01   -1.1566810606e+00    1.2800000000e+04    5.5183647070e-03    1.0000000000e+00
        54   -4.5937502583e-01    5.4352830753e-01   -1.1244420248e+00    6.6506699895e-01   -1.1244420248e+00    1.2800000000e+04    5.5010285547e-03    1.0000000000e+00
        55   -5.1486154785e-01    7.7467378238e-01   -1.1822497605e+00    6.6738821265e-01   -1.1822497605e+00    1.2800000000e+04    5.5169875000e-03    9.9992187500e-01
        56   -4.6816399146e-01    5.8937462730e-01   -1.2148866851e+00    7.4672269369e-01   -1.2148866851e+00    1.2800000000e+04    5.5177582861e-03    9.9992187500e-01
        57   -4.0249029039e-01    4.0613804123e-01   -1.1521957442e+00    7.4970545377e-01   -1.1521957442e+00    1.2800000000e+04    5.5197379785e-03    1.0000000000e+00
        58   -4.2119431469e-01    8.0563147433e-01   -1.2404669614e+00    8.1927264674e-01   -1.2404669614e+00    1.2800000000e+04    5.5170737207e-03    1.0000000000e+00
        59   -4.5141759224e-01    7.4291875040e-01   -1.3001792469e+00    8.4876165463e-01   -1.3001792469e+00    1.2800000000e+04    5.4997867529e-03    9.9984375000e-01
        60   -4.4277338614e-01    5.7855522467e-01   -1.2494763794e+00    8.0670299326e-01   -1.2494763794e+00    1.2800000000e+04    5.5145627148e-03    9.9984375000e-01
        61   -4.2852806047e-01    6.0194103638e-01   -1.2280732108e+00    7.9954515037e-01   -1.2280732108e+00    1.2800000000e+04    5.5164122363e-03    1.0000000000e+00
        62   -4.6132673350e-01    6.7470623907e-01   -1.2754776983e+00    8.1415096485e-01   -1.2754776983e+00    1.2800000000e+04    5.5208667383e-03    9.9984375000e-01
        63   -4.6747922121e-01    4.7897630171e-01   -1.2323481056e+00    7.6486888441e-01   -1.2323481056e+00    1.2800000000e+04    5.5160091406e-03    9.9992187500e-01
        64   -5.3357870083e-01    1.5883043755e+00   -1.2194550036e+00    6.8587630274e-01   -1.2194550036e+00    1.2800000000e+04    5.4980664209e-03    9.9984375000e-01
        65   -4.2122674684e-01    3.7646997750e-01   -1.1285777757e+00    7.0735102888e-01   -1.1285777757e+00    1.2800000000e+04    5.5235350439e-03    9.9992187500e-01
        66   -4.7858665831e-01    9.6202291801e-01   -1.1867797776e+00    7.0819311928e-01   -1.1867797776e+00    1.2800000000e+04    5.5175892969e-03    1.0000000000e+00
        67   -4.4699494267e-01    7.9941800720e-01   -1.1840496060e+00    7.3705466337e-01   -1.1840496060e+00    1.2800000000e+04    5.5181380029e-03    9.9992187500e-01
        68   -4.2880690715e-01    4.0972067902e-01   -1.1239947410e+00    6.9518783388e-01   -1.1239947410e+00    1.2800000000e+04    5.5186507910e-03    1.0000000000e+00
        69   -3.8685942986e-01    3.8858701211e-01   -1.1772951134e+00    7.9043568354e-01   -1.1772951134e+00    1.2800000000e+04    5.4971237451e-03    9.9992187500e-01
        70   -4.2388598981e-01    1.6627089363e+00   -1.2000100970e+00    7.7612410720e-01   -1.2000100970e+00    1.2800000000e+04    5.5167457617e-03    9.9992187500e-01
        71   -4.4268345983e-01    5.9949154918e-01   -1.2550322556e+00    8.1234879574e-01   -1.2550322556e+00    1.2800000000e+04    5.5203242383e-03    1.0000000000e+00
        72   -4.4904953757e-01    5.1301573462e-01   -1.2685617837e+00    8.1951224613e-01   -1.2685617837e+00    1.2800000000e+04    5.5177874023e-03    1.0000000000e+00
        73   -3.8756533135e-01    4.1057629429e-01   -1.3107131672e+00    9.2314783584e-01   -1.3107131672e+00    1.2800000000e+04    5.5172775244e-03    9.9992187500e-01
        74   -4.8939320140e-01    1.5328675661e+00   -1.3604735716e+00    8.7108037020e-01   -1.3604735716e+00    1.2800000000e+04    5.5020270020e-03    1.0000000000e+00
        75   -4.1411771272e-01    9.0131148685e-01   -1.3043741310e+00    8.9025641833e-01   -1.3043741310e+00    1.2800000000e+04    5.5136450684e-03    1.0000000000e+00
        76   -4.2892996754e-01    7.5185787814e-01   -1.3669071236e+00    9.3797715601e-01   -1.3669071236e+00    1.2800000000e+04    5.5183466113e-03    1.0000000000e+00
        77   -5.0684019658e-01    1.1644107273e+00   -1.4330012993e+00    9.2616110271e-01   -1.4330012993e+00    1.2800000000e+04    5.5171537598e-03    9.9992187500e-01
        78   -5.3517303499e-01    4.6663171298e+00   -1.4327169629e+00    8.9754392788e-01   -1.4327169629e+00    1.2800000000e+04    5.5167085059e-03    9.9992187500e-01
        79   -3.6452548540e-01    4.4673848771e-01   -1.2582631029e+00    8.9373761745e-01   -1.2582631029e+00    1.2800000000e+04    5.4970553564e-03    9.9992187500e-01
        80   -4.5938344248e-01    1.7710827852e+00   -1.3188115336e+00    8.5942809117e-01   -1.3188115336e+00    1.2800000000e+04    5.5164996240e-03    1.0000000000e+00
        81   -4.9610363530e-01    5.9928028483e+00   -1.3321932095e+00    8.3608957421e-01   -1.3321932095e+00    1.2800000000e+04    5.5180905957e-03    9.9992187500e-01
        82   -4.8687733745e-01    2.0635253847e+00   -1.3503888794e+00    8.6351154192e-01   -1.3503888794e+00    1.2800000000e+04    5.5145983105e-03    9.9984375000e-01
        83   -4.9665080455e-01    7.7951823369e-01   -1.2934016156e+00    7.9675081106e-01   -1.2934016156e+00    1.2800000000e+04    5.5232580176e-03    1.0000000000e+00
        84   -5.0487071646e-01    1.4755500477e+00   -1.3556505818e+00    8.5077986533e-01   -1.3556505818e+00    1.2800000000e+04    5.4966041992e-03    1.0000000000e+00
        85   -5.0245276152e-01    1.0388242131e+00   -1.3147872505e+00    8.1233448899e-01   -1.3147872505e+00    1.2800000000e+04    5.5128222510e-03    9.9992187500e-01
        86   -5.0328762875e-01    8.4910254915e-01   -1.3884944873e+00    8.8520685853e-01   -1.3884944873e+00    1.2800000000e+04    5.5195818652e-03    1.0000000000e+00
        87   -3.6545921829e-01    3.9851884281e-01   -1.2710279819e+00    9.0556876363e-01   -1.2710279819e+00    1.2800000000e+04    5.5149967432e-03    9.9984375000e-01
        88   -4.1476753687e-01    7.9085963652e-01   -1.2593039422e+00    8.4453640528e-01   -1.2593039422e+00    1.2800000000e+04    5.5159266797e-03    9.9992187500e-01
        89   -4.3857887116e-01    1.5581055126e+00   -1.2993480911e+00    8.6076921993e-01   -1.2993480911e+00    1.2800000000e+04    5.4945076465e-03    9.9992187500e-01
        90   -4.0949237527e-01    1.6685845323e+00   -1.3436142200e+00    9.3412184473e-01   -1.3436142200e+00    1.2800000000e+04    5.5189787891e-03    9.9992187500e-01
        91   -4.3228744414e-01    1.9105359523e+00   -1.2608405653e+00    8.2855312118e-01   -1.2608405653e+00    1.2800000000e+04    5.5159470654e-03    1.0000000000e+00
        92   -4.0714955779e-01    5.2536004307e-01   -1.2339443373e+00    8.2679477947e-01   -1.2339443373e+00    1.2800000000e+04    5.5186984570e-03    1.0000000000e+00
        93   -4.3071234491e-01    4.2262989851e-01   -1.2199483044e+00    7.8923595944e-01   -1.2199483044e+00    1.2800000000e+04    5.5184360303e-03    1.0000000000e+00
        94   -4.7857125755e-01    3.6106974955e+00   -1.2795127057e+00    8.0094144812e-01   -1.2795127057e+00    1.2800000000e+04    5.4934815186e-03    9.9992187500e-01
        95   -4.0721474724e-01    6.1794727276e-01   -1.2379339777e+00    8.3071923050e-01   -1.2379339777e+00    1.2800000000e+04    5.5119797754e-03    9.9992187500e-01
        96   -3.8112922888e-01    4.5512791771e-01   -1.1706682394e+00    7.8953901048e-01   -1.1706682394e+00    1.2800000000e+04    5.5176063379e-03    9.9992187500e-01
        97   -3.9358721665e-01    4.0859184598e-01   -1.1932204523e+00    7.9963323564e-01   -1.1932204523e+00    1.2800000000e+04    5.5150665479e-03    1.0000000000e+00
        98   -4.1649466159e-01    4.2504107362e-01   -1.2351684408e+00    8.1867377925e-01   -1.2351684408e+00    1.2800000000e+04    5.5181398193e-03    9.9992187500e-01
        99   -4.0153725743e-01    5.0644085846e-01   -1.2106612607e+00    8.0912400329e-01   -1.2106612607e+00    1.2800000000e+04    5.4987892773e-03    1.0000000000e+00
       100   -4.3158736333e-01    5.0011859301e-01   -1.2106106218e+00    7.7902325845e-01   -1.2106106218e+00    1.2800000000e+04    5.5185139063e-03    1.0000000000e+00
       101   -4.5065909229e-01    4.5964860343e+00   -1.2324059112e+00    7.8174681887e-01   -1.2324059112e+00    1.2800000000e+04    5.5222679004e-03    1.0000000000e+00
       102   -3.8187679550e-01    3.3059551588e-01   -1.1559172627e+00    7.7404046718e-01   -1.1559172627e+00    1.2800000000e+04    5.5245418604e-03    1.0000000000e+00
       103   -4.6074919791e-01    6.4680370710e-01   -1.2138111782e+00    7.5306198030e-01   -1.2138111782e+00    1.2800000000e+04    5.5218608105e-03    1.0000000000e+00
       104   -5.1890343000e-01    9.7420345077e-01   -1.2998728304e+00    7.8096940036e-01   -1.2998728304e+00    1.2800000000e+04    5.4972630811e-03    9.9984375000e-01
       105   -4.8322940673e-01    1.0470799321e+00   -1.2429267936e+00    7.5969738685e-01   -1.2429267936e+00    1.2800000000e+04    5.5215070166e-03    1.0000000000e+00
       106   -4.4813546877e-01    4.6616565572e-01   -1.2031841693e+00    7.5504870048e-01   -1.2031841693e+00    1.2800000000e+04    5.5176743408e-03    9.9992187500e-01
       107   -5.2312500309e-01    9.9674200910e-01   -1.2889913362e+00    7.6586633315e-01   -1.2889913362e+00    1.2800000000e+04    5.5161438281e-03    1.0000000000e+00
       108   -4.5622913484e-01    6.6251337451e-01   -1.2469657588e+00    7.9073662394e-01   -1.2469657588e+00    1.2800000000e+04    5.5231861572e-03    9.9992187500e-01
       109   -4.0332133504e-01    5.0967670597e-01   -1.2108641887e+00    8.0754285364e-01   -1.2108641887e+00    1.2800000000e+04    5.4954415820e-03    9.9992187500e-01
       110   -4.3687842022e-01    6.1104096172e-01   -1.2879301898e+00    8.5105176955e-01   -1.2879301898e+00    1.2800000000e+04    5.5214574170e-03    1.0000000000e+00
       111   -4.3614597677e-01    7.8024640186e-01   -1.3071873100e+00    8.7104133318e-01   -1.3071873100e+00    1.2800000000e+04    5.5210446240e-03    9.9992187500e-01
       112   -4.6054841697e-01    6.0170375509e-01   -1.3076503219e+00    8.4710190497e-01   -1.3076503219e+00    1.2800000000e+04    5.5145600439e-03    1.0000000000e+00
       113   -4.8458097921e-01    6.2263379899e-01   -1.2894983329e+00    8.0491735370e-01   -1.2894983329e+00    1.2800000000e+04    5.5257143408e-03    9.9992187500e-01
       114   -4.4758516847e-01    5.1424285000e-01   -1.2209944625e+00    7.7340929399e-01   -1.2209944625e+00    1.2800000000e+04    5.4999325391e-03    9.9992187500e-01
       115   -3.8974355460e-01    4.8080894304e-01   -1.2129640261e+00    8.2322047151e-01   -1.2129640261e+00    1.2800000000e+04    5.5264072754e-03    1.0000000000e+00
       116   -3.9735819116e-01    3.9862391353e-01   -1.1824814499e+00    7.8512325873e-01   -1.1824814499e+00    1.2800000000e+04    5.5156946484e-03    1.0000000000e+00
       117   -4.6391327196e-01    6.4793600352e-01   -1.1868413706e+00    7.2292809864e-01   -1.1868413706e+00    1.2800000000e+04    5.5189244727e-03    9.9992187500e-01
       118   -4.3531455959e-01    4.4126292131e-01   -1.1459546768e+00    7.1064011717e-01   -1.1459546768e+00    1.2800000000e+04    5.5206550049e-03    1.0000000000e+00
       119   -4.4851235660e-01    4.7220526730e-01   -1.2023592650e+00    7.5384690844e-01   -1.2023592650e+00    1.2800000000e+04    5.4945565527e-03    1.0000000000e+00
       120   -4.0656973254e-01    3.6909619958e-01   -1.1911495598e+00    7.8457982725e-01   -1.1911495598e+00    1.2800000000e+04    5.5194704199e-03    9.9992187500e-01
       121   -4.1749812194e-01    3.8337481393e-01   -1.1804170663e+00    7.6291894438e-01   -1.1804170663e+00    1.2800000000e+04    5.5215936914e-03    9.9968750000e-01
       122   -4.4725815764e-01    6.3140290421e-01   -1.1700274318e+00    7.2276927414e-01   -1.1700274318e+00    1.2800000000e+04    5.5178723975e-03    9.9992187500e-01
       123   -4.9069126461e-01    1.1040155061e+00   -1.2171694647e+00    7.2647820008e-01   -1.2171694647e+00    1.2800000000e+04    5.5210490723e-03    1.0000000000e+00
       124   -4.5892136031e-01    4.6852648097e-01   -1.1548633560e+00    6.9594199574e-01   -1.1548633560e+00    1.2800000000e+04    5.5020055762e-03    9.9992187500e-01
       125   -4.3606013139e-01    4.3509005929e-01   -1.1599107072e+00    7.2385057576e-01   -1.1599107072e+00    1.2800000000e+04    5.5175466406e-03    9.9992187500e-01
       126   -4.1590879661e-01    3.6317027510e-01   -1.1332937017e+00    7.1738490508e-01   -1.1332937017e+00    1.2800000000e+04    5.5176202539e-03    9.9984375000e-01
       127   -4.8577359244e-01    1.3690002256e+00   -1.2296343070e+00    7.4386071452e-01   -1.2296343070e+00    1.2800000000e+04    5.5216766064e-03    1.0000000000e+00
       128   -4.4877857851e-01    6.7107510532e-01   -1.2740389883e+00    8.2526040978e-01   -1.2740389883e+00    1.2800000000e+04    5.5194099561e-03    1.0000000000e+00
       129   -3.8935944869e-01    7.2254917554e-01   -1.2999378544e+00    9.1057840571e-01   -1.2999378544e+00    1.2800000000e+04    5.5003239551e-03    1.0000000000e+00
       130   -4.0067355404e-01    5.1713655244e-01   -1.2759137942e+00    8.7524024016e-01   -1.2759137942e+00    1.2800000000e+04    5.5248323340e-03    9.9992187500e-01
       131   -3.9991601693e-01    4.6258790295e-01   -1.2288040026e+00    8.2888798565e-01   -1.2288040026e+00    1.2800000000e+04    5.5194427197e-03    9.9984375000e-01
       132   -4.4527122720e-01    6.0889775046e-01   -1.2088600679e+00    7.6358884073e-01   -1.2088600679e+00    1.2800000000e+04    5.5150919678e-03    9.9992187500e-01
       133   -4.6030246737e-01    5.3996885040e-01   -1.1624775315e+00    7.0217506416e-01   -1.1624775315e+00    1.2800000000e+04    5.5244456299e-03    9.9984375000e-01
       134   -5.0534894184e-01    6.7713325977e-01   -1.2339694806e+00    7.2862053880e-01   -1.2339694806e+00    1.2800000000e+04    5.4967590137e-03    1.0000000000e+00
       135   -4.6792979366e-01    7.1449731365e-01   -1.1907580922e+00    7.2282829855e-01   -1.1907580922e+00    1.2800000000e+04    5.5175416748e-03    9.9992187500e-01
       136   -4.3415427702e-01    7.1051522415e-01   -1.1919617053e+00    7.5780742831e-01   -1.1919617053e+00    1.2800000000e+04    5.5232651758e-03    9.9992187500e-01
       137   -4.6116253176e-01    6.7806669041e-01   -1.2160878577e+00    7.5492532597e-01   -1.2160878577e+00    1.2800000000e+04    5.5138199561e-03    9.9992187500e-01
       138   -4.1345851881e-01    5.8165724279e-01   -1.2080541184e+00    7.9459559957e-01   -1.2080541184e+00    1.2800000000e+04    5.5186757227e-03    9.9992187500e-01
       139   -3.7221533537e-01    3.2994296098e-01   -1.1816847096e+00    8.0946937420e-01   -1.1816847096e+00    1.2800000000e+04    5.5017874268e-03    9.9992187500e-01
       140   -4.6884894221e-01    5.2268191741e-01   -1.2054254518e+00    7.3657650958e-01   -1.2054254518e+00    1.2800000000e+04    5.5174620166e-03    1.0000000000e+00
       141   -4.9899540156e-01    6.7994931900e-01   -1.2337219998e+00    7.3472659829e-01   -1.2337219998e+00    1.2800000000e+04    5.5187457031e-03    1.0000000000e+00
       142   -4.4655454054e-01    5.5983758254e-01   -1.1783247380e+00    7.3177019748e-01   -1.1783247380e+00    1.2800000000e+04    5.5186683252e-03    1.0000000000e+00
       143   -4.3251712632e-01    7.6927136979e-01   -1.1817782116e+00    7.4926108529e-01   -1.1817782116e+00    1.2800000000e+04    5.5219842383e-03    1.0000000000e+00
       144   -4.2074476146e-01    3.9258373471e-01   -1.1740953021e+00    7.5335054068e-01   -1.1740953021e+00    1.2800000000e+04    5.4978150488e-03    9.9992187500e-01
       145   -4.3705899636e-01    4.9348931978e-01   -1.2047343944e+00    7.6767539804e-01   -1.2047343944e+00    1.2800000000e+04    5.5149590332e-03    1.0000000000e+00
       146   -3.6420813592e-01    6.1564538410e-01   -1.1337522506e+00    7.6954411469e-01   -1.1337522506e+00    1.2800000000e+04    5.5222346973e-03    1.0000000000e+00
       147   -4.2069035599e-01    4.4384446194e-01   -1.1006760457e+00    6.7998568972e-01   -1.1006760457e+00    1.2800000000e+04    5.5080927637e-03    9.9992187500e-01
       148   -4.0754838791e-01    4.0748340806e-01   -1.0711604328e+00    6.6361204486e-01   -1.0711604328e+00    1.2800000000e+04    5.5173040625e-03    1.0000000000e+00
       149   -4.6582345108e-01    5.1325747498e-01   -1.0768399661e+00    6.1101651502e-01   -1.0768399661e+00    1.2800000000e+04    5.5175380518e-03    1.0000000000e+00
       150   -4.8790671665e-01    5.8029902947e-01   -1.0749725626e+00    5.8706584594e-01   -1.0749725626e+00    1.2800000000e+04    5.5040611963e-03    9.9992187500e-01
       151   -5.0503715834e-01    7.9150837080e-01   -1.1308275875e+00    6.2579042921e-01   -1.1308275875e+00    1.2800000000e+04    5.5215647852e-03    9.9984375000e-01
       152   -4.4931026691e-01    4.1231778687e-01   -1.0828357302e+00    6.3352546325e-01   -1.0828357302e+00    1.2800000000e+04    5.5173619531e-03    1.0000000000e+00
       153   -4.0218619016e-01    3.3056924601e-01   -1.0883953073e+00    6.8620911716e-01   -1.0883953073e+00    1.2800000000e+04    5.5188580566e-03    1.0000000000e+00
       154   -4.2897222522e-01    3.8213314581e-01   -1.1042789435e+00    6.7530671830e-01   -1.1042789435e+00    1.2800000000e+04    5.5160882031e-03    9.9992187500e-01
       155   -4.6073112828e-01    5.2753516370e-01   -1.0922343123e+00    6.3150318407e-01   -1.0922343123e+00    1.2800000000e+04    5.4980207764e-03    9.9992187500e-01
       156   -4.3529220442e-01    4.9944317462e-01   -1.1675868564e+00    7.3229465200e-01   -1.1675868564e+00    1.2800000000e+04    5.5132010547e-03    1.0000000000e+00
       157   -4.4656645023e-01    5.2477629988e-01   -1.1390993203e+00    6.9253287011e-01   -1.1390993203e+00    1.2800000000e+04    5.5209898437e-03    1.0000000000e+00
       158   -4.5189330789e-01    5.7701142920e-01   -1.1344593690e+00    6.8256606107e-01   -1.1344593690e+00    1.2800000000e+04    5.5169109375e-03    9.9992187500e-01
       159   -4.6973031056e-01    7.2606848996e-01   -1.1893724555e+00    7.1964214496e-01   -1.1893724555e+00    1.2800000000e+04    5.5147209229e-03    1.0000000000e+00
       160   -5.2379943781e-01    1.0598583864e+00   -1.2502198434e+00    7.2642040561e-01   -1.2502198434e+00    1.2800000000e+04    5.4959306982e-03    1.0000000000e+00
       161   -5.7599049793e-01    5.0865856491e+00   -1.2482009877e+00    6.7221048972e-01   -1.2482009877e+00    1.2800000000e+04    5.5203905713e-03    9.9984375000e-01
       162   -4.9449477498e-01    7.3466338091e-01   -1.1273820626e+00    6.3288728759e-01   -1.1273820626e+00    1.2800000000e+04    5.5166391211e-03    9.9992187500e-01
       163   -4.9329370574e-01    1.1827809887e+00   -1.1420521258e+00    6.4875842006e-01   -1.1420521258e+00    1.2800000000e+04    5.5143526221e-03    1.0000000000e+00
       164   -5.5776250383e-01    1.6219048255e+00   -1.1912091177e+00    6.3344661391e-01   -1.1912091177e+00    1.2800000000e+04    5.5172945459e-03    9.9984375000e-01
       165   -4.8513033408e-01    4.6129402946e-01   -1.0726986531e+00    5.8756831903e-01   -1.0726986531e+00    1.2800000000e+04    5.4987741895e-03    1.0000000000e+00
       166   -4.5348351111e-01    3.7769712912e-01   -1.0436080025e+00    5.9012449135e-01   -1.0436080025e+00    1.2800000000e+04    5.5193725732e-03    9.9992187500e-01
       167   -4.8798954769e-01    4.4158010623e-01   -1.0633870472e+00    5.7539749954e-01   -1.0633870472e+00    1.2800000000e+04    5.5182549316e-03    1.0000000000e+00
       168   -4.9322096761e-01    4.9887857886e-01   -1.0571493706e+00    5.6392840298e-01   -1.0571493706e+00    1.2800000000e+04    5.5206417627e-03    1.0000000000e+00
       169   -4.8360201227e-01    5.0571013476e-01   -1.0722163042e+00    5.8861429196e-01   -1.0722163042e+00    1.2800000000e+04    5.5157479883e-03    1.0000000000e+00
       170   -5.1656697760e-01    7.4358523261e-01   -1.0878091569e+00    5.7124217935e-01   -1.0878091569e+00    1.2800000000e+04    5.5047456152e-03    1.0000000000e+00
       171   -5.2289583696e-01    6.3804124406e-01   -1.1302774373e+00    6.0738160032e-01   -1.1302774373e+00    1.2800000000e+04    5.5202046631e-03    1.0000000000e+00
       172   -5.3376749104e-01    8.0302068012e-01   -1.1114107728e+00    5.7764328174e-01   -1.1114107728e+00    1.2800000000e+04    5.5198908203e-03    1.0000000000e+00
       173   -4.8055278074e-01    5.4973143201e-01   -1.1134394299e+00    6.3288664919e-01   -1.1134394299e+00    1.2800000000e+04    5.5217506885e-03    1.0000000000e+00
       174   -4.4562917514e-01    3.8591501596e-01   -1.0518706651e+00    6.0624148999e-01   -1.0518706651e+00    1.2800000000e+04    5.5182341260e-03    9.9992187500e-01
       175   -4.8708313532e-01    5.9625301223e-01   -1.1224994446e+00    6.3541630931e-01   -1.1224994446e+00    1.2800000000e+04    5.4985844678e-03    1.0000000000e+00
       176   -4.8235187348e-01    4.8343367867e-01   -1.1059819007e+00    6.2363002720e-01   -1.1059819007e+00    1.2800000000e+04    5.5149858887e-03    1.0000000000e+00
       177   -4.6852061959e-01    4.7321993364e-01   -1.1270636487e+00    6.5854302915e-01   -1.1270636487e+00    1.2800000000e+04    5.5225629541e-03    9.9976562500e-01
       178   -4.6371631833e-01    5.2197794855e-01   -1.1455484547e+00    6.8183213639e-01   -1.1455484547e+00    1.2800000000e+04    5.5152470703e-03    1.0000000000e+00
       179   -4.7412536089e-01    5.0708516826e-01   -1.0890692275e+00    6.1494386659e-01   -1.0890692275e+00    1.2800000000e+04    5.5151405371e-03    1.0000000000e+00
       180   -5.1542444492e-01    6.0448830513e-01   -1.1265836062e+00    6.1115916125e-01   -1.1265836062e+00    1.2800000000e+04    5.4982569531e-03    9.9992187500e-01
       181   -4.7471918650e-01    4.3336845142e-01   -1.1335440392e+00    6.5882485271e-01   -1.1335440392e+00    1.2800000000e+04    5.5193400879e-03    1.0000000000e+00
       182   -4.9089316790e-01    7.8603192930e-01   -1.1191240830e+00    6.2823091510e-01   -1.1191240830e+00    1.2800000000e+04    5.5229771924e-03    1.0000000000e+00
       183   -4.7208208453e-01    4.2437833015e-01   -1.1093566664e+00    6.3727458189e-01   -1.1093566664e+00    1.2800000000e+04    5.5236084082e-03    1.0000000000e+00
       184   -4.5442705217e-01    4.7760264260e-01   -1.0895729991e+00    6.3514594696e-01   -1.0895729991e+00    1.2800000000e+04    5.5159840869e-03    9.9992187500e-01
       185   -4.4222940360e-01    3.7406505324e-01   -1.1119068480e+00    6.6967744437e-01   -1.1119068480e+00    1.2800000000e+04    5.4998119971e-03    1.0000000000e+00
       186   -4.4870560151e-01    5.8266335552e-01   -1.1403910665e+00    6.9168546498e-01   -1.1403910665e+00    1.2800000000e+04    5.5208113818e-03    1.0000000000e+00
       187   -5.0117900774e-01    6.4606202060e-01   -1.1556789151e+00    6.5449990737e-01   -1.1556789151e+00    1.2800000000e+04    5.5205772168e-03    1.0000000000e+00
       188   -4.5493261679e-01    4.9787770347e-01   -1.1035841347e+00    6.4865151788e-01   -1.1035841347e+00    1.2800000000e+04    5.5191364990e-03    1.0000000000e+00
       189   -5.0631858220e-01    1.0447274950e+00   -1.1806754714e+00    6.7435688923e-01   -1.1806754714e+00    1.2800000000e+04    5.5222153418e-03    1.0000000000e+00
       190   -5.1963499171e-01    8.4488595127e-01   -1.1521364340e+00    6.3250144232e-01   -1.1521364340e+00    1.2800000000e+04    5.5025450293e-03    1.0000000000e+00
       191   -4.6182097625e-01    5.2485011905e-01   -1.1463927566e+00    6.8457178034e-01   -1.1463927566e+00    1.2800000000e+04    5.5120978662e-03    1.0000000000e+00
       192   -4.8367510393e-01    9.2854863561e-01   -1.2186835562e+00    7.3500845231e-01   -1.2186835562e+00    1.2800000000e+04    5.5211767334e-03    1.0000000000e+00
       193   -4.4344910753e-01    4.6607739816e-01   -1.1729178599e+00    7.2946875239e-01   -1.1729178599e+00    1.2800000000e+04    5.5244263623e-03    9.9984375000e-01
       194   -4.5277699407e-01    4.4569549909e-01   -1.1706911903e+00    7.1791419623e-01   -1.1706911903e+00    1.2800000000e+04    5.5186064258e-03    9.9992187500e-01
       195   -4.5265340668e-01    5.1719158158e-01   -1.2745158225e+00    8.2186241578e-01   -1.2745158225e+00    1.2800000000e+04    5.5032275000e-03    9.9992187500e-01
       196   -4.4449205786e-01    5.9637773795e-01   -1.2789375378e+00    8.3444547995e-01   -1.2789375378e+00    1.2800000000e+04    5.5207525244e-03    9.9992187500e-01
       197   -4.4050715528e-01    5.8614230603e-01   -1.2683558285e+00    8.2784867327e-01   -1.2683558285e+00    1.2800000000e+04    5.5176965039e-03    9.9992187500e-01
       198   -4.3781695438e-01    9.5140157516e-01   -1.2509756866e+00    8.1315873223e-01   -1.2509756866e+00    1.2800000000e+04    5.5209049219e-03    1.0000000000e+00
       199   -4.4135290253e-01    5.9987470255e-01   -1.2621313877e+00    8.2077848519e-01   -1.2621313877e+00    1.2800000000e+04    5.5111703369e-03    9.9984375000e-01
       200   -4.3633323942e-01    5.5364500541e-01   -1.2434859030e+00    8.0715266354e-01   -1.2434859030e+00    1.2800000000e+04    5.5041011670e-03    9.9984375000e-01
       201   -4.2156116742e-01    7.7181304685e-01   -1.2291044715e+00    8.0754330413e-01   -1.2291044715e+00    1.2800000000e+04    5.5167830078e-03    1.0000000000e+00
       202   -4.5225964948e-01    7.1342953356e-01   -1.3140434443e+00    8.6178379482e-01   -1.3140434443e+00    1.2800000000e+04    5.5221346680e-03    1.0000000000e+00
       203   -4.3068277464e-01    8.7428032316e-01   -1.2617579708e+00    8.3107519614e-01   -1.2617579708e+00    1.2800000000e+04    5.5166308350e-03    9.9992187500e-01
       204   -4.4190341817e-01    1.1831369275e+00   -1.3431295270e+00    9.0122610881e-01   -1.3431295270e+00    1.2800000000e+04    5.5199511084e-03    1.0000000000e+00
       205   -3.8725578613e-01    5.0687076434e-01   -1.2998701610e+00    9.1261437484e-01   -1.2998701610e+00    1.2800000000e+04    5.5014549707e-03    9.9984375000e-01
       206   -3.6011856250e-01    5.5369792635e-01   -1.2449852112e+00    8.8486664868e-01   -1.2449852112e+00    1.2800000000e+04    5.5148613330e-03    9.9992187500e-01
       207   -3.9284790454e-01    1.1703960916e+00   -1.2845862740e+00    8.9173836942e-01   -1.2845862740e+00    1.2800000000e+04    5.5200743555e-03    1.0000000000e+00
       208   -4.5713878637e-01    6.6355174578e-01   -1.2641784576e+00    8.0703967123e-01   -1.2641784576e+00    1.2800000000e+04    5.5181719189e-03    9.9992187500e-01
       209   -4.4469474036e-01    5.1390586292e-01   -1.2561870304e+00    8.1149229008e-01   -1.2561870304e+00    1.2800000000e+04    5.5146604150e-03    1.0000000000e+00
       210   -4.3703433639e-01    9.2027208104e-01   -1.1988615992e+00    7.6182726281e-01   -1.1988615992e+00    1.2800000000e+04    5.4992559912e-03    9.9992187500e-01
       211   -4.3451547719e-01    4.6050417188e-01   -1.1777415879e+00    7.4322611073e-01   -1.1777415879e+00    1.2800000000e+04    5.5274129346e-03    9.9992187500e-01
       212   -5.0157877174e-01    1.4440366515e+00   -1.1659803501e+00    6.6440157838e-01   -1.1659803501e+00    1.2800000000e+04    5.5195724561e-03    9.9992187500e-01
       213   -4.4012457182e-01    6.0291981585e-01   -1.2108360070e+00    7.7071143520e-01   -1.2108360070e+00    1.2800000000e+04    5.5206552441e-03    1.0000000000e+00
       214   -3.9727479016e-01    4.9968684273e-01   -1.2166314120e+00    8.1935662186e-01   -1.2166314120e+00    1.2800000000e+04    5.5208563916e-03    9.9976562500e-01
       215   -3.9680165776e-01    5.7836765336e-01   -1.1859214278e+00    7.8911977005e-01   -1.1859214278e+00    1.2800000000e+04    5.4970807715e-03    1.0000000000e+00
       216   -3.6318302150e-01    3.2765810283e-01   -1.1437373003e+00    7.8055427880e-01   -1.1437373003e+00    1.2800000000e+04    5.5134122949e-03    9.9984375000e-01
       217   -4.2605495622e-01    5.6982532852e-01   -1.2492391135e+00    8.2318415725e-01   -1.2492391135e+00    1.2800000000e+04    5.5176568945e-03    9.9992187500e-01
       218   -4.6285089403e-01    6.3260733624e-01   -1.2621888725e+00    7.9933797848e-01   -1.2621888725e+00    1.2800000000e+04    5.5209952588e-03    9.9984375000e-01
       219   -4.5825372165e-01    5.1352588564e-01   -1.2597372569e+00    8.0148353522e-01   -1.2597372569e+00    1.2800000000e+04    5.5161008496e-03    1.0000000000e+00
       220   -4.2361438087e-01    6.2818612288e-01   -1.2241866423e+00    8.0057226141e-01   -1.2241866423e+00    1.2800000000e+04    5.4993873096e-03    1.0000000000e+00
       221   -4.0725104422e-01    4.2378391062e-01   -1.1688380423e+00    7.6158699807e-01   -1.1688380423e+00    1.2800000000e+04    5.5170499072e-03    1.0000000000e+00
       222   -4.2349378279e-01    6.1272229191e-01   -1.1565120489e+00    7.3301826607e-01   -1.1565120489e+00    1.2800000000e+04    5.5134080615e-03    9.9992187500e-01
       223   -4.5388802315e-01    4.0798840126e-01   -1.1309666694e+00    6.7707864626e-01   -1.1309666694e+00    1.2800000000e+04    5.5139764160e-03    1.0000000000e+00
       224   -4.4495747505e-01    4.0917356381e-01   -1.1213376805e+00    6.7638020543e-01   -1.1213376805e+00    1.2800000000e+04    5.5236068555e-03    1.0000000000e+00
       225   -4.7998740616e-01    7.1606684006e-01   -1.2018152613e+00    7.2182785517e-01   -1.2018152613e+00    1.2800000000e+04    5.4992397217e-03    1.0000000000e+00
       226   -4.3696899352e-01    6.0097374337e-01   -1.1890868169e+00    7.5211782333e-01   -1.1890868169e+00    1.2800000000e+04    5.5248291064e-03    9.9992187500e-01
       227   -4.0656295633e-01    3.6832343586e-01   -1.1600864389e+00    7.5352348259e-01   -1.1600864389e+00    1.2800000000e+04    5.5183069580e-03    9.9992187500e-01
       228   -4.5375579447e-01    6.3205145547e-01   -1.2148819828e+00    7.6112618835e-01   -1.2148819828e+00    1.2800000000e+04    5.5166266211e-03    1.0000000000e+00
       229   -3.9392113912e-01    3.4005212492e-01   -1.1414377282e+00    7.4751658908e-01   -1.1414377282e+00    1.2800000000e+04    5.5158819189e-03    1.0000000000e+00
       230   -4.8092959372e-01    1.0201768296e+00   -1.2607923921e+00    7.7986279839e-01   -1.2607923921e+00    1.2800000000e+04    5.5040077637e-03    9.9992187500e-01
       231   -4.8102740301e-01    6.3850583257e-01   -1.2139135066e+00    7.3288610364e-01   -1.2139135066e+00    1.2800000000e+04    5.5160944141e-03    9.9992187500e-01
       232   -4.9019116956e-01    6.4449832369e-01   -1.2568973976e+00    7.6670622803e-01   -1.2568973976e+00    1.2800000000e+04    5.5119832861e-03    9.9992187500e-01
       233   -4.9907167930e-01    7.6802518684e-01   -1.2935106679e+00    7.9443898862e-01   -1.2935106679e+00    1.2800000000e+04    5.5233025684e-03    1.0000000000e+00
       234   -4.7745428077e-01    6.0791922346e-01   -1.2225791399e+00    7.4512485914e-01   -1.2225791399e+00    1.2800000000e+04    5.5183523828e-03    1.0000000000e+00
       235   -4.6038478274e-01    6.2869798496e-01   -1.2365532331e+00    7.7616845039e-01   -1.2365532331e+00    1.2800000000e+04    5.4988907813e-03    9.9992187500e-01
       236   -4.8918500801e-01    5.2235220268e-01   -1.2253054240e+00    7.3612041598e-01   -1.2253054240e+00    1.2800000000e+04    5.5196344043e-03    1.0000000000e+00
       237   -4.4200002621e-01    4.4883251555e-01   -1.1951716943e+00    7.5317166807e-01   -1.1951716943e+00    1.2800000000e+04    5.5126285547e-03    1.0000000000e+00
       238   -4.8879710720e-01    1.4054281464e+00   -1.3034063910e+00    8.1460928382e-01   -1.3034063910e+00    1.2800000000e+04    5.5238308887e-03    1.0000000000e+00
       239   -4.4070250730e-01    4.8460773851e-01   -1.2109702790e+00    7.7026777169e-01   -1.2109702790e+00    1.2800000000e+04    5.5228206201e-03    1.0000000000e+00
       240   -4.6214583419e-01    5.3806637871e-01   -1.1386551994e+00    6.7650936517e-01   -1.1386551994e+00    1.2800000000e+04    5.4958532959e-03    1.0000000000e+00
       241   -4.5763260041e-01    4.4946238137e-01   -1.1077656877e+00    6.5013308733e-01   -1.1077656877e+00    1.2800000000e+04    5.5176087939e-03    1.0000000000e+00
       242   -4.3984478977e-01    4.1888663538e-01   -1.1646490159e+00    7.2480422616e-01   -1.1646490159e+00    1.2800000000e+04    5.5149060303e-03    9.9992187500e-01
       243   -4.2746776614e-01    4.4573360258e-01   -1.1674475017e+00    7.3997973560e-01   -1.1674475017e+00    1.2800000000e+04    5.5189912207e-03    9.9992187500e-01
       244   -4.4330180703e-01    9.1530587240e-01   -1.2141402257e+00    7.7083841867e-01   -1.2141402257e+00    1.2800000000e+04    5.5138279346e-03    1.0000000000e+00
       245   -4.4135837966e-01    5.7967542752e-01   -1.2215443524e+00    7.8018597270e-01   -1.2215443524e+00    1.2800000000e+04    5.5007104297e-03    9.9992187500e-01
       246   -4.2802496483e-01    4.6569943690e-01   -1.2630450965e+00    8.3502013169e-01   -1.2630450965e+00    1.2800000000e+04    5.5191364062e-03    1.0000000000e+00
       247   -4.4265329860e-01    7.9457837455e-01   -1.2151870098e+00    7.7253371119e-01   -1.2151870098e+00    1.2800000000e+04    5.5171176562e-03    1.0000000000e+00
       248   -3.8473501718e-01    4.1578206971e-01   -1.2375849274e+00    8.5284991027e-01   -1.2375849274e+00    1.2800000000e+04    5.5215769189e-03    1.0000000000e+00
       249   -3.7360252150e-01    1.4132202637e+00   -1.3217168153e+00    9.4811429378e-01   -1.3217168153e+00    1.2800000000e+04    5.5276284473e-03    1.0000000000e+00
       250   -3.6680699653e-01    8.0170580085e-01   -1.3507804632e+00    9.8397346665e-01   -1.3507804632e+00    1.2800000000e+04    5.5000282568e-03    1.0000000000e+00
       251   -4.5590136527e-01    1.2403905622e+00   -1.3337979727e+00    8.7789660747e-01   -1.3337979727e+00    1.2800000000e+04    5.5203242676e-03    1.0000000000e+00
       252   -3.9375414886e-01    7.5504254723e-01   -1.2701006605e+00    8.7634651160e-01   -1.2701006605e+00    1.2800000000e+04    5.5172705713e-03    1.0000000000e+00
       253   -3.7942689911e-01    3.9724085204e-01   -1.2235939496e+00    8.4416705047e-01   -1.2235939496e+00    1.2800000000e+04    5.5129212305e-03    9.9992187500e-01
       254   -4.1001677296e-01    4.7768735123e-01   -1.2315613984e+00    8.2154462547e-01   -1.2315613984e+00    1.2800000000e+04    5.5144812646e-03    9.9992187500e-01
       255   -4.3140934131e-01    6.1846779234e-01   -1.2907188010e+00    8.5930945965e-01   -1.2907188010e+00    1.2800000000e+04    5.4995264795e-03    1.0000000000e+00
       256   -3.5540127948e-01    4.5312634340e-01   -1.2636651214e+00    9.0826384193e-01   -1.2636651214e+00    1.2800000000e+04    5.5160009229e-03    1.0000000000e+00
       257   -4.5138644144e-01    7.2119516047e-01   -1.2377725063e+00    7.8638606481e-01   -1.2377725063e+00    1.2800000000e+04    5.5214080225e-03    9.9992187500e-01
       258   -5.3098155966e-01    1.0446123491e+00   -1.3164947704e+00    7.8551321075e-01   -1.3164947704e+00    1.2800000000e+04    5.5248925293e-03    1.0000000000e+00
       259   -5.2404975496e-01    1.1403220758e+00   -1.3185169726e+00    7.9446721764e-01   -1.3185169726e+00    1.2800000000e+04    5.5207283740e-03    9.9992187500e-01
       260   -4.0031103846e-01    3.7781052940e-01   -1.2125144207e+00    8.1220338219e-01   -1.2125144207e+00    1.2800000000e+04    5.5001918359e-03    1.0000000000e+00
       261   -4.5553005940e-01    5.1254347275e-01   -1.2314346183e+00    7.7590455894e-01   -1.2314346183e+00    1.2800000000e+04    5.5225827930e-03    1.0000000000e+00
       262   -4.5742328119e-01    5.8403391613e-01   -1.2272631464e+00    7.6983986526e-01   -1.2272631464e+00    1.2800000000e+04    5.5163523389e-03    1.0000000000e+00
       263   -4.8277487752e-01    1.2721748502e+00   -1.2010614610e+00    7.1828658349e-01   -1.2010614610e+00    1.2800000000e+04    5.5250174756e-03    1.0000000000e+00
       264   -4.5751382966e-01    5.3647705430e-01   -1.1965920514e+00    7.3907822179e-01   -1.1965920514e+00    1.2800000000e+04    5.5201083252e-03    9.9992187500e-01
       265   -4.7472837087e-01    5.8719582996e-01   -1.2208599990e+00    7.4613162812e-01   -1.2208599990e+00    1.2800000000e+04    5.4975774951e-03    1.0000000000e+00
       266   -4.3335446811e-01    3.7567107043e-01   -1.1292305792e+00    6.9587611108e-01   -1.1292305792e+00    1.2800000000e+04    5.5230489062e-03    1.0000000000e+00
       267   -4.2479902861e-01    4.1661500286e-01   -1.1750172577e+00    7.5021822912e-01   -1.1750172577e+00    1.2800000000e+04    5.5185566943e-03    9.9992187500e-01
       268   -4.6126703308e-01    6.1842651801e-01   -1.2415059515e+00    7.8023891838e-01   -1.2415059515e+00    1.2800000000e+04    5.5204309961e-03    1.0000000000e+00
       269   -5.5972666814e-01    1.6203275654e+00   -1.4098566834e+00    8.5013001525e-01   -1.4098566834e+00    1.2800000000e+04    5.5201705176e-03    1.0000000000e+00
       270   -4.5056809528e-01    6.5047149409e-01   -1.2683758088e+00    8.1780771356e-01   -1.2683758088e+00    1.2800000000e+04    5.4980442725e-03    9.9992187500e-01
       271   -4.4968616557e-01    5.4738547444e-01   -1.2401604413e+00    7.9047427575e-01   -1.2401604413e+00    1.2800000000e+04    5.5214697900e-03    9.9984375000e-01
       272   -4.0805387952e-01    4.2138969450e-01   -1.2696055552e+00    8.6155167571e-01   -1.2696055552e+00    1.2800000000e+04    5.5153516650e-03    1.0000000000e+00
       273   -4.5771511450e-01    7.3581971493e-01   -1.3250048025e+00    8.6728968804e-01   -1.3250048025e+00    1.2800000000e+04    5.5217109863e-03    1.0000000000e+00
       274   -4.3339855275e-01    1.0536981816e+00   -1.2911628122e+00    8.5776425942e-01   -1.2911628122e+00    1.2800000000e+04    5.5128089941e-03    1.0000000000e+00
       275   -4.0565887169e-01    5.2391943355e-01   -1.2659593943e+00    8.6030052257e-01   -1.2659593943e+00    1.2800000000e+04    5.4942423975e-03    1.0000000000e+00
       276   -4.4454282597e-01    6.4515685041e-01   -1.3225281918e+00    8.7798536582e-01   -1.3225281918e+00    1.2800000000e+04    5.5234190234e-03    1.0000000000e+00
       277   -4.4756979602e-01    8.2445653859e-01   -1.2951397963e+00    8.4757000029e-01   -1.2951397963e+00    1.2800000000e+04    5.5189125244e-03    1.0000000000e+00
       278   -3.9938946246e-01    4.4616646855e-01   -1.2261773580e+00    8.2678789551e-01   -1.2261773580e+00    1.2800000000e+04    5.5150977930e-03    9.9992187500e-01
       279   -4.0009692546e-01    6.3619274121e-01   -1.1792466774e+00    7.7914975193e-01   -1.1792466774e+00    1.2800000000e+04    5.5187418359e-03    9.9992187500e-01
       280   -3.7350985077e-01    3.3234651185e-01   -1.1785809329e+00    8.0507108217e-01   -1.1785809329e+00    1.2800000000e+04    5.4991519336e-03    9.9992187500e-01
       281   -4.8972149937e-01    1.4269684460e+00   -1.2623839104e+00    7.7266241108e-01   -1.2623839104e+00    1.2800000000e+04    5.5189315234e-03    1.0000000000e+00
       282   -3.9244651991e-01    3.6297458318e-01   -1.1748631420e+00    7.8241662205e-01   -1.1748631420e+00    1.2800000000e+04    5.5137867773e-03    1.0000000000e+00
       283   -3.9246270177e-01    6.4508094657e-01   -1.2308018080e+00    8.3833910620e-01   -1.2308018080e+00    1.2800000000e+04    5.5208212500e-03    1.0000000000e+00
       284   -3.9173311572e-01    4.4369035095e-01   -1.2249604832e+00    8.3322736746e-01   -1.2249604832e+00    1.2800000000e+04    5.5211447852e-03    1.0000000000e+00
       285   -3.5934340374e-01    3.1601250064e-01   -1.1568869507e+00    7.9754354694e-01   -1.1568869507e+00    1.2800000000e+04    5.4994582959e-03    1.0000000000e+00
       286   -3.5687523262e-01    3.1255961424e-01   -1.1491192082e+00    7.9224397559e-01   -1.1491192082e+00    1.2800000000e+04    5.5187463232e-03    9.9976562500e-01
       287   -3.4756505389e-01    3.3348597919e-01   -1.1506362685e+00    8.0307121464e-01   -1.1506362685e+00    1.2800000000e+04    5.5182501123e-03    9.9992187500e-01
       288   -4.4878422663e-01    1.5572360511e+00   -1.2279269681e+00    7.7914274144e-01   -1.2279269681e+00    1.2800000000e+04    5.5239888672e-03    9.9992187500e-01
       289   -5.4186494738e-01    4.7613377586e+00   -1.3786740511e+00    8.3680910373e-01   -1.3786740511e+00    1.2800000000e+04    5.5239436768e-03    1.0000000000e+00
       290   -4.9398757991e-01    1.3635809047e+00   -1.3198863535e+00    8.2589877355e-01   -1.3198863535e+00    1.2800000000e+04    5.5007217871e-03    1.0000000000e+00
       291   -3.9160534580e-01    4.0795864053e-01   -1.2072769330e+00    8.1567158721e-01   -1.2072769330e+00    1.2800000000e+04    5.5187114746e-03    1.0000000000e+00
       292   -4.6706158912e-01    9.2069414523e-01   -1.3281146338e+00    8.6105304468e-01   -1.3281146338e+00    1.2800000000e+04    5.5182795605e-03    9.9992187500e-01
       293   -4.3780370247e-01    5.1955854172e-01   -1.2826284421e+00    8.4482473963e-01   -1.2826284421e+00    1.2800000000e+04    5.5161971387e-03    9.9992187500e-01
       294   -4.0614530766e-01    4.6341890779e-01   -1.1931603143e+00    7.8701500669e-01   -1.1931603143e+00    1.2800000000e+04    5.5166694727e-03    1.0000000000e+00
       295   -4.3560579325e-01    4.7034726561e-01   -1.2057489284e+00    7.7014313511e-01   -1.2057489284e+00    1.2800000000e+04    5.4982806006e-03    9.9992187500e-01
       296   -4.4332471650e-01    4.1376886270e-01   -1.1757817117e+00    7.3245699523e-01   -1.1757817117e+00    1.2800000000e+04    5.5202915332e-03    9.9984375000e-01
       297   -5.1417413565e-01    8.7699422490e-01   -1.2465421596e+00    7.3236802400e-01   -1.2465421596e+00    1.2800000000e+04    5.5177419434e-03    9.9992187500e-01
       298   -5.5427038245e-01    8.2542012422e-01   -1.2402551339e+00    6.8598475147e-01   -1.2402551339e+00    1.2800000000e+04    5.5188166699e-03    1.0000000000e+00
       299   -4.3596117344e-01    4.7330502664e-01   -1.1772950360e+00    7.4133386254e-01   -1.1772950360e+00    1.2800000000e+04    5.5132161377e-03    1.0000000000e+00
       300   -4.1256267413e-01    5.5766413449e-01   -1.2324668927e+00    8.1990421855e-01   -1.2324668927e+00    1.2800000000e+04    5.5003188477e-03    1.0000000000e+00
       301   -4.4182133818e-01    5.5866472701e-01   -1.2288664117e+00    7.8704507348e-01   -1.2288664117e+00    1.2800000000e+04    5.5181007617e-03    1.0000000000e+00
       302   -4.3839141601e-01    5.7658583904e-01   -1.2412129555e+00    8.0282153950e-01   -1.2412129555e+00    1.2800000000e+04    5.5204486377e-03    1.0000000000e+00
       303   -4.3611695296e-01    6.6924355835e-01   -1.2343974985e+00    7.9828054559e-01   -1.2343974985e+00    1.2800000000e+04    5.5222506104e-03    9.9992187500e-01
       304   -4.3476119119e-01    7.8743940078e-01   -1.2395648864e+00    8.0480369523e-01   -1.2395648864e+00    1.2800000000e+04    5.5164173877e-03    1.0000000000e+00
       305   -4.5083542090e-01    8.2663846541e-01   -1.2356755837e+00    7.8484016275e-01   -1.2356755837e+00    1.2800000000e+04    5.5236153271e-03    1.0000000000e+00
       306   -4.3729452558e-01    4.4928636382e-01   -1.0986756253e+00    6.6138109972e-01   -1.0986756253e+00    1.2800000000e+04    5.5020291211e-03    1.0000000000e+00
       307   -4.2828694317e-01    4.4190201369e-01   -1.0982064865e+00    6.6991954337e-01   -1.0982064865e+00    1.2800000000e+04    5.5210260742e-03    1.0000000000e+00
       308   -4.2195580052e-01    5.9689263280e-01   -1.1590905285e+00    7.3713472795e-01   -1.1590905285e+00    1.2800000000e+04    5.5182583252e-03    9.9992187500e-01
       309   -4.1593019718e-01    7.0185730096e-01   -1.2576026780e+00    8.4167248084e-01   -1.2576026780e+00    1.2800000000e+04    5.5139758398e-03    9.9992187500e-01
       310   -3.3777785521e-01    3.5754356647e-01   -1.2041327062e+00    8.6635485095e-01   -1.2041327062e+00    1.2800000000e+04    5.5164239990e-03    9.9984375000e-01
       311   -3.6952162359e-01    5.4551590301e-01   -1.2993138825e+00    9.2979225887e-01   -1.2993138825e+00    1.2800000000e+04    5.4985712256e-03    1.0000000000e+00
       312   -4.4677119183e-01    1.1404674525e+00   -1.3792270133e+00    9.3245582142e-01   -1.3792270133e+00    1.2800000000e+04    5.5171040527e-03    1.0000000000e+00
       313   -4.1661883197e-01    7.7582622405e-01   -1.3031130778e+00    8.8649424586e-01   -1.3031130778e+00    1.2800000000e+04    5.5239909082e-03    9.9992187500e-01
       314   -4.5000093780e-01    7.8797046707e-01   -1.2921626001e+00    8.4216166233e-01   -1.2921626001e+00    1.2800000000e+04    5.5204822656e-03    9.9992187500e-01
       315   -4.8441562013e-01    7.0100280834e-01   -1.2360385810e+00    7.5162296084e-01   -1.2360385810e+00    1.2800000000e+04    5.5165822949e-03    1.0000000000e+00
       316   -4.4886534857e-01    7.1653472927e-01   -1.1940302649e+00    7.4516491636e-01   -1.1940302649e+00    1.2800000000e+04    5.5004123145e-03    1.0000000000e+00
       317   -4.8133000995e-01    8.2288612505e-01   -1.2309459301e+00    7.4961592010e-01   -1.2309459301e+00    1.2800000000e+04    5.5191671240e-03    9.9992187500e-01
       318   -4.9127081079e-01    1.3918951818e+00   -1.3170149573e+00    8.2574414653e-01   -1.3170149573e+00    1.2800000000e+04    5.5256501660e-03    9.9992187500e-01
       319   -4.3101665069e-01    6.8836302089e-01   -1.1975707788e+00    7.6655412813e-01   -1.1975707788e+00    1.2800000000e+04    5.5163728955e-03    1.0000000000e+00
       320   -4.9468261967e-01    9.7260573705e-01   -1.2285654002e+00    7.3388278054e-01   -1.2285654002e+00    1.2800000000e+04    5.5213812891e-03    1.0000000000e+00
       321   -4.7504856196e-01    9.8939088754e-01   -1.1690352608e+00    6.9398669889e-01   -1.1690352608e+00    1.2800000000e+04    5.4992421484e-03    1.0000000000e+00
       322   -4.4575489182e-01    8.2784542793e-01   -1.1847309176e+00    7.3897602583e-01   -1.1847309176e+00    1.2800000000e+04    5.5196340283e-03    9.9992187500e-01
       323   -3.9562518912e-01    3.7786338974e-01   -1.1698957207e+00    7.7427053162e-01   -1.1698957207e+00    1.2800000000e+04    5.5175279199e-03    9.9976562500e-01
       324   -4.4448159219e-01    5.2374645213e-01   -1.2152059300e+00    7.7072433779e-01   -1.2152059300e+00    1.2800000000e+04    5.5162148340e-03    9.9992187500e-01
       325   -4.1626601806e-01    3.9175061274e-01   -1.1661813252e+00    7.4991530712e-01   -1.1661813252e+00    1.2800000000e+04    5.5264250049e-03    9.9992187500e-01
       326   -4.4318652314e-01    6.7504035204e-01   -1.1833442068e+00    7.4015768368e-01   -1.1833442068e+00    1.2800000000e+04    5.4947719824e-03    9.9992187500e-01
       327   -4.1573782645e-01    7.6757944273e-01   -1.1933521437e+00    7.7761431721e-01   -1.1933521437e+00    1.2800000000e+04    5.5179854395e-03    9.9992187500e-01
       328   -4.0351841434e-01    4.7452781827e-01   -1.1826079496e+00    7.7908953528e-01   -1.1826079496e+00    1.2800000000e+04    5.5180858398e-03    1.0000000000e+00
       329   -4.3457132216e-01    6.1361992090e-01   -1.2002682771e+00    7.6569695498e-01   -1.2002682771e+00    1.2800000000e+04    5.5189045264e-03    9.9992187500e-01
       330   -4.4780656506e-01    6.8451715693e-01   -1.2021632705e+00    7.5435670549e-01   -1.2021632705e+00    1.2800000000e+04    5.5215079443e-03    9.9992187500e-01
       331   -4.8954680820e-01    6.7295153639e-01   -1.1822665762e+00    6.9271976799e-01   -1.1822665762e+00    1.2800000000e+04    5.4997604932e-03    1.0000000000e+00
       332   -4.4811969819e-01    4.9574884601e-01   -1.1348880768e+00    6.8676837859e-01   -1.1348880768e+00    1.2800000000e+04    5.5200062695e-03    9.9984375000e-01
       333   -4.5561302983e-01    5.3079279835e-01   -1.1552097727e+00    6.9959674286e-01   -1.1552097727e+00    1.2800000000e+04    5.5209453076e-03    1.0000000000e+00
       334   -4.1951730086e-01    4.8401723539e-01   -1.2313071579e+00    8.1178985700e-01   -1.2313071579e+00    1.2800000000e+04    5.5206609229e-03    1.0000000000e+00
       335   -4.0109926799e-01    4.2560536116e-01   -1.2493194894e+00    8.4822022139e-01   -1.2493194894e+00    1.2800000000e+04    5.5169289209e-03    9.9992187500e-01
       336   -4.1640563244e-01    7.0008300369e-01   -1.2585154708e+00    8.4210983841e-01   -1.2585154708e+00    1.2800000000e+04    5.5021932178e-03    1.0000000000e+00
       337   -4.3116800714e-01    1.1055744721e+00   -1.3432358036e+00    9.1206779648e-01   -1.3432358036e+00    1.2800000000e+04    5.5178165723e-03    9.9976562500e-01
       338   -4.3386103622e-01    1.1011769643e+00   -1.3976162570e+00    9.6375522079e-01   -1.3976162570e+00    1.2800000000e+04    5.5182703174e-03    1.0000000000e+00
       339   -4.2371076889e-01    7.4402079288e-01   -1.3637127394e+00    9.4000197054e-01   -1.3637127394e+00    1.2800000000e+04    5.5164679395e-03    1.0000000000e+00
       340   -5.2240871539e-01    1.6938082666e+00   -1.4457337798e+00    9.2332506436e-01   -1.4457337798e+00    1.2800000000e+04    5.5174998975e-03    9.9992187500e-01
       341   -4.6724803585e-01    9.2386996592e-01   -1.3239460986e+00    8.5669806272e-01   -1.3239460986e+00    1.2800000000e+04    5.5017982031e-03    9.9992187500e-01
       342   -4.0041319175e-01    5.8590948376e-01   -1.2391098891e+00    8.3869669737e-01   -1.2391098891e+00    1.2800000000e+04    5.5186530664e-03    1.0000000000e+00
       343   -4.1514365655e-01    5.7952426271e-01   -1.2185053693e+00    8.0336171272e-01   -1.2185053693e+00    1.2800000000e+04    5.5168171045e-03    1.0000000000e+00
       344   -4.2063460666e-01    5.9752482267e-01   -1.2594943771e+00    8.3885977048e-01   -1.2594943771e+00    1.2800000000e+04    5.5223343311e-03    9.9992187500e-01
       345   -4.4058341870e-01    6.6408324048e-01   -1.2491124883e+00    8.0852906956e-01   -1.2491124883e+00    1.2800000000e+04    5.5228060352e-03    1.0000000000e+00
       346   -4.3552997282e-01    7.3113586378e-01   -1.2422937352e+00    8.0676376239e-01   -1.2422937352e+00    1.2800000000e+04    5.4981987695e-03    1.0000000000e+00
       347   -5.1547962866e-01    9.8218324387e-01   -1.2391005048e+00    7.2362087613e-01   -1.2391005048e+00    1.2800000000e+04    5.5165607324e-03    9.9984375000e-01
       348   -5.9888029618e-01    2.3616406816e+00   -1.3639366207e+00    7.6505632448e-01   -1.3639366207e+00    1.2800000000e+04    5.5177661719e-03    1.0000000000e+00
       349   -4.6967161791e-01    5.6203315766e-01   -1.2536061865e+00    7.8393456856e-01   -1.2536061865e+00    1.2800000000e+04    5.5211795752e-03    1.0000000000e+00
       350   -4.5461590171e-01    7.3063770254e-01   -1.2503319322e+00    7.9571603046e-01   -1.2503319322e+00    1.2800000000e+04    5.5163309082e-03    1.0000000000e+00
       351   -4.4584788496e-01    7.5668672990e-01   -1.2549246665e+00    8.0907678158e-01   -1.2549246665e+00    1.2800000000e+04    5.4963426611e-03    9.9984375000e-01
       352   -4.2200157871e-01    6.2150497342e-01   -1.2938372818e+00    8.7183570310e-01   -1.2938372818e+00    1.2800000000e+04    5.5151672461e-03    9.9992187500e-01
       353   -4.8129236790e-01    8.9574707050e-01   -1.3107998356e+00    8.2950746775e-01   -1.3107998356e+00    1.2800000000e+04    5.5164666016e-03    1.0000000000e+00
       354   -4.1191250026e-01    5.0131821330e-01   -1.2359082264e+00    8.2399572612e-01   -1.2359082264e+00    1.2800000000e+04    5.5116991406e-03    9.9984375000e-01
       355   -4.1810913488e-01    7.3818219283e-01   -1.2226974407e+00    8.0458830577e-01   -1.2226974407e+00    1.2800000000e+04    5.5277697119e-03    9.9984375000e-01
       356   -3.7237298801e-01    3.4725535313e-01   -1.1508297616e+00    7.7845677360e-01   -1.1508297616e+00    1.2800000000e+04    5.4959574951e-03    9.9992187500e-01
       357   -4.6989448752e-01    6.0177285811e-01   -1.2310070982e+00    7.6111261069e-01   -1.2310070982e+00    1.2800000000e+04    5.5153370996e-03    9.9984375000e-01
       358   -4.9541301974e-01    1.2477180086e+00   -1.2403090740e+00    7.4489605427e-01   -1.2403090740e+00    1.2800000000e+04    5.5139091260e-03    1.0000000000e+00
       359   -4.7835439244e-01    1.1252276589e+00   -1.2634072017e+00    7.8505280922e-01   -1.2634072017e+00    1.2800000000e+04    5.5210627930e-03    1.0000000000e+00
       360   -4.5725730859e-01    8.7610864973e-01   -1.2166036141e+00    7.5934630555e-01   -1.2166036141e+00    1.2800000000e+04    5.5205824609e-03    9.9992187500e-01
       361   -4.3043965268e-01    6.4678822132e-01   -1.2505997890e+00    8.2016013630e-01   -1.2505997890e+00    1.2800000000e+04    5.5013180078e-03    9.9992187500e-01
       362   -4.8839573547e-01    7.6783709157e-01   -1.2091309892e+00    7.2073525377e-01   -1.2091309892e+00    1.2800000000e+04    5.5129043066e-03    9.9984375000e-01
       363   -4.0427097991e-01    3.4027934022e-01   -1.0989492472e+00    6.9467826732e-01   -1.0989492472e+00    1.2800000000e+04    5.5211417285e-03    1.0000000000e+00
       364   -4.2545300768e-01    3.4303460908e-01   -1.0916404245e+00    6.6618741682e-01   -1.0916404245e+00    1.2800000000e+04    5.5179435693e-03    9.9992187500e-01
       365   -4.8363293762e-01    8.6791623152e-01   -1.1256084447e+00    6.4197550711e-01   -1.1256084447e+00    1.2800000000e+04    5.5177965381e-03    1.0000000000e+00
       366   -4.6079563484e-01    5.2199162900e-01   -1.1494110210e+00    6.8861538619e-01   -1.1494110210e+00    1.2800000000e+04    5.4963826025e-03    9.9992187500e-01
       367   -4.4435170959e-01    6.6815975110e-01   -1.1761401592e+00    7.3178844963e-01   -1.1761401592e+00    1.2800000000e+04    5.5197371533e-03    1.0000000000e+00
       368   -4.0694545900e-01    4.0467237276e-01   -1.1264835977e+00    7.1953813871e-01   -1.1264835977e+00    1.2800000000e+04    5.5229104150e-03    9.9992187500e-01
       369   -4.5980711972e-01    9.7982151482e-01   -1.2306264597e+00    7.7081934000e-01   -1.2306264597e+00    1.2800000000e+04    5.5202325732e-03    9.9992187500e-01
       370   -4.2981511025e-01    5.1713203323e-01   -1.1830612005e+00    7.5324609026e-01   -1.1830612005e+00    1.2800000000e+04    5.5193532715e-03    9.9992187500e-01
       371   -4.6032374099e-01    6.3907078239e-01   -1.1921787033e+00    7.3185496230e-01   -1.1921787033e+00    1.2800000000e+04    5.4970816113e-03    1.0000000000e+00
       372   -4.6992389628e-01    5.8644959869e-01   -1.2010528829e+00    7.3112898665e-01   -1.2010528829e+00    1.2800000000e+04    5.5168545703e-03    9.9984375000e-01
       373   -4.7533053669e-01    6.1688097191e-01   -1.2254587759e+00    7.5012823922e-01   -1.2254587759e+00    1.2800000000e+04    5.5181914014e-03    1.0000000000e+00
       374   -4.6736379589e-01    6.2032456009e-01   -1.2625862115e+00    7.9522241556e-01   -1.2625862115e+00    1.2800000000e+04    5.5172869238e-03    9.9992187500e-01
       375   -5.2441087988e-01    9.6860764417e-01   -1.3249530204e+00    8.0054214056e-01   -1.3249530204e+00    1.2800000000e+04    5.5190057324e-03    1.0000000000e+00
       376   -4.7035878659e-01    5.4269167652e-01   -1.2431782709e+00    7.7281948431e-01   -1.2431782709e+00    1.2800000000e+04    5.4978651904e-03    1.0000000000e+00
       377   -4.6207272657e-01    7.7201880076e-01   -1.2347488725e+00    7.7267614597e-01   -1.2347488725e+00    1.2800000000e+04    5.5181175488e-03    1.0000000000e+00
       378   -5.2113857955e-01    1.0867231108e+00   -1.2667117193e+00    7.4557313979e-01   -1.2667117193e+00    1.2800000000e+04    5.5224431982e-03    1.0000000000e+00
       379   -5.4756173026e-01    1.2873582611e+00   -1.2965655933e+00    7.4900386306e-01   -1.2965655933e+00    1.2800000000e+04    5.5247229736e-03    9.9976562500e-01
       380   -5.1952202101e-01    8.8850203269e-01   -1.2171922680e+00    6.9767024699e-01   -1.2171922680e+00    1.2800000000e+04    5.5197251709e-03    9.9992187500e-01
       381   -4.5062316078e-01    5.2128615022e-01   -1.1474772314e+00    6.9685407065e-01   -1.1474772314e+00    1.2800000000e+04    5.5014757910e-03    1.0000000000e+00
       382   -4.2481885806e-01    4.6803012825e-01   -1.1735124167e+00    7.4869355864e-01   -1.1735124167e+00    1.2800000000e+04    5.5175161475e-03    1.0000000000e+00
       383   -4.4495120785e-01    5.0342745918e-01   -1.2023777787e+00    7.5742657088e-01   -1.2023777787e+00    1.2800000000e+04    5.5239208691e-03    1.0000000000e+00
       384   -4.4753890744e-01    7.9011846325e-01   -1.2005792099e+00    7.5304030247e-01   -1.2005792099e+00    1.2800000000e+04    5.5209786035e-03    9.9984375000e-01
       385   -4.4702717684e-01    4.8924509745e-01   -1.2083643739e+00    7.6133719710e-01   -1.2083643739e+00    1.2800000000e+04    5.5196945215e-03    1.0000000000e+00
       386   -5.1873773614e-01    1.2704936177e+00   -1.3052413181e+00    7.8650358198e-01   -1.3052413181e+00    1.2800000000e+04    5.5004904004e-03    1.0000000000e+00
       387   -5.0218073261e-01    1.2705876358e+00   -1.2844033220e+00    7.8222258942e-01   -1.2844033220e+00    1.2800000000e+04    5.5170775879e-03    9.9992187500e-01
       388   -5.0054312753e-01    1.1032507232e+00   -1.2700657416e+00    7.6952261405e-01   -1.2700657416e+00    1.2800000000e+04    5.5181224854e-03    1.0000000000e+00
       389   -4.6529175937e-01    4.9425700146e-01   -1.1679390699e+00    7.0264731050e-01   -1.1679390699e+00    1.2800000000e+04    5.5196249121e-03    1.0000000000e+00
       390   -4.1930703242e-01    4.1528160401e-01   -1.1585871994e+00    7.3928016700e-01   -1.1585871994e+00    1.2800000000e+04    5.5162778662e-03    9.9984375000e-01
       391   -4.6082179506e-01    7.7272849650e+00   -1.1752470294e+00    7.1442523439e-01   -1.1752470294e+00    1.2800000000e+04    5.4980755518e-03    9.9992187500e-01
       392   -4.4921478102e-01    5.6618594423e-01   -1.1582682937e+00    7.0905351266e-01   -1.1582682937e+00    1.2800000000e+04    5.5150038037e-03    1.0000000000e+00
       393   -4.2872012761e-01    5.0234344449e-01   -1.2150410386e+00    7.8632091095e-01   -1.2150410386e+00    1.2800000000e+04    5.5199273438e-03    9.9992187500e-01
       394   -4.1045165618e-01    3.8513164932e-01   -1.2027843950e+00    7.9233273879e-01   -1.2027843950e+00    1.2800000000e+04    5.5210998193e-03    1.0000000000e+00
       395   -5.1249481309e-01    1.3339951536e+00   -1.2848773875e+00    7.7238257438e-01   -1.2848773875e+00    1.2800000000e+04    5.5212348975e-03    1.0000000000e+00
       396   -4.8580424666e-01    7.0420170408e-01   -1.2437895413e+00    7.5798529460e-01   -1.2437895413e+00    1.2800000000e+04    5.4916737549e-03    9.9992187500e-01
       397   -4.0762990316e-01    3.6847428494e-01   -1.1734719119e+00    7.6584200878e-01   -1.1734719119e+00    1.2800000000e+04    5.5219343262e-03    9.9992187500e-01
       398   -4.3360794163e-01    4.6528540933e-01   -1.1995428926e+00    7.6593495099e-01   -1.1995428926e+00    1.2800000000e+04    5.5209918994e-03    9.9992187500e-01
       399   -4.0877752609e-01    5.0962303772e-01   -1.2262658028e+00    8.1748827667e-01   -1.2262658028e+00    1.2800000000e+04    5.5192850684e-03    9.9992187500e-01
       400   -3.6639545111e-01    3.5464812848e-01   -1.1739784764e+00    8.0758302532e-01   -1.1739784764e+00    1.2800000000e+04    5.5180393994e-03    9.9992187500e-01
       401   -4.0704116366e-01    9.5608077674e-01   -1.2112801127e+00    8.0423894909e-01   -1.2112801127e+00    1.2800000000e+04    5.5038943262e-03    1.0000000000e+00
       402   -4.1030685973e-01    5.1522713387e-01   -1.1307857620e+00    7.2047890230e-01   -1.1307857620e+00    1.2800000000e+04    5.5153067871e-03    1.0000000000e+00
       403   -4.5490865628e-01    9.1297649421e-01   -1.1933156336e+00    7.3840697736e-01   -1.1933156336e+00    1.2800000000e+04    5.5209394873e-03    9.9992187500e-01
       404   -4.7883668232e-01    6.7545371271e-01   -1.1470539865e+00    6.6821730416e-01   -1.1470539865e+00    1.2800000000e+04    5.5181826611e-03    9.9992187500e-01
       405   -4.7975829073e-01    1.1035430971e+00   -1.1187063735e+00    6.3894808279e-01   -1.1187063735e+00    1.2800000000e+04    5.5214341992e-03    1.0000000000e+00
       406   -4.3703111188e-01    9.7898111913e-01   -1.1346245033e+00    6.9759339146e-01   -1.1346245033e+00    1.2800000000e+04    5.5026931934e-03    1.0000000000e+00
       407   -3.7132364035e-01    3.0602611767e-01   -1.0976551792e+00    7.2633153887e-01   -1.0976551792e+00    1.2800000000e+04    5.5143157471e-03    9.9984375000e-01
       408   -4.0213925082e-01    4.8523448731e-01   -1.1419812698e+00    7.3984201899e-01   -1.1419812698e+00    1.2800000000e+04    5.5167098584e-03    1.0000000000e+00
       409   -4.4735376540e-01    8.1198968150e-01   -1.2173454443e+00    7.6999167889e-01   -1.2173454443e+00    1.2800000000e+04    5.5108864111e-03    9.9984375000e-01
       410   -3.9163206078e-01    4.0062486445e-01   -1.2049139710e+00    8.1328191023e-01   -1.2049139710e+00    1.2800000000e+04    5.5216211670e-03    9.9992187500e-01
       411   -4.4540992702e-01    6.6969676460e-01   -1.1934439718e+00    7.4803404473e-01   -1.1934439718e+00    1.2800000000e+04    5.4995403223e-03    9.9976562500e-01
       412   -4.1949300169e-01    3.8382100501e-01   -1.1786304330e+00    7.5913743135e-01   -1.1786304330e+00    1.2800000000e+04    5.5193987109e-03    1.0000000000e+00
       413   -5.0951530304e-01    9.3149486492e-01   -1.2395410766e+00    7.3002577356e-01   -1.2395410766e+00    1.2800000000e+04    5.5230972510e-03    9.9992187500e-01
       414   -4.3438611654e-01    4.2450806141e-01   -1.1516523902e+00    7.1726627371e-01   -1.1516523902e+00    1.2800000000e+04    5.5198034521e-03    1.0000000000e+00
       415   -4.2221337308e-01    4.5757640037e-01   -1.1827428765e+00    7.6052950338e-01   -1.1827428765e+00    1.2800000000e+04    5.5168281787e-03    9.9984375000e-01
       416   -3.9449608911e-01    3.7004817802e-01   -1.1228086327e+00    7.2831254362e-01   -1.1228086327e+00    1.2800000000e+04    5.4954535059e-03    1.0000000000e+00
       417   -4.0451473259e-01    4.3367324450e-01   -1.1753312291e+00    7.7081649651e-01   -1.1753312291e+00    1.2800000000e+04    5.5225735010e-03    1.0000000000e+00
       418   -4.8780443173e-01    8.0446126336e-01   -1.2916049311e+00    8.0380049933e-01   -1.2916049311e+00    1.2800000000e+04    5.5231849219e-03    1.0000000000e+00
       419   -4.9833867927e-01    9.2864266969e-01   -1.3425680430e+00    8.4422936376e-01   -1.3425680430e+00    1.2800000000e+04    5.5147395898e-03    1.0000000000e+00
       420   -5.0615541606e-01    6.9568685132e-01   -1.1892543256e+00    6.8309890951e-01   -1.1892543256e+00    1.2800000000e+04    5.5171966699e-03    1.0000000000e+00
       421   -5.1555067083e-01    6.0399661552e-01   -1.1206443372e+00    6.0509366639e-01   -1.1206443372e+00    1.2800000000e+04    5.4959439404e-03    9.9992187500e-01
       422   -4.3601329515e-01    3.8771438228e-01   -1.1027488169e+00    6.6673552179e-01   -1.1027488169e+00    1.2800000000e+04    5.5189643945e-03    9.9992187500e-01
       423   -4.9834452022e-01    7.8424750653e-01   -1.1883188365e+00    6.8997431631e-01   -1.1883188365e+00    1.2800000000e+04    5.5294731738e-03    9.9992187500e-01
       424   -4.7000038361e-01    6.3645524890e-01   -1.1669781235e+00    6.9697773992e-01   -1.1669781235e+00    1.2800000000e+04    5.5189976367e-03    1.0000000000e+00
       425   -4.4057598584e-01    4.2938241043e-01   -1.1141151616e+00    6.7353917580e-01   -1.1141151616e+00    1.2800000000e+04    5.5139141455e-03    1.0000000000e+00
       426   -4.5815565121e-01    4.0856416246e-01   -1.1347907065e+00    6.7663505528e-01   -1.1347907065e+00    1.2800000000e+04    5.5034499561e-03    1.0000000000e+00
       427   -4.5819916889e-01    4.1577908271e-01   -1.0892740369e+00    6.3107486797e-01   -1.0892740369e+00    1.2800000000e+04    5.5192172314e-03    9.9992187500e-01
       428   -4.7555491635e-01    4.3402751234e-01   -1.1169542073e+00    6.4139929099e-01   -1.1169542073e+00    1.2800000000e+04    5.5154084961e-03    9.9992187500e-01
       429   -4.5262215142e-01    5.0549385407e-01   -1.1774098641e+00    7.2478771271e-01   -1.1774098641e+00    1.2800000000e+04    5.5201347998e-03    9.9992187500e-01
       430   -4.5916271971e-01    7.3893425746e-01   -1.2327671011e+00    7.7360438135e-01   -1.2327671011e+00    1.2800000000e+04    5.5159023096e-03    9.9992187500e-01
       431   -4.7438142530e-01    6.6042594874e-01   -1.2797720192e+00    8.0539059386e-01   -1.2797720192e+00    1.2800000000e+04    5.4959315430e-03    9.9992187500e-01
       432   -5.0011401301e-01    5.5765749314e-01   -1.2542393824e+00    7.5412536935e-01   -1.2542393824e+00    1.2800000000e+04    5.5235022998e-03    1.0000000000e+00
       433   -5.4548169624e-01    1.0895760321e+00   -1.1916506047e+00    6.4616890844e-01   -1.1916506047e+00    1.2800000000e+04    5.5153707080e-03    1.0000000000e+00
       434   -5.2372416604e-01    9.9312808809e-01   -1.1569584718e+00    6.3323430577e-01   -1.1569584718e+00    1.2800000000e+04    5.5186824023e-03    9.9992187500e-01
       435   -4.9922746175e-01    5.4788838289e-01   -1.0856867848e+00    5.8645932301e-01   -1.0856867848e+00    1.2800000000e+04    5.5152693262e-03    9.9984375000e-01
       436   -4.8153482456e-01    4.4361850291e-01   -1.0721702486e+00    5.9063542405e-01   -1.0721702486e+00    1.2800000000e+04    5.5012926367e-03    9.9992187500e-01
       437   -4.9017555380e-01    9.2297205068e-01   -1.1108098854e+00    6.2063433157e-01   -1.1108098854e+00    1.2800000000e+04    5.5184297705e-03    1.0000000000e+00
       438   -4.4800308112e-01    4.5071048915e-01   -1.1002024504e+00    6.5219936926e-01   -1.1002024504e+00    1.2800000000e+04    5.5172615967e-03    1.0000000000e+00
       439   -4.4423759669e-01    7.2585061234e-01   -1.1114165629e+00    6.6717896623e-01   -1.1114165629e+00    1.2800000000e+04    5.5183464404e-03    1.0000000000e+00
       440   -4.7813608147e-01    7.9062064784e-01   -1.0758749611e+00    5.9773887963e-01   -1.0758749611e+00    1.2800000000e+04    5.5198434619e-03    9.9992187500e-01
       441   -4.7330904934e-01    4.5074962561e-01   -1.1207074883e+00    6.4739843896e-01   -1.1207074883e+00    1.2800000000e+04    5.4993605176e-03    1.0000000000e+00
       442   -4.8566403422e-01    6.7765769909e-01   -1.1982579871e+00    7.1259395291e-01   -1.1982579871e+00    1.2800000000e+04    5.5157946484e-03    9.9992187500e-01
       443   -4.3283147652e-01    4.3891020257e-01   -1.1604515762e+00    7.2762009966e-01   -1.1604515762e+00    1.2800000000e+04    5.5182553369e-03    9.9992187500e-01
       444   -4.0384066675e-01    6.3611632782e-01   -1.1888891913e+00    7.8504852452e-01   -1.1888891913e+00    1.2800000000e+04    5.5176248877e-03    9.9992187500e-01
       445   -4.3996853466e-01    7.4813386270e-01   -1.2914107208e+00    8.5144218614e-01   -1.2914107208e+00    1.2800000000e+04    5.5173485938e-03    1.0000000000e+00
       446   -4.6481616442e-01    1.2955783659e+00   -1.2850245906e+00    8.2020842621e-01   -1.2850245906e+00    1.2800000000e+04    5.5009545752e-03    1.0000000000e+00
       447   -4.4704660616e-01    4.3152940569e-01   -1.1497644433e+00    7.0271783718e-01   -1.1497644433e+00    1.2800000000e+04    5.5260430225e-03    1.0000000000e+00
       448   -4.9099324981e-01    6.9264242164e-01   -1.1862037314e+00    6.9521048156e-01   -1.1862037314e+00    1.2800000000e+04    5.5227997949e-03    9.9992187500e-01
       449   -4.9892010254e-01    6.1963741549e-01   -1.1511585453e+00    6.5223844280e-01   -1.1511585453e+00    1.2800000000e+04    5.5160915088e-03    1.0000000000e+00
       450   -4.7670516615e-01    4.8542915588e-01   -1.0882200606e+00    6.1151489447e-01   -1.0882200606e+00    1.2800000000e+04    5.5212794678e-03    1.0000000000e+00
       451   -4.7953712906e-01    5.9897796099e-01   -1.1818709127e+00    7.0233378360e-01   -1.1818709127e+00    1.2800000000e+04    5.5012820605e-03    1.0000000000e+00
       452   -4.8143640624e-01    5.8384067610e-01   -1.1145228031e+00    6.3308639685e-01   -1.1145228031e+00    1.2800000000e+04    5.5174398877e-03    1.0000000000e+00
       453   -4.4828582624e-01    3.7961403788e-01   -1.0995186892e+00    6.5123286298e-01   -1.0995186892e+00    1.2800000000e+04    5.5209970947e-03    9.9992187500e-01
       454   -4.9572823304e-01    8.3843136597e-01   -1.0948086689e+00    5.9908043589e-01   -1.0948086689e+00    1.2800000000e+04    5.5195143164e-03    1.0000000000e+00
       455   -4.7972327528e-01    4.7555649615e-01   -1.1879886362e+00    7.0826536094e-01   -1.1879886362e+00    1.2800000000e+04    5.5206540186e-03    1.0000000000e+00
       456   -4.5193507908e-01    5.4740771139e-01   -1.1779536202e+00    7.2601854108e-01   -1.1779536202e+00    1.2800000000e+04    5.5005259033e-03    1.0000000000e+00
       457   -4.3788181124e-01    6.7118181498e-01   -1.2350207389e+00    7.9713892770e-01   -1.2350207389e+00    1.2800000000e+04    5.6377279102e-03    9.9992187500e-01
       458   -4.7573186801e-01    1.3311418180e+00   -1.3446046884e+00    8.6887282038e-01   -1.3446046884e+00    1.2800000000e+04    5.5120042236e-03    1.0000000000e+00
       459   -4.2822272067e-01    4.8525091283e-01   -1.1730035414e+00    7.4478082078e-01   -1.1730035414e+00    1.2800000000e+04    5.5171702734e-03    9.9992187500e-01
       460   -4.9318634097e-01    6.4621381696e-01   -1.2599901159e+00    7.6680377489e-01   -1.2599901159e+00    1.2800000000e+04    5.5223547021e-03    9.9992187500e-01
       461   -4.5451202199e-01    8.1838137231e-01   -1.2134784222e+00    7.5896640019e-01   -1.2134784222e+00    1.2800000000e+04    5.5207068994e-03    1.0000000000e+00
       462   -4.5612124452e-01    8.1912809929e-01   -1.1877726255e+00    7.3165138096e-01   -1.1877726255e+00    1.2800000000e+04    5.4999293213e-03    9.9992187500e-01
       463   -4.5538349636e-01    5.7818645547e-01   -1.2301414660e+00    7.7475796961e-01   -1.2301414660e+00    1.2800000000e+04    5.5160619336e-03    9.9992187500e-01
       464   -5.5379420926e-01    1.3988803620e+00   -1.3904142009e+00    8.3661999159e-01   -1.3904142009e+00    1.2800000000e+04    5.5170475879e-03    1.0000000000e+00
       465   -4.6265306812e-01    1.0106863482e+00   -1.3213239794e+00    8.5867091130e-01   -1.3213239794e+00    1.2800000000e+04    5.5169111816e-03    1.0000000000e+00
       466   -5.0125446356e-01    1.4124631599e+00   -1.3101251227e+00    8.0887065917e-01   -1.3101251227e+00    1.2800000000e+04    5.5205735986e-03    1.0000000000e+00
       467   -5.2843750842e-01    9.7749712187e-01   -1.3563584137e+00    8.2792090524e-01   -1.3563584137e+00    1.2800000000e+04    5.4966802100e-03    1.0000000000e+00
       468   -4.8499246353e-01    8.1322338103e-01   -1.3210719435e+00    8.3607948002e-01   -1.3210719435e+00    1.2800000000e+04    5.5196425342e-03    9.9992187500e-01
       469   -4.9391537013e-01    6.5636605946e-01   -1.2659570886e+00    7.7204171850e-01   -1.2659570886e+00    1.2800000000e+04    5.5204345557e-03    1.0000000000e+00
       470   -5.1643207826e-01    8.9385471601e-01   -1.2725720309e+00    7.5613995261e-01   -1.2725720309e+00    1.2800000000e+04    5.5178186572e-03    1.0000000000e+00
       471   -4.5017601817e-01    4.4771805492e-01   -1.1656945697e+00    7.1551855154e-01   -1.1656945697e+00    1.2800000000e+04    5.5166069336e-03    1.0000000000e+00
       472   -4.6251654791e-01    9.1325977875e-01   -1.2611036739e+00    7.9858712600e-01   -1.2611036739e+00    1.2800000000e+04    5.5043208887e-03    1.0000000000e+00
       473   -4.4465259259e-01    5.1159028099e-01   -1.1644648881e+00    7.1981229553e-01   -1.1644648881e+00    1.2800000000e+04    5.5204731250e-03    1.0000000000e+00
       474   -4.4562101289e-01    4.9020408805e-01   -1.1575363185e+00    7.1191530562e-01   -1.1575363185e+00    1.2800000000e+04    5.5216283545e-03    9.9992187500e-01
       475   -4.1445646336e-01    4.6552567613e-01   -1.1245715638e+00    7.1011510044e-01   -1.1245715638e+00    1.2800000000e+04    5.5234318896e-03    1.0000000000e+00
       476   -3.9579641367e-01    4.8442117339e-01   -1.2805485277e+00    8.8475211403e-01   -1.2805485277e+00    1.2800000000e+04    5.5267896191e-03    1.0000000000e+00
       477   -4.1788052913e-01    6.7856284507e-01   -1.3050828755e+00    8.8720234635e-01   -1.3050828755e+00    1.2800000000e+04    5.5003322852e-03    1.0000000000e+00
       478   -4.1835827799e-01    5.0077684553e-01   -1.2329256551e+00    8.1456737712e-01   -1.2329256551e+00    1.2800000000e+04    5.5230848486e-03    1.0000000000e+00
       479   -4.2756898771e-01    5.7043698956e-01   -1.2750538508e+00    8.4748486305e-01   -1.2750538508e+00    1.2800000000e+04    5.5159420459e-03    9.9992187500e-01
       480   -5.3774201350e-01    1.7370909996e+00   -1.3700046332e+00    8.3226261969e-01   -1.3700046332e+00    1.2800000000e+04    5.5240881396e-03    1.0000000000e+00
       481   -4.4062005800e-01    5.4698495008e-01   -1.2008445793e+00    7.6022452127e-01   -1.2008445793e+00    1.2800000000e+04    5.5192142773e-03    9.9984375000e-01
       482   -4.0901226361e-01    4.8807410414e-01   -1.1676284860e+00    7.5861622235e-01   -1.1676284860e+00    1.2800000000e+04    5.4931288184e-03    1.0000000000e+00
       483   -4.3779780723e-01    4.9598953677e-01   -1.1453660354e+00    7.0756822816e-01   -1.1453660354e+00    1.2800000000e+04    5.5162833984e-03    1.0000000000e+00
       484   -4.3386696774e-01    4.1768532241e-01   -1.0755384431e+00    6.4167147539e-01   -1.0755384431e+00    1.2800000000e+04    5.5125740820e-03    9.9992187500e-01
       485   -4.9569819009e-01    7.5011771398e-01   -1.2364993387e+00    7.4080114859e-01   -1.2364993387e+00    1.2800000000e+04    5.5217429590e-03    1.0000000000e+00
       486   -4.4694583590e-01    5.7918443065e-01   -1.1556877328e+00    7.0874189689e-01   -1.1556877328e+00    1.2800000000e+04    5.5195041650e-03    9.9984375000e-01
       487   -4.8500915654e-01    1.2877246569e+00   -1.1893497694e+00    7.0434061290e-01   -1.1893497694e+00    1.2800000000e+04    5.5071212549e-03    1.0000000000e+00
       488   -4.5966010090e-01    5.1935030896e-01   -1.1160338841e+00    6.5637378315e-01   -1.1160338841e+00    1.2800000000e+04    5.5216591748e-03    1.0000000000e+00
       489   -5.0589189587e-01    9.4177842286e-01   -1.2066091907e+00    7.0071729487e-01   -1.2066091907e+00    1.2800000000e+04    5.5166959277e-03    1.0000000000e+00
       490   -4.7734657421e-01    4.9915553042e-01   -1.1488890227e+00    6.7154244854e-01   -1.1488890227e+00    1.2800000000e+04    5.5210790723e-03    9.9992187500e-01
       491   -4.8230718056e-01    4.7233111151e-01   -1.0953419945e+00    6.1303481391e-01   -1.0953419945e+00    1.2800000000e+04    5.5175132471e-03    9.9976562500e-01
       492   -4.8275432894e-01    6.6370486652e-01   -1.1251316606e+00    6.4237733170e-01   -1.1251316606e+00    1.2800000000e+04    5.5012482910e-03    1.0000000000e+00
       493   -4.4170287145e-01    4.4284686392e-01   -1.1286885858e+00    6.8698571437e-01   -1.1286885858e+00    1.2800000000e+04    5.5203095898e-03    9.9984375000e-01
       494   -4.7733753269e-01    6.9796373824e-01   -1.2024858043e+00    7.2514827165e-01   -1.2024858043e+00    1.2800000000e+04    5.5180744336e-03    9.9992187500e-01
       495   -5.1091189860e-01    7.2313046313e-01   -1.2486728564e+00    7.3776095783e-01   -1.2486728564e+00    1.2800000000e+04    5.5209776367e-03    1.0000000000e+00
       496   -4.7764320621e-01    5.5443493856e-01   -1.1966122377e+00    7.1896903148e-01   -1.1966122377e+00    1.2800000000e+04    5.5158425781e-03    9.9984375000e-01
       497   -5.3126965889e-01    8.9930683732e-01   -1.2175994529e+00    6.8632979405e-01   -1.2175994529e+00    1.2800000000e+04    5.4993756152e-03    9.9992187500e-01
       498   -4.5135741516e-01    4.5523393250e-01   -1.1492243457e+00    6.9786693053e-01   -1.1492243457e+00    1.2800000000e+04    5.5220286523e-03    9.9976562500e-01
       499   -4.4858244831e-01    5.4974691798e-01   -1.1454988865e+00    6.9691643823e-01   -1.1454988865e+00    1.2800000000e+04    5.5184183301e-03    9.9992187500e-01
