#   index    LocalEnergy         LocalEnergy_sq      LocalPotential      Kinetic             ElecElec            IonIon              LocalECP            NonLocalECP         BlockWeight         BlockCPU            AcceptRatio         
         0   -3.1942283136e+01    1.0218499577e+03   -5.6216208593e+01    2.4273925458e+01    3.6203720198e+01    1.6608440473e+01   -1.1284589184e+02    3.8175225727e+00    6.7956000000e+04    3.4771442887e-01    9.9210182308e-01
         1   -3.1964282119e+01    1.0233030436e+03   -5.6132899388e+01    2.4168617268e+01    3.6121857050e+01    1.6608440473e+01   -1.1276017106e+02    3.8969741521e+00    6.7323000000e+04    3.4393456832e-01    9.9206711354e-01
         2   -3.1967205807e+01    1.0234531331e+03   -5.5758363665e+01    2.3791157858e+01    3.5953212725e+01    1.6608440473e+01   -1.1214483862e+02    3.8248217588e+00    6.6062000000e+04    3.2487177602e-01    9.9201987122e-01
         3   -3.1953647470e+01    1.0225365517e+03   -5.5798646832e+01    2.3844999362e+01    3.6096996047e+01    1.6608440473e+01   -1.1238379429e+02    3.8797109431e+00    6.5057000000e+04    3.0476114219e-01    9.9217788923e-01
         4   -3.1942014745e+01    1.0218509049e+03   -5.6136706047e+01    2.4194691302e+01    3.6308300350e+01    1.6608440473e+01   -1.1298417772e+02    3.9307308465e+00    6.5570000000e+04    3.0773103906e-01    9.9202265654e-01
         5   -3.1953507218e+01    1.0225210333e+03   -5.6109368039e+01    2.4155860820e+01    3.6197783369e+01    1.6608440473e+01   -1.1278292585e+02    3.8673339692e+00    6.5835000000e+04    3.1833227547e-01    9.9203026233e-01
         6   -3.1966041605e+01    1.0233760337e+03   -5.6089686907e+01    2.4123645302e+01    3.6190789516e+01    1.6608440473e+01   -1.1281435786e+02    3.9254409626e+00    6.5957000000e+04    3.3029611777e-01    9.9209690046e-01
         7   -3.1972409764e+01    1.0238270152e+03   -5.6317339423e+01    2.4344929659e+01    3.6258709378e+01    1.6608440473e+01   -1.1313674097e+02    3.9522516995e+00    6.5898000000e+04    3.2345643762e-01    9.9209160333e-01
         8   -3.1955052883e+01    1.0226617552e+03   -5.6306146954e+01    2.4351094070e+01    3.6197580222e+01    1.6608440473e+01   -1.1300697370e+02    3.8948060551e+00    6.6457000000e+04    3.3619067445e-01    9.9206704579e-01
         9   -3.1995066264e+01    1.0252939112e+03   -5.6473107146e+01    2.4478040882e+01    3.6301750898e+01    1.6608440473e+01   -1.1328940757e+02    3.9061090515e+00    6.6366000000e+04    3.3942865000e-01    9.9180154520e-01
        10   -3.1997277066e+01    1.0253689446e+03   -5.6312227215e+01    2.4314950149e+01    3.6233895673e+01    1.6608440473e+01   -1.1307143493e+02    3.9168715735e+00    6.6145000000e+04    3.2790687781e-01    9.9215322058e-01
        11   -3.1983718094e+01    1.0245025420e+03   -5.6472618224e+01    2.4488900129e+01    3.6334413722e+01    1.6608440473e+01   -1.1335892738e+02    3.9434549615e+00    6.6657000000e+04    3.4741779738e-01    9.9182714179e-01
        12   -3.1983317727e+01    1.0245049677e+03   -5.6481184285e+01    2.4497866558e+01    3.6388778198e+01    1.6608440473e+01   -1.1349598002e+02    4.0175770622e+00    6.7006000000e+04    3.4714463555e-01    9.9210539079e-01
        13   -3.1967451691e+01    1.0234597993e+03   -5.6324523841e+01    2.4357072151e+01    3.6337109923e+01    1.6608440473e+01   -1.1319623601e+02    3.9261617757e+00    6.6444000000e+04    3.4148496961e-01    9.9210280031e-01
        14   -3.1975338826e+01    1.0247900574e+03   -5.6348783162e+01    2.4373444336e+01    3.6322914678e+01    1.6608440473e+01   -1.1313501240e+02    3.8548740870e+00    6.6224000000e+04    3.3355257820e-01    9.9215649926e-01
        15   -3.1978101616e+01    1.0241424873e+03   -5.6369674309e+01    2.4391572693e+01    3.6319776916e+01    1.6608440473e+01   -1.1311438553e+02    3.8164938325e+00    6.5895000000e+04    3.2474797187e-01    9.9211892098e-01
        16   -3.1975315488e+01    1.0239982356e+03   -5.6344768168e+01    2.4369452680e+01    3.6307443105e+01    1.6608440473e+01   -1.1330935741e+02    4.0487056599e+00    6.6101000000e+04    3.3411507797e-01    9.9207227476e-01
        17   -3.1978022382e+01    1.0241681622e+03   -5.6385171790e+01    2.4407149408e+01    3.6270807658e+01    1.6608440473e+01   -1.1312987390e+02    3.8654539815e+00    6.4857000000e+04    3.0045379570e-01    9.9203820999e-01
        18   -3.1956169348e+01    1.0227516619e+03   -5.6237270298e+01    2.4281100950e+01    3.6250100566e+01    1.6608440473e+01   -1.1292329380e+02    3.8274824668e+00    6.4589000000e+04    3.0778182297e-01    9.9192761376e-01
        19   -3.1963617797e+01    1.0232840782e+03   -5.6320329239e+01    2.4356711441e+01    3.6177683867e+01    1.6608440473e+01   -1.1292910659e+02    3.8226530108e+00    6.4023000000e+04    2.9750151125e-01    9.9179408387e-01
        20   -3.1963544502e+01    1.0231270775e+03   -5.6073799869e+01    2.4110255368e+01    3.6091505558e+01    1.6608440473e+01   -1.1257044831e+02    3.7967024064e+00    6.4443000000e+04    3.0028768621e-01    9.9213111154e-01
        21   -3.1968078417e+01    1.0235199602e+03   -5.6287926841e+01    2.4319848424e+01    3.6181324184e+01    1.6608440473e+01   -1.1300168108e+02    3.9239895830e+00    6.4270000000e+04    2.9905217520e-01    9.9209640716e-01
        22   -3.1958492605e+01    1.0228546469e+03   -5.6217756154e+01    2.4259263549e+01    3.6097297563e+01    1.6608440473e+01   -1.1280535546e+02    3.8818612688e+00    6.4358000000e+04    2.9541828371e-01    9.9192714098e-01
        23   -3.1963858677e+01    1.0231646936e+03   -5.6110096767e+01    2.4146238090e+01    3.6026768527e+01    1.6608440473e+01   -1.1262348019e+02    3.8781744262e+00    6.4638000000e+04    3.0072270742e-01    9.9230173757e-01
        24   -3.1962363461e+01    1.0230731410e+03   -5.5823644963e+01    2.3861281501e+01    3.6019298829e+01    1.6608440473e+01   -1.1227595147e+02    3.8245672077e+00    6.4785000000e+04    3.0137073961e-01    9.9216260157e-01
        25   -3.1970066418e+01    1.0236136070e+03   -5.6215400463e+01    2.4245334045e+01    3.6158133800e+01    1.6608440473e+01   -1.1295455991e+02    3.9725851719e+00    6.4896000000e+04    3.0109542598e-01    9.9195604876e-01
        26   -3.1967970194e+01    1.0234797944e+03   -5.6186626181e+01    2.4218655987e+01    3.6153838898e+01    1.6608440473e+01   -1.1287676181e+02    3.9278562629e+00    6.4128000000e+04    2.9922695086e-01    9.9211368475e-01
        27   -3.1972006260e+01    1.0237850441e+03   -5.6092947128e+01    2.4120940868e+01    3.6128065771e+01    1.6608440473e+01   -1.1273643091e+02    3.9069775397e+00    6.3917000000e+04    2.9864826418e-01    9.9223132833e-01
        28   -3.1976660220e+01    1.0240128832e+03   -5.6046762041e+01    2.4070101821e+01    3.6096716385e+01    1.6608440473e+01   -1.1253656300e+02    3.7846440964e+00    6.3911000000e+04    3.0248496754e-01    9.9224685672e-01
        29   -3.1972383476e+01    1.0237950294e+03   -5.6277298067e+01    2.4304914591e+01    3.6092738134e+01    1.6608440473e+01   -1.1296938505e+02    3.9909083755e+00    6.4032000000e+04    3.0044924551e-01    9.9212041063e-01
        30   -3.1974120734e+01    1.0239055060e+03   -5.6280000260e+01    2.4305879526e+01    3.6188380423e+01    1.6608440473e+01   -1.1307411039e+02    3.9972892386e+00    6.4752000000e+04    2.9861830543e-01    9.9206791783e-01
        31   -3.1961444213e+01    1.0230287466e+03   -5.6019186258e+01    2.4057742045e+01    3.6162435264e+01    1.6608440473e+01   -1.1272078693e+02    3.9307249312e+00    6.5151000000e+04    2.9986994113e-01    9.9210340013e-01
        32   -3.1953380766e+01    1.0227081046e+03   -5.6020092146e+01    2.4066711380e+01    3.6113315030e+01    1.6608440473e+01   -1.1252403863e+02    3.7821909803e+00    6.4844000000e+04    3.0055014805e-01    9.9195648572e-01
        33   -3.1960794093e+01    1.0230051954e+03   -5.6377684177e+01    2.4416890085e+01    3.6299141840e+01    1.6608440473e+01   -1.1320149792e+02    3.9162314252e+00    6.4141000000e+04    2.9925451148e-01    9.9191475908e-01
        34   -3.1956137796e+01    1.0226908888e+03   -5.6242177614e+01    2.4286039817e+01    3.6242262504e+01    1.6608440473e+01   -1.1300884695e+02    3.9159663585e+00    6.4299000000e+04    3.3468173145e-01    9.9213024146e-01
        35   -3.1976698995e+01    1.0239610211e+03   -5.5993035744e+01    2.4016336749e+01    3.6145592633e+01    1.6608440473e+01   -1.1270002433e+02    3.9529554828e+00    6.4509000000e+04    3.0736890676e-01    9.9227348938e-01
        36   -3.1968519693e+01    1.0234903161e+03   -5.6163191384e+01    2.4194671691e+01    3.6208085365e+01    1.6608440473e+01   -1.1295268887e+02    3.9729716454e+00    6.5475000000e+04    3.1082256340e-01    9.9213991403e-01
        37   -3.1951054058e+01    1.0223992403e+03   -5.6135925372e+01    2.4184871314e+01    3.6170503887e+01    1.6608440473e+01   -1.1285029585e+02    3.9354261194e+00    6.4446000000e+04    2.9994610273e-01    9.9210046276e-01
        38   -3.1955581419e+01    1.0227812773e+03   -5.6336125993e+01    2.4380544574e+01    3.6250243732e+01    1.6608440473e+01   -1.1307577979e+02    3.8809695894e+00    6.4304000000e+04    3.0380156371e-01    9.9200082573e-01
        39   -3.1968973667e+01    1.0235215532e+03   -5.6323425768e+01    2.4354452101e+01    3.6107496851e+01    1.6608440473e+01   -1.1292444849e+02    3.8850853942e+00    6.4302000000e+04    2.9785353875e-01    9.9192519589e-01
        40   -3.1967696329e+01    1.0234546881e+03   -5.6262565678e+01    2.4294869349e+01    3.6203675838e+01    1.6608440473e+01   -1.1293236343e+02    3.8576814404e+00    6.5251000000e+04    3.0519185309e-01    9.9196610632e-01
        41   -3.1978732342e+01    1.0242032684e+03   -5.6420929575e+01    2.4442197233e+01    3.6230920549e+01    1.6608440473e+01   -1.1323619764e+02    3.9759070449e+00    6.5053000000e+04    2.9902035484e-01    9.9211893058e-01
        42   -3.1967851337e+01    1.0235832327e+03   -5.6419038562e+01    2.4451187225e+01    3.6377281818e+01    1.6608440473e+01   -1.1346312786e+02    4.0583670096e+00    6.4110000000e+04    3.0275910906e-01    9.9213380319e-01
        43   -3.1976054315e+01    1.0240292795e+03   -5.6302715008e+01    2.4326660693e+01    3.6318857031e+01    1.6608440473e+01   -1.1315325496e+02    3.9232424496e+00    6.4038000000e+04    2.9944578543e-01    9.9190762160e-01
        44   -3.1971595911e+01    1.0237675129e+03   -5.6304775062e+01    2.4333179151e+01    3.6287577894e+01    1.6608440473e+01   -1.1307261304e+02    3.8718196093e+00    6.4731000000e+04    3.0115051223e-01    9.9203912533e-01
        45   -3.1982257223e+01    1.0243715717e+03   -5.6222551914e+01    2.4240294691e+01    3.6243352362e+01    1.6608440473e+01   -1.1290113183e+02    3.8267870850e+00    6.5216000000e+04    3.1222168902e-01    9.9201162350e-01
        46   -3.1974912166e+01    1.0238906945e+03   -5.6188688682e+01    2.4213776516e+01    3.6312770780e+01    1.6608440473e+01   -1.1294379252e+02    3.8338925828e+00    6.5267000000e+04    3.0969085016e-01    9.9208068608e-01
        47   -3.1983714250e+01    1.0245612600e+03   -5.6383873764e+01    2.4400159514e+01    3.6272723238e+01    1.6608440473e+01   -1.1313799956e+02    3.8729620889e+00    6.5466000000e+04    3.0823566105e-01    9.9212933645e-01
        48   -3.1966942401e+01    1.0234446146e+03   -5.6155927773e+01    2.4188985372e+01    3.6257354141e+01    1.6608440473e+01   -1.1286811942e+02    3.8463970326e+00    6.6031000000e+04    3.3281137801e-01    9.9195763201e-01
        49   -3.1968374023e+01    1.0234930835e+03   -5.6129105665e+01    2.4160731642e+01    3.6228780620e+01    1.6608440473e+01   -1.1287290218e+02    3.9065754187e+00    6.6523000000e+04    3.4060174000e-01    9.9212152399e-01
        50   -3.1965181134e+01    1.0233659828e+03   -5.6201745200e+01    2.4236564066e+01    3.6235099782e+01    1.6608440473e+01   -1.1303460105e+02    3.9893155983e+00    6.7186000000e+04    3.4828537605e-01    9.9201073212e-01
        51   -3.1965679973e+01    1.0233805006e+03   -5.6284550087e+01    2.4318870114e+01    3.6248170650e+01    1.6608440473e+01   -1.1311965010e+02    3.9784888894e+00    6.6808000000e+04    3.4673147516e-01    9.9212745522e-01
        52   -3.1976026048e+01    1.0241094477e+03   -5.6266549703e+01    2.4290523655e+01    3.6265898340e+01    1.6608440473e+01   -1.1319797359e+02    4.0570850737e+00    6.6481000000e+04    3.3655213863e-01    9.9209862155e-01
        53   -3.1966145380e+01    1.0233193218e+03   -5.6348034238e+01    2.4381888858e+01    3.6316632292e+01    1.6608440473e+01   -1.1324094327e+02    3.9678362648e+00    6.5940000000e+04    3.3384106273e-01    9.9224994134e-01
        54   -3.1955625519e+01    1.0227409835e+03   -5.6259504706e+01    2.4303879187e+01    3.6371768353e+01    1.6608440473e+01   -1.1319543992e+02    3.9557263838e+00    6.5763000000e+04    3.2512722820e-01    9.9224495975e-01
        55   -3.1967322446e+01    1.0234602593e+03   -5.6209758311e+01    2.4242435865e+01    3.6347508932e+01    1.6608440473e+01   -1.1306871841e+02    3.9030106977e+00    6.5219000000e+04    3.1052219484e-01    9.9207326668e-01
        56   -3.1948910147e+01    1.0222787855e+03   -5.6244748460e+01    2.4295838312e+01    3.6261493241e+01    1.6608440473e+01   -1.1302773350e+02    3.9130513299e+00    6.3646000000e+04    2.9950540160e-01    9.9195913169e-01
        57   -3.1963960849e+01    1.0232680265e+03   -5.6133529890e+01    2.4169569041e+01    3.6164819493e+01    1.6608440473e+01   -1.1283143237e+02    3.9246425108e+00    6.4299000000e+04    2.9979464824e-01    9.9195973410e-01
        58   -3.1976792617e+01    1.0241059083e+03   -5.6152615199e+01    2.4175822582e+01    3.6101296057e+01    1.6608440473e+01   -1.1281762028e+02    3.9552685540e+00    6.4343000000e+04    2.9806985469e-01    9.9178510266e-01
        59   -3.1973337545e+01    1.0238164961e+03   -5.6091346488e+01    2.4118008944e+01    3.6090480836e+01    1.6608440473e+01   -1.1266493365e+02    3.8746658528e+00    6.4140000000e+04    2.9895646793e-01    9.9214006602e-01
        60   -3.1976362041e+01    1.0240448638e+03   -5.6139806898e+01    2.4163444858e+01    3.6186443611e+01    1.6608440473e+01   -1.1276592159e+02    3.8312306056e+00    6.4196000000e+04    2.9583780410e-01    9.9201797047e-01
        61   -3.1979270857e+01    1.0242801551e+03   -5.6210998311e+01    2.4231727454e+01    3.6125001163e+01    1.6608440473e+01   -1.1277245085e+02    3.8280108992e+00    6.4973000000e+04    2.9826857504e-01    9.9210556579e-01
        62   -3.1968518737e+01    1.0234947592e+03   -5.6038668768e+01    2.4070150031e+01    3.6028691700e+01    1.6608440473e+01   -1.1252762696e+02    3.8518260145e+00    6.5415000000e+04    3.1051725266e-01    9.9209008155e-01
        63   -3.1965071801e+01    1.0233494721e+03   -5.6162151507e+01    2.4197079707e+01    3.6112569781e+01    1.6608440473e+01   -1.1271020804e+02    3.8270462822e+00    6.5939000000e+04    3.2567542348e-01    9.9189214723e-01
        64   -3.1966352395e+01    1.0233355567e+03   -5.5914502705e+01    2.3948150310e+01    3.6006742579e+01    1.6608440473e+01   -1.1245993589e+02    3.9302501284e+00    6.5866000000e+04    3.2242409613e-01    9.9233539698e-01
        65   -3.1990220964e+01    1.0249016455e+03   -5.6106647263e+01    2.4116426299e+01    3.6119599012e+01    1.6608440473e+01   -1.1284597958e+02    4.0112928349e+00    6.5207000000e+04    3.0782698121e-01    9.9203434781e-01
        66   -3.1982988368e+01    1.0245064961e+03   -5.6429640605e+01    2.4446652237e+01    3.6250665963e+01    1.6608440473e+01   -1.1329763747e+02    4.0088904268e+00    6.5933000000e+04    3.5495316410e-01    9.9205220399e-01
        67   -3.1957701768e+01    1.0228628545e+03   -5.6374496288e+01    2.4416794520e+01    3.6342631077e+01    1.6608440473e+01   -1.1321492311e+02    3.8893552730e+00    6.5265000000e+04    3.3260783141e-01    9.9211071132e-01
        68   -3.1977578810e+01    1.0241268230e+03   -5.6351489944e+01    2.4373911134e+01    3.6306622835e+01    1.6608440473e+01   -1.1315017924e+02    3.8836259832e+00    6.4506000000e+04    3.3059859633e-01    9.9204344023e-01
        69   -3.1976434517e+01    1.0240263967e+03   -5.6344899392e+01    2.4368464875e+01    3.6232944722e+01    1.6608440473e+01   -1.1298860398e+02    3.8023193960e+00    6.5088000000e+04    3.2391557516e-01    9.9219568528e-01
        70   -3.1962398596e+01    1.0231142002e+03   -5.6307723000e+01    2.4345324404e+01    3.6182088737e+01    1.6608440473e+01   -1.1290522185e+02    3.8069696369e+00    6.5360000000e+04    3.2826299039e-01    9.9225910911e-01
        71   -3.1999643088e+01    1.0255215969e+03   -5.6179004361e+01    2.4179361272e+01    3.6207609116e+01    1.6608440473e+01   -1.1294687334e+02    3.9518193909e+00    6.5405000000e+04    3.3394354359e-01    9.9203153223e-01
        72   -3.1959888243e+01    1.0229931792e+03   -5.6229662709e+01    2.4269774466e+01    3.6159024193e+01    1.6608440473e+01   -1.1286888273e+02    3.8717553573e+00    6.4989000000e+04    3.2556647211e-01    9.9208301683e-01
        73   -3.1971463747e+01    1.0236311267e+03   -5.6030915276e+01    2.4059451529e+01    3.6211346974e+01    1.6608440473e+01   -1.1278315551e+02    3.9324527851e+00    6.5062000000e+04    3.2135251797e-01    9.9205909695e-01
        74   -3.1964625885e+01    1.0233630852e+03   -5.6525248715e+01    2.4560622831e+01    3.6371899157e+01    1.6608440473e+01   -1.1348169104e+02    3.9761026953e+00    6.5687000000e+04    3.4563134621e-01    9.9213216012e-01
        75   -3.1975084477e+01    1.0239965785e+03   -5.6556019804e+01    2.4580935326e+01    3.6363193535e+01    1.6608440473e+01   -1.1355830399e+02    4.0306501748e+00    6.6335000000e+04    3.6715310367e-01    9.9170061917e-01
        76   -3.1961424540e+01    1.0230843313e+03   -5.6182923181e+01    2.4221498641e+01    3.6205935162e+01    1.6608440473e+01   -1.1284116188e+02    3.8438630666e+00    6.6904000000e+04    3.6918502074e-01    9.9220753469e-01
        77   -3.1954492835e+01    1.0226998641e+03   -5.6086069921e+01    2.4131577087e+01    3.6114845852e+01    1.6608440473e+01   -1.1262682345e+02    3.8174672008e+00    6.6147000000e+04    3.5746061074e-01    9.9221076462e-01
        78   -3.1953079552e+01    1.0227348124e+03   -5.6005146599e+01    2.4052067046e+01    3.6147894438e+01    1.6608440473e+01   -1.1267740276e+02    3.9159212491e+00    6.5540000000e+04    3.3841945605e-01    9.9240039912e-01
        79   -3.1967760086e+01    1.0235360244e+03   -5.6168225409e+01    2.4200465324e+01    3.6180291491e+01    1.6608440473e+01   -1.1292670699e+02    3.9697496124e+00    6.4974000000e+04    3.2608991547e-01    9.9205472865e-01
        80   -3.1952615607e+01    1.0226357180e+03   -5.6254102457e+01    2.4301486850e+01    3.6177793985e+01    1.6608440473e+01   -1.1288181255e+02    3.8414756303e+00    6.5169000000e+04    3.2145219043e-01    9.9217712425e-01
        81   -3.1984599530e+01    1.0245162838e+03   -5.5968975998e+01    2.3984376468e+01    3.6127249829e+01    1.6608440473e+01   -1.1264908931e+02    3.9444230127e+00    6.5664000000e+04    3.3715870676e-01    9.9220666826e-01
        82   -3.1973788171e+01    1.0239712448e+03   -5.6126536725e+01    2.4152748555e+01    3.6038728359e+01    1.6608440473e+01   -1.1256462765e+02    3.7909220938e+00    6.7079000000e+04    3.6786147984e-01    9.9214429674e-01
        83   -3.1959938946e+01    1.0229832864e+03   -5.6055882530e+01    2.4095943585e+01    3.6052976779e+01    1.6608440473e+01   -1.1254716526e+02    3.8298654811e+00    6.7050000000e+04    3.6680289262e-01    9.9203765706e-01
        84   -3.1960969870e+01    1.0231376925e+03   -5.5939938103e+01    2.3978968233e+01    3.6085112817e+01    1.6608440473e+01   -1.1246985131e+02    3.8363599120e+00    6.6383000000e+04    3.6026323320e-01    9.9215810634e-01
        85   -3.1967080719e+01    1.0234798593e+03   -5.6049592353e+01    2.4082511633e+01    3.6160354278e+01    1.6608440473e+01   -1.1278932346e+02    3.9709363519e+00    6.5629000000e+04    3.3875350219e-01    9.9208426032e-01
        86   -3.1956206058e+01    1.0227484397e+03   -5.6295020503e+01    2.4338814444e+01    3.6146238196e+01    1.6608440473e+01   -1.1287096683e+02    3.8212676550e+00    6.5121000000e+04    3.2634012980e-01    9.9221475984e-01
        87   -3.1965073647e+01    1.0233244364e+03   -5.6320851411e+01    2.4355777763e+01    3.6221865119e+01    1.6608440473e+01   -1.1318435143e+02    4.0331944251e+00    6.5131000000e+04    3.2919304223e-01    9.9210237407e-01
        88   -3.1970512103e+01    1.0236792047e+03   -5.6427990841e+01    2.4457478738e+01    3.6274663294e+01    1.6608440473e+01   -1.1320476200e+02    3.8936673912e+00    6.5656000000e+04    3.4121604637e-01    9.9211061161e-01
        89   -3.1962048564e+01    1.0231899053e+03   -5.6600662272e+01    2.4638613709e+01    3.6345765863e+01    1.6608440473e+01   -1.1349144636e+02    3.9365777460e+00    6.5576000000e+04    3.3737418023e-01    9.9212279224e-01
        90   -3.1968506449e+01    1.0235525191e+03   -5.6366044599e+01    2.4397538150e+01    3.6303173173e+01    1.6608440473e+01   -1.1317589563e+02    3.8982373833e+00    6.5512000000e+04    3.3944319586e-01    9.9206266660e-01
        91   -3.1955480956e+01    1.0226984089e+03   -5.6040478260e+01    2.4084997304e+01    3.6231718637e+01    1.6608440473e+01   -1.1279435157e+02    3.9137142043e+00    6.5180000000e+04    3.2927833570e-01    9.9236186362e-01
        92   -3.1959959240e+01    1.0230107795e+03   -5.6325307388e+01    2.4365348149e+01    3.6307472427e+01    1.6608440473e+01   -1.1306184154e+02    3.8206212567e+00    6.5598000000e+04    3.4105883465e-01    9.9192939218e-01
        93   -3.1972981718e+01    1.0237997976e+03   -5.6219075110e+01    2.4246093392e+01    3.6289795726e+01    1.6608440473e+01   -1.1303567174e+02    3.9183604315e+00    6.5686000000e+04    3.4945235398e-01    9.9191678175e-01
        94   -3.1971687885e+01    1.0237480231e+03   -5.6458525938e+01    2.4486838053e+01    3.6351612541e+01    1.6608440473e+01   -1.1341050252e+02    3.9919235662e+00    6.6014000000e+04    3.5810056141e-01    9.9209456211e-01
        95   -3.1953846134e+01    1.0225588181e+03   -5.6239803983e+01    2.4285957850e+01    3.6312553753e+01    1.6608440473e+01   -1.1304054389e+02    3.8797456783e+00    6.6131000000e+04    3.6372380641e-01    9.9224211744e-01
        96   -3.1945181817e+01    1.0220810043e+03   -5.6112061324e+01    2.4166879507e+01    3.6193512749e+01    1.6608440473e+01   -1.1273341053e+02    3.8193959809e+00    6.6292000000e+04    3.6427238133e-01    9.9212644123e-01
        97   -3.1963365797e+01    1.0231941089e+03   -5.6203350099e+01    2.4239984302e+01    3.6169095890e+01    1.6608440473e+01   -1.1280999211e+02    3.8291056514e+00    6.5986000000e+04    3.5557690051e-01    9.9216555580e-01
        98   -3.1968995706e+01    1.0235688163e+03   -5.6175945288e+01    2.4206949582e+01    3.6156846107e+01    1.6608440473e+01   -1.1285183562e+02    3.9106037561e+00    6.6161000000e+04    3.5433468973e-01    9.9201483653e-01
        99   -3.1965147153e+01    1.0234760257e+03   -5.6211227744e+01    2.4246080592e+01    3.6280771861e+01    1.6608440473e+01   -1.1303317678e+02    3.9327367048e+00    6.6614000000e+04    3.6339308820e-01    9.9201711498e-01
       100   -3.1960031319e+01    1.0230212029e+03   -5.6499123535e+01    2.4539092215e+01    3.6338601655e+01    1.6608440473e+01   -1.1347951574e+02    4.0333500770e+00    6.6420000000e+04    3.6674662219e-01    9.9188312350e-01
       101   -3.1979471751e+01    1.0241909951e+03   -5.6544080125e+01    2.4564608374e+01    3.6279782533e+01    1.6608440473e+01   -1.1334734687e+02    3.9150437412e+00    6.6294000000e+04    3.6045717918e-01    9.9183420458e-01
       102   -3.1974011058e+01    1.0238467985e+03   -5.6185227973e+01    2.4211216915e+01    3.6248835449e+01    1.6608440473e+01   -1.1292636906e+02    3.8838651649e+00    6.6868000000e+04    3.6710202422e-01    9.9211068479e-01
       103   -3.1958933187e+01    1.0228732217e+03   -5.6164738393e+01    2.4205805206e+01    3.6196711701e+01    1.6608440473e+01   -1.1284513553e+02    3.8752449612e+00    6.6298000000e+04    3.6338439629e-01    9.9207041559e-01
       104   -3.1962766519e+01    1.0232109886e+03   -5.6379584178e+01    2.4416817660e+01    3.6148321929e+01    1.6608440473e+01   -1.1316046489e+02    4.0241183081e+00    6.6004000000e+04    3.5513632277e-01    9.9215059517e-01
       105   -3.1965763570e+01    1.0233806687e+03   -5.6386647650e+01    2.4420884081e+01    3.6184089587e+01    1.6608440473e+01   -1.1318626748e+02    4.0070897677e+00    6.5118000000e+04    3.2783342301e-01    9.9202556557e-01
       106   -3.1976030510e+01    1.0240541029e+03   -5.6227795724e+01    2.4251765215e+01    3.6117113613e+01    1.6608440473e+01   -1.1295084233e+02    3.9974925156e+00    6.5269000000e+04    3.2755138168e-01    9.9195132405e-01
       107   -3.1977816659e+01    1.0241275529e+03   -5.5937520172e+01    2.3959703512e+01    3.5985925269e+01    1.6608440473e+01   -1.1245726821e+02    3.9253822924e+00    6.5529000000e+04    3.3535974473e-01    9.9206028191e-01
       108   -3.1964076597e+01    1.0232395193e+03   -5.6018622106e+01    2.4054545509e+01    3.6060983175e+01    1.6608440473e+01   -1.1264633953e+02    3.9582937797e+00    6.6258000000e+04    3.5979760230e-01    9.9228039774e-01
       109   -3.1975339454e+01    1.0239313838e+03   -5.6071004631e+01    2.4095665178e+01    3.6084649025e+01    1.6608440473e+01   -1.1282469319e+02    4.0605990591e+00    6.5935000000e+04    3.5318591047e-01    9.9208640790e-01
       110   -3.1955294407e+01    1.0226636581e+03   -5.6298312074e+01    2.4343017667e+01    3.6151610323e+01    1.6608440473e+01   -1.1292911967e+02    3.8707567953e+00    6.5762000000e+04    3.5093234914e-01    9.9207023996e-01
       111   -3.1961070317e+01    1.0230585914e+03   -5.6316679659e+01    2.4355609342e+01    3.6071341515e+01    1.6608440473e+01   -1.1297163511e+02    3.9751734605e+00    6.5639000000e+04    3.4564295086e-01    9.9207573032e-01
       112   -3.1978140230e+01    1.0241258291e+03   -5.6231050166e+01    2.4252909936e+01    3.6112260694e+01    1.6608440473e+01   -1.1292544661e+02    3.9736952782e+00    6.4746000000e+04    3.3030956773e-01    9.9207048890e-01
       113   -3.1981932236e+01    1.0244297669e+03   -5.6459755053e+01    2.4477822817e+01    3.6183480797e+01    1.6608440473e+01   -1.1319882735e+02    3.9471510264e+00    6.5290000000e+04    3.3336636031e-01    9.9201360803e-01
       114   -3.1953504768e+01    1.0225328181e+03   -5.6345423793e+01    2.4391919025e+01    3.6191874155e+01    1.6608440473e+01   -1.1309405863e+02    3.9483202075e+00    6.5280000000e+04    3.3322148875e-01    9.9190210345e-01
       115   -3.1968762886e+01    1.0235898046e+03   -5.6324827627e+01    2.4356064741e+01    3.6232472040e+01    1.6608440473e+01   -1.1299272044e+02    3.8269803023e+00    6.5776000000e+04    3.5597870840e-01    9.9205911340e-01
       116   -3.1949075361e+01    1.0222515321e+03   -5.6103618650e+01    2.4154543289e+01    3.6266844691e+01    1.6608440473e+01   -1.1286425246e+02    3.8853486465e+00    6.5629000000e+04    3.4576715820e-01    9.9209128923e-01
       117   -3.1954199020e+01    1.0226371194e+03   -5.6146321089e+01    2.4192122069e+01    3.6216078398e+01    1.6608440473e+01   -1.1290118864e+02    3.9303486761e+00    6.4677000000e+04    3.2578804742e-01    9.9199143983e-01
       118   -3.1954717676e+01    1.0227674530e+03   -5.5954551762e+01    2.3999834086e+01    3.6144473006e+01    1.6608440473e+01   -1.1260975709e+02    3.9022918448e+00    6.4577000000e+04    3.2998547977e-01    9.9228972496e-01
       119   -3.1949432069e+01    1.0223586832e+03   -5.6147600640e+01    2.4198168571e+01    3.6229542653e+01    1.6608440473e+01   -1.1285165094e+02    3.8660671738e+00    6.4581000000e+04    3.2583724930e-01    9.9197090060e-01
       120   -3.1954459491e+01    1.0226438488e+03   -5.5996355584e+01    2.4041896093e+01    3.6141959476e+01    1.6608440473e+01   -1.1254452153e+02    3.7977659942e+00    6.4471000000e+04    3.2523213418e-01    9.9208002001e-01
       121   -3.1966691177e+01    1.0234428496e+03   -5.6194668995e+01    2.4227977818e+01    3.6086556889e+01    1.6608440473e+01   -1.1273942196e+02    3.8497556002e+00    6.4806000000e+04    3.3066640852e-01    9.9214469476e-01
       122   -3.1981931110e+01    1.0243666058e+03   -5.6107014172e+01    2.4125083062e+01    3.6126893672e+01    1.6608440473e+01   -1.1275332169e+02    3.9109733749e+00    6.4259000000e+04    3.3229558148e-01    9.9231399259e-01
       123   -3.1973191788e+01    1.0238626753e+03   -5.6212181866e+01    2.4238990079e+01    3.6239859434e+01    1.6608440473e+01   -1.1295224158e+02    3.8917598032e+00    6.5025000000e+04    3.1989973590e-01    9.9222358451e-01
       124   -3.1963991571e+01    1.0231930587e+03   -5.6063990318e+01    2.4099998747e+01    3.6149870795e+01    1.6608440473e+01   -1.1275779340e+02    3.9354918097e+00    6.5541000000e+04    3.2948314441e-01    9.9208580411e-01
       125   -3.1975687320e+01    1.0239572865e+03   -5.6074516838e+01    2.4098829518e+01    3.6100098950e+01    1.6608440473e+01   -1.1264233939e+02    3.8592831315e+00    6.5380000000e+04    3.2602286020e-01    9.9209517642e-01
       126   -3.1949944425e+01    1.0223103428e+03   -5.6210715945e+01    2.4260771520e+01    3.6137289639e+01    1.6608440473e+01   -1.1273829002e+02    3.7818439602e+00    6.4430000000e+04    3.1493997238e-01    9.9225841149e-01
       127   -3.1964180895e+01    1.0232645595e+03   -5.6179787620e+01    2.4215606725e+01    3.6209004033e+01    1.6608440473e+01   -1.1303254768e+02    4.0353155538e+00    6.3152000000e+04    3.1336955480e-01    9.9203613043e-01
       128   -3.1950718142e+01    1.0223801791e+03   -5.5992434734e+01    2.4041716592e+01    3.6148644904e+01    1.6608440473e+01   -1.1275967596e+02    4.0101558472e+00    6.4410000000e+04    3.1664470187e-01    9.9216424538e-01
       129   -3.1960015398e+01    1.0229416607e+03   -5.6196678333e+01    2.4236662936e+01    3.6158337894e+01    1.6608440473e+01   -1.1281424837e+02    3.8507916709e+00    6.3889000000e+04    3.1433295094e-01    9.9191255671e-01
       130   -3.1969049831e+01    1.0235188500e+03   -5.6157186177e+01    2.4188136346e+01    3.6195825189e+01    1.6608440473e+01   -1.1287254728e+02    3.9110954394e+00    6.4295000000e+04    3.0968730473e-01    9.9210941353e-01
       131   -3.1973141984e+01    1.0238121512e+03   -5.6236779566e+01    2.4263637582e+01    3.6252677408e+01    1.6608440473e+01   -1.1308472554e+02    3.9868280913e+00    6.4570000000e+04    3.1348804758e-01    9.9219500081e-01
       132   -3.1957624849e+01    1.0228442348e+03   -5.6336944750e+01    2.4379319901e+01    3.6223835645e+01    1.6608440473e+01   -1.1312786066e+02    3.9586397936e+00    6.5314000000e+04    3.2011503035e-01    9.9191036292e-01
       133   -3.1966782278e+01    1.0234397929e+03   -5.6176668926e+01    2.4209886648e+01    3.6221715334e+01    1.6608440473e+01   -1.1295332323e+02    3.9464984984e+00    6.5454000000e+04    3.2876588734e-01    9.9208109680e-01
       134   -3.1968198778e+01    1.0234571986e+03   -5.6228138472e+01    2.4259939694e+01    3.6232828165e+01    1.6608440473e+01   -1.1302094583e+02    3.9515387241e+00    6.4848000000e+04    3.1976549543e-01    9.9205113160e-01
       135   -3.1964105560e+01    1.0232086499e+03   -5.6176261577e+01    2.4212156018e+01    3.6234241772e+01    1.6608440473e+01   -1.1286236887e+02    3.8434250460e+00    6.4813000000e+04    3.1587663254e-01    9.9195113422e-01
       136   -3.1950736051e+01    1.0223594935e+03   -5.6078985013e+01    2.4128248963e+01    3.6262670502e+01    1.6608440473e+01   -1.1285167893e+02    3.9015829407e+00    6.4930000000e+04    3.1427057750e-01    9.9203244147e-01
       137   -3.1967681627e+01    1.0235264206e+03   -5.6282971790e+01    2.4315290163e+01    3.6223324485e+01    1.6608440473e+01   -1.1305486731e+02    3.9401305564e+00    6.4366000000e+04    3.1770967375e-01    9.9192069095e-01
       138   -3.1960628443e+01    1.0230102933e+03   -5.6247606657e+01    2.4286978214e+01    3.6176841289e+01    1.6608440473e+01   -1.1287022289e+02    3.8373344734e+00    6.3871000000e+04    3.2043185063e-01    9.9219425378e-01
       139   -3.1961742833e+01    1.0230985663e+03   -5.6316563331e+01    2.4354820497e+01    3.6311396989e+01    1.6608440473e+01   -1.1310511666e+02    3.8687158719e+00    6.3884000000e+04    3.1359235766e-01    9.9217582562e-01
       140   -3.1988836745e+01    1.0248158168e+03   -5.6342160012e+01    2.4353323267e+01    3.6293232003e+01    1.6608440473e+01   -1.1308906280e+02    3.8452303130e+00    6.5003000000e+04    3.1559057566e-01    9.9215963272e-01
       141   -3.1979183038e+01    1.0241880454e+03   -5.6450962062e+01    2.4471779024e+01    3.6312260920e+01    1.6608440473e+01   -1.1324194304e+02    3.8702795823e+00    6.5544000000e+04    3.2669887934e-01    9.9206970950e-01
       142   -3.1957701483e+01    1.0228303694e+03   -5.6305127419e+01    2.4347425936e+01    3.6274762870e+01    1.6608440473e+01   -1.1306521112e+02    3.8768803570e+00    6.5382000000e+04    3.2156207441e-01    9.9223915148e-01
       143   -3.1959557868e+01    1.0230166030e+03   -5.6655570114e+01    2.4696012245e+01    3.6414723769e+01    1.6608440473e+01   -1.1360503262e+02    3.9262982608e+00    6.5492000000e+04    3.2507065898e-01    9.9188993069e-01
       144   -3.1968310527e+01    1.0235585426e+03   -5.6409449442e+01    2.4441138915e+01    3.6332550491e+01    1.6608440473e+01   -1.1327045344e+02    3.9200130299e+00    6.5626000000e+04    3.3390840359e-01    9.9208506419e-01
       145   -3.1964050998e+01    1.0232944736e+03   -5.6551588228e+01    2.4587537230e+01    3.6333509587e+01    1.6608440473e+01   -1.1328681479e+02    3.7932764997e+00    6.5108000000e+04    3.1638136367e-01    9.9191807314e-01
       146   -3.1966648447e+01    1.0234120001e+03   -5.6494384990e+01    2.4527736543e+01    3.6292072542e+01    1.6608440473e+01   -1.1322148290e+02    3.8265848941e+00    6.5152000000e+04    3.1632459234e-01    9.9206936099e-01
       147   -3.1976254700e+01    1.0240514459e+03   -5.6491769601e+01    2.4515514901e+01    3.6229657161e+01    1.6608440473e+01   -1.1317023296e+02    3.8403657264e+00    6.5857000000e+04    3.3680577687e-01    9.9182576879e-01
       148   -3.1973986308e+01    1.0239779999e+03   -5.6215437274e+01    2.4241450966e+01    3.6259505400e+01    1.6608440473e+01   -1.1296616701e+02    3.8827838668e+00    6.6113000000e+04    3.4344347668e-01    9.9215915476e-01
       149   -3.1980492769e+01    1.0243559207e+03   -5.6087753294e+01    2.4107260525e+01    3.6193842515e+01    1.6608440473e+01   -1.1277838270e+02    3.8883464190e+00    6.6095000000e+04    3.4363620633e-01    9.9205760722e-01
       150   -3.1993017017e+01    1.0251333232e+03   -5.6250012289e+01    2.4256995272e+01    3.6095665787e+01    1.6608440473e+01   -1.1282302268e+02    3.8689041356e+00    6.5491000000e+04    3.2870155395e-01    9.9190198524e-01
       151   -3.1968261602e+01    1.0235177446e+03   -5.6171667554e+01    2.4203405951e+01    3.6152080914e+01    1.6608440473e+01   -1.1286439988e+02    3.9322109395e+00    6.5945000000e+04    3.4118591039e-01    9.9200703877e-01
       152   -3.1957793283e+01    1.0228477903e+03   -5.6140957201e+01    2.4183163918e+01    3.6175271497e+01    1.6608440473e+01   -1.1282935454e+02    3.9046853704e+00    6.6439000000e+04    3.5031037746e-01    9.9192530126e-01
       153   -3.1965912139e+01    1.0233958550e+03   -5.6222552537e+01    2.4256640398e+01    3.6200806499e+01    1.6608440473e+01   -1.1291207907e+02    3.8802795591e+00    6.5955000000e+04    3.4826639723e-01    9.9186619824e-01
       154   -3.1957792072e+01    1.0228884818e+03   -5.6538148796e+01    2.4580356724e+01    3.6343582495e+01    1.6608440473e+01   -1.1334193589e+02    3.8517641254e+00    6.6429000000e+04    3.5472305238e-01    9.9209859103e-01
       155   -3.1979038704e+01    1.0242479244e+03   -5.6166907719e+01    2.4187869015e+01    3.6210973452e+01    1.6608440473e+01   -1.1292443831e+02    3.9381166662e+00    6.6080000000e+04    3.5139079805e-01    9.9208597660e-01
       156   -3.1959143249e+01    1.0229628192e+03   -5.6121176776e+01    2.4162033527e+01    3.6098618586e+01    1.6608440473e+01   -1.1260458888e+02    3.7763530491e+00    6.6224000000e+04    3.5095029609e-01    9.9199025421e-01
       157   -3.1954703966e+01    1.0226751239e+03   -5.6249494682e+01    2.4294790716e+01    3.6227546760e+01    1.6608440473e+01   -1.1305375234e+02    3.9682704207e+00    6.5857000000e+04    3.4599964285e-01    9.9185303873e-01
       158   -3.1957074658e+01    1.0228143839e+03   -5.6386181535e+01    2.4429106877e+01    3.6266354185e+01    1.6608440473e+01   -1.1326566931e+02    4.0046931155e+00    6.5885000000e+04    3.4758111676e-01    9.9200069317e-01
       159   -3.1958091522e+01    1.0228660113e+03   -5.6229287661e+01    2.4271196139e+01    3.6236131961e+01    1.6608440473e+01   -1.1306323048e+02    3.9893703838e+00    6.5813000000e+04    3.4361320723e-01    9.9185801794e-01
       160   -3.1975655870e+01    1.0240060813e+03   -5.6028417183e+01    2.4052761313e+01    3.6168460827e+01    1.6608440473e+01   -1.1261664565e+02    3.8113271670e+00    6.5924000000e+04    3.3958810559e-01    9.9215685981e-01
       161   -3.1983901521e+01    1.0244687202e+03   -5.6064906329e+01    2.4081004809e+01    3.6077836700e+01    1.6608440473e+01   -1.1259251212e+02    3.8413286128e+00    6.5594000000e+04    3.2696619895e-01    9.9210187711e-01
       162   -3.1987250079e+01    1.0247070062e+03   -5.6157752006e+01    2.4170501927e+01    3.6148810682e+01    1.6608440473e+01   -1.1282755937e+02    3.9125562121e+00    6.5644000000e+04    3.2920712305e-01    9.9203361668e-01
       163   -3.1964752097e+01    1.0232693237e+03   -5.6114032195e+01    2.4149280098e+01    3.6254158730e+01    1.6608440473e+01   -1.1283364341e+02    3.8570120099e+00    6.5496000000e+04    3.2289305902e-01    9.9220340724e-01
       164   -3.1974277287e+01    1.0238623180e+03   -5.6113788079e+01    2.4139510791e+01    3.6261603885e+01    1.6608440473e+01   -1.1290108326e+02    3.9172508243e+00    6.5999000000e+04    3.4018339602e-01    9.9208198526e-01
       165   -3.1974670534e+01    1.0239367178e+03   -5.6279203239e+01    2.4304532705e+01    3.6218426409e+01    1.6608440473e+01   -1.1298877281e+02    3.8827026914e+00    6.6819000000e+04    3.5884779145e-01    9.9198005371e-01
       166   -3.1944796976e+01    1.0220789909e+03   -5.6420542267e+01    2.4475745291e+01    3.6372390651e+01    1.6608440473e+01   -1.1332999818e+02    3.9286247895e+00    6.6539000000e+04    3.5487098895e-01    9.9204032842e-01
       167   -3.1974225817e+01    1.0239050898e+03   -5.6287209124e+01    2.4312983306e+01    3.6349858315e+01    1.6608440473e+01   -1.1330852397e+02    4.0630160612e+00    6.5972000000e+04    3.4630259215e-01    9.9211700938e-01
       168   -3.1970829194e+01    1.0236612709e+03   -5.6238921038e+01    2.4268091844e+01    3.6352181754e+01    1.6608440473e+01   -1.1323013599e+02    4.0305927271e+00    6.5526000000e+04    3.2676358898e-01    9.9184611913e-01
       169   -3.1968970761e+01    1.0235658373e+03   -5.6474415120e+01    2.4505444359e+01    3.6355571150e+01    1.6608440473e+01   -1.1339301966e+02    3.9545929220e+00    6.4927000000e+04    3.1975811855e-01    9.9224321321e-01
       170   -3.1978506337e+01    1.0241366518e+03   -5.6235835131e+01    2.4257328793e+01    3.6332461027e+01    1.6608440473e+01   -1.1311642550e+02    3.9396888736e+00    6.4558000000e+04    3.1829772594e-01    9.9205749404e-01
       171   -3.1976163156e+01    1.0239750644e+03   -5.6273708813e+01    2.4297545657e+01    3.6234017846e+01    1.6608440473e+01   -1.1301907371e+02    3.9029065746e+00    6.4288000000e+04    3.1661003262e-01    9.9215776660e-01
       172   -3.1980005302e+01    1.0242473688e+03   -5.6309611601e+01    2.4329606299e+01    3.6349139699e+01    1.6608440473e+01   -1.1321260855e+02    3.9454167800e+00    6.4975000000e+04    3.1496205770e-01    9.9198806366e-01
       173   -3.1972062350e+01    1.0237256571e+03   -5.6469155474e+01    2.4497093124e+01    3.6302114511e+01    1.6608440473e+01   -1.1323449921e+02    3.8547887561e+00    6.5158000000e+04    3.1425167051e-01    9.9209833926e-01
       174   -3.1958868011e+01    1.0229837243e+03   -5.6452885331e+01    2.4494017320e+01    3.6311165484e+01    1.6608440473e+01   -1.1327712757e+02    3.9046362775e+00    6.4631000000e+04    3.1470700770e-01    9.9167358286e-01
       175   -3.1962035604e+01    1.0231329374e+03   -5.6445425957e+01    2.4483390353e+01    3.6394516031e+01    1.6608440473e+01   -1.1344520702e+02    3.9968245558e+00    6.4728000000e+04    3.1937877066e-01    9.9202616724e-01
       176   -3.1973446669e+01    1.0238316219e+03   -5.6401963227e+01    2.4428516558e+01    3.6335645511e+01    1.6608440473e+01   -1.1326268862e+02    3.9166394071e+00    6.4266000000e+04    3.1379303000e-01    9.9200512344e-01
       177   -3.1969825906e+01    1.0235317716e+03   -5.6040549366e+01    2.4070723461e+01    3.6211700747e+01    1.6608440473e+01   -1.1269645420e+02    3.8357636148e+00    6.4742000000e+04    3.1662966121e-01    9.9202177768e-01
       178   -3.1957130298e+01    1.0227344684e+03   -5.6308987257e+01    2.4351856959e+01    3.6231650337e+01    1.6608440473e+01   -1.1301088018e+02    3.8618021147e+00    6.4207000000e+04    3.1854967086e-01    9.9186789906e-01
       179   -3.1977745616e+01    1.0241567398e+03   -5.6613725419e+01    2.4635979803e+01    3.6252883675e+01    1.6608440473e+01   -1.1342019824e+02    3.9451486731e+00    6.4488000000e+04    3.2016939488e-01    9.9195657294e-01
       180   -3.1969452640e+01    1.0236448143e+03   -5.6277343482e+01    2.4307890841e+01    3.6228466151e+01    1.6608440473e+01   -1.1294591352e+02    3.8316634121e+00    6.4996000000e+04    3.1663410641e-01    9.9216311598e-01
       181   -3.1993544882e+01    1.0251704372e+03   -5.6310222830e+01    2.4316677948e+01    3.6295039360e+01    1.6608440473e+01   -1.1314065392e+02    3.9269512525e+00    6.5807000000e+04    3.4054840426e-01    9.9216350595e-01
       182   -3.1971788949e+01    1.0236909607e+03   -5.6212371040e+01    2.4240582091e+01    3.6265110488e+01    1.6608440473e+01   -1.1299182529e+02    3.9059032923e+00    6.5687000000e+04    3.3281487184e-01    9.9210846384e-01
       183   -3.1946312873e+01    1.0221660033e+03   -5.6192342130e+01    2.4246029257e+01    3.6208238405e+01    1.6608440473e+01   -1.1283807492e+02    3.8290539074e+00    6.5449000000e+04    3.1940461672e-01    9.9213304773e-01
       184   -3.1975459592e+01    1.0239812390e+03   -5.6344808883e+01    2.4369349290e+01    3.6253813638e+01    1.6608440473e+01   -1.1308797345e+02    3.8809104541e+00    6.5551000000e+04    3.3102041445e-01    9.9199635033e-01
       185   -3.1977280179e+01    1.0240828873e+03   -5.6357573858e+01    2.4380293679e+01    3.6192519042e+01    1.6608440473e+01   -1.1308904577e+02    3.9305123936e+00    6.5924000000e+04    3.3904346437e-01    9.9191124021e-01
       186   -3.1954910349e+01    1.0227053044e+03   -5.5925916035e+01    2.3971005686e+01    3.6067918053e+01    1.6608440473e+01   -1.1251518287e+02    3.9129083126e+00    6.5647000000e+04    3.2265398758e-01    9.9196892919e-01
       187   -3.1944558596e+01    1.0219396588e+03   -5.6090771986e+01    2.4146213390e+01    3.6091886336e+01    1.6608440473e+01   -1.1270589135e+02    3.9147925563e+00    6.4671000000e+04    3.1474055059e-01    9.9207299572e-01
       188   -3.1949619037e+01    1.0223635947e+03   -5.6026300087e+01    2.4076681050e+01    3.6183651275e+01    1.6608440473e+01   -1.1282506727e+02    4.0066754363e+00    6.4807000000e+04    3.1373649582e-01    9.9203426801e-01
       189   -3.1961401106e+01    1.0231502612e+03   -5.6400477045e+01    2.4439075939e+01    3.6217429588e+01    1.6608440473e+01   -1.1319614055e+02    3.9697934470e+00    6.4515000000e+04    3.1646558141e-01    9.9222556946e-01
       190   -3.1958114330e+01    1.0228764637e+03   -5.6235821061e+01    2.4277706731e+01    3.6170271267e+01    1.6608440473e+01   -1.1294501954e+02    3.9304867352e+00    6.4506000000e+04    3.1952793578e-01    9.9206016794e-01
       191   -3.1978238196e+01    1.0241859982e+03   -5.6343475537e+01    2.4365237341e+01    3.6162608076e+01    1.6608440473e+01   -1.1308887559e+02    3.9743515054e+00    6.4976000000e+04    3.1058569641e-01    9.9216962155e-01
       192   -3.1968936271e+01    1.0236281778e+03   -5.6351302613e+01    2.4382366342e+01    3.6343672969e+01    1.6608440473e+01   -1.1321196054e+02    3.9085444897e+00    6.4888000000e+04    3.1437941270e-01    9.9202449526e-01
       193   -3.1958126464e+01    1.0228210727e+03   -5.6135826700e+01    2.4177700236e+01    3.6311763841e+01    1.6608440473e+01   -1.1297916079e+02    3.9231297767e+00    6.4810000000e+04    3.1924289039e-01    9.9212336306e-01
       194   -3.1974474599e+01    1.0238960327e+03   -5.6381109066e+01    2.4406634467e+01    3.6400812209e+01    1.6608440473e+01   -1.1339666217e+02    4.0063004245e+00    6.5557000000e+04    3.3033519469e-01    9.9226092130e-01
       195   -3.1971496017e+01    1.0237333020e+03   -5.6238126860e+01    2.4266630843e+01    3.6262974610e+01    1.6608440473e+01   -1.1295535243e+02    3.8458104819e+00    6.5599000000e+04    3.2956792105e-01    9.9184087057e-01
       196   -3.1973960361e+01    1.0238288614e+03   -5.6039229665e+01    2.4065269304e+01    3.6157783845e+01    1.6608440473e+01   -1.1268155334e+02    3.8760993607e+00    6.5739000000e+04    3.3028480484e-01    9.9207609769e-01
       197   -3.1977074252e+01    1.0241151656e+03   -5.6149066928e+01    2.4171992676e+01    3.6190122425e+01    1.6608440473e+01   -1.1295368772e+02    4.0060578939e+00    6.6186000000e+04    3.4912100066e-01    9.9200286865e-01
       198   -3.1961201994e+01    1.0230549506e+03   -5.6183437179e+01    2.4222235185e+01    3.6168168327e+01    1.6608440473e+01   -1.1289036353e+02    3.9303175543e+00    6.6255000000e+04    3.4839429855e-01    9.9218200845e-01
       199   -3.1965299356e+01    1.0233801241e+03   -5.5967461645e+01    2.4002162289e+01    3.6030701077e+01    1.6608440473e+01   -1.1256709334e+02    3.9604901423e+00    6.6449000000e+04    3.5542992824e-01    9.9211951243e-01
       200   -3.1988008017e+01    1.0248422636e+03   -5.6281271272e+01    2.4293263255e+01    3.6089095384e+01    1.6608440473e+01   -1.1299159795e+02    4.0127908241e+00    6.6268000000e+04    3.5542115266e-01    9.9216319190e-01
       201   -3.1961912441e+01    1.0231656666e+03   -5.6205908309e+01    2.4243995868e+01    3.6173559599e+01    1.6608440473e+01   -1.1293487193e+02    3.9469635477e+00    6.5996000000e+04    3.4308744684e-01    9.9193552914e-01
       202   -3.1984002176e+01    1.0244904617e+03   -5.6177729450e+01    2.4193727274e+01    3.6153163963e+01    1.6608440473e+01   -1.1289593185e+02    3.9565979597e+00    6.6281000000e+04    3.5059671699e-01    9.9199609669e-01
       203   -3.1958273414e+01    1.0229082762e+03   -5.6180227845e+01    2.4221954432e+01    3.6055337276e+01    1.6608440473e+01   -1.1276400897e+02    3.9200033722e+00    6.5572000000e+04    3.2515171195e-01    9.9214348881e-01
       204   -3.1949014510e+01    1.0222882944e+03   -5.6144382973e+01    2.4195368464e+01    3.6074874430e+01    1.6608440473e+01   -1.1270268922e+02    3.8749913406e+00    6.5450000000e+04    3.1948080504e-01    9.9198159125e-01
       205   -3.1973978017e+01    1.0239024329e+03   -5.6302150868e+01    2.4328172852e+01    3.6073675472e+01    1.6608440473e+01   -1.1280722825e+02    3.8229614318e+00    6.5793000000e+04    3.3174334684e-01    9.9202260381e-01
       206   -3.1977545703e+01    1.0240903768e+03   -5.6085231046e+01    2.4107685343e+01    3.6165417028e+01    1.6608440473e+01   -1.1280228029e+02    3.9431917388e+00    6.6542000000e+04    3.5589175785e-01    9.9210686021e-01
       207   -3.1973999477e+01    1.0238537529e+03   -5.6216141948e+01    2.4242142471e+01    3.6208287171e+01    1.6608440473e+01   -1.1294265974e+02    3.9097901482e+00    6.5977000000e+04    3.4115049375e-01    9.9195847193e-01
       208   -3.1963193914e+01    1.0232512323e+03   -5.6320340773e+01    2.4357146858e+01    3.6195367020e+01    1.6608440473e+01   -1.1288166553e+02    3.7575172618e+00    6.6331000000e+04    3.5443771152e-01    9.9196344516e-01
       209   -3.1969218653e+01    1.0235506907e+03   -5.6214578823e+01    2.4245360169e+01    3.6177271224e+01    1.6608440473e+01   -1.1297217123e+02    3.9718807079e+00    6.5826000000e+04    3.5694123824e-01    9.9198323602e-01
       210   -3.1979365065e+01    1.0242957470e+03   -5.6394095779e+01    2.4414730713e+01    3.6233777724e+01    1.6608440473e+01   -1.1310540156e+02    3.8690875805e+00    6.5246000000e+04    3.2189321871e-01    9.9214168031e-01
       211   -3.1973726924e+01    1.0238317641e+03   -5.6200946031e+01    2.4227219107e+01    3.6280848822e+01    1.6608440473e+01   -1.1301281423e+02    3.9225789046e+00    6.5502000000e+04    3.2606149430e-01    9.9210748370e-01
       212   -3.1980258530e+01    1.0242607622e+03   -5.6405379050e+01    2.4425120520e+01    3.6283944047e+01    1.6608440473e+01   -1.1318470776e+02    3.8869441861e+00    6.4965000000e+04    3.2440519324e-01    9.9209235013e-01
       213   -3.1966862859e+01    1.0234119797e+03   -5.6148705705e+01    2.4181842846e+01    3.6237895043e+01    1.6608440473e+01   -1.1280793267e+02    3.8128914458e+00    6.5002000000e+04    3.1943453238e-01    9.9204223815e-01
       214   -3.1978421326e+01    1.0241407437e+03   -5.6403351445e+01    2.4424930119e+01    3.6325435221e+01    1.6608440473e+01   -1.1315447064e+02    3.8172435016e+00    6.5987000000e+04    3.4499040703e-01    9.9199591086e-01
       215   -3.1971596030e+01    1.0237143200e+03   -5.6304784893e+01    2.4333188863e+01    3.6331186870e+01    1.6608440473e+01   -1.1320740449e+02    3.9629922524e+00    6.5430000000e+04    3.1962484121e-01    9.9189001953e-01
       216   -3.1969430923e+01    1.0235533160e+03   -5.6196721148e+01    2.4227290224e+01    3.6284584073e+01    1.6608440473e+01   -1.1303378310e+02    3.9440374014e+00    6.5509000000e+04    3.2363038461e-01    9.9204132570e-01
       217   -3.1970967594e+01    1.0236308700e+03   -5.6070119963e+01    2.4099152369e+01    3.6245280243e+01    1.6608440473e+01   -1.1283042768e+02    3.9065870021e+00    6.5681000000e+04    3.3630022383e-01    9.9227888585e-01
       218   -3.1963452868e+01    1.0232226959e+03   -5.6171481114e+01    2.4208028246e+01    3.6193062079e+01    1.6608440473e+01   -1.1298279235e+02    4.0098086825e+00    6.4792000000e+04    3.1644896074e-01    9.9221994216e-01
       219   -3.1974237750e+01    1.0238242512e+03   -5.5937006147e+01    2.3962768397e+01    3.6154379356e+01    1.6608440473e+01   -1.1260077372e+02    3.9009477447e+00    6.4698000000e+04    3.1375069273e-01    9.9225326430e-01
       220   -3.1987198309e+01    1.0246999095e+03   -5.5935842649e+01    2.3948644340e+01    3.6179998031e+01    1.6608440473e+01   -1.1255637399e+02    3.8320928385e+00    6.4219000000e+04    3.1723963262e-01    9.9213111360e-01
       221   -3.1957902171e+01    1.0228287466e+03   -5.6036029081e+01    2.4078126910e+01    3.6243724762e+01    1.6608440473e+01   -1.1278809466e+02    3.8999003416e+00    6.4286000000e+04    3.1816921750e-01    9.9212721248e-01
       222   -3.1965017454e+01    1.0232914586e+03   -5.6020816579e+01    2.4055799125e+01    3.6169229589e+01    1.6608440473e+01   -1.1270771161e+02    3.9092249724e+00    6.4029000000e+04    3.2319697656e-01    9.9231752825e-01
       223   -3.1978843357e+01    1.0241539710e+03   -5.6056491796e+01    2.4077648438e+01    3.6165820422e+01    1.6608440473e+01   -1.1272748258e+02    3.8967298892e+00    6.4050000000e+04    3.1700803457e-01    9.9206842720e-01
       224   -3.1959438175e+01    1.0229118975e+03   -5.6190141707e+01    2.4230703532e+01    3.6273226089e+01    1.6608440473e+01   -1.1292667892e+02    3.8548706477e+00    6.4859000000e+04    3.1465890184e-01    9.9218612849e-01
       225   -3.1968420647e+01    1.0234486276e+03   -5.6308141211e+01    2.4339720564e+01    3.6227788018e+01    1.6608440473e+01   -1.1294826240e+02    3.8038926953e+00    6.4276000000e+04    3.1534193180e-01    9.9200279844e-01
       226   -3.1952751185e+01    1.0224761676e+03   -5.6095769044e+01    2.4143017858e+01    3.6208174370e+01    1.6608440473e+01   -1.1269386737e+02    3.7814834817e+00    6.3605000000e+04    3.2168857602e-01    9.9240579344e-01
       227   -3.1966398302e+01    1.0234068290e+03   -5.6026268397e+01    2.4059870095e+01    3.6173688741e+01    1.6608440473e+01   -1.1269967172e+02    3.8912741045e+00    6.3873000000e+04    3.1496400727e-01    9.9227001030e-01
       228   -3.1978204868e+01    1.0241414835e+03   -5.6094278066e+01    2.4116073198e+01    3.6110043768e+01    1.6608440473e+01   -1.1267818569e+02    3.8654233785e+00    6.5570000000e+04    3.2587319859e-01    9.9188920344e-01
       229   -3.1954331942e+01    1.0225986280e+03   -5.6093759145e+01    2.4139427203e+01    3.6168099961e+01    1.6608440473e+01   -1.1282099561e+02    3.9506960349e+00    6.6441000000e+04    3.5498738738e-01    9.9216986226e-01
       230   -3.1974271907e+01    1.0238878458e+03   -5.6094945400e+01    2.4120673493e+01    3.6190946070e+01    1.6608440473e+01   -1.1274168686e+02    3.8473549203e+00    6.6658000000e+04    3.5304834934e-01    9.9215141140e-01
       231   -3.1966104207e+01    1.0233748509e+03   -5.6060554396e+01    2.4094450190e+01    3.6264497198e+01    1.6608440473e+01   -1.1283765363e+02    3.9041615596e+00    6.7327000000e+04    3.6356284203e-01    9.9213310085e-01
       232   -3.1956827705e+01    1.0228457429e+03   -5.6390461797e+01    2.4433634092e+01    3.6295035840e+01    1.6608440473e+01   -1.1326960335e+02    3.9756652435e+00    6.7482000000e+04    3.5991307168e-01    9.9198090132e-01
       233   -3.1969162223e+01    1.0235967425e+03   -5.6332704745e+01    2.4363542522e+01    3.6259837153e+01    1.6608440473e+01   -1.1319682780e+02    3.9958454250e+00    6.7974000000e+04    3.6472075758e-01    9.9183757117e-01
       234   -3.1970832181e+01    1.0236385419e+03   -5.6083632304e+01    2.4112800123e+01    3.6081197423e+01    1.6608440473e+01   -1.1262295476e+02    3.8496845623e+00    6.7498000000e+04    3.6954228453e-01    9.9207942932e-01
       235   -3.1959901719e+01    1.0229407547e+03   -5.6035152292e+01    2.4075250572e+01    3.6123562016e+01    1.6608440473e+01   -1.1263767701e+02    3.8705222275e+00    6.7954000000e+04    3.6059007848e-01    9.9230880002e-01
       236   -3.1967827418e+01    1.0236421314e+03   -5.6244476080e+01    2.4276648662e+01    3.6141558739e+01    1.6608440473e+01   -1.1290215598e+02    3.9076806866e+00    6.7071000000e+04    3.5964631887e-01    9.9203532910e-01
       237   -3.1957311538e+01    1.0228563959e+03   -5.6240998262e+01    2.4283686724e+01    3.6175156428e+01    1.6608440473e+01   -1.1296090501e+02    3.9363098512e+00    6.6600000000e+04    3.5741608508e-01    9.9210690751e-01
       238   -3.1952873308e+01    1.0225124649e+03   -5.6445541175e+01    2.4492667867e+01    3.6281534376e+01    1.6608440473e+01   -1.1331456351e+02    3.9790474904e+00    6.5642000000e+04    3.2889710238e-01    9.9195484154e-01
       239   -3.1981514392e+01    1.0243671988e+03   -5.6537607354e+01    2.4556092962e+01    3.6311517277e+01    1.6608440473e+01   -1.1346293773e+02    4.0053726283e+00    6.5225000000e+04    3.1477062805e-01    9.9195190769e-01
       240   -3.1971753024e+01    1.0236605833e+03   -5.6277742802e+01    2.4305989778e+01    3.6200814922e+01    1.6608440473e+01   -1.1304259134e+02    3.9555931476e+00    6.4718000000e+04    3.1535333945e-01    9.9190316473e-01
       241   -3.1970333088e+01    1.0236421900e+03   -5.6243574128e+01    2.4273241040e+01    3.6361023058e+01    1.6608440473e+01   -1.1322322787e+02    4.0101902137e+00    6.5195000000e+04    3.1884988762e-01    9.9215524397e-01
       242   -3.1948633130e+01    1.0222996686e+03   -5.6300760442e+01    2.4352127312e+01    3.6379377137e+01    1.6608440473e+01   -1.1326548206e+02    3.9769040091e+00    6.5482000000e+04    3.2364993117e-01    9.9211626138e-01
       243   -3.1968667732e+01    1.0235353778e+03   -5.6187038082e+01    2.4218370350e+01    3.6192840231e+01    1.6608440473e+01   -1.1296505198e+02    3.9767331896e+00    6.4710000000e+04    3.2129058305e-01    9.9220519670e-01
       244   -3.1971044772e+01    1.0236989994e+03   -5.6066778478e+01    2.4095733706e+01    3.6163820315e+01    1.6608440473e+01   -1.1278705696e+02    3.9480176960e+00    6.4313000000e+04    3.1555357270e-01    9.9220234503e-01
       245   -3.1959307603e+01    1.0229690700e+03   -5.6167722898e+01    2.4208415295e+01    3.6201065907e+01    1.6608440473e+01   -1.1294837551e+02    3.9711462287e+00    6.4769000000e+04    3.1872099109e-01    9.9215476460e-01
       246   -3.1977603107e+01    1.0242204667e+03   -5.6126690244e+01    2.4149087137e+01    3.6039234135e+01    1.6608440473e+01   -1.1259068537e+02    3.8163205207e+00    6.5186000000e+04    3.2175682187e-01    9.9210997008e-01
       247   -3.1962375792e+01    1.0230852758e+03   -5.6118674874e+01    2.4156299082e+01    3.5994495172e+01    1.6608440473e+01   -1.1266254794e+02    3.9409374253e+00    6.5185000000e+04    3.1882650070e-01    9.9221043932e-01
       248   -3.1991884146e+01    1.0250976290e+03   -5.6225780985e+01    2.4233896839e+01    3.6039752319e+01    1.6608440473e+01   -1.1282762353e+02    3.9536497522e+00    6.5318000000e+04    3.2045078855e-01    9.9206276694e-01
       249   -3.1959668811e+01    1.0228976654e+03   -5.6115700971e+01    2.4156032159e+01    3.6007204868e+01    1.6608440473e+01   -1.1258205083e+02    3.8507045154e+00    6.4823000000e+04    3.1375704465e-01    9.9202243503e-01
       250   -3.1966990608e+01    1.0234404337e+03   -5.6052255742e+01    2.4085265134e+01    3.6095426635e+01    1.6608440473e+01   -1.1258885915e+02    3.8327363050e+00    6.4525000000e+04    3.1693753098e-01    9.9180975788e-01
       251   -3.1953999758e+01    1.0225645240e+03   -5.5998174732e+01    2.4044174974e+01    3.6122531225e+01    1.6608440473e+01   -1.1255128875e+02    3.8221423178e+00    6.4582000000e+04    3.1479823199e-01    9.9205190094e-01
       252   -3.1967219389e+01    1.0235032685e+03   -5.6370269982e+01    2.4403050592e+01    3.6108658195e+01    1.6608440473e+01   -1.1291091352e+02    3.8235448721e+00    6.3952000000e+04    3.1562887852e-01    9.9191523931e-01
       253   -3.1970569335e+01    1.0236438710e+03   -5.6249375088e+01    2.4278805753e+01    3.6261481385e+01    1.6608440473e+01   -1.1306079399e+02    3.9414970446e+00    6.4578000000e+04    3.2218450660e-01    9.9218712915e-01
       254   -3.1990354585e+01    1.0249696043e+03   -5.6290035400e+01    2.4299680815e+01    3.6344805251e+01    1.6608440473e+01   -1.1316989317e+02    3.9266120426e+00    6.4777000000e+04    3.2022181840e-01    9.9191000893e-01
       255   -3.1972541314e+01    1.0237594094e+03   -5.5994857491e+01    2.4022316176e+01    3.6194148790e+01    1.6608440473e+01   -1.1266627877e+02    3.8688320125e+00    6.5354000000e+04    3.1979613750e-01    9.9224831809e-01
       256   -3.1950801612e+01    1.0223259210e+03   -5.6041934717e+01    2.4091133105e+01    3.6176677277e+01    1.6608440473e+01   -1.1282870236e+02    4.0016498971e+00    6.5559000000e+04    3.3621003773e-01    9.9211314064e-01
       257   -3.1966773903e+01    1.0233769625e+03   -5.6189904111e+01    2.4223130209e+01    3.6217541506e+01    1.6608440473e+01   -1.1301087588e+02    3.9949897921e+00    6.4906000000e+04    3.1424689656e-01    9.9211210834e-01
       258   -3.1943384561e+01    1.0219177967e+03   -5.6418958384e+01    2.4475573822e+01    3.6219618679e+01    1.6608440473e+01   -1.1321467569e+02    3.9676581547e+00    6.4964000000e+04    3.1528332516e-01    9.9216256950e-01
       259   -3.1961258725e+01    1.0230996158e+03   -5.6277433765e+01    2.4316175040e+01    3.6131244481e+01    1.6608440473e+01   -1.1284976927e+02    3.8326505488e+00    6.5339000000e+04    3.2579685426e-01    9.9214283552e-01
       260   -3.1990855596e+01    1.0249879466e+03   -5.6460633710e+01    2.4469778114e+01    3.6155323619e+01    1.6608440473e+01   -1.1316905125e+02    3.9446534519e+00    6.5399000000e+04    3.2354277879e-01    9.9205052673e-01
       261   -3.1986026286e+01    1.0246685484e+03   -5.6586168033e+01    2.4600141748e+01    3.6241876722e+01    1.6608440473e+01   -1.1339918274e+02    3.9626975144e+00    6.6648000000e+04    3.5699504391e-01    9.9201510053e-01
       262   -3.1973462040e+01    1.0238941528e+03   -5.6687970164e+01    2.4714508124e+01    3.6390511405e+01    1.6608440473e+01   -1.1371032813e+02    4.0234060840e+00    6.7151000000e+04    3.6936311445e-01    9.9218428338e-01
       263   -3.1969585502e+01    1.0236128416e+03   -5.6437326638e+01    2.4467741136e+01    3.6370364132e+01    1.6608440473e+01   -1.1338932287e+02    3.9731916249e+00    6.7681000000e+04    3.6080431410e-01    9.9214459169e-01
       264   -3.1961142212e+01    1.0230893335e+03   -5.6291597461e+01    2.4330455248e+01    3.6310557598e+01    1.6608440473e+01   -1.1313144293e+02    3.9208473952e+00    6.8001000000e+04    3.6208232520e-01    9.9194725904e-01
       265   -3.1948808709e+01    1.0222269766e+03   -5.6080170946e+01    2.4131362237e+01    3.6243190070e+01    1.6608440473e+01   -1.1277450781e+02    3.8427063242e+00    6.6867000000e+04    3.6210076602e-01    9.9211270949e-01
       266   -3.1954907067e+01    1.0227808121e+03   -5.6344386930e+01    2.4389479863e+01    3.6182734005e+01    1.6608440473e+01   -1.1307132385e+02    3.9357624389e+00    6.5495000000e+04    3.2199127484e-01    9.9196885644e-01
       267   -3.1972119039e+01    1.0237976597e+03   -5.6482348615e+01    2.4510229575e+01    3.6191335975e+01    1.6608440473e+01   -1.1322872124e+02    3.9465961748e+00    6.5889000000e+04    3.3957530562e-01    9.9193093479e-01
       268   -3.1964844608e+01    1.0233572354e+03   -5.6503465830e+01    2.4538621222e+01    3.6279350173e+01    1.6608440473e+01   -1.1332367328e+02    3.9324167995e+00    6.5774000000e+04    3.4277789176e-01    9.9201589795e-01
       269   -3.1952987448e+01    1.0225036360e+03   -5.6132427254e+01    2.4179439806e+01    3.6295296202e+01    1.6608440473e+01   -1.1315630005e+02    4.1201361208e+00    6.5534000000e+04    3.2588722387e-01    9.9226072734e-01
       270   -3.1971594861e+01    1.0237357760e+03   -5.6475088019e+01    2.4503493158e+01    3.6227659802e+01    1.6608440473e+01   -1.1318039471e+02    3.8692064180e+00    6.5688000000e+04    3.3374410426e-01    9.9198632228e-01
       271   -3.1961588412e+01    1.0230231517e+03   -5.6250469875e+01    2.4288881463e+01    3.6210204561e+01    1.6608440473e+01   -1.1310712510e+02    4.0380101960e+00    6.5489000000e+04    3.2725099465e-01    9.9209043064e-01
       272   -3.1974486100e+01    1.0239224024e+03   -5.6308883932e+01    2.4334397833e+01    3.6214048363e+01    1.6608440473e+01   -1.1309478255e+02    3.9634097852e+00    6.5047000000e+04    3.1790742168e-01    9.9220120858e-01
       273   -3.1965419638e+01    1.0233458319e+03   -5.6346631411e+01    2.4381211773e+01    3.6201436476e+01    1.6608440473e+01   -1.1305746073e+02    3.9009523735e+00    6.4723000000e+04    3.1644107688e-01    9.9199081019e-01
       274   -3.1967145790e+01    1.0237930093e+03   -5.6561270391e+01    2.4594124601e+01    3.6214343007e+01    1.6608440473e+01   -1.1324739994e+02    3.8633460678e+00    6.4704000000e+04    3.1808374922e-01    9.9191250925e-01
       275   -3.1955587605e+01    1.0227728035e+03   -5.6218123612e+01    2.4262536006e+01    3.6125435616e+01    1.6608440473e+01   -1.1280601039e+02    3.8540106879e+00    6.4875000000e+04    3.1456418766e-01    9.9191971210e-01
       276   -3.1972428288e+01    1.0238319839e+03   -5.6053167140e+01    2.4080738852e+01    3.6073586884e+01    1.6608440473e+01   -1.1255470666e+02    3.8195121607e+00    6.4428000000e+04    3.1416992574e-01    9.9216187444e-01
       277   -3.1947235127e+01    1.0222226413e+03   -5.6121248185e+01    2.4174013058e+01    3.6129876468e+01    1.6608440473e+01   -1.1278985760e+02    3.9302924751e+00    6.4998000000e+04    3.1272314613e-01    9.9205283135e-01
       278   -3.1950578522e+01    1.0224421566e+03   -5.6146458647e+01    2.4195880125e+01    3.6210605840e+01    1.6608440473e+01   -1.1291016363e+02    3.9446586672e+00    6.4815000000e+04    3.1449556520e-01    9.9200111361e-01
       279   -3.1948541837e+01    1.0222001957e+03   -5.6008455014e+01    2.4059913178e+01    3.6134070044e+01    1.6608440473e+01   -1.1262002745e+02    3.8690619141e+00    6.4667000000e+04    3.1405725418e-01    9.9221377484e-01
       280   -3.1971172553e+01    1.0237009148e+03   -5.6187693380e+01    2.4216520828e+01    3.6264988551e+01    1.6608440473e+01   -1.1297210159e+02    3.9109791892e+00    6.4373000000e+04    3.2443973703e-01    9.9219395663e-01
       281   -3.1968433745e+01    1.0235068160e+03   -5.6403564828e+01    2.4435131082e+01    3.6275560466e+01    1.6608440473e+01   -1.1320455064e+02    3.9169848741e+00    6.4679000000e+04    3.1797399641e-01    9.9207893275e-01
       282   -3.1973657109e+01    1.0238674226e+03   -5.6303188591e+01    2.4329531482e+01    3.6320969470e+01    1.6608440473e+01   -1.1318074752e+02    3.9481489838e+00    6.5490000000e+04    3.3354878555e-01    9.9197905588e-01
       283   -3.1969609402e+01    1.0236127473e+03   -5.6297454123e+01    2.4327844721e+01    3.6359049745e+01    1.6608440473e+01   -1.1329065570e+02    4.0257113553e+00    6.5885000000e+04    3.3877614406e-01    9.9203473964e-01
       284   -3.1971357043e+01    1.0236972936e+03   -5.6442663092e+01    2.4471306049e+01    3.6355593189e+01    1.6608440473e+01   -1.1344681758e+02    4.0401208314e+00    6.5907000000e+04    3.4166700395e-01    9.9202663447e-01
       285   -3.1945636216e+01    1.0220320568e+03   -5.6422064637e+01    2.4476428421e+01    3.6274549865e+01    1.6608440473e+01   -1.1325974152e+02    3.9546865428e+00    6.6315000000e+04    3.5097393898e-01    9.9220004959e-01
       286   -3.1963954051e+01    1.0232310980e+03   -5.6139823082e+01    2.4175869031e+01    3.6192213210e+01    1.6608440473e+01   -1.1286936876e+02    3.9288919980e+00    6.6375000000e+04    3.5059776051e-01    9.9201963985e-01
       287   -3.1973219193e+01    1.0238205919e+03   -5.6231013065e+01    2.4257793872e+01    3.6250774763e+01    1.6608440473e+01   -1.1307100825e+02    3.9807799463e+00    6.6658000000e+04    3.5623836629e-01    9.9203393479e-01
       288   -3.1966439562e+01    1.0233892873e+03   -5.6080704970e+01    2.4114265408e+01    3.6135777314e+01    1.6608440473e+01   -1.1279463956e+02    3.9697168012e+00    6.7244000000e+04    3.5875382016e-01    9.9219704740e-01
       289   -3.1974867113e+01    1.0239597638e+03   -5.6011625450e+01    2.4036758338e+01    3.6105301185e+01    1.6608440473e+01   -1.1264661990e+02    3.9212527931e+00    6.6980000000e+04    3.5731459723e-01    9.9213585588e-01
       290   -3.1954515283e+01    1.0226933516e+03   -5.6232607571e+01    2.4278092288e+01    3.6190699803e+01    1.6608440473e+01   -1.1293257026e+02    3.9008224095e+00    6.6093000000e+04    3.4937664617e-01    9.9224603239e-01
       291   -3.1963238881e+01    1.0231740679e+03   -5.6032717514e+01    2.4069478633e+01    3.6254161547e+01    1.6608440473e+01   -1.1284696807e+02    3.9516485312e+00    6.6065000000e+04    3.4673620727e-01    9.9235091622e-01
       292   -3.1957441219e+01    1.0228132127e+03   -5.6487842327e+01    2.4530401108e+01    3.6400633792e+01    1.6608440473e+01   -1.1347356102e+02    3.9766444268e+00    6.5683000000e+04    3.3440887863e-01    9.9198450259e-01
       293   -3.1966677859e+01    1.0234219353e+03   -5.6655611874e+01    2.4688934015e+01    3.6282328939e+01    1.6608440473e+01   -1.1339095935e+02    3.8445780619e+00    6.5473000000e+04    3.2386321801e-01    9.9197212362e-01
       294   -3.1979803676e+01    1.0242851300e+03   -5.6322396654e+01    2.4342592979e+01    3.6282165456e+01    1.6608440473e+01   -1.1312437502e+02    3.9113724390e+00    6.5473000000e+04    3.2201762465e-01    9.9211561772e-01
       295   -3.1953400883e+01    1.0225459664e+03   -5.6550656541e+01    2.4597255657e+01    3.6356879279e+01    1.6608440473e+01   -1.1337623666e+02    3.8602603663e+00    6.5536000000e+04    3.3354527262e-01    9.9176455950e-01
       296   -3.1978514605e+01    1.0241737787e+03   -5.6452861065e+01    2.4474346460e+01    3.6282833152e+01    1.6608440473e+01   -1.1316667005e+02    3.8225353619e+00    6.5800000000e+04    3.4012813531e-01    9.9207203675e-01
       297   -3.1970671534e+01    1.0237045218e+03   -5.6507866746e+01    2.4537195212e+01    3.6283600280e+01    1.6608440473e+01   -1.1341030630e+02    4.0103988047e+00    6.4970000000e+04    3.1496708555e-01    9.9191589206e-01
       298   -3.1967475166e+01    1.0235083624e+03   -5.6465518252e+01    2.4498043086e+01    3.6255396588e+01    1.6608440473e+01   -1.1323226953e+02    3.9029142126e+00    6.5248000000e+04    3.1716827984e-01    9.9181462466e-01
       299   -3.1958163400e+01    1.0229577375e+03   -5.6538732699e+01    2.4580569300e+01    3.6245012906e+01    1.6608440473e+01   -1.1328093119e+02    3.8887451067e+00    6.5154000000e+04    3.1727768129e-01    9.9186791307e-01
       300   -3.1977489431e+01    1.0240963122e+03   -5.6094746891e+01    2.4117257460e+01    3.6133354870e+01    1.6608440473e+01   -1.1276194228e+02    3.9254000427e+00    6.5117000000e+04    3.2411045820e-01    9.9226142259e-01
       301   -3.1969030771e+01    1.0235984023e+03   -5.6126159340e+01    2.4157128569e+01    3.6130474808e+01    1.6608440473e+01   -1.1274897358e+02    3.8838989567e+00    6.5654000000e+04    3.3185909543e-01    9.9218534788e-01
       302   -3.1965497036e+01    1.0233473902e+03   -5.6116040709e+01    2.4150543673e+01    3.6164791008e+01    1.6608440473e+01   -1.1283673954e+02    3.9474673522e+00    6.5807000000e+04    3.3782912094e-01    9.9203835409e-01
       303   -3.1958782129e+01    1.0229361959e+03   -5.6094332123e+01    2.4135549994e+01    3.6097806732e+01    1.6608440473e+01   -1.1266996034e+02    3.8693810133e+00    6.5271000000e+04    3.1803712980e-01    9.9211582014e-01
       304   -3.1969414433e+01    1.0239221670e+03   -5.6158245339e+01    2.4188830906e+01    3.6129439039e+01    1.6608440473e+01   -1.1281740130e+02    3.9212764514e+00    6.4438000000e+04    3.1655687344e-01    9.9212358526e-01
       305   -3.1971779153e+01    1.0237244218e+03   -5.5940646493e+01    2.3968867340e+01    3.5943283649e+01    1.6608440473e+01   -1.1233389549e+02    3.8415248770e+00    6.4668000000e+04    3.1762049039e-01    9.9209771095e-01
       306   -3.1985602238e+01    1.0245575123e+03   -5.6044509755e+01    2.4058907517e+01    3.6044959891e+01    1.6608440473e+01   -1.1256864009e+02    3.8707299729e+00    6.4757000000e+04    3.1850746355e-01    9.9201480334e-01
       307   -3.1978225171e+01    1.0241437395e+03   -5.6189282343e+01    2.4211057173e+01    3.6107740502e+01    1.6608440473e+01   -1.1279243625e+02    3.8869729287e+00    6.5129000000e+04    3.1387612262e-01    9.9201086249e-01
       308   -3.1999796419e+01    1.0255129206e+03   -5.6196312324e+01    2.4196515905e+01    3.6146014149e+01    1.6608440473e+01   -1.1287293213e+02    3.9221651871e+00    6.6192000000e+04    3.3922560855e-01    9.9209685854e-01
       309   -3.1969936585e+01    1.0236217328e+03   -5.6400345964e+01    2.4430409379e+01    3.6231370015e+01    1.6608440473e+01   -1.1313384253e+02    3.8936860753e+00    6.7261000000e+04    3.6513505234e-01    9.9209344375e-01
       310   -3.1976712710e+01    1.0241028417e+03   -5.6228766276e+01    2.4252053566e+01    3.6185033078e+01    1.6608440473e+01   -1.1302435346e+02    4.0021136378e+00    6.6189000000e+04    3.4740229254e-01    9.9202635161e-01
       311   -3.1972124874e+01    1.0237708338e+03   -5.6382948273e+01    2.4410823398e+01    3.6238221934e+01    1.6608440473e+01   -1.1320195070e+02    3.9723400198e+00    6.5811000000e+04    3.4287842066e-01    9.9194211784e-01
       312   -3.1985581653e+01    1.0246200012e+03   -5.6275506210e+01    2.4289924558e+01    3.6228802591e+01    1.6608440473e+01   -1.1312856749e+02    4.0158182173e+00    6.5248000000e+04    3.2445917937e-01    9.9206175299e-01
       313   -3.1971695000e+01    1.0237176094e+03   -5.6202696851e+01    2.4231001851e+01    3.6143340104e+01    1.6608440473e+01   -1.1282927152e+02    3.8747940964e+00    6.4345000000e+04    3.1570211188e-01    9.9217445886e-01
       314   -3.1966675265e+01    1.0233474314e+03   -5.6244931983e+01    2.4278256717e+01    3.6157918672e+01    1.6608440473e+01   -1.1286031142e+02    3.8490202922e+00    6.4388000000e+04    3.1700895504e-01    9.9227856194e-01
       315   -3.1948523519e+01    1.0222150711e+03   -5.6131482184e+01    2.4182958665e+01    3.6162643772e+01    1.6608440473e+01   -1.1286268800e+02    3.9601215737e+00    6.4714000000e+04    3.2613749832e-01    9.9222601356e-01
       316   -3.1990727287e+01    1.0251570579e+03   -5.6085175856e+01    2.4094448570e+01    3.6153041361e+01    1.6608440473e+01   -1.1289040821e+02    4.0437505234e+00    6.4913000000e+04    3.2011146797e-01    9.9219430920e-01
       317   -3.1964286065e+01    1.0232528560e+03   -5.6290462432e+01    2.4326176367e+01    3.6262064599e+01    1.6608440473e+01   -1.1300555928e+02    3.8445917795e+00    6.5003000000e+04    3.1662188984e-01    9.9221661685e-01
       318   -3.1962128209e+01    1.0231182797e+03   -5.6339961734e+01    2.4377833525e+01    3.6251325583e+01    1.6608440473e+01   -1.1306223289e+02    3.8625051054e+00    6.5832000000e+04    3.4167615961e-01    9.9204372799e-01
       319   -3.1959745975e+01    1.0229439399e+03   -5.6195160675e+01    2.4235414699e+01    3.6270777081e+01    1.6608440473e+01   -1.1296145621e+02    3.8870779791e+00    6.6377000000e+04    3.5314683387e-01    9.9216958170e-01
       320   -3.1957769409e+01    1.0227625533e+03   -5.6178924344e+01    2.4221154935e+01    3.6178094064e+01    1.6608440473e+01   -1.1275072464e+02    3.7852657597e+00    6.5886000000e+04    3.3698470145e-01    9.9216682168e-01
       321   -3.1964524661e+01    1.0232555700e+03   -5.6261846380e+01    2.4297321719e+01    3.6156051231e+01    1.6608440473e+01   -1.1289568747e+02    3.8693493890e+00    6.5880000000e+04    3.4720361133e-01    9.9212188730e-01
       322   -3.1942214065e+01    1.0219160807e+03   -5.6450795702e+01    2.4508581637e+01    3.6271808951e+01    1.6608440473e+01   -1.1320612904e+02    3.8750839148e+00    6.5570000000e+04    3.3230420504e-01    9.9212721725e-01
       323   -3.1952176662e+01    1.0225170704e+03   -5.6184615692e+01    2.4232439030e+01    3.6226351009e+01    1.6608440473e+01   -1.1281160943e+02    3.7922022534e+00    6.5257000000e+04    3.2429843437e-01    9.9205145744e-01
       324   -3.1970339819e+01    1.0236478586e+03   -5.6315136931e+01    2.4344797112e+01    3.6213301689e+01    1.6608440473e+01   -1.1302827871e+02    3.8913996156e+00    6.5274000000e+04    3.1902790203e-01    9.9200483024e-01
       325   -3.1960848658e+01    1.0230123207e+03   -5.6421580181e+01    2.4460731523e+01    3.6202520474e+01    1.6608440473e+01   -1.1311394531e+02    3.8814041858e+00    6.5828000000e+04    3.4378960988e-01    9.9195688945e-01
       326   -3.1959478418e+01    1.0230607435e+03   -5.6219986064e+01    2.4260507646e+01    3.6251777696e+01    1.6608440473e+01   -1.1294281611e+02    3.8626118724e+00    6.6060000000e+04    3.4152381430e-01    9.9211012706e-01
       327   -3.1935771713e+01    1.0214142240e+03   -5.6156046788e+01    2.4220275075e+01    3.6289585013e+01    1.6608440473e+01   -1.1301800465e+02    3.9639323743e+00    6.6531000000e+04    3.5673844137e-01    9.9216114036e-01
       328   -3.1960436835e+01    1.0230733595e+03   -5.6283316117e+01    2.4322879282e+01    3.6289066769e+01    1.6608440473e+01   -1.1320496958e+02    4.0241462174e+00    6.5984000000e+04    3.5376101691e-01    9.9200205213e-01
       329   -3.1964867319e+01    1.0233805747e+03   -5.6204581267e+01    2.4239713948e+01    3.6168110509e+01    1.6608440473e+01   -1.1297625370e+02    3.9951214460e+00    6.5377000000e+04    3.1678153930e-01    9.9202417497e-01
       330   -3.1962035930e+01    1.0232134461e+03   -5.6077050988e+01    2.4115015058e+01    3.6156391655e+01    1.6608440473e+01   -1.1286279695e+02    4.0209138293e+00    6.5392000000e+04    3.1873243395e-01    9.9209043325e-01
       331   -3.1960640467e+01    1.0230035075e+03   -5.6064276852e+01    2.4103636384e+01    3.6121653188e+01    1.6608440473e+01   -1.1268715686e+02    3.8927863472e+00    6.5075000000e+04    3.2316135875e-01    9.9185668450e-01
       332   -3.1969447534e+01    1.0236222332e+03   -5.6034342340e+01    2.4064894806e+01    3.6139437515e+01    1.6608440473e+01   -1.1264827341e+02    3.8660530812e+00    6.5284000000e+04    3.2213052145e-01    9.9197502924e-01
       333   -3.1962218595e+01    1.0230700228e+03   -5.6049956757e+01    2.4087738163e+01    3.6147314178e+01    1.6608440473e+01   -1.1265285145e+02    3.8471400430e+00    6.5543000000e+04    3.2769623660e-01    9.9219917800e-01
       334   -3.1956568737e+01    1.0228143807e+03   -5.6117058184e+01    2.4160489447e+01    3.6160346608e+01    1.6608440473e+01   -1.1281252424e+02    3.9266789775e+00    6.5301000000e+04    3.2356264961e-01    9.9212990679e-01
       335   -3.1969959054e+01    1.0235467181e+03   -5.6148500726e+01    2.4178541672e+01    3.6127421304e+01    1.6608440473e+01   -1.1279171236e+02    3.9073498547e+00    6.4788000000e+04    3.1541754652e-01    9.9200287908e-01
       336   -3.1963310046e+01    1.0231789762e+03   -5.6090630670e+01    2.4127320623e+01    3.6153169138e+01    1.6608440473e+01   -1.1278890158e+02    3.9366613032e+00    6.5749000000e+04    3.3824111883e-01    9.9208689402e-01
       337   -3.1971135380e+01    1.0237350078e+03   -5.6412286355e+01    2.4441150975e+01    3.6277377705e+01    1.6608440473e+01   -1.1320524802e+02    3.9071434861e+00    6.5220000000e+04    3.2309854051e-01    9.9195847862e-01
       338   -3.1975475145e+01    1.0239628504e+03   -5.6421935849e+01    2.4446460705e+01    3.6303767147e+01    1.6608440473e+01   -1.1332635041e+02    3.9922069379e+00    6.5286000000e+04    3.2151840715e-01    9.9188921950e-01
       339   -3.1966181455e+01    1.0234750833e+03   -5.6551078788e+01    2.4584897333e+01    3.6335605788e+01    1.6608440473e+01   -1.1333522189e+02    3.8400968421e+00    6.4730000000e+04    3.1806955648e-01    9.9187581380e-01
       340   -3.1986550872e+01    1.0246839662e+03   -5.6154543351e+01    2.4167992479e+01    3.6222726595e+01    1.6608440473e+01   -1.1286879461e+02    3.8830841915e+00    6.4441000000e+04    3.2118645043e-01    9.9204167985e-01
       341   -3.1977170580e+01    1.0241172972e+03   -5.6244831208e+01    2.4267660628e+01    3.6149582113e+01    1.6608440473e+01   -1.1282860946e+02    3.8257556684e+00    6.4522000000e+04    3.1681728949e-01    9.9211334267e-01
       342   -3.1954772849e+01    1.0226257129e+03   -5.6183336170e+01    2.4228563321e+01    3.6121502233e+01    1.6608440473e+01   -1.1271882579e+02    3.8055469185e+00    6.4385000000e+04    3.2218330824e-01    9.9199763180e-01
       343   -3.1984047403e+01    1.0245205220e+03   -5.6034204693e+01    2.4050157290e+01    3.6094101832e+01    1.6608440473e+01   -1.1262242909e+02    3.8856820958e+00    6.4304000000e+04    3.2203792738e-01    9.9222630573e-01
       344   -3.1959219865e+01    1.0228858980e+03   -5.6073411829e+01    2.4114191964e+01    3.6129329803e+01    1.6608440473e+01   -1.1256577608e+02    3.7545939715e+00    6.5245000000e+04    3.1870931793e-01    9.9220327054e-01
       345   -3.1964183068e+01    1.0232810620e+03   -5.6110978290e+01    2.4146795222e+01    3.6148155781e+01    1.6608440473e+01   -1.1271562570e+02    3.8480511535e+00    6.4905000000e+04    3.1636549980e-01    9.9224028936e-01
       346   -3.1960016039e+01    1.0229983990e+03   -5.6254601238e+01    2.4294585198e+01    3.6123312659e+01    1.6608440473e+01   -1.1278566559e+02    3.7993112168e+00    6.4869000000e+04    3.1732392754e-01    9.9193402183e-01
       347   -3.1975554754e+01    1.0239595071e+03   -5.6007066263e+01    2.4031511508e+01    3.6051961455e+01    1.6608440473e+01   -1.1256048456e+02    3.8930163731e+00    6.5225000000e+04    3.1606134227e-01    9.9200700102e-01
       348   -3.1976779858e+01    1.0240791071e+03   -5.6236507634e+01    2.4259727776e+01    3.6064514723e+01    1.6608440473e+01   -1.1281138305e+02    3.9019202192e+00    6.6327000000e+04    3.5370587004e-01    9.9219851389e-01
       349   -3.1969922885e+01    1.0235999966e+03   -5.6265727003e+01    2.4295804118e+01    3.6002507380e+01    1.6608440473e+01   -1.1267874504e+02    3.8020701839e+00    6.6184000000e+04    3.5507139887e-01    9.9185572561e-01
       350   -3.1967620379e+01    1.0235254068e+03   -5.6105867186e+01    2.4138246807e+01    3.6109323533e+01    1.6608440473e+01   -1.1271141609e+02    3.8877848962e+00    6.5666000000e+04    3.3548997031e-01    9.9208295740e-01
       351   -3.1965234181e+01    1.0233152083e+03   -5.6268839366e+01    2.4303605185e+01    3.6128277372e+01    1.6608440473e+01   -1.1290226961e+02    3.8967124009e+00    6.5135000000e+04    3.1373819727e-01    9.9219880201e-01
       352   -3.1973173674e+01    1.0238222056e+03   -5.6108012103e+01    2.4134838430e+01    3.6206499240e+01    1.6608440473e+01   -1.1291781536e+02    3.9948635414e+00    6.5643000000e+04    3.2967290629e-01    9.9223221741e-01
       353   -3.1956187537e+01    1.0227386368e+03   -5.6092852978e+01    2.4136665441e+01    3.6244128566e+01    1.6608440473e+01   -1.1303186729e+02    4.0864452693e+00    6.6455000000e+04    3.5426853715e-01    9.9205760675e-01
       354   -3.1950133589e+01    1.0223350541e+03   -5.6268892861e+01    2.4318759272e+01    3.6258912852e+01    1.6608440473e+01   -1.1309467766e+02    3.9584314700e+00    6.5274000000e+04    3.2806882488e-01    9.9199710246e-01
       355   -3.1950715854e+01    1.0224129754e+03   -5.6409307937e+01    2.4458592083e+01    3.6340709420e+01    1.6608440473e+01   -1.1325856722e+02    3.9001093907e+00    6.5499000000e+04    3.2849732734e-01    9.9200883108e-01
       356   -3.1966384786e+01    1.0234658999e+03   -5.6307825709e+01    2.4341440923e+01    3.6355249173e+01    1.6608440473e+01   -1.1329794178e+02    4.0264264245e+00    6.5170000000e+04    3.2242799910e-01    9.9191980736e-01
       357   -3.1978936865e+01    1.0242640129e+03   -5.6268677167e+01    2.4289740302e+01    3.6240727214e+01    1.6608440473e+01   -1.1304842855e+02    3.9305836920e+00    6.5804000000e+04    3.4027589086e-01    9.9209687648e-01
       358   -3.1961997488e+01    1.0231491618e+03   -5.6103041603e+01    2.4141044116e+01    3.6273976082e+01    1.6608440473e+01   -1.1287368441e+02    3.8882262541e+00    6.5429000000e+04    3.3106766223e-01    9.9200580167e-01
       359   -3.1991044234e+01    1.0250668007e+03   -5.6465771012e+01    2.4474726778e+01    3.6247389566e+01    1.6608440473e+01   -1.1325447124e+02    3.9328701879e+00    6.6089000000e+04    3.4413192961e-01    9.9188671879e-01
       360   -3.1974217585e+01    1.0239292806e+03   -5.6357781641e+01    2.4383564056e+01    3.6221031963e+01    1.6608440473e+01   -1.1317481337e+02    3.9875592931e+00    6.5426000000e+04    3.3178253746e-01    9.9191807519e-01
       361   -3.1988256845e+01    1.0248814787e+03   -5.6322260988e+01    2.4334004143e+01    3.6181064530e+01    1.6608440473e+01   -1.1299850789e+02    3.8867419001e+00    6.5022000000e+04    3.1604347484e-01    9.9215466103e-01
       362   -3.1958773742e+01    1.0228932358e+03   -5.6158417835e+01    2.4199644093e+01    3.6121106225e+01    1.6608440473e+01   -1.1261807666e+02    3.7301121226e+00    6.5364000000e+04    3.2591422629e-01    9.9193339818e-01
       363   -3.1953333847e+01    1.0225990925e+03   -5.6147980408e+01    2.4194646561e+01    3.6238867927e+01    1.6608440473e+01   -1.1285647575e+02    3.8611869450e+00    6.4429000000e+04    3.1777755309e-01    9.9205736779e-01
       364   -3.1971925149e+01    1.0237324489e+03   -5.6079773827e+01    2.4107848678e+01    3.6149457870e+01    1.6608440473e+01   -1.1274165101e+02    3.9039788373e+00    6.4667000000e+04    3.1730679348e-01    9.9218418082e-01
       365   -3.1975487546e+01    1.0239724705e+03   -5.6321410495e+01    2.4345922949e+01    3.6208806312e+01    1.6608440473e+01   -1.1313434512e+02    3.9956878360e+00    6.5115000000e+04    3.1682192609e-01    9.9189172059e-01
       366   -3.1978644315e+01    1.0241385556e+03   -5.6160581725e+01    2.4181937410e+01    3.6139702962e+01    1.6608440473e+01   -1.1283859670e+02    3.9298715409e+00    6.5864000000e+04    3.4377217695e-01    9.9197797569e-01
       367   -3.1950029177e+01    1.0222996473e+03   -5.5959584678e+01    2.4009555502e+01    3.6085527127e+01    1.6608440473e+01   -1.1256791287e+02    3.9143605889e+00    6.6101000000e+04    3.4892133984e-01    9.9224542660e-01
       368   -3.1948114862e+01    1.0221968479e+03   -5.6178359640e+01    2.4230244779e+01    3.6142088848e+01    1.6608440473e+01   -1.1280679190e+02    3.8779029346e+00    6.6087000000e+04    3.4638038375e-01    9.9194241747e-01
       369   -3.1964527362e+01    1.0232806190e+03   -5.6382209361e+01    2.4417681999e+01    3.6294880081e+01    1.6608440473e+01   -1.1320507613e+02    3.9195462114e+00    6.7222000000e+04    3.5851630660e-01    9.9217241360e-01
       370   -3.1955707858e+01    1.0227428147e+03   -5.6121042576e+01    2.4165334718e+01    3.6223476270e+01    1.6608440473e+01   -1.1287710619e+02    3.9241468698e+00    6.6645000000e+04    3.6112718188e-01    9.9220008014e-01
       371   -3.1954832130e+01    1.0226547714e+03   -5.5908408253e+01    2.3953576122e+01    3.6128643983e+01    1.6608440473e+01   -1.1240834682e+02    3.7628541092e+00    6.5504000000e+04    3.3022693805e-01    9.9224405063e-01
       372   -3.1940866933e+01    1.0217090438e+03   -5.5920427390e+01    2.3979560457e+01    3.6200100085e+01    1.6608440473e+01   -1.1255095855e+02    3.8219905982e+00    6.6079000000e+04    3.5346604391e-01    9.9200218832e-01
       373   -3.1958223881e+01    1.0229012744e+03   -5.6215815782e+01    2.4257591901e+01    3.6271048541e+01    1.6608440473e+01   -1.1297092945e+02    3.8756246521e+00    6.6340000000e+04    3.6011629984e-01    9.9202958889e-01
       374   -3.1972219391e+01    1.0237475423e+03   -5.6306440114e+01    2.4334220723e+01    3.6326035065e+01    1.6608440473e+01   -1.1322666415e+02    3.9857484931e+00    6.6555000000e+04    3.6072660461e-01    9.9227365208e-01
       375   -3.1962824042e+01    1.0231563072e+03   -5.6420775056e+01    2.4457951014e+01    3.6276756814e+01    1.6608440473e+01   -1.1326310972e+02    3.9571373722e+00    6.5510000000e+04    3.3129427758e-01    9.9196011618e-01
       376   -3.1968777336e+01    1.0235871796e+03   -5.6282652600e+01    2.4313875264e+01    3.6244191229e+01    1.6608440473e+01   -1.1298697382e+02    3.8516895218e+00    6.4989000000e+04    3.1815688227e-01    9.9201920155e-01
       377   -3.1971394032e+01    1.0237071344e+03   -5.6012889339e+01    2.4041495307e+01    3.6149143400e+01    1.6608440473e+01   -1.1269871792e+02    3.9282447047e+00    6.5254000000e+04    3.1635421187e-01    9.9212651312e-01
       378   -3.1978995802e+01    1.0241783081e+03   -5.6069463412e+01    2.4090467609e+01    3.6281602564e+01    1.6608440473e+01   -1.1292189940e+02    3.9623929494e+00    6.6137000000e+04    3.4914769582e-01    9.9209353984e-01
       379   -3.1960865681e+01    1.0230110751e+03   -5.6185400038e+01    2.4224534356e+01    3.6335609745e+01    1.6608440473e+01   -1.1316443429e+02    4.0349840389e+00    6.6039000000e+04    3.5111912320e-01    9.9202686725e-01
       380   -3.1966444176e+01    1.0233265717e+03   -5.6055392411e+01    2.4088948234e+01    3.6202640130e+01    1.6608440473e+01   -1.1283676314e+02    3.9702901227e+00    6.5259000000e+04    3.2652589703e-01    9.9205863972e-01
       381   -3.1972252298e+01    1.0236960562e+03   -5.6234635295e+01    2.4262382997e+01    3.6190981680e+01    1.6608440473e+01   -1.1279441176e+02    3.7603543098e+00    6.4560000000e+04    3.1742229676e-01    9.9217329842e-01
       382   -3.1990997032e+01    1.0250400671e+03   -5.6051431187e+01    2.4060434155e+01    3.6086721204e+01    1.6608440473e+01   -1.1254852789e+02    3.8019350235e+00    6.5462000000e+04    3.1987550629e-01    9.9221700352e-01
       383   -3.1950464474e+01    1.0223117749e+03   -5.5849325842e+01    2.3898861368e+01    3.6076318002e+01    1.6608440473e+01   -1.1223257828e+02    3.6984939644e+00    6.4857000000e+04    3.1878532840e-01    9.9218141713e-01
       384   -3.1963733270e+01    1.0232386783e+03   -5.6230299508e+01    2.4266566238e+01    3.6086844735e+01    1.6608440473e+01   -1.1265041122e+02    3.7248265057e+00    6.5127000000e+04    3.1856837090e-01    9.9197879373e-01
       385   -3.1961387684e+01    1.0231186088e+03   -5.6235122289e+01    2.4273734605e+01    3.6111226645e+01    1.6608440473e+01   -1.1292596425e+02    3.9711748469e+00    6.5688000000e+04    3.3675257590e-01    9.9198951032e-01
       386   -3.1963343104e+01    1.0231884365e+03   -5.6227154547e+01    2.4263811443e+01    3.6151202812e+01    1.6608440473e+01   -1.1293872948e+02    3.9519316432e+00    6.5874000000e+04    3.4054378609e-01    9.9215658570e-01
       387   -3.1972587863e+01    1.0238582126e+03   -5.6205461601e+01    2.4232873737e+01    3.6145700829e+01    1.6608440473e+01   -1.1281084410e+02    3.8512411954e+00    6.5910000000e+04    3.4527951027e-01    9.9213745831e-01
       388   -3.1965439566e+01    1.0233743858e+03   -5.6144135504e+01    2.4178695938e+01    3.6158615475e+01    1.6608440473e+01   -1.1278862916e+02    3.8774377081e+00    6.4942000000e+04    3.2436364559e-01    9.9215059390e-01
       389   -3.1962702723e+01    1.0231137411e+03   -5.6164690130e+01    2.4201987407e+01    3.6186683451e+01    1.6608440473e+01   -1.1291742565e+02    3.9576115907e+00    6.4966000000e+04    3.1773483730e-01    9.9207502314e-01
       390   -3.1962680898e+01    1.0231689206e+03   -5.6397175153e+01    2.4434494255e+01    3.6138536265e+01    1.6608440473e+01   -1.1294397173e+02    3.7998198349e+00    6.4895000000e+04    3.2090454988e-01    9.9179356665e-01
       391   -3.1964794193e+01    1.0233292141e+03   -5.6199418240e+01    2.4234624047e+01    3.6148526640e+01    1.6608440473e+01   -1.1288062168e+02    3.9242363266e+00    6.4509000000e+04    3.2256057051e-01    9.9202678897e-01
       392   -3.1950059235e+01    1.0223499842e+03   -5.6012693439e+01    2.4062634205e+01    3.6112627116e+01    1.6608440473e+01   -1.1260100189e+02    3.8672408634e+00    6.4883000000e+04    3.1818276699e-01    9.9224882681e-01
       393   -3.1966157008e+01    1.0233121841e+03   -5.6098916686e+01    2.4132759679e+01    3.6169516220e+01    1.6608440473e+01   -1.1281910414e+02    3.9422307579e+00    6.5192000000e+04    3.2092501758e-01    9.9206678399e-01
       394   -3.1959008668e+01    1.0229844681e+03   -5.6335107128e+01    2.4376098460e+01    3.6218792951e+01    1.6608440473e+01   -1.1299911735e+02    3.8367768021e+00    6.4815000000e+04    3.1837965590e-01    9.9195100721e-01
       395   -3.1969061890e+01    1.0236145258e+03   -5.6237563454e+01    2.4268501564e+01    3.6122932184e+01    1.6608440473e+01   -1.1302976620e+02    4.0608300889e+00    6.4828000000e+04    3.1944864414e-01    9.9193142604e-01
       396   -3.1990489309e+01    1.0249204208e+03   -5.6166394141e+01    2.4175904832e+01    3.6146344961e+01    1.6608440473e+01   -1.1276958484e+02    3.8484052694e+00    6.6035000000e+04    3.4365540965e-01    9.9211709572e-01
       397   -3.1977149368e+01    1.0240448517e+03   -5.5976997423e+01    2.3999848054e+01    3.6160170094e+01    1.6608440473e+01   -1.1266389786e+02    3.9182898662e+00    6.6719000000e+04    3.5863213656e-01    9.9228614365e-01
       398   -3.1959592713e+01    1.0229540950e+03   -5.6210881323e+01    2.4251288609e+01    3.6151883114e+01    1.6608440473e+01   -1.1292778610e+02    3.9565811875e+00    6.6086000000e+04    3.5306377898e-01    9.9212596040e-01
       399   -3.1971277839e+01    1.0236834637e+03   -5.6202064151e+01    2.4230786312e+01    3.6190303773e+01    1.6608440473e+01   -1.1305644123e+02    4.0556328330e+00    6.5518000000e+04    3.2963733070e-01    9.9202706532e-01
