#   index    LocalEnergy         LocalEnergy_sq      LocalPotential      Kinetic             Coulomb             BlockWeight         BlockCPU            AcceptRatio         
         0   -4.1884092673e-01    4.2971399556e-01   -1.1641579119e+00    7.4531698519e-01   -1.1641579119e+00    1.2800000000e+04    5.3073405322e-03    1.0000000000e+00
         1   -4.0921417037e-01    3.6590100159e-01   -1.1658240866e+00    7.5660991620e-01   -1.1658240866e+00    1.2800000000e+04    5.3047901904e-03    1.0000000000e+00
         2   -4.1040737585e-01    3.4880973176e-01   -1.1576411802e+00    7.4723380430e-01   -1.1576411802e+00    1.2800000000e+04    5.3037127490e-03    1.0000000000e+00
         3   -4.4771406324e-01    4.6557552218e-01   -1.1933679971e+00    7.4565393385e-01   -1.1933679971e+00    1.2800000000e+04    5.3010532080e-03    1.0000000000e+00
         4   -4.7897425785e-01    7.0560915959e-01   -1.2225597006e+00    7.4358544271e-01   -1.2225597006e+00    1.2800000000e+04    5.3050609717e-03    1.0000000000e+00
         5   -4.8755835450e-01    7.8301127841e-01   -1.2599606164e+00    7.7240226190e-01   -1.2599606164e+00    1.2800000000e+04    5.3039022119e-03    1.0000000000e+00
         6   -5.1682918618e-01    1.3996044630e+00   -1.2881800206e+00    7.7135083438e-01   -1.2881800206e+00    1.2800000000e+04    5.3002817285e-03    1.0000000000e+00
         7   -5.1804860127e-01    9.0188740453e-01   -1.2986212952e+00    7.8057269393e-01   -1.2986212952e+00    1.2800000000e+04    5.3039140283e-03    1.0000000000e+00
         8   -6.7783851834e-01    4.9839985631e+00   -1.4680301191e+00    7.9019160077e-01   -1.4680301191e+00    1.2800000000e+04    5.3048836133e-03    1.0000000000e+00
         9   -4.9708852379e-01    5.9242838557e-01   -1.2766412624e+00    7.7955273862e-01   -1.2766412624e+00    1.2800000000e+04    5.3014014600e-03    1.0000000000e+00
        10   -4.6738185043e-01    4.1661509405e-01   -1.2444125231e+00    7.7703067268e-01   -1.2444125231e+00    1.2800000000e+04    5.2993535596e-03    1.0000000000e+00
        11   -4.6083028882e-01    4.1896297674e-01   -1.2503224143e+00    7.8949212544e-01   -1.2503224143e+00    1.2800000000e+04    5.3044701318e-03    1.0000000000e+00
        12   -4.2693538037e-01    3.5578874971e-01   -1.1912270868e+00    7.6429170646e-01   -1.1912270868e+00    1.2800000000e+04    5.3006247803e-03    1.0000000000e+00
        13   -4.1290520530e-01    3.3181174174e-01   -1.1551483927e+00    7.4224318744e-01   -1.1551483927e+00    1.2800000000e+04    5.3028597119e-03    1.0000000000e+00
        14   -4.4022553818e-01    3.8594621532e-01   -1.1766624613e+00    7.3643692310e-01   -1.1766624613e+00    1.2800000000e+04    5.3029357568e-03    1.0000000000e+00
        15   -4.8048967876e-01    4.5880915005e-01   -1.2188603375e+00    7.3837065876e-01   -1.2188603375e+00    1.2800000000e+04    5.3047983887e-03    1.0000000000e+00
        16   -5.0740250628e-01    5.5909660060e-01   -1.2521945082e+00    7.4479200192e-01   -1.2521945082e+00    1.2800000000e+04    5.3039412842e-03    1.0000000000e+00
        17   -5.3044709615e-01    9.6567867757e-01   -1.2684736718e+00    7.3802657561e-01   -1.2684736718e+00    1.2800000000e+04    5.3028436865e-03    1.0000000000e+00
        18   -5.0309644232e-01    7.7147356832e-01   -1.3008476800e+00    7.9775123768e-01   -1.3008476800e+00    1.2800000000e+04    5.3052089404e-03    1.0000000000e+00
        19   -5.2050772150e-01    1.1213565645e+00   -1.3593035112e+00    8.3879578968e-01   -1.3593035112e+00    1.2800000000e+04    5.3009858447e-03    1.0000000000e+00
        20   -4.7519942004e-01    7.1017448200e-01   -1.3447088899e+00    8.6950946990e-01   -1.3447088899e+00    1.2800000000e+04    5.2995795459e-03    1.0000000000e+00
        21   -4.3016992171e-01    4.6159509848e-01   -1.3134387497e+00    8.8326882803e-01   -1.3134387497e+00    1.2800000000e+04    5.3007774414e-03    1.0000000000e+00
        22   -4.3046214535e-01    4.1842128191e-01   -1.3220813710e+00    8.9161922566e-01   -1.3220813710e+00    1.2800000000e+04    5.3028348340e-03    1.0000000000e+00
        23   -4.5136859357e-01    5.3033188807e-01   -1.3242508660e+00    8.7288227245e-01   -1.3242508660e+00    1.2800000000e+04    5.2991903027e-03    1.0000000000e+00
        24   -4.3000473939e-01    4.2444114419e-01   -1.2791338447e+00    8.4912910533e-01   -1.2791338447e+00    1.2800000000e+04    5.3030669141e-03    1.0000000000e+00
        25   -4.4239156335e-01    4.5033103698e-01   -1.2822159714e+00    8.3982440801e-01   -1.2822159714e+00    1.2800000000e+04    5.3036853516e-03    1.0000000000e+00
        26   -4.4598289529e-01    6.0714717714e-01   -1.2999234930e+00    8.5394059772e-01   -1.2999234930e+00    1.2800000000e+04    5.3030194531e-03    1.0000000000e+00
        27   -4.8795652445e-01    2.0419769754e+00   -1.3729437446e+00    8.8498722019e-01   -1.3729437446e+00    1.2800000000e+04    5.2962022852e-03    9.9992187500e-01
        28   -5.3978357895e-01    2.5191463795e+00   -1.4215532204e+00    8.8176964145e-01   -1.4215532204e+00    1.2800000000e+04    5.2992210498e-03    1.0000000000e+00
        29   -5.3074027568e-01    1.7743180106e+00   -1.4031418418e+00    8.7240156612e-01   -1.4031418418e+00    1.2800000000e+04    5.3017861133e-03    1.0000000000e+00
        30   -4.4152932582e-01    5.8118352596e-01   -1.3092016616e+00    8.6767233577e-01   -1.3092016616e+00    1.2800000000e+04    5.3034887256e-03    1.0000000000e+00
        31   -4.7293328695e-01    5.6586492589e-01   -1.3408283354e+00    8.6789504844e-01   -1.3408283354e+00    1.2800000000e+04    5.3016185010e-03    1.0000000000e+00
        32   -4.0982177034e-01    4.6517008830e-01   -1.2942582325e+00    8.8443646215e-01   -1.2942582325e+00    1.2800000000e+04    5.3018698291e-03    1.0000000000e+00
        33   -3.8894851552e-01    3.4612999932e-01   -1.2516277822e+00    8.6267926669e-01   -1.2516277822e+00    1.2800000000e+04    5.3018143359e-03    1.0000000000e+00
        34   -4.0060637683e-01    3.7673544946e-01   -1.2596528885e+00    8.5904651170e-01   -1.2596528885e+00    1.2800000000e+04    5.3027927783e-03    1.0000000000e+00
        35   -4.3761648804e-01    4.8956046368e-01   -1.2749822534e+00    8.3736576533e-01   -1.2749822534e+00    1.2800000000e+04    5.3059448779e-03    1.0000000000e+00
        36   -4.5759614363e-01    5.0472912328e-01   -1.3072114079e+00    8.4961526431e-01   -1.3072114079e+00    1.2800000000e+04    5.3048419141e-03    1.0000000000e+00
        37   -4.7427104355e-01    6.5914271958e-01   -1.3273125088e+00    8.5304146527e-01   -1.3273125088e+00    1.2800000000e+04    5.3044968799e-03    1.0000000000e+00
        38   -4.6478088326e-01    6.6356753838e-01   -1.3425215034e+00    8.7774062016e-01   -1.3425215034e+00    1.2800000000e+04    5.3064296631e-03    1.0000000000e+00
        39   -4.4734532460e-01    5.1495427471e-01   -1.3291650383e+00    8.8181971368e-01   -1.3291650383e+00    1.2800000000e+04    5.3043517676e-03    1.0000000000e+00
        40   -4.7539572811e-01    7.8523954550e-01   -1.3591265639e+00    8.8373083580e-01   -1.3591265639e+00    1.2800000000e+04    5.3029706396e-03    1.0000000000e+00
        41   -5.2622656244e-01    1.5597300688e+00   -1.4073437425e+00    8.8111718010e-01   -1.4073437425e+00    1.2800000000e+04    5.3012066406e-03    1.0000000000e+00
        42   -4.4642238840e-01    7.0672190757e-01   -1.3396084005e+00    8.9318601213e-01   -1.3396084005e+00    1.2800000000e+04    5.2992498389e-03    1.0000000000e+00
        43   -3.9814739381e-01    5.0957013005e-01   -1.2844326557e+00    8.8628526192e-01   -1.2844326557e+00    1.2800000000e+04    5.3014108301e-03    1.0000000000e+00
        44   -4.0645835178e-01    5.6948663790e-01   -1.2817762358e+00    8.7531788399e-01   -1.2817762358e+00    1.2800000000e+04    5.3012679785e-03    1.0000000000e+00
        45   -3.7352771150e-01    3.3538533412e-01   -1.2310814516e+00    8.5755374013e-01   -1.2310814516e+00    1.2800000000e+04    5.3015600000e-03    1.0000000000e+00
        46   -4.0413462854e-01    4.7030636347e-01   -1.2769293893e+00    8.7279476078e-01   -1.2769293893e+00    1.2800000000e+04    5.3023897412e-03    1.0000000000e+00
        47   -4.3036260672e-01    8.3268734991e-01   -1.3238604662e+00    8.9349785943e-01   -1.3238604662e+00    1.2800000000e+04    5.2979632031e-03    1.0000000000e+00
        48   -4.4279356709e-01    9.1474313351e-01   -1.3364373420e+00    8.9364377491e-01   -1.3364373420e+00    1.2800000000e+04    5.3067548242e-03    1.0000000000e+00
        49   -4.1757135635e-01    4.6213484912e-01   -1.2890612154e+00    8.7148985903e-01   -1.2890612154e+00    1.2800000000e+04    5.3015113574e-03    1.0000000000e+00
        50   -4.7269446848e-01    7.2760265152e-01   -1.3218726267e+00    8.4917815827e-01   -1.3218726267e+00    1.2800000000e+04    5.3030624902e-03    1.0000000000e+00
        51   -4.8384588392e-01    1.0958397135e+00   -1.3101598292e+00    8.2631394529e-01   -1.3101598292e+00    1.2800000000e+04    5.3039015137e-03    1.0000000000e+00
        52   -4.2664306600e-01    4.3031778277e-01   -1.2729036983e+00    8.4626063228e-01   -1.2729036983e+00    1.2800000000e+04    5.2995505859e-03    1.0000000000e+00
        53   -4.4204569256e-01    5.1374849951e-01   -1.3024037925e+00    8.6035809999e-01   -1.3024037925e+00    1.2800000000e+04    5.3015850684e-03    1.0000000000e+00
        54   -4.9011044980e-01    1.0617749637e+00   -1.3703965568e+00    8.8028610699e-01   -1.3703965568e+00    1.2800000000e+04    5.3028493945e-03    1.0000000000e+00
        55   -5.1493280489e-01    2.3925394480e+00   -1.4039364579e+00    8.8900365299e-01   -1.4039364579e+00    1.2800000000e+04    5.2956927734e-03    1.0000000000e+00
        56   -5.1429781467e-01    8.1521683771e-01   -1.4009042403e+00    8.8660642561e-01   -1.4009042403e+00    1.2800000000e+04    5.2983103955e-03    1.0000000000e+00
        57   -5.2793392754e-01    1.0505812015e+00   -1.4435990784e+00    9.1566515086e-01   -1.4435990784e+00    1.2800000000e+04    5.2988676611e-03    1.0000000000e+00
        58   -4.5755868610e-01    5.7480085372e-01   -1.3865062157e+00    9.2894752961e-01   -1.3865062157e+00    1.2800000000e+04    5.3034539453e-03    1.0000000000e+00
        59   -4.8390541655e-01    8.2448794373e-01   -1.3954678351e+00    9.1156241854e-01   -1.3954678351e+00    1.2800000000e+04    5.3007355371e-03    1.0000000000e+00
        60   -4.6872410041e-01    7.5649128330e-01   -1.3515053771e+00    8.8278127672e-01   -1.3515053771e+00    1.2800000000e+04    5.3006914209e-03    1.0000000000e+00
        61   -4.4387371246e-01    5.5165476269e-01   -1.3046389630e+00    8.6076525050e-01   -1.3046389630e+00    1.2800000000e+04    5.3010399902e-03    1.0000000000e+00
        62   -4.1570652071e-01    3.7232788008e-01   -1.2467313998e+00    8.3102487910e-01   -1.2467313998e+00    1.2800000000e+04    5.2987801660e-03    1.0000000000e+00
        63   -4.3860439071e-01    7.0240811006e-01   -1.2449070482e+00    8.0630265748e-01   -1.2449070482e+00    1.2800000000e+04    5.2997458057e-03    1.0000000000e+00
        64   -4.7322544533e-01    8.4874540099e-01   -1.2600714804e+00    7.8684603506e-01   -1.2600714804e+00    1.2800000000e+04    5.3014667236e-03    1.0000000000e+00
        65   -4.3453095555e-01    3.8466753560e-01   -1.2029630108e+00    7.6843205524e-01   -1.2029630108e+00    1.2800000000e+04    5.2991412061e-03    9.9992187500e-01
        66   -4.4896471135e-01    4.0349704069e-01   -1.2263001619e+00    7.7733545058e-01   -1.2263001619e+00    1.2800000000e+04    5.2988435645e-03    1.0000000000e+00
        67   -4.4463656310e-01    4.0182874425e-01   -1.2257350774e+00    7.8109851431e-01   -1.2257350774e+00    1.2800000000e+04    5.3010317969e-03    1.0000000000e+00
        68   -4.2042542183e-01    3.5174842264e-01   -1.2032226089e+00    7.8279718703e-01   -1.2032226089e+00    1.2800000000e+04    5.2983461084e-03    9.9992187500e-01
        69   -4.0359424488e-01    3.3242869639e-01   -1.1962419070e+00    7.9264766210e-01   -1.1962419070e+00    1.2800000000e+04    5.3032051172e-03    1.0000000000e+00
        70   -4.2653834063e-01    3.7111000767e-01   -1.2108420453e+00    7.8430370463e-01   -1.2108420453e+00    1.2800000000e+04    5.3040848437e-03    1.0000000000e+00
        71   -4.6419990191e-01    5.0290861343e-01   -1.2309126545e+00    7.6671275262e-01   -1.2309126545e+00    1.2800000000e+04    5.3072319629e-03    1.0000000000e+00
        72   -5.0168582870e-01    1.1014479030e+00   -1.2759089346e+00    7.7422310594e-01   -1.2759089346e+00    1.2800000000e+04    5.2982385889e-03    1.0000000000e+00
        73   -4.5117168296e-01    4.7280073348e-01   -1.2125791388e+00    7.6140745587e-01   -1.2125791388e+00    1.2800000000e+04    5.3032878467e-03    1.0000000000e+00
        74   -4.8477929930e-01    1.0302972484e+00   -1.2285056783e+00    7.4372637898e-01   -1.2285056783e+00    1.2800000000e+04    5.3019417969e-03    1.0000000000e+00
        75   -4.6196146054e-01    5.0126811927e-01   -1.1959594822e+00    7.3399802166e-01   -1.1959594822e+00    1.2800000000e+04    5.2994274756e-03    1.0000000000e+00
        76   -4.6380444327e-01    5.5752462411e-01   -1.2035598304e+00    7.3975538708e-01   -1.2035598304e+00    1.2800000000e+04    5.3011497705e-03    1.0000000000e+00
        77   -4.7044198263e-01    6.9650600293e-01   -1.1956000297e+00    7.2515804704e-01   -1.1956000297e+00    1.2800000000e+04    5.3016900342e-03    1.0000000000e+00
        78   -5.5669675850e-01    2.1516223411e+00   -1.2784567875e+00    7.2176002897e-01   -1.2784567875e+00    1.2800000000e+04    5.3039373486e-03    1.0000000000e+00
        79   -5.5632067165e-01    1.7311406551e+00   -1.2714176619e+00    7.1509699026e-01   -1.2714176619e+00    1.2800000000e+04    5.3032723730e-03    1.0000000000e+00
        80   -5.2423770635e-01    7.4884713170e-01   -1.2399549377e+00    7.1571723139e-01   -1.2399549377e+00    1.2800000000e+04    5.3036073730e-03    1.0000000000e+00
        81   -5.0399478355e-01    5.7781642883e-01   -1.2175170814e+00    7.1352229786e-01   -1.2175170814e+00    1.2800000000e+04    5.3034857129e-03    1.0000000000e+00
        82   -5.7502783200e-01    2.4209287391e+00   -1.2739133017e+00    6.9888546967e-01   -1.2739133017e+00    1.2800000000e+04    5.3018981885e-03    1.0000000000e+00
        83   -5.0629681087e-01    6.3331648998e-01   -1.2042601378e+00    6.9796332691e-01   -1.2042601378e+00    1.2800000000e+04    5.3031608398e-03    1.0000000000e+00
        84   -4.6812207421e-01    3.8084042984e-01   -1.1557798262e+00    6.8765775199e-01   -1.1557798262e+00    1.2800000000e+04    5.3046567676e-03    1.0000000000e+00
        85   -4.8126460192e-01    4.0709255395e-01   -1.1618750131e+00    6.8061041119e-01   -1.1618750131e+00    1.2800000000e+04    5.3012290039e-03    1.0000000000e+00
        86   -4.7685329304e-01    5.3428974169e-01   -1.1497065050e+00    6.7285321200e-01   -1.1497065050e+00    1.2800000000e+04    5.3006346777e-03    1.0000000000e+00
        87   -5.0701854328e-01    6.9370486390e-01   -1.1825682120e+00    6.7554966869e-01   -1.1825682120e+00    1.2800000000e+04    5.3030540625e-03    1.0000000000e+00
        88   -4.5981901127e-01    4.0382616931e-01   -1.1092171557e+00    6.4939814444e-01   -1.1092171557e+00    1.2800000000e+04    5.3059789258e-03    1.0000000000e+00
        89   -4.5461272517e-01    3.5345259031e-01   -1.0952322545e+00    6.4061952931e-01   -1.0952322545e+00    1.2800000000e+04    5.3027507959e-03    1.0000000000e+00
        90   -4.6951113728e-01    4.2957060436e-01   -1.1151671483e+00    6.4565601104e-01   -1.1151671483e+00    1.2800000000e+04    5.2982795801e-03    1.0000000000e+00
        91   -4.4122226778e-01    3.8263414471e-01   -1.1108042161e+00    6.6958194832e-01   -1.1108042161e+00    1.2800000000e+04    5.3009271143e-03    1.0000000000e+00
        92   -4.4427556020e-01    3.7409983909e-01   -1.1095790920e+00    6.6530353183e-01   -1.1095790920e+00    1.2800000000e+04    5.3007593848e-03    1.0000000000e+00
        93   -4.4505775233e-01    3.7429068792e-01   -1.1043466445e+00    6.5928889219e-01   -1.1043466445e+00    1.2800000000e+04    5.3049055029e-03    1.0000000000e+00
        94   -4.8197618374e-01    4.5492858384e-01   -1.1324012745e+00    6.5042509078e-01   -1.1324012745e+00    1.2800000000e+04    5.3037772998e-03    1.0000000000e+00
        95   -5.0694881191e-01    5.1699008618e-01   -1.1387248758e+00    6.3177606386e-01   -1.1387248758e+00    1.2800000000e+04    5.3023617822e-03    1.0000000000e+00
        96   -4.8481459860e-01    3.9975629716e-01   -1.1136569160e+00    6.2884231742e-01   -1.1136569160e+00    1.2800000000e+04    5.3041337305e-03    1.0000000000e+00
        97   -4.5899857189e-01    3.6297598363e-01   -1.0818113563e+00    6.2281278441e-01   -1.0818113563e+00    1.2800000000e+04    5.3012621240e-03    1.0000000000e+00
        98   -4.6835444506e-01    3.8725060663e-01   -1.0828573273e+00    6.1450288227e-01   -1.0828573273e+00    1.2800000000e+04    5.3033150635e-03    1.0000000000e+00
        99   -4.4880124387e-01    3.6352395382e-01   -1.0568627203e+00    6.0806147644e-01   -1.0568627203e+00    1.2800000000e+04    5.3002691016e-03    1.0000000000e+00
       100   -4.4028887765e-01    3.9783083400e-01   -1.0681309251e+00    6.2784204750e-01   -1.0681309251e+00    1.2800000000e+04    5.3024455371e-03    1.0000000000e+00
       101   -4.2524182086e-01    3.4463820087e-01   -1.0817749388e+00    6.5653311789e-01   -1.0817749388e+00    1.2800000000e+04    5.2999467041e-03    1.0000000000e+00
       102   -4.3686575677e-01    4.0525914466e-01   -1.0878879023e+00    6.5102214556e-01   -1.0878879023e+00    1.2800000000e+04    5.3022462256e-03    1.0000000000e+00
       103   -4.2272471927e-01    3.3974863800e-01   -1.0825822594e+00    6.5985754011e-01   -1.0825822594e+00    1.2800000000e+04    5.3028078467e-03    1.0000000000e+00
       104   -4.9378670182e-01    9.2060205059e-01   -1.1566353403e+00    6.6284863850e-01   -1.1566353403e+00    1.2800000000e+04    5.3029542090e-03    1.0000000000e+00
       105   -5.1133450649e-01    9.8588576329e-01   -1.1645952589e+00    6.5326075245e-01   -1.1645952589e+00    1.2800000000e+04    5.3019797314e-03    1.0000000000e+00
       106   -5.0578593447e-01    1.0057908377e+00   -1.1779730025e+00    6.7218706807e-01   -1.1779730025e+00    1.2800000000e+04    5.3006110547e-03    1.0000000000e+00
       107   -5.2700529928e-01    2.6528070694e+00   -1.1959287505e+00    6.6892345126e-01   -1.1959287505e+00    1.2800000000e+04    5.3021996582e-03    1.0000000000e+00
       108   -5.2584034541e-01    1.1551742339e+00   -1.1945101948e+00    6.6866984940e-01   -1.1945101948e+00    1.2800000000e+04    5.2999306738e-03    1.0000000000e+00
       109   -4.9422516084e-01    6.1483524849e-01   -1.1726493536e+00    6.7842419278e-01   -1.1726493536e+00    1.2800000000e+04    5.3047716455e-03    1.0000000000e+00
       110   -4.9220941220e-01    4.9554474985e-01   -1.1697366712e+00    6.7752725897e-01   -1.1697366712e+00    1.2800000000e+04    5.3001154004e-03    1.0000000000e+00
       111   -4.7768168361e-01    4.7007296935e-01   -1.1523062167e+00    6.7462453305e-01   -1.1523062167e+00    1.2800000000e+04    5.3011120605e-03    1.0000000000e+00
       112   -4.8360570256e-01    4.9598591357e-01   -1.1447534748e+00    6.6114777222e-01   -1.1447534748e+00    1.2800000000e+04    5.2996444238e-03    1.0000000000e+00
       113   -5.3043039187e-01    6.6760506062e-01   -1.2020566148e+00    6.7162622296e-01   -1.2020566148e+00    1.2800000000e+04    5.3022912109e-03    1.0000000000e+00
       114   -5.0508048114e-01    4.4954611276e-01   -1.1478224479e+00    6.4274196674e-01   -1.1478224479e+00    1.2800000000e+04    5.3060900342e-03    1.0000000000e+00
       115   -5.2314201689e-01    5.8212138149e-01   -1.1694719049e+00    6.4632988797e-01   -1.1694719049e+00    1.2800000000e+04    5.3052327051e-03    1.0000000000e+00
       116   -5.3704328188e-01    6.8163238069e-01   -1.1988914930e+00    6.6184821116e-01   -1.1988914930e+00    1.2800000000e+04    5.3045793018e-03    1.0000000000e+00
       117   -4.9181325494e-01    4.4017729943e-01   -1.1554314552e+00    6.6361820025e-01   -1.1554314552e+00    1.2800000000e+04    5.3034823584e-03    1.0000000000e+00
       118   -5.0812091724e-01    6.5630300795e-01   -1.1555668296e+00    6.4744591237e-01   -1.1555668296e+00    1.2800000000e+04    5.3000270703e-03    1.0000000000e+00
       119   -5.2039732888e-01    8.7985495509e-01   -1.1502461929e+00    6.2984886397e-01   -1.1502461929e+00    1.2800000000e+04    5.3034329102e-03    1.0000000000e+00
       120   -4.9744064731e-01    5.0526118929e-01   -1.1195149143e+00    6.2207426697e-01   -1.1195149143e+00    1.2800000000e+04    5.3002203027e-03    1.0000000000e+00
       121   -4.7999811238e-01    4.1345741301e-01   -1.1094302858e+00    6.2943217338e-01   -1.1094302858e+00    1.2800000000e+04    5.3025614600e-03    1.0000000000e+00
       122   -5.1281810585e-01    5.5191110110e-01   -1.1446919953e+00    6.3187388941e-01   -1.1446919953e+00    1.2800000000e+04    5.3061247217e-03    1.0000000000e+00
       123   -4.9580169392e-01    5.5043089094e-01   -1.1575641146e+00    6.6176242068e-01   -1.1575641146e+00    1.2800000000e+04    5.3039830566e-03    1.0000000000e+00
       124   -4.7371267552e-01    4.6956534157e-01   -1.1585802990e+00    6.8486762343e-01   -1.1585802990e+00    1.2800000000e+04    5.3021033252e-03    1.0000000000e+00
       125   -4.5778285406e-01    4.1379293214e-01   -1.1757458460e+00    7.1796299195e-01   -1.1757458460e+00    1.2800000000e+04    5.2990011279e-03    1.0000000000e+00
       126   -4.7236712500e-01    4.7701907166e-01   -1.2147549626e+00    7.4238783755e-01   -1.2147549626e+00    1.2800000000e+04    5.3024476318e-03    1.0000000000e+00
       127   -4.8397022373e-01    5.7904776176e-01   -1.2465293302e+00    7.6255910650e-01   -1.2465293302e+00    1.2800000000e+04    5.3003232471e-03    1.0000000000e+00
       128   -5.1951634962e-01    1.2018333217e+00   -1.2967155513e+00    7.7719920168e-01   -1.2967155513e+00    1.2800000000e+04    5.2995802246e-03    1.0000000000e+00
       129   -5.9655406782e-01    6.3574043699e+00   -1.3755553141e+00    7.7900124625e-01   -1.3755553141e+00    1.2800000000e+04    5.3028364600e-03    1.0000000000e+00
       130   -5.0877591662e-01    3.2519569086e+00   -1.2916949169e+00    7.8291900023e-01   -1.2916949169e+00    1.2800000000e+04    5.3041026855e-03    1.0000000000e+00
       131   -4.2558855517e-01    4.0061603066e-01   -1.1881290377e+00    7.6254048256e-01   -1.1881290377e+00    1.2800000000e+04    5.3006850830e-03    1.0000000000e+00
       132   -3.9262576458e-01    3.3065633936e-01   -1.1485829680e+00    7.5595720339e-01   -1.1485829680e+00    1.2800000000e+04    5.3019008936e-03    1.0000000000e+00
       133   -4.1084177408e-01    3.5079576693e-01   -1.1524389397e+00    7.4159716565e-01   -1.1524389397e+00    1.2800000000e+04    5.3056972803e-03    1.0000000000e+00
       134   -4.5675148398e-01    4.5645985471e-01   -1.1360077985e+00    6.7925631455e-01   -1.1360077985e+00    1.2800000000e+04    5.3006635986e-03    1.0000000000e+00
       135   -5.1512737505e-01    7.4748415019e-01   -1.1746325758e+00    6.5950520071e-01   -1.1746325758e+00    1.2800000000e+04    5.3014661719e-03    1.0000000000e+00
       136   -4.9655313494e-01    5.3156655263e-01   -1.1461845543e+00    6.4963141935e-01   -1.1461845543e+00    1.2800000000e+04    5.3020454492e-03    1.0000000000e+00
       137   -5.4757061891e-01    1.1956091502e+00   -1.1961422913e+00    6.4857167237e-01   -1.1961422913e+00    1.2800000000e+04    5.3014516260e-03    1.0000000000e+00
       138   -4.8509282391e-01    4.9199032590e-01   -1.1417542304e+00    6.5666140646e-01   -1.1417542304e+00    1.2800000000e+04    5.3006156982e-03    1.0000000000e+00
       139   -4.7165704607e-01    4.1228662701e-01   -1.1346118304e+00    6.6295478430e-01   -1.1346118304e+00    1.2800000000e+04    5.3023874707e-03    1.0000000000e+00
       140   -5.0498338327e-01    5.2399106196e-01   -1.1561564830e+00    6.5117309971e-01   -1.1561564830e+00    1.2800000000e+04    5.2992214893e-03    1.0000000000e+00
       141   -5.1695043737e-01    6.2670616770e-01   -1.1660460737e+00    6.4909563637e-01   -1.1660460737e+00    1.2800000000e+04    5.3009400537e-03    1.0000000000e+00
       142   -5.6425825620e-01    1.2519809408e+00   -1.1824754135e+00    6.1821715730e-01   -1.1824754135e+00    1.2800000000e+04    5.3065405908e-03    1.0000000000e+00
       143   -5.0339115754e-01    4.8125431495e-01   -1.1153012947e+00    6.1191013720e-01   -1.1153012947e+00    1.2800000000e+04    5.2999931836e-03    1.0000000000e+00
       144   -4.7041252258e-01    4.0083253575e-01   -1.0947399694e+00    6.2432744677e-01   -1.0947399694e+00    1.2800000000e+04    5.3013292969e-03    1.0000000000e+00
       145   -4.8686298973e-01    4.2754981267e-01   -1.0987917493e+00    6.1192875957e-01   -1.0987917493e+00    1.2800000000e+04    5.3029115576e-03    1.0000000000e+00
       146   -5.0531640715e-01    5.4872417331e-01   -1.1216560693e+00    6.1633966214e-01   -1.1216560693e+00    1.2800000000e+04    5.3055811035e-03    1.0000000000e+00
       147   -5.7180010711e-01    1.6413741986e+00   -1.1677533608e+00    5.9595325369e-01   -1.1677533608e+00    1.2800000000e+04    5.3018322559e-03    1.0000000000e+00
       148   -5.3144452611e-01    9.5635063520e-01   -1.1126161761e+00    5.8117164999e-01   -1.1126161761e+00    1.2800000000e+04    5.3009844727e-03    1.0000000000e+00
       149   -5.4991941160e-01    1.3644061632e+00   -1.1364509050e+00    5.8653149344e-01   -1.1364509050e+00    1.2800000000e+04    5.3053992627e-03    1.0000000000e+00
       150   -5.1335942697e-01    9.0385907434e-01   -1.1160037261e+00    6.0264429910e-01   -1.1160037261e+00    1.2800000000e+04    5.2997366748e-03    1.0000000000e+00
       151   -4.8987960881e-01    4.5266483043e-01   -1.1081992699e+00    6.1831966109e-01   -1.1081992699e+00    1.2800000000e+04    5.3043747314e-03    1.0000000000e+00
       152   -4.7813600572e-01    4.2438292253e-01   -1.1054444199e+00    6.2730841419e-01   -1.1054444199e+00    1.2800000000e+04    5.3025197705e-03    1.0000000000e+00
       153   -4.4547825187e-01    3.8785890855e-01   -1.0966569283e+00    6.5117867642e-01   -1.0966569283e+00    1.2800000000e+04    5.3055047607e-03    1.0000000000e+00
       154   -4.8161162907e-01    6.3575880466e-01   -1.1425683715e+00    6.6095674241e-01   -1.1425683715e+00    1.2800000000e+04    5.3016787598e-03    1.0000000000e+00
       155   -4.7345706951e-01    5.2244779338e-01   -1.1434793910e+00    6.7002232150e-01   -1.1434793910e+00    1.2800000000e+04    5.3007164307e-03    1.0000000000e+00
       156   -4.6391185921e-01    4.6570725942e-01   -1.1004072847e+00    6.3649542553e-01   -1.1004072847e+00    1.2800000000e+04    5.3017480811e-03    1.0000000000e+00
       157   -4.9172311970e-01    7.3647149279e-01   -1.1056623332e+00    6.1393921353e-01   -1.1056623332e+00    1.2800000000e+04    5.3037433447e-03    1.0000000000e+00
       158   -4.9521995023e-01    8.2780918746e-01   -1.1299792269e+00    6.3475927663e-01   -1.1299792269e+00    1.2800000000e+04    5.3027670459e-03    1.0000000000e+00
       159   -4.9726449600e-01    6.6868969180e-01   -1.1357760709e+00    6.3851157488e-01   -1.1357760709e+00    1.2800000000e+04    5.3054781104e-03    1.0000000000e+00
       160   -4.8787644252e-01    5.6830408990e-01   -1.1092634054e+00    6.2138696291e-01   -1.1092634054e+00    1.2800000000e+04    5.3025282031e-03    1.0000000000e+00
       161   -4.9297566106e-01    5.1026272608e-01   -1.0896141503e+00    5.9663848928e-01   -1.0896141503e+00    1.2800000000e+04    5.3025520410e-03    1.0000000000e+00
       162   -5.0220718577e-01    4.9306479872e-01   -1.0827201219e+00    5.8051293613e-01   -1.0827201219e+00    1.2800000000e+04    5.3031092578e-03    1.0000000000e+00
       163   -5.3800439858e-01    7.3477645625e-01   -1.1156471457e+00    5.7764274716e-01   -1.1156471457e+00    1.2800000000e+04    5.2992028125e-03    1.0000000000e+00
       164   -5.6652609247e-01    9.0434836654e-01   -1.1527318572e+00    5.8620576476e-01   -1.1527318572e+00    1.2800000000e+04    5.3051223291e-03    1.0000000000e+00
       165   -5.1957769970e-01    5.1868667179e-01   -1.1237461737e+00    6.0416847397e-01   -1.1237461737e+00    1.2800000000e+04    5.3024655957e-03    1.0000000000e+00
       166   -5.0816773217e-01    5.3851695196e-01   -1.1260162800e+00    6.1784854781e-01   -1.1260162800e+00    1.2800000000e+04    5.3089360498e-03    1.0000000000e+00
       167   -4.9539907461e-01    4.4447438359e-01   -1.1210506362e+00    6.2565156156e-01   -1.1210506362e+00    1.2800000000e+04    5.3014342383e-03    1.0000000000e+00
       168   -5.3397552684e-01    6.6120851606e-01   -1.1269218499e+00    5.9294632305e-01   -1.1269218499e+00    1.2800000000e+04    5.3020787061e-03    1.0000000000e+00
       169   -5.3196750080e-01    5.2292468276e-01   -1.1252704527e+00    5.9330295189e-01   -1.1252704527e+00    1.2800000000e+04    5.3014456104e-03    1.0000000000e+00
       170   -5.3115543096e-01    5.5076844415e-01   -1.1435943160e+00    6.1243888507e-01   -1.1435943160e+00    1.2800000000e+04    5.3016552344e-03    1.0000000000e+00
       171   -5.6369169806e-01    7.7643655579e-01   -1.1697492956e+00    6.0605759756e-01   -1.1697492956e+00    1.2800000000e+04    5.3030385645e-03    1.0000000000e+00
       172   -5.9906604759e-01    1.4239490888e+00   -1.1978046579e+00    5.9873861035e-01   -1.1978046579e+00    1.2800000000e+04    5.3004091748e-03    1.0000000000e+00
       173   -5.0185636220e-01    4.9819259425e-01   -1.1021030840e+00    6.0024672179e-01   -1.1021030840e+00    1.2800000000e+04    5.3022169238e-03    1.0000000000e+00
       174   -4.7675268694e-01    3.9046652852e-01   -1.0573933425e+00    5.8064065553e-01   -1.0573933425e+00    1.2800000000e+04    5.3059579980e-03    1.0000000000e+00
       175   -4.7689119187e-01    3.9018120014e-01   -1.0552222202e+00    5.7833102828e-01   -1.0552222202e+00    1.2800000000e+04    5.3026900244e-03    1.0000000000e+00
       176   -4.8922738203e-01    4.5232251321e-01   -1.0735475356e+00    5.8432015355e-01   -1.0735475356e+00    1.2800000000e+04    5.3004318311e-03    1.0000000000e+00
       177   -4.9500738730e-01    5.8255220971e-01   -1.0741870917e+00    5.7917970435e-01   -1.0741870917e+00    1.2800000000e+04    5.3022780469e-03    1.0000000000e+00
       178   -5.2490563771e-01    1.8770991763e+00   -1.1195937901e+00    5.9468815237e-01   -1.1195937901e+00    1.2800000000e+04    5.3048391992e-03    1.0000000000e+00
       179   -4.4943980208e-01    3.7448032122e-01   -1.0648574540e+00    6.1541765190e-01   -1.0648574540e+00    1.2800000000e+04    5.3037095215e-03    1.0000000000e+00
       180   -4.5856119613e-01    3.7245393238e-01   -1.0614189762e+00    6.0285778003e-01   -1.0614189762e+00    1.2800000000e+04    5.3035790479e-03    1.0000000000e+00
       181   -4.7862155230e-01    3.9200960300e-01   -1.0719989464e+00    5.9337739415e-01   -1.0719989464e+00    1.2800000000e+04    5.3037266943e-03    1.0000000000e+00
       182   -5.2495325252e-01    6.8864090360e-01   -1.1214838305e+00    5.9653057799e-01   -1.1214838305e+00    1.2800000000e+04    5.2980683545e-03    1.0000000000e+00
       183   -4.9462089461e-01    4.7228035003e-01   -1.0860267915e+00    5.9140589693e-01   -1.0860267915e+00    1.2800000000e+04    5.3010070557e-03    1.0000000000e+00
       184   -5.2199067122e-01    5.2966340815e-01   -1.0766126656e+00    5.5462199439e-01   -1.0766126656e+00    1.2800000000e+04    5.3056026270e-03    1.0000000000e+00
       185   -5.2105122830e-01    4.9348721544e-01   -1.0644178552e+00    5.4336662690e-01   -1.0644178552e+00    1.2800000000e+04    5.3040498975e-03    1.0000000000e+00
       186   -5.4563376978e-01    6.1671178415e-01   -1.0879815575e+00    5.4234778775e-01   -1.0879815575e+00    1.2800000000e+04    5.3051244629e-03    1.0000000000e+00
       187   -5.4181094165e-01    4.9978034634e-01   -1.0963593418e+00    5.5454840016e-01   -1.0963593418e+00    1.2800000000e+04    5.3059956201e-03    1.0000000000e+00
       188   -5.8177374258e-01    9.0367250226e-01   -1.1547890398e+00    5.7301529727e-01   -1.1547890398e+00    1.2800000000e+04    5.3012147949e-03    1.0000000000e+00
       189   -5.2246913769e-01    7.4849165867e-01   -1.1077020282e+00    5.8523289054e-01   -1.1077020282e+00    1.2800000000e+04    5.3042732031e-03    1.0000000000e+00
       190   -4.5114216065e-01    3.6343662647e-01   -1.0593836804e+00    6.0824151974e-01   -1.0593836804e+00    1.2800000000e+04    5.3045343311e-03    1.0000000000e+00
       191   -4.3281947170e-01    3.5130815421e-01   -1.0376293616e+00    6.0480988988e-01   -1.0376293616e+00    1.2800000000e+04    5.3022220215e-03    1.0000000000e+00
       192   -4.3599964871e-01    3.6226840405e-01   -1.0405018141e+00    6.0450216544e-01   -1.0405018141e+00    1.2800000000e+04    5.3082657422e-03    1.0000000000e+00
       193   -4.8809084125e-01    4.3430848427e-01   -1.0720381864e+00    5.8394734513e-01   -1.0720381864e+00    1.2800000000e+04    5.3008286963e-03    1.0000000000e+00
       194   -5.5793033819e-01    6.7465065600e-01   -1.1339195254e+00    5.7598918718e-01   -1.1339195254e+00    1.2800000000e+04    5.3040136328e-03    1.0000000000e+00
       195   -5.9787661676e-01    1.4433413430e+00   -1.1861406212e+00    5.8826400439e-01   -1.1861406212e+00    1.2800000000e+04    5.3039413574e-03    1.0000000000e+00
       196   -5.1756057271e-01    6.5144244310e-01   -1.1242279495e+00    6.0666737678e-01   -1.1242279495e+00    1.2800000000e+04    5.3025498975e-03    1.0000000000e+00
       197   -5.3443921161e-01    5.7684800363e-01   -1.1284425190e+00    5.9400330741e-01   -1.1284425190e+00    1.2800000000e+04    5.3051210400e-03    1.0000000000e+00
       198   -5.4368154088e-01    6.2850126746e-01   -1.1283835402e+00    5.8470199931e-01   -1.1283835402e+00    1.2800000000e+04    5.3036567920e-03    1.0000000000e+00
       199   -5.4700151382e-01    6.7165211403e-01   -1.1154356208e+00    5.6843410699e-01   -1.1154356208e+00    1.2800000000e+04    5.3045297656e-03    1.0000000000e+00
       200   -5.1702462733e-01    5.3754327610e-01   -1.1035174661e+00    5.8649283875e-01   -1.1035174661e+00    1.2800000000e+04    5.3074366309e-03    1.0000000000e+00
       201   -4.9691762095e-01    4.3869561177e-01   -1.0976809358e+00    6.0076331482e-01   -1.0976809358e+00    1.2800000000e+04    5.3005376514e-03    1.0000000000e+00
       202   -5.3238106042e-01    9.9546586290e-01   -1.1267285978e+00    5.9434753737e-01   -1.1267285978e+00    1.2800000000e+04    5.3024553076e-03    1.0000000000e+00
       203   -5.0266217916e-01    5.8871381627e-01   -1.1112684570e+00    6.0860627781e-01   -1.1112684570e+00    1.2800000000e+04    5.3033326367e-03    1.0000000000e+00
       204   -4.7598353028e-01    4.2146635623e-01   -1.1045818477e+00    6.2859831738e-01   -1.1045818477e+00    1.2800000000e+04    5.3050815234e-03    1.0000000000e+00
       205   -5.4652284070e-01    9.5683625833e-01   -1.1618100062e+00    6.1528716546e-01   -1.1618100062e+00    1.2800000000e+04    5.3013712061e-03    1.0000000000e+00
       206   -6.3814701156e-01    1.8337467524e+00   -1.2538299050e+00    6.1568289340e-01   -1.2538299050e+00    1.2800000000e+04    5.3034996191e-03    1.0000000000e+00
       207   -5.3324788475e-01    5.7234698199e-01   -1.1525338607e+00    6.1928597600e-01   -1.1525338607e+00    1.2800000000e+04    5.3021710889e-03    1.0000000000e+00
       208   -4.8929824211e-01    4.6072266359e-01   -1.1004094819e+00    6.1111123980e-01   -1.1004094819e+00    1.2800000000e+04    5.3014008838e-03    1.0000000000e+00
       209   -4.8816712933e-01    4.6939136474e-01   -1.0973581416e+00    6.0919101227e-01   -1.0973581416e+00    1.2800000000e+04    5.3051624951e-03    1.0000000000e+00
       210   -5.2711662497e-01    1.0657966969e+00   -1.1452535774e+00    6.1813695242e-01   -1.1452535774e+00    1.2800000000e+04    5.3021824072e-03    1.0000000000e+00
       211   -5.5173696616e-01    1.3759787425e+00   -1.2026750520e+00    6.5093808581e-01   -1.2026750520e+00    1.2800000000e+04    5.3028507666e-03    1.0000000000e+00
       212   -4.8371275540e-01    7.2219109541e-01   -1.1360213011e+00    6.5230854572e-01   -1.1360213011e+00    1.2800000000e+04    5.3026790283e-03    1.0000000000e+00
       213   -6.1591938159e-01    3.4197593291e+00   -1.2552015071e+00    6.3928212550e-01   -1.2552015071e+00    1.2800000000e+04    5.3011689258e-03    1.0000000000e+00
       214   -5.1480540421e-01    7.2651448223e-01   -1.1479423287e+00    6.3313692448e-01   -1.1479423287e+00    1.2800000000e+04    5.3037500049e-03    1.0000000000e+00
       215   -4.7801590800e-01    5.2267020168e-01   -1.0997051996e+00    6.2168929159e-01   -1.0997051996e+00    1.2800000000e+04    5.3013965430e-03    1.0000000000e+00
       216   -4.5841166803e-01    4.3714734094e-01   -1.0736127884e+00    6.1520112035e-01   -1.0736127884e+00    1.2800000000e+04    5.3043378125e-03    1.0000000000e+00
       217   -4.6427468061e-01    7.6155289055e-01   -1.0772699097e+00    6.1299522906e-01   -1.0772699097e+00    1.2800000000e+04    5.3011687744e-03    1.0000000000e+00
       218   -5.0224975431e-01    1.0731924873e+00   -1.0771217402e+00    5.7487198590e-01   -1.0771217402e+00    1.2800000000e+04    5.3025782959e-03    1.0000000000e+00
       219   -5.8335802382e-01    5.5929145967e+00   -1.1508306686e+00    5.6747264478e-01   -1.1508306686e+00    1.2800000000e+04    5.3086769141e-03    1.0000000000e+00
       220   -6.1477299275e-01    5.1523221149e+00   -1.1716969376e+00    5.5692394489e-01   -1.1716969376e+00    1.2800000000e+04    5.3013027246e-03    1.0000000000e+00
       221   -5.0725613329e-01    4.3116266012e-01   -1.0680445600e+00    5.6078842670e-01   -1.0680445600e+00    1.2800000000e+04    5.3080542285e-03    1.0000000000e+00
       222   -5.1282313673e-01    4.3390277156e-01   -1.0518252176e+00    5.3900208082e-01   -1.0518252176e+00    1.2800000000e+04    5.3007638135e-03    1.0000000000e+00
       223   -5.2126488508e-01    4.8416567323e-01   -1.0592277484e+00    5.3796286328e-01   -1.0592277484e+00    1.2800000000e+04    5.3044377637e-03    1.0000000000e+00
       224   -5.1206445840e-01    4.3716240072e-01   -1.0538656436e+00    5.4180118517e-01   -1.0538656436e+00    1.2800000000e+04    5.3059931006e-03    1.0000000000e+00
       225   -5.1320193648e-01    5.2726670086e-01   -1.0880599643e+00    5.7485802777e-01   -1.0880599643e+00    1.2800000000e+04    5.3060595264e-03    1.0000000000e+00
       226   -5.0393991531e-01    4.3659683013e-01   -1.0749280967e+00    5.7098818138e-01   -1.0749280967e+00    1.2800000000e+04    5.3054039014e-03    1.0000000000e+00
       227   -5.3925425795e-01    6.2240155951e-01   -1.1198771621e+00    5.8062290415e-01   -1.1198771621e+00    1.2800000000e+04    5.3014764551e-03    1.0000000000e+00
       228   -5.4969408579e-01    6.8868104248e-01   -1.1204970678e+00    5.7080298196e-01   -1.1204970678e+00    1.2800000000e+04    5.3009746533e-03    1.0000000000e+00
       229   -5.2468648932e-01    5.1950867097e-01   -1.1174935187e+00    5.9280702942e-01   -1.1174935187e+00    1.2800000000e+04    5.3029452002e-03    1.0000000000e+00
       230   -5.0532250975e-01    4.4178600498e-01   -1.1042161450e+00    5.9889363530e-01   -1.1042161450e+00    1.2800000000e+04    5.3054625537e-03    1.0000000000e+00
       231   -5.4321097104e-01    9.8344141489e-01   -1.1185580678e+00    5.7534709680e-01   -1.1185580678e+00    1.2800000000e+04    5.3092545850e-03    1.0000000000e+00
       232   -5.0678759084e-01    5.0757929495e-01   -1.0962392709e+00    5.8945168008e-01   -1.0962392709e+00    1.2800000000e+04    5.3033824072e-03    1.0000000000e+00
       233   -5.3173451290e-01    6.2656076925e-01   -1.1321329207e+00    6.0039840777e-01   -1.1321329207e+00    1.2800000000e+04    5.3017578809e-03    1.0000000000e+00
       234   -5.1972807717e-01    5.7555787504e-01   -1.1678205026e+00    6.4809242539e-01   -1.1678205026e+00    1.2800000000e+04    5.3023444336e-03    1.0000000000e+00
       235   -5.2103521645e-01    6.7414906287e-01   -1.1981546635e+00    6.7711944703e-01   -1.1981546635e+00    1.2800000000e+04    5.3022685254e-03    1.0000000000e+00
       236   -5.2345954497e-01    7.4390002439e-01   -1.2048726652e+00    6.8141312022e-01   -1.2048726652e+00    1.2800000000e+04    5.3015104736e-03    1.0000000000e+00
       237   -5.1477868258e-01    5.1785780359e-01   -1.1942055991e+00    6.7942691655e-01   -1.1942055991e+00    1.2800000000e+04    5.3011009375e-03    1.0000000000e+00
       238   -5.1295394346e-01    5.7175922467e-01   -1.1958508966e+00    6.8289695316e-01   -1.1958508966e+00    1.2800000000e+04    5.2998563379e-03    1.0000000000e+00
       239   -5.6500708977e-01    9.0408314550e-01   -1.2670329172e+00    7.0202582740e-01   -1.2670329172e+00    1.2800000000e+04    5.3071239697e-03    1.0000000000e+00
       240   -5.3631670100e-01    7.8143290441e-01   -1.2512864857e+00    7.1496978465e-01   -1.2512864857e+00    1.2800000000e+04    5.3037202246e-03    1.0000000000e+00
       241   -5.6106727249e-01    2.1843777900e+00   -1.3003235695e+00    7.3925629705e-01   -1.3003235695e+00    1.2800000000e+04    5.3041795752e-03    1.0000000000e+00
       242   -5.8171557416e-01    2.1922798262e+00   -1.3351021679e+00    7.5338659374e-01   -1.3351021679e+00    1.2800000000e+04    5.3009267432e-03    1.0000000000e+00
       243   -5.4665144006e-01    1.0142205536e+00   -1.3090224813e+00    7.6237104125e-01   -1.3090224813e+00    1.2800000000e+04    5.3031774414e-03    1.0000000000e+00
       244   -4.7904077096e-01    4.5360281785e-01   -1.2468560816e+00    7.6781531068e-01   -1.2468560816e+00    1.2800000000e+04    5.3029987500e-03    1.0000000000e+00
       245   -4.3306532262e-01    3.5557619060e-01   -1.1875096875e+00    7.5444436486e-01   -1.1875096875e+00    1.2800000000e+04    5.3038850537e-03    1.0000000000e+00
       246   -4.1898211523e-01    3.9984008701e-01   -1.1794587291e+00    7.6047661388e-01   -1.1794587291e+00    1.2800000000e+04    5.3040798438e-03    1.0000000000e+00
       247   -4.2057271559e-01    5.2184566069e-01   -1.2033534107e+00    7.8278069507e-01   -1.2033534107e+00    1.2800000000e+04    5.2999874512e-03    1.0000000000e+00
       248   -4.4341075537e-01    5.5618038544e-01   -1.2313966060e+00    7.8798585067e-01   -1.2313966060e+00    1.2800000000e+04    5.3018778076e-03    1.0000000000e+00
       249   -5.0225457140e-01    1.3294646997e+00   -1.2740162091e+00    7.7176163768e-01   -1.2740162091e+00    1.2800000000e+04    5.3035325781e-03    1.0000000000e+00
       250   -5.3145895224e-01    2.2583126012e+00   -1.2969283287e+00    7.6546937646e-01   -1.2969283287e+00    1.2800000000e+04    5.3019505713e-03    1.0000000000e+00
       251   -4.6017075285e-01    7.1856603724e-01   -1.2528309024e+00    7.9266014950e-01   -1.2528309024e+00    1.2800000000e+04    5.3037817676e-03    1.0000000000e+00
       252   -4.8516382211e-01    1.8252194078e+00   -1.2847818688e+00    7.9961804664e-01   -1.2847818688e+00    1.2800000000e+04    5.3012769922e-03    1.0000000000e+00
       253   -3.8749740262e-01    3.2840243359e-01   -1.1891116860e+00    8.0161428339e-01   -1.1891116860e+00    1.2800000000e+04    5.3071853418e-03    1.0000000000e+00
       254   -4.0166266685e-01    3.3926111167e-01   -1.2001406715e+00    7.9847800463e-01   -1.2001406715e+00    1.2800000000e+04    5.3030006934e-03    1.0000000000e+00
       255   -3.9473160427e-01    3.6227877415e-01   -1.1678275250e+00    7.7309592070e-01   -1.1678275250e+00    1.2800000000e+04    5.3008590625e-03    1.0000000000e+00
       256   -4.6644470026e-01    2.0891507782e+00   -1.2417682671e+00    7.7532356679e-01   -1.2417682671e+00    1.2800000000e+04    5.3065335498e-03    1.0000000000e+00
       257   -5.0644893855e-01    1.3423892067e+00   -1.2632621403e+00    7.5681320180e-01   -1.2632621403e+00    1.2800000000e+04    5.3031765381e-03    1.0000000000e+00
       258   -4.4994505524e-01    7.7651869529e-01   -1.2080532408e+00    7.5810818557e-01   -1.2080532408e+00    1.2800000000e+04    5.2999868164e-03    1.0000000000e+00
       259   -4.8114064810e-01    9.2362544714e-01   -1.2410772300e+00    7.5993658186e-01   -1.2410772300e+00    1.2800000000e+04    5.3039417822e-03    1.0000000000e+00
       260   -4.4557762818e-01    4.2748973319e-01   -1.2007545157e+00    7.5517688749e-01   -1.2007545157e+00    1.2800000000e+04    5.3028303125e-03    1.0000000000e+00
       261   -4.6152208475e-01    4.4256344113e-01   -1.1987353676e+00    7.3721328286e-01   -1.1987353676e+00    1.2800000000e+04    5.3005416113e-03    1.0000000000e+00
       262   -4.8714892933e-01    4.6004398403e-01   -1.2073328081e+00    7.2018387877e-01   -1.2073328081e+00    1.2800000000e+04    5.3012338818e-03    1.0000000000e+00
       263   -4.7347972820e-01    5.5718245428e-01   -1.2049517109e+00    7.3147198271e-01   -1.2049517109e+00    1.2800000000e+04    5.3069396045e-03    1.0000000000e+00
       264   -4.4692615484e-01    4.0647618233e-01   -1.1940079573e+00    7.4708180241e-01   -1.1940079573e+00    1.2800000000e+04    5.3012289453e-03    1.0000000000e+00
       265   -4.5959785024e-01    4.3080079019e-01   -1.2142821018e+00    7.5468425155e-01   -1.2142821018e+00    1.2800000000e+04    5.3057180029e-03    1.0000000000e+00
       266   -4.4362663262e-01    4.4638396676e-01   -1.2016851454e+00    7.5805851279e-01   -1.2016851454e+00    1.2800000000e+04    5.3025737793e-03    1.0000000000e+00
       267   -4.1489380456e-01    3.7399986740e-01   -1.1620101661e+00    7.4711636157e-01   -1.1620101661e+00    1.2800000000e+04    5.3027817041e-03    9.9992187500e-01
       268   -4.2785993192e-01    4.3320443442e-01   -1.1538847925e+00    7.2602486059e-01   -1.1538847925e+00    1.2800000000e+04    5.3030403711e-03    1.0000000000e+00
       269   -4.1086341285e-01    3.8373082780e-01   -1.1524517837e+00    7.4158837086e-01   -1.1524517837e+00    1.2800000000e+04    5.3090037012e-03    1.0000000000e+00
       270   -3.8728585249e-01    3.6127468967e-01   -1.1363053306e+00    7.4901947810e-01   -1.1363053306e+00    1.2800000000e+04    5.3010117676e-03    1.0000000000e+00
       271   -3.7061902866e-01    3.1719125386e-01   -1.1268501817e+00    7.5623115302e-01   -1.1268501817e+00    1.2800000000e+04    5.3021675391e-03    1.0000000000e+00
       272   -3.7892547740e-01    3.2449181912e-01   -1.1099054709e+00    7.3097999347e-01   -1.1099054709e+00    1.2800000000e+04    5.2987712402e-03    1.0000000000e+00
       273   -3.8027188410e-01    3.1839329758e-01   -1.0998567046e+00    7.1958482052e-01   -1.0998567046e+00    1.2800000000e+04    5.3014654346e-03    1.0000000000e+00
       274   -3.7279402663e-01    3.2697763380e-01   -1.1079349358e+00    7.3514090914e-01   -1.1079349358e+00    1.2800000000e+04    5.3017933936e-03    1.0000000000e+00
       275   -3.6407537468e-01    3.1616401299e-01   -1.1082860110e+00    7.4421063629e-01   -1.1082860110e+00    1.2800000000e+04    5.3037303076e-03    1.0000000000e+00
       276   -3.6325409488e-01    3.0688834813e-01   -1.1049547074e+00    7.4170061255e-01   -1.1049547074e+00    1.2800000000e+04    5.3014990137e-03    1.0000000000e+00
       277   -3.7140797718e-01    3.2647461258e-01   -1.1141033758e+00    7.4269539865e-01   -1.1141033758e+00    1.2800000000e+04    5.3006486670e-03    1.0000000000e+00
       278   -3.8649478538e-01    3.4311126857e-01   -1.1058573478e+00    7.1936256242e-01   -1.1058573478e+00    1.2800000000e+04    5.3047113135e-03    1.0000000000e+00
       279   -3.8369548155e-01    3.5254302665e-01   -1.1159448111e+00    7.3224932951e-01   -1.1159448111e+00    1.2800000000e+04    5.3053966797e-03    1.0000000000e+00
       280   -3.7631174644e-01    3.2864750708e-01   -1.0958114282e+00    7.1949968174e-01   -1.0958114282e+00    1.2800000000e+04    5.3025323584e-03    1.0000000000e+00
       281   -3.8107761687e-01    3.3543314575e-01   -1.1056670974e+00    7.2458948051e-01   -1.1056670974e+00    1.2800000000e+04    5.3027043848e-03    1.0000000000e+00
       282   -3.5122098525e-01    2.9438350771e-01   -1.1125028811e+00    7.6128189588e-01   -1.1125028811e+00    1.2800000000e+04    5.3039279932e-03    1.0000000000e+00
       283   -3.6238460766e-01    3.1533414143e-01   -1.1397991368e+00    7.7741452910e-01   -1.1397991368e+00    1.2800000000e+04    5.3064443799e-03    1.0000000000e+00
       284   -3.6638260621e-01    3.0769665527e-01   -1.1390219192e+00    7.7263931300e-01   -1.1390219192e+00    1.2800000000e+04    5.3015203369e-03    1.0000000000e+00
       285   -3.5886872629e-01    3.0762035939e-01   -1.1249584218e+00    7.6608969552e-01   -1.1249584218e+00    1.2800000000e+04    5.3031371533e-03    1.0000000000e+00
       286   -3.6094212394e-01    2.9790929653e-01   -1.0954705361e+00    7.3452841220e-01   -1.0954705361e+00    1.2800000000e+04    5.3002199609e-03    1.0000000000e+00
       287   -3.8824595273e-01    3.1114007949e-01   -1.0912126391e+00    7.0296668640e-01   -1.0912126391e+00    1.2800000000e+04    5.3001912451e-03    1.0000000000e+00
       288   -4.0266399386e-01    3.3924859053e-01   -1.1173345041e+00    7.1467051021e-01   -1.1173345041e+00    1.2800000000e+04    5.3048824023e-03    1.0000000000e+00
       289   -3.9553671681e-01    3.3722662869e-01   -1.1157816616e+00    7.2024494475e-01   -1.1157816616e+00    1.2800000000e+04    5.3039192383e-03    1.0000000000e+00
       290   -4.1904270745e-01    3.6720726098e-01   -1.1248452502e+00    7.0580254278e-01   -1.1248452502e+00    1.2800000000e+04    5.3041067188e-03    1.0000000000e+00
       291   -4.2381922970e-01    3.7920850895e-01   -1.1205135463e+00    6.9669431662e-01   -1.1205135463e+00    1.2800000000e+04    5.3045025830e-03    1.0000000000e+00
       292   -4.6127096997e-01    4.4842114212e-01   -1.1615576261e+00    7.0028665609e-01   -1.1615576261e+00    1.2800000000e+04    5.3021137891e-03    1.0000000000e+00
       293   -4.6857454025e-01    4.8245290221e-01   -1.1947829702e+00    7.2620842997e-01   -1.1947829702e+00    1.2800000000e+04    5.3029809766e-03    1.0000000000e+00
       294   -4.4934472516e-01    4.1973800648e-01   -1.1608506336e+00    7.1150590847e-01   -1.1608506336e+00    1.2800000000e+04    5.3037079590e-03    1.0000000000e+00
       295   -5.0792211444e-01    7.2869086488e-01   -1.2076023997e+00    6.9968028527e-01   -1.2076023997e+00    1.2800000000e+04    5.3046902490e-03    1.0000000000e+00
       296   -4.9586604736e-01    6.1204533965e-01   -1.1843626538e+00    6.8849660648e-01   -1.1843626538e+00    1.2800000000e+04    5.3037622266e-03    1.0000000000e+00
       297   -4.3289232194e-01    3.6370623329e-01   -1.1016144225e+00    6.6872210059e-01   -1.1016144225e+00    1.2800000000e+04    5.3038501318e-03    1.0000000000e+00
       298   -4.2956415433e-01    4.0807219929e-01   -1.0987316306e+00    6.6916747625e-01   -1.0987316306e+00    1.2800000000e+04    5.3069084277e-03    1.0000000000e+00
       299   -4.4407429128e-01    4.5002697923e-01   -1.1082101618e+00    6.6413587056e-01   -1.1082101618e+00    1.2800000000e+04    5.3062822412e-03    1.0000000000e+00
       300   -4.7066522411e-01    5.0247039689e-01   -1.1336945847e+00    6.6302936057e-01   -1.1336945847e+00    1.2800000000e+04    5.3009698291e-03    1.0000000000e+00
       301   -4.9560461825e-01    7.2166805239e-01   -1.1849585760e+00    6.8935395773e-01   -1.1849585760e+00    1.2800000000e+04    5.3013696338e-03    1.0000000000e+00
       302   -5.7617306649e-01    1.4714653469e+00   -1.2616586081e+00    6.8548554165e-01   -1.2616586081e+00    1.2800000000e+04    5.3030834521e-03    1.0000000000e+00
       303   -6.0435772520e-01    4.7968273513e+00   -1.3163139160e+00    7.1195619081e-01   -1.3163139160e+00    1.2800000000e+04    5.3040873779e-03    1.0000000000e+00
       304   -5.9013709721e-01    2.3146480041e+00   -1.2861803990e+00    6.9604330182e-01   -1.2861803990e+00    1.2800000000e+04    5.3048339600e-03    1.0000000000e+00
       305   -6.9059918203e-01    6.5222698536e+00   -1.3869097172e+00    6.9631053518e-01   -1.3869097172e+00    1.2800000000e+04    5.3071791162e-03    1.0000000000e+00
       306   -5.6313340690e-01    1.1562204271e+00   -1.2584442280e+00    6.9531082106e-01   -1.2584442280e+00    1.2800000000e+04    5.3053481787e-03    1.0000000000e+00
       307   -6.1649688329e-01    2.8750121419e+00   -1.3036973736e+00    6.8720049035e-01   -1.3036973736e+00    1.2800000000e+04    5.3062607275e-03    1.0000000000e+00
       308   -5.2503379893e-01    7.6467326596e-01   -1.2014392367e+00    6.7640543777e-01   -1.2014392367e+00    1.2800000000e+04    5.3034528271e-03    1.0000000000e+00
       309   -4.9671508594e-01    6.6814724395e-01   -1.1847743771e+00    6.8805929116e-01   -1.1847743771e+00    1.2800000000e+04    5.3008605957e-03    1.0000000000e+00
       310   -5.6068904014e-01    1.6758428507e+00   -1.2676175197e+00    7.0692847959e-01   -1.2676175197e+00    1.2800000000e+04    5.3046789502e-03    1.0000000000e+00
       311   -5.2424561938e-01    8.4805773159e-01   -1.2531480250e+00    7.2890240563e-01   -1.2531480250e+00    1.2800000000e+04    5.3049527490e-03    1.0000000000e+00
       312   -5.0051082145e-01    1.0088917516e+00   -1.2296323789e+00    7.2912155742e-01   -1.2296323789e+00    1.2800000000e+04    5.3018512353e-03    1.0000000000e+00
       313   -5.5423003735e-01    2.3493481274e+00   -1.3095320261e+00    7.5530198871e-01   -1.3095320261e+00    1.2800000000e+04    5.3037752783e-03    1.0000000000e+00
       314   -5.4801088670e-01    1.4275353107e+00   -1.3066135554e+00    7.5860266867e-01   -1.3066135554e+00    1.2800000000e+04    5.3069016699e-03    1.0000000000e+00
       315   -5.2404667219e-01    7.6821624626e-01   -1.2759073596e+00    7.5186068742e-01   -1.2759073596e+00    1.2800000000e+04    5.3026231055e-03    1.0000000000e+00
       316   -5.8099919333e-01    1.3720648154e+00   -1.3286870252e+00    7.4768783191e-01   -1.3286870252e+00    1.2800000000e+04    5.3053178223e-03    1.0000000000e+00
       317   -6.1136757700e-01    2.0462252892e+00   -1.3499721720e+00    7.3860459495e-01   -1.3499721720e+00    1.2800000000e+04    5.3043798584e-03    1.0000000000e+00
       318   -5.1709700624e-01    5.9883615270e-01   -1.2657719307e+00    7.4867492451e-01   -1.2657719307e+00    1.2800000000e+04    5.3008337793e-03    1.0000000000e+00
       319   -4.9572945516e-01    5.7697430370e-01   -1.2343627333e+00    7.3863327813e-01   -1.2343627333e+00    1.2800000000e+04    5.3035314307e-03    1.0000000000e+00
       320   -4.8865916379e-01    5.7928212549e-01   -1.2023742332e+00    7.1371506940e-01   -1.2023742332e+00    1.2800000000e+04    5.3053118164e-03    1.0000000000e+00
       321   -5.2070095866e-01    6.8057817074e-01   -1.2364564161e+00    7.1575545747e-01   -1.2364564161e+00    1.2800000000e+04    5.3057811816e-03    1.0000000000e+00
       322   -6.0765367870e-01    3.8301817989e+00   -1.3262892992e+00    7.1863562054e-01   -1.3262892992e+00    1.2800000000e+04    5.3010078271e-03    1.0000000000e+00
       323   -6.8499081684e-01    9.2887242519e+00   -1.3983789471e+00    7.1338813022e-01   -1.3983789471e+00    1.2800000000e+04    5.3042958936e-03    1.0000000000e+00
       324   -6.1643443207e-01    1.1514589475e+00   -1.3112606460e+00    6.9482621391e-01   -1.3112606460e+00    1.2800000000e+04    5.3036076123e-03    1.0000000000e+00
       325   -6.1107147490e-01    1.1315768707e+00   -1.3050964772e+00    6.9402500232e-01   -1.3050964772e+00    1.2800000000e+04    5.3012840234e-03    1.0000000000e+00
       326   -5.8862206159e-01    1.9082137030e+00   -1.2955240203e+00    7.0690195874e-01   -1.2955240203e+00    1.2800000000e+04    5.3063485596e-03    1.0000000000e+00
       327   -6.2268805547e-01    6.2572224678e+00   -1.3301843211e+00    7.0749626563e-01   -1.3301843211e+00    1.2800000000e+04    5.3093339111e-03    1.0000000000e+00
       328   -4.9632809969e-01    7.7490315514e-01   -1.1920591192e+00    6.9573101946e-01   -1.1920591192e+00    1.2800000000e+04    5.3054034326e-03    1.0000000000e+00
       329   -5.1381386412e-01    7.1112140335e-01   -1.2062342660e+00    6.9242040190e-01   -1.2062342660e+00    1.2800000000e+04    5.3046801172e-03    1.0000000000e+00
       330   -4.9604099727e-01    5.6569222495e-01   -1.1681730636e+00    6.7213206628e-01   -1.1681730636e+00    1.2800000000e+04    5.3028438574e-03    1.0000000000e+00
       331   -4.7743812590e-01    4.0312737629e-01   -1.1446124595e+00    6.6717433364e-01   -1.1446124595e+00    1.2800000000e+04    5.3044000439e-03    1.0000000000e+00
       332   -4.9489223198e-01    6.1975744472e-01   -1.1859715355e+00    6.9107930352e-01   -1.1859715355e+00    1.2800000000e+04    5.3051160498e-03    1.0000000000e+00
       333   -4.7991133046e-01    4.8104806619e-01   -1.1709427875e+00    6.9103145700e-01   -1.1709427875e+00    1.2800000000e+04    5.3033458105e-03    1.0000000000e+00
       334   -4.9443169288e-01    5.4462556049e-01   -1.1595250741e+00    6.6509338124e-01   -1.1595250741e+00    1.2800000000e+04    5.3053017236e-03    1.0000000000e+00
       335   -4.8915221848e-01    5.9342085957e-01   -1.1665148075e+00    6.7736258899e-01   -1.1665148075e+00    1.2800000000e+04    5.3016123437e-03    1.0000000000e+00
       336   -5.8512910754e-01    1.6979981445e+00   -1.2756984005e+00    6.9056929299e-01   -1.2756984005e+00    1.2800000000e+04    5.3058657129e-03    1.0000000000e+00
       337   -5.1446338533e-01    5.9884997882e-01   -1.2011625522e+00    6.8669916686e-01   -1.2011625522e+00    1.2800000000e+04    5.3040849023e-03    1.0000000000e+00
       338   -5.2755887495e-01    9.2795226507e-01   -1.2177162053e+00    6.9015733037e-01   -1.2177162053e+00    1.2800000000e+04    5.3057231885e-03    1.0000000000e+00
       339   -4.7919303266e-01    7.9756396269e-01   -1.1938675709e+00    7.1467453820e-01   -1.1938675709e+00    1.2800000000e+04    5.3032500879e-03    1.0000000000e+00
       340   -4.5461937512e-01    5.3856320008e-01   -1.1788148258e+00    7.2419545071e-01   -1.1788148258e+00    1.2800000000e+04    5.3037091357e-03    1.0000000000e+00
       341   -4.5389500258e-01    5.9451785804e-01   -1.1966855796e+00    7.4279057702e-01   -1.1966855796e+00    1.2800000000e+04    5.3035737353e-03    1.0000000000e+00
       342   -4.3668227599e-01    4.5901378461e-01   -1.1938295983e+00    7.5714732233e-01   -1.1938295983e+00    1.2800000000e+04    5.3016047998e-03    1.0000000000e+00
       343   -4.2677562099e-01    4.1498399004e-01   -1.2006051927e+00    7.7382957167e-01   -1.2006051927e+00    1.2800000000e+04    5.3037952979e-03    1.0000000000e+00
       344   -4.4624614693e-01    7.5502120841e-01   -1.2158295587e+00    7.6958341179e-01   -1.2158295587e+00    1.2800000000e+04    5.3050218115e-03    1.0000000000e+00
       345   -4.5043934894e-01    4.5396946031e-01   -1.1730057037e+00    7.2256635478e-01   -1.1730057037e+00    1.2800000000e+04    5.3058347363e-03    1.0000000000e+00
       346   -4.8285175310e-01    5.0349109702e-01   -1.1783654761e+00    6.9551372300e-01   -1.1783654761e+00    1.2800000000e+04    5.3128595703e-03    1.0000000000e+00
       347   -5.0259042183e-01    6.3825992885e-01   -1.1888289166e+00    6.8623849478e-01   -1.1888289166e+00    1.2800000000e+04    5.3006878857e-03    1.0000000000e+00
       348   -5.5728751049e-01    8.7080706585e-01   -1.2452143670e+00    6.8792685649e-01   -1.2452143670e+00    1.2800000000e+04    5.3094151172e-03    1.0000000000e+00
       349   -4.8904716356e-01    4.9298182525e-01   -1.1675045385e+00    6.7845737495e-01   -1.1675045385e+00    1.2800000000e+04    5.3025352148e-03    1.0000000000e+00
       350   -4.5741119152e-01    4.0749644096e-01   -1.1315609325e+00    6.7414974096e-01   -1.1315609325e+00    1.2800000000e+04    5.3044789111e-03    1.0000000000e+00
       351   -4.5185345730e-01    3.8416093869e-01   -1.1013024386e+00    6.4944898133e-01   -1.1013024386e+00    1.2800000000e+04    5.3028208350e-03    1.0000000000e+00
       352   -4.5662721328e-01    4.6215265410e-01   -1.1119025798e+00    6.5527536653e-01   -1.1119025798e+00    1.2800000000e+04    5.3037529297e-03    1.0000000000e+00
       353   -4.4384116846e-01    4.9975045420e-01   -1.1112137233e+00    6.6737255485e-01   -1.1112137233e+00    1.2800000000e+04    5.3035361035e-03    1.0000000000e+00
       354   -4.3875514120e-01    4.5428106267e-01   -1.1006587779e+00    6.6190363668e-01   -1.1006587779e+00    1.2800000000e+04    5.3027504443e-03    1.0000000000e+00
       355   -4.2877419939e-01    3.8858879132e-01   -1.1013502902e+00    6.7257609085e-01   -1.1013502902e+00    1.2800000000e+04    5.3067621729e-03    1.0000000000e+00
       356   -4.3312412958e-01    3.7661267368e-01   -1.1292425431e+00    6.9611841353e-01   -1.1292425431e+00    1.2800000000e+04    5.3036043311e-03    1.0000000000e+00
       357   -4.3525539743e-01    4.3599664403e-01   -1.1320930424e+00    6.9683764501e-01   -1.1320930424e+00    1.2800000000e+04    5.3063817236e-03    1.0000000000e+00
       358   -4.1809466573e-01    3.9242965425e-01   -1.1416191412e+00    7.2352447551e-01   -1.1416191412e+00    1.2800000000e+04    5.3039795947e-03    1.0000000000e+00
       359   -4.1205099603e-01    3.7857120196e-01   -1.1567712054e+00    7.4472020932e-01   -1.1567712054e+00    1.2800000000e+04    5.3052886035e-03    1.0000000000e+00
       360   -4.0453053126e-01    3.5623866104e-01   -1.1526096754e+00    7.4807914415e-01   -1.1526096754e+00    1.2800000000e+04    5.3019402393e-03    1.0000000000e+00
       361   -4.0796138002e-01    3.6790413269e-01   -1.1355170763e+00    7.2755569633e-01   -1.1355170763e+00    1.2800000000e+04    5.3036403027e-03    1.0000000000e+00
       362   -3.9307858226e-01    3.2200226124e-01   -1.1071856090e+00    7.1410702674e-01   -1.1071856090e+00    1.2800000000e+04    5.2996020264e-03    1.0000000000e+00
       363   -4.4988930267e-01    6.1448565605e-01   -1.1792224081e+00    7.2933310541e-01   -1.1792224081e+00    1.2800000000e+04    5.3065535498e-03    1.0000000000e+00
       364   -4.6352580661e-01    5.5775530690e-01   -1.1883012323e+00    7.2477542567e-01   -1.1883012323e+00    1.2800000000e+04    5.3045004395e-03    1.0000000000e+00
       365   -4.3913241556e-01    3.4903139464e-01   -1.1618196622e+00    7.2268724667e-01   -1.1618196622e+00    1.2800000000e+04    5.3046090430e-03    1.0000000000e+00
       366   -4.6974264294e-01    7.4131035113e-01   -1.2193869177e+00    7.4964427477e-01   -1.2193869177e+00    1.2800000000e+04    5.3035144971e-03    1.0000000000e+00
       367   -5.3395934608e-01    1.5485748632e+00   -1.3204292730e+00    7.8646992695e-01   -1.3204292730e+00    1.2800000000e+04    5.3011653564e-03    1.0000000000e+00
       368   -4.5196300041e-01    5.1094576155e-01   -1.2536282552e+00    8.0166525477e-01   -1.2536282552e+00    1.2800000000e+04    5.3048105762e-03    1.0000000000e+00
       369   -4.7911407157e-01    7.2052298205e-01   -1.2876331415e+00    8.0851906992e-01   -1.2876331415e+00    1.2800000000e+04    5.3025294434e-03    1.0000000000e+00
       370   -4.9270468409e-01    1.2141196580e+00   -1.2781109408e+00    7.8540625671e-01   -1.2781109408e+00    1.2800000000e+04    5.3033642920e-03    1.0000000000e+00
       371   -4.6996200157e-01    6.6168631356e-01   -1.2137631418e+00    7.4380114022e-01   -1.2137631418e+00    1.2800000000e+04    5.3086716553e-03    1.0000000000e+00
       372   -4.9410877379e-01    8.1106437372e-01   -1.2255876582e+00    7.3147888443e-01   -1.2255876582e+00    1.2800000000e+04    5.3033420361e-03    1.0000000000e+00
       373   -5.4288429777e-01    3.4987148746e+00   -1.2748897743e+00    7.3200547656e-01   -1.2748897743e+00    1.2800000000e+04    5.3068768994e-03    1.0000000000e+00
       374   -4.3776566960e-01    4.6926552977e-01   -1.1635381745e+00    7.2577250494e-01   -1.1635381745e+00    1.2800000000e+04    5.3010524609e-03    1.0000000000e+00
       375   -4.3271059543e-01    3.7522686166e-01   -1.1566506754e+00    7.2394007996e-01   -1.1566506754e+00    1.2800000000e+04    5.3056037012e-03    1.0000000000e+00
       376   -4.4443288852e-01    4.1607246581e-01   -1.1617958644e+00    7.1736297587e-01   -1.1617958644e+00    1.2800000000e+04    5.3028914746e-03    9.9992187500e-01
       377   -4.4818400986e-01    4.1905315205e-01   -1.1520306072e+00    7.0384659729e-01   -1.1520306072e+00    1.2800000000e+04    5.3038349219e-03    1.0000000000e+00
       378   -4.9460537187e-01    5.4218472189e-01   -1.1926113102e+00    6.9800593834e-01   -1.1926113102e+00    1.2800000000e+04    5.3041681006e-03    1.0000000000e+00
       379   -5.2920661493e-01    9.1536697697e-01   -1.2200480905e+00    6.9084147552e-01   -1.2200480905e+00    1.2800000000e+04    5.3024250635e-03    1.0000000000e+00
       380   -5.0484544343e-01    7.9358456504e-01   -1.1987310211e+00    6.9388557769e-01   -1.1987310211e+00    1.2800000000e+04    5.3071024658e-03    1.0000000000e+00
       381   -4.4814742611e-01    3.7954402526e-01   -1.1463811830e+00    6.9823375691e-01   -1.1463811830e+00    1.2800000000e+04    5.3088393750e-03    1.0000000000e+00
       382   -4.4595497100e-01    4.1724576205e-01   -1.1723841004e+00    7.2642912944e-01   -1.1723841004e+00    1.2800000000e+04    5.3041913184e-03    1.0000000000e+00
       383   -4.4628370311e-01    3.6027315291e-01   -1.1406460010e+00    6.9436229786e-01   -1.1406460010e+00    1.2800000000e+04    5.3065957617e-03    1.0000000000e+00
       384   -4.5297191624e-01    3.5565431845e-01   -1.1104537808e+00    6.5748186456e-01   -1.1104537808e+00    1.2800000000e+04    5.3093670605e-03    1.0000000000e+00
       385   -4.4983579254e-01    3.8496293314e-01   -1.1101767689e+00    6.6034097639e-01   -1.1101767689e+00    1.2800000000e+04    5.3079594434e-03    1.0000000000e+00
       386   -4.3966610103e-01    4.0879433755e-01   -1.1155108631e+00    6.7584476211e-01   -1.1155108631e+00    1.2800000000e+04    5.3055959570e-03    1.0000000000e+00
       387   -4.2415421132e-01    3.6056984950e-01   -1.0880842831e+00    6.6393007177e-01   -1.0880842831e+00    1.2800000000e+04    5.3030271191e-03    1.0000000000e+00
       388   -4.4329265629e-01    4.4499282364e-01   -1.0927721371e+00    6.4947948081e-01   -1.0927721371e+00    1.2800000000e+04    5.3065205127e-03    1.0000000000e+00
       389   -4.4286021149e-01    3.8320626067e-01   -1.0591254977e+00    6.1626528617e-01   -1.0591254977e+00    1.2800000000e+04    5.3059871094e-03    1.0000000000e+00
       390   -4.5481488344e-01    4.6916192706e-01   -1.0790055381e+00    6.2419065465e-01   -1.0790055381e+00    1.2800000000e+04    5.3090561914e-03    1.0000000000e+00
       391   -4.1789612667e-01    3.3333759082e-01   -1.0777132459e+00    6.5981711925e-01   -1.0777132459e+00    1.2800000000e+04    5.3088066602e-03    1.0000000000e+00
       392   -4.3032746272e-01    3.4105760517e-01   -1.0933010349e+00    6.6297357223e-01   -1.0933010349e+00    1.2800000000e+04    5.3042559326e-03    1.0000000000e+00
       393   -4.3244245892e-01    3.5276221496e-01   -1.1071966811e+00    6.7475422216e-01   -1.1071966811e+00    1.2800000000e+04    5.3049722168e-03    1.0000000000e+00
       394   -4.3645100710e-01    3.4938798914e-01   -1.0990265150e+00    6.6257550792e-01   -1.0990265150e+00    1.2800000000e+04    5.3052065430e-03    1.0000000000e+00
       395   -4.9976582725e-01    9.2766178275e-01   -1.1696876173e+00    6.6992179009e-01   -1.1696876173e+00    1.2800000000e+04    5.3071334766e-03    1.0000000000e+00
       396   -6.2956734311e-01    4.5062335305e+00   -1.2860962969e+00    6.5652895376e-01   -1.2860962969e+00    1.2800000000e+04    5.3054329150e-03    1.0000000000e+00
       397   -4.8738234367e-01    5.1240859920e-01   -1.1109239198e+00    6.2354157612e-01   -1.1109239198e+00    1.2800000000e+04    5.3024612451e-03    1.0000000000e+00
       398   -4.4429693842e-01    4.2200698734e-01   -1.1042924646e+00    6.5999552619e-01   -1.1042924646e+00    1.2800000000e+04    5.3042036084e-03    1.0000000000e+00
       399   -4.7302356079e-01    8.1515435062e-01   -1.1648284896e+00    6.9180492881e-01   -1.1648284896e+00    1.2800000000e+04    5.3052196777e-03    1.0000000000e+00
       400   -4.8307114784e-01    7.8265437737e-01   -1.1641132740e+00    6.8104212612e-01   -1.1641132740e+00    1.2800000000e+04    5.3060984033e-03    1.0000000000e+00
       401   -4.5788441713e-01    4.1329095698e-01   -1.1318353349e+00    6.7395091776e-01   -1.1318353349e+00    1.2800000000e+04    5.3029541748e-03    1.0000000000e+00
       402   -4.4973720347e-01    3.8910309226e-01   -1.1340451268e+00    6.8430792329e-01   -1.1340451268e+00    1.2800000000e+04    5.3057510742e-03    1.0000000000e+00
       403   -4.4431798853e-01    4.3268362306e-01   -1.1162062313e+00    6.7188824278e-01   -1.1162062313e+00    1.2800000000e+04    5.3016760742e-03    1.0000000000e+00
       404   -4.2231688160e-01    3.5730913967e-01   -1.0739491004e+00    6.5163221879e-01   -1.0739491004e+00    1.2800000000e+04    5.3005554639e-03    1.0000000000e+00
       405   -4.1657789389e-01    4.5432109754e-01   -1.0935197117e+00    6.7694181781e-01   -1.0935197117e+00    1.2800000000e+04    5.3026570312e-03    1.0000000000e+00
       406   -4.6945295657e-01    9.2439467053e-01   -1.1677298771e+00    6.9827692055e-01   -1.1677298771e+00    1.2800000000e+04    5.3041024463e-03    1.0000000000e+00
       407   -4.1063118522e-01    4.4780840667e-01   -1.1211099949e+00    7.1047880964e-01   -1.1211099949e+00    1.2800000000e+04    5.3051769238e-03    1.0000000000e+00
       408   -3.8849890376e-01    3.0724938544e-01   -1.0839917750e+00    6.9549287126e-01   -1.0839917750e+00    1.2800000000e+04    5.3061822998e-03    1.0000000000e+00
       409   -3.8528746117e-01    3.1609969292e-01   -1.0934073998e+00    7.0811993859e-01   -1.0934073998e+00    1.2800000000e+04    5.3017468750e-03    1.0000000000e+00
       410   -3.8677104603e-01    3.4000287306e-01   -1.1119362115e+00    7.2516516546e-01   -1.1119362115e+00    1.2800000000e+04    5.3046336768e-03    1.0000000000e+00
       411   -4.1534769096e-01    5.3371458042e-01   -1.1334602825e+00    7.1811259153e-01   -1.1334602825e+00    1.2800000000e+04    5.3023835010e-03    1.0000000000e+00
       412   -4.2445121941e-01    6.0344997959e-01   -1.1295823848e+00    7.0513116540e-01   -1.1295823848e+00    1.2800000000e+04    5.2986577490e-03    1.0000000000e+00
       413   -3.9765192946e-01    3.5314368392e-01   -1.1095440136e+00    7.1189208409e-01   -1.1095440136e+00    1.2800000000e+04    5.3035244092e-03    1.0000000000e+00
       414   -4.0784046813e-01    3.7636670487e-01   -1.1093452773e+00    7.0150480921e-01   -1.1093452773e+00    1.2800000000e+04    5.3003240967e-03    1.0000000000e+00
       415   -4.1045019948e-01    3.8919640186e-01   -1.1313314617e+00    7.2088126222e-01   -1.1313314617e+00    1.2800000000e+04    5.3054067236e-03    1.0000000000e+00
       416   -4.0610986725e-01    3.6566988518e-01   -1.1511108461e+00    7.4500097883e-01   -1.1511108461e+00    1.2800000000e+04    5.3024124707e-03    1.0000000000e+00
       417   -4.6244219344e-01    6.1549171454e-01   -1.1957861308e+00    7.3334393740e-01   -1.1957861308e+00    1.2800000000e+04    5.3010872559e-03    1.0000000000e+00
       418   -4.6973217363e-01    6.4659267548e-01   -1.2152280764e+00    7.4549590273e-01   -1.2152280764e+00    1.2800000000e+04    5.3055130566e-03    1.0000000000e+00
       419   -4.2146005862e-01    3.5742122727e-01   -1.1868914649e+00    7.6543140628e-01   -1.1868914649e+00    1.2800000000e+04    5.3028108740e-03    1.0000000000e+00
       420   -4.5226352281e-01    6.1506047724e-01   -1.2156451947e+00    7.6338167194e-01   -1.2156451947e+00    1.2800000000e+04    5.3068093750e-03    1.0000000000e+00
       421   -4.4075421781e-01    5.8174442944e-01   -1.1919639985e+00    7.5120978070e-01   -1.1919639985e+00    1.2800000000e+04    5.3008905615e-03    1.0000000000e+00
       422   -4.5656714265e-01    6.8001065582e-01   -1.2135399262e+00    7.5697278356e-01   -1.2135399262e+00    1.2800000000e+04    5.3032789014e-03    1.0000000000e+00
       423   -5.3182205299e-01    1.2741485668e+00   -1.3122399690e+00    7.8041791603e-01   -1.3122399690e+00    1.2800000000e+04    5.3116230273e-03    1.0000000000e+00
       424   -4.9026289816e-01    5.8163113123e-01   -1.2778979862e+00    7.8763508807e-01   -1.2778979862e+00    1.2800000000e+04    5.3048638184e-03    1.0000000000e+00
       425   -5.5064215385e-01    2.2362184826e+00   -1.3392736325e+00    7.8863147868e-01   -1.3392736325e+00    1.2800000000e+04    5.4216397754e-03    1.0000000000e+00
       426   -5.0351971464e-01    9.8242939569e-01   -1.3066686444e+00    8.0314892979e-01   -1.3066686444e+00    1.2800000000e+04    5.3050903711e-03    1.0000000000e+00
       427   -5.1377144199e-01    9.8554690486e-01   -1.3289500529e+00    8.1517861089e-01   -1.3289500529e+00    1.2800000000e+04    5.3016215088e-03    1.0000000000e+00
       428   -5.3935692415e-01    1.1337243128e+00   -1.3502930246e+00    8.1093610047e-01   -1.3502930246e+00    1.2800000000e+04    5.3058783691e-03    1.0000000000e+00
       429   -5.3890258893e-01    7.8980178164e-01   -1.3627690282e+00    8.2386643931e-01   -1.3627690282e+00    1.2800000000e+04    5.3031901953e-03    1.0000000000e+00
       430   -5.2797144803e-01    8.8761255983e-01   -1.3729282487e+00    8.4495680063e-01   -1.3729282487e+00    1.2800000000e+04    5.3078139209e-03    9.9992187500e-01
       431   -5.7716651202e-01    1.9843217934e+00   -1.4221433041e+00    8.4497679212e-01   -1.4221433041e+00    1.2800000000e+04    5.3041724609e-03    1.0000000000e+00
       432   -4.5791999085e-01    4.5889111609e-01   -1.2854239325e+00    8.2750394161e-01   -1.2854239325e+00    1.2800000000e+04    5.3040712061e-03    1.0000000000e+00
       433   -4.5646490951e-01    4.9710333836e-01   -1.2907564146e+00    8.3429150513e-01   -1.2907564146e+00    1.2800000000e+04    5.3042565527e-03    1.0000000000e+00
       434   -4.7663578581e-01    7.4093443079e-01   -1.2920017533e+00    8.1536596748e-01   -1.2920017533e+00    1.2800000000e+04    5.3004315283e-03    1.0000000000e+00
       435   -4.6177477760e-01    5.5564458999e-01   -1.2578590704e+00    7.9608429283e-01   -1.2578590704e+00    1.2800000000e+04    5.3015762109e-03    1.0000000000e+00
       436   -4.3163377276e-01    4.5613946379e-01   -1.2175462762e+00    7.8591250342e-01   -1.2175462762e+00    1.2800000000e+04    5.3045266553e-03    1.0000000000e+00
       437   -4.0840233919e-01    3.5063937189e-01   -1.2024508693e+00    7.9404853009e-01   -1.2024508693e+00    1.2800000000e+04    5.2997379688e-03    1.0000000000e+00
       438   -4.2995825171e-01    4.4329595680e-01   -1.2249347672e+00    7.9497651545e-01   -1.2249347672e+00    1.2800000000e+04    5.3012824365e-03    1.0000000000e+00
       439   -4.2089621908e-01    4.2300753339e-01   -1.2265935916e+00    8.0569737255e-01   -1.2265935916e+00    1.2800000000e+04    5.3053097754e-03    1.0000000000e+00
       440   -3.8742935869e-01    4.1753565247e-01   -1.1856478548e+00    7.9821849610e-01   -1.1856478548e+00    1.2800000000e+04    5.3019674951e-03    1.0000000000e+00
       441   -3.8718638010e-01    4.0307508322e-01   -1.2044821649e+00    8.1729578478e-01   -1.2044821649e+00    1.2800000000e+04    5.3028096094e-03    1.0000000000e+00
       442   -4.0539337758e-01    5.3473093897e-01   -1.2016704010e+00    7.9627702346e-01   -1.2016704010e+00    1.2800000000e+04    5.3027904199e-03    1.0000000000e+00
       443   -4.2861122844e-01    6.8050063722e-01   -1.2278766353e+00    7.9926540683e-01   -1.2278766353e+00    1.2800000000e+04    5.3069565723e-03    1.0000000000e+00
       444   -4.2639795445e-01    5.9601598293e-01   -1.2344407540e+00    8.0804279953e-01   -1.2344407540e+00    1.2800000000e+04    5.3026501563e-03    1.0000000000e+00
       445   -3.6523565761e-01    3.2124246303e-01   -1.1890381555e+00    8.2380249791e-01   -1.1890381555e+00    1.2800000000e+04    5.3017585889e-03    1.0000000000e+00
       446   -4.2617638257e-01    9.0077873675e-01   -1.2376513798e+00    8.1147499723e-01   -1.2376513798e+00    1.2800000000e+04    5.3038271191e-03    1.0000000000e+00
       447   -4.0458910755e-01    5.4544137437e-01   -1.1881608914e+00    7.8357178386e-01   -1.1881608914e+00    1.2800000000e+04    5.3069263037e-03    1.0000000000e+00
       448   -3.9412999451e-01    3.3816844415e-01   -1.1726269340e+00    7.7849693949e-01   -1.1726269340e+00    1.2800000000e+04    5.3048510596e-03    1.0000000000e+00
       449   -4.4914795546e-01    1.2810073451e+00   -1.2405292602e+00    7.9138130474e-01   -1.2405292602e+00    1.2800000000e+04    5.3062572510e-03    1.0000000000e+00
       450   -4.8721820014e-01    3.2714778770e+00   -1.2666929619e+00    7.7947476178e-01   -1.2666929619e+00    1.2800000000e+04    5.3022651025e-03    1.0000000000e+00
       451   -4.4566671978e-01    6.6313745418e-01   -1.1802600077e+00    7.3459328792e-01   -1.1802600077e+00    1.2800000000e+04    5.3074505322e-03    1.0000000000e+00
       452   -4.5676120061e-01    4.8068929414e-01   -1.1941335697e+00    7.3737236914e-01   -1.1941335697e+00    1.2800000000e+04    5.3041179297e-03    1.0000000000e+00
       453   -4.7871564504e-01    5.3415036194e-01   -1.2247723934e+00    7.4605674834e-01   -1.2247723934e+00    1.2800000000e+04    5.3059960156e-03    1.0000000000e+00
       454   -4.9642399379e-01    6.2386173140e-01   -1.2334355550e+00    7.3701156126e-01   -1.2334355550e+00    1.2800000000e+04    5.3021465088e-03    1.0000000000e+00
       455   -4.8670978024e-01    6.1864609720e-01   -1.1974954356e+00    7.1078565536e-01   -1.1974954356e+00    1.2800000000e+04    5.3018333105e-03    1.0000000000e+00
       456   -4.6623393301e-01    4.6268951787e-01   -1.1625098799e+00    6.9627594690e-01   -1.1625098799e+00    1.2800000000e+04    5.3020310498e-03    1.0000000000e+00
       457   -4.3188498594e-01    3.5559145877e-01   -1.1147232932e+00    6.8283830729e-01   -1.1147232932e+00    1.2800000000e+04    5.3024770605e-03    1.0000000000e+00
       458   -4.5501066863e-01    4.1478287363e-01   -1.1405030120e+00    6.8549234332e-01   -1.1405030120e+00    1.2800000000e+04    5.3059118408e-03    1.0000000000e+00
       459   -4.4187883076e-01    3.7428733465e-01   -1.1340425635e+00    6.9216373270e-01   -1.1340425635e+00    1.2800000000e+04    5.3044332520e-03    1.0000000000e+00
       460   -4.5449710078e-01    4.8563051324e-01   -1.1772352959e+00    7.2273819511e-01   -1.1772352959e+00    1.2800000000e+04    5.3053252148e-03    1.0000000000e+00
       461   -4.9716961994e-01    7.6354471349e-01   -1.2558544003e+00    7.5868478038e-01   -1.2558544003e+00    1.2800000000e+04    5.3095983301e-03    1.0000000000e+00
       462   -5.0640939102e-01    8.8024705028e-01   -1.2697295838e+00    7.6332019275e-01   -1.2697295838e+00    1.2800000000e+04    5.3033600146e-03    1.0000000000e+00
       463   -5.7501356121e-01    2.7091499692e+00   -1.3482719045e+00    7.7325834329e-01   -1.3482719045e+00    1.2800000000e+04    5.2997338281e-03    1.0000000000e+00
       464   -5.8207137479e-01    3.0126686928e+00   -1.3517465907e+00    7.6967521594e-01   -1.3517465907e+00    1.2800000000e+04    5.3068584668e-03    1.0000000000e+00
       465   -5.6716523257e-01    6.7839512045e+00   -1.3337212535e+00    7.6655602091e-01   -1.3337212535e+00    1.2800000000e+04    5.3083245117e-03    1.0000000000e+00
       466   -4.6262351013e-01    5.0677753452e-01   -1.2300768282e+00    7.6745331808e-01   -1.2300768282e+00    1.2800000000e+04    5.3030332227e-03    1.0000000000e+00
       467   -4.7689103871e-01    7.1858140049e-01   -1.2530366356e+00    7.7614559687e-01   -1.2530366356e+00    1.2800000000e+04    5.3034780469e-03    1.0000000000e+00
       468   -4.6094026037e-01    6.2386848176e-01   -1.2257462251e+00    7.6480596477e-01   -1.2257462251e+00    1.2800000000e+04    5.3004901563e-03    1.0000000000e+00
       469   -4.9024481421e-01    9.4881273060e-01   -1.2805842466e+00    7.9033943242e-01   -1.2805842466e+00    1.2800000000e+04    5.3030935596e-03    1.0000000000e+00
       470   -5.4749356540e-01    1.6618108346e+00   -1.3533475490e+00    8.0585398356e-01   -1.3533475490e+00    1.2800000000e+04    5.3047807080e-03    1.0000000000e+00
       471   -4.8177243485e-01    6.5497217002e-01   -1.2873268455e+00    8.0555441067e-01   -1.2873268455e+00    1.2800000000e+04    5.3043588672e-03    1.0000000000e+00
       472   -4.4830656722e-01    4.1027632457e-01   -1.2596790211e+00    8.1137245391e-01   -1.2596790211e+00    1.2800000000e+04    5.3041489404e-03    1.0000000000e+00
       473   -4.5865589300e-01    4.1544381909e-01   -1.2725657976e+00    8.1390990457e-01   -1.2725657976e+00    1.2800000000e+04    5.3032338574e-03    1.0000000000e+00
       474   -4.5331410024e-01    4.5175244166e-01   -1.2782165267e+00    8.2490242641e-01   -1.2782165267e+00    1.2800000000e+04    5.3026242139e-03    1.0000000000e+00
       475   -4.3762653757e-01    4.4256207161e-01   -1.2451071139e+00    8.0748057630e-01   -1.2451071139e+00    1.2800000000e+04    5.3055853271e-03    1.0000000000e+00
       476   -4.9857222659e-01    1.3953359141e+00   -1.2928769494e+00    7.9430472277e-01   -1.2928769494e+00    1.2800000000e+04    5.3077739844e-03    1.0000000000e+00
       477   -4.9784776730e-01    1.3232856399e+00   -1.2649052724e+00    7.6705750507e-01   -1.2649052724e+00    1.2800000000e+04    5.3018738721e-03    1.0000000000e+00
       478   -4.6886646249e-01    1.1854476938e+00   -1.2204413717e+00    7.5157490916e-01   -1.2204413717e+00    1.2800000000e+04    5.3067876953e-03    1.0000000000e+00
       479   -4.5858823369e-01    6.6856673592e-01   -1.2143982594e+00    7.5581002570e-01   -1.2143982594e+00    1.2800000000e+04    5.3045022559e-03    1.0000000000e+00
       480   -6.0760819946e-01    4.6371832331e+00   -1.3556511033e+00    7.4804290383e-01   -1.3556511033e+00    1.2800000000e+04    5.3024110449e-03    1.0000000000e+00
       481   -4.9792139420e-01    1.4752349053e+00   -1.2565731897e+00    7.5865179548e-01   -1.2565731897e+00    1.2800000000e+04    5.3034849023e-03    1.0000000000e+00
       482   -4.4248520009e-01    7.0758080165e-01   -1.2140827035e+00    7.7159750339e-01   -1.2140827035e+00    1.2800000000e+04    5.3063405713e-03    1.0000000000e+00
       483   -4.1404869770e-01    4.5826144218e-01   -1.2136137096e+00    7.9956501193e-01   -1.2136137096e+00    1.2800000000e+04    5.3031849561e-03    1.0000000000e+00
       484   -4.0350005771e-01    4.3900488431e-01   -1.2259812023e+00    8.2248114456e-01   -1.2259812023e+00    1.2800000000e+04    5.3042952246e-03    1.0000000000e+00
       485   -3.9646795366e-01    4.0748313038e-01   -1.2304338895e+00    8.3396593583e-01   -1.2304338895e+00    1.2800000000e+04    5.3011083154e-03    1.0000000000e+00
       486   -4.4476081809e-01    5.0578064486e-01   -1.2893491168e+00    8.4458829874e-01   -1.2893491168e+00    1.2800000000e+04    5.3050548535e-03    1.0000000000e+00
       487   -4.6565858519e-01    5.9471971879e-01   -1.3146390159e+00    8.4898043068e-01   -1.3146390159e+00    1.2800000000e+04    5.3033922363e-03    1.0000000000e+00
       488   -4.7172700534e-01    7.4440093456e-01   -1.3107883441e+00    8.3906133879e-01   -1.3107883441e+00    1.2800000000e+04    5.3079642529e-03    1.0000000000e+00
       489   -4.2679877409e-01    4.9687662985e-01   -1.2650336873e+00    8.3823491318e-01   -1.2650336873e+00    1.2800000000e+04    5.3066475000e-03    1.0000000000e+00
       490   -4.1107084353e-01    4.8947458551e-01   -1.2691663549e+00    8.5809551134e-01   -1.2691663549e+00    1.2800000000e+04    5.3022554004e-03    1.0000000000e+00
       491   -3.6044903457e-01    3.0558207306e-01   -1.2355416998e+00    8.7509266524e-01   -1.2355416998e+00    1.2800000000e+04    5.3024459619e-03    1.0000000000e+00
       492   -3.6155207340e-01    2.9858617968e-01   -1.2206790214e+00    8.5912694802e-01   -1.2206790214e+00    1.2800000000e+04    5.3029094922e-03    1.0000000000e+00
       493   -3.5820132738e-01    3.0978546083e-01   -1.2211211818e+00    8.6291985439e-01   -1.2211211818e+00    1.2800000000e+04    5.3066710840e-03    1.0000000000e+00
       494   -3.9289463394e-01    4.0636365490e-01   -1.2382202953e+00    8.4532566137e-01   -1.2382202953e+00    1.2800000000e+04    5.3029540332e-03    1.0000000000e+00
       495   -4.3288162846e-01    6.6980226222e-01   -1.2603248712e+00    8.2744324272e-01   -1.2603248712e+00    1.2800000000e+04    5.3029226611e-03    1.0000000000e+00
       496   -3.8459507522e-01    4.0490279517e-01   -1.2148150979e+00    8.3022002270e-01   -1.2148150979e+00    1.2800000000e+04    5.3033766406e-03    1.0000000000e+00
       497   -3.8065723174e-01    3.3729263720e-01   -1.2301936946e+00    8.4953646283e-01   -1.2301936946e+00    1.2800000000e+04    5.3046662451e-03    1.0000000000e+00
       498   -4.0569626863e-01    3.7798320072e-01   -1.2560314005e+00    8.5033513184e-01   -1.2560314005e+00    1.2800000000e+04    5.3055103906e-03    1.0000000000e+00
       499   -4.7794483887e-01    8.4189858530e-01   -1.3114420416e+00    8.3349720275e-01   -1.3114420416e+00    1.2800000000e+04    5.3030890088e-03    1.0000000000e+00
