#   index    LocalEnergy         LocalEnergy_sq      LocalPotential      Kinetic             Coulomb             BlockWeight         BlockCPU            AcceptRatio         
         0   -4.7605086429e-01    6.5145956642e-01   -1.1621308871e+00    6.8608002283e-01   -1.1621308871e+00    1.2800000000e+04    5.2388573730e-03    9.8632812500e-01
         1   -4.5067161189e-01    5.6166599060e-01   -1.1696531568e+00    7.1898154494e-01   -1.1696531568e+00    1.2800000000e+04    5.2292387842e-03    9.8523437500e-01
         2   -4.6499410398e-01    5.7404014282e-01   -1.1907039109e+00    7.2570980690e-01   -1.1907039109e+00    1.2800000000e+04    5.2408687598e-03    9.8671875000e-01
         3   -4.4997751550e-01    7.3059616510e-01   -1.1996298261e+00    7.4965231059e-01   -1.1996298261e+00    1.2800000000e+04    5.2382817090e-03    9.8546875000e-01
         4   -4.5470825973e-01    6.5156738812e-01   -1.1906719569e+00    7.3596369718e-01   -1.1906719569e+00    1.2800000000e+04    5.2297117041e-03    9.8468750000e-01
         5   -4.5551702784e-01    6.2399414970e-01   -1.1982256837e+00    7.4270865588e-01   -1.1982256837e+00    1.2800000000e+04    5.2298403076e-03    9.8476562500e-01
         6   -4.3721927110e-01    5.3237826915e-01   -1.2206643554e+00    7.8344508428e-01   -1.2206643554e+00    1.2800000000e+04    5.2310469775e-03    9.8437500000e-01
         7   -4.4712118626e-01    5.8592865322e-01   -1.2104211382e+00    7.6329995193e-01   -1.2104211382e+00    1.2800000000e+04    5.2368603760e-03    9.8554687500e-01
         8   -4.3907703417e-01    1.4482070039e+00   -1.2076472511e+00    7.6857021689e-01   -1.2076472511e+00    1.2800000000e+04    5.2262140527e-03    9.8328125000e-01
         9   -4.3282547656e-01    6.2364302783e-01   -1.2336626328e+00    8.0083715620e-01   -1.2336626328e+00    1.2800000000e+04    5.2381417676e-03    9.8617187500e-01
        10   -4.5390287460e-01    6.3526232095e-01   -1.2058426320e+00    7.5193975738e-01   -1.2058426320e+00    1.2800000000e+04    5.2336093799e-03    9.8453125000e-01
        11   -4.6619551943e-01    9.2536040562e-01   -1.2512845633e+00    7.8508904386e-01   -1.2512845633e+00    1.2800000000e+04    5.2275455420e-03    9.8304687500e-01
        12   -4.5117497624e-01    5.9381013475e-01   -1.1686353389e+00    7.1746036268e-01   -1.1686353389e+00    1.2800000000e+04    5.2337876367e-03    9.8531250000e-01
        13   -4.4084821141e-01    6.5221752027e-01   -1.2256977074e+00    7.8484949594e-01   -1.2256977074e+00    1.2800000000e+04    5.2350560547e-03    9.8585937500e-01
        14   -4.6353572371e-01    6.7960672466e-01   -1.1504226582e+00    6.8688693454e-01   -1.1504226582e+00    1.2800000000e+04    5.2379440430e-03    9.8593750000e-01
        15   -4.6941742255e-01    7.9793139831e-01   -1.2071820408e+00    7.3776461821e-01   -1.2071820408e+00    1.2800000000e+04    5.2290541260e-03    9.8484375000e-01
        16   -4.6775803337e-01    6.5222065683e-01   -1.1858722214e+00    7.1811418801e-01   -1.1858722214e+00    1.2800000000e+04    5.2478488135e-03    9.8812500000e-01
        17   -4.6773761628e-01    9.1024279257e-01   -1.1425350914e+00    6.7479747517e-01   -1.1425350914e+00    1.2800000000e+04    5.2442920361e-03    9.8781250000e-01
        18   -4.5437649729e-01    7.5680877583e-01   -1.1829590250e+00    7.2858252770e-01   -1.1829590250e+00    1.2800000000e+04    5.2352786377e-03    9.8531250000e-01
        19   -4.6152633741e-01    5.5933430572e-01   -1.1482381751e+00    6.8671183768e-01   -1.1482381751e+00    1.2800000000e+04    5.2359083691e-03    9.8585937500e-01
        20   -4.3385624150e-01    5.8184131265e-01   -1.2193540381e+00    7.8549779660e-01   -1.2193540381e+00    1.2800000000e+04    5.2266629248e-03    9.8414062500e-01
        21   -4.4925792440e-01    6.9995269582e-01   -1.2208852326e+00    7.7162730818e-01   -1.2208852326e+00    1.2800000000e+04    5.2338786084e-03    9.8539062500e-01
        22   -4.5804067173e-01    6.1793062639e-01   -1.1862805193e+00    7.2823984758e-01   -1.1862805193e+00    1.2800000000e+04    5.2343278857e-03    9.8632812500e-01
        23   -4.5150564914e-01    5.8133859794e-01   -1.1883955994e+00    7.3688995023e-01   -1.1883955994e+00    1.2800000000e+04    5.2301196338e-03    9.8507812500e-01
        24   -4.3098110220e-01    7.5408491911e-01   -1.2669076162e+00    8.3592651403e-01   -1.2669076162e+00    1.2800000000e+04    5.2312931104e-03    9.8492187500e-01
        25   -4.7108057936e-01    1.5465376498e+00   -1.1840372176e+00    7.1295663826e-01   -1.1840372176e+00    1.2800000000e+04    5.2285538379e-03    9.8406250000e-01
        26   -4.3768166538e-01    1.1052946840e+00   -1.2563240556e+00    8.1864239025e-01   -1.2563240556e+00    1.2800000000e+04    5.2334956104e-03    9.8570312500e-01
        27   -4.4319049504e-01    5.8365877737e-01   -1.1869051566e+00    7.4371466156e-01   -1.1869051566e+00    1.2800000000e+04    5.2370079346e-03    9.8578125000e-01
        28   -4.4565283780e-01    5.9185254774e-01   -1.2024274205e+00    7.5677458269e-01   -1.2024274205e+00    1.2800000000e+04    5.2327444873e-03    9.8500000000e-01
        29   -4.4830391055e-01    6.8897275888e-01   -1.2166553483e+00    7.6835143778e-01   -1.2166553483e+00    1.2800000000e+04    5.2359946338e-03    9.8585937500e-01
        30   -4.6420485079e-01    6.0880481316e-01   -1.1342697824e+00    6.7006493158e-01   -1.1342697824e+00    1.2800000000e+04    5.2297099316e-03    9.8453125000e-01
        31   -4.4717845320e-01    5.5295798833e-01   -1.1556817663e+00    7.0850331311e-01   -1.1556817663e+00    1.2800000000e+04    5.2319913184e-03    9.8570312500e-01
        32   -4.5724208706e-01    6.5983753410e-01   -1.2035445364e+00    7.4630244934e-01   -1.2035445364e+00    1.2800000000e+04    5.2359065039e-03    9.8601562500e-01
        33   -4.7477158113e-01    8.3827970499e-01   -1.1641005121e+00    6.8932893098e-01   -1.1641005121e+00    1.2800000000e+04    5.2347631934e-03    9.8578125000e-01
        34   -4.5755721639e-01    6.5953886289e-01   -1.1694201408e+00    7.1186292445e-01   -1.1694201408e+00    1.2800000000e+04    5.2287004834e-03    9.8476562500e-01
        35   -4.6650690742e-01    6.1209746142e-01   -1.1768884494e+00    7.1038154202e-01   -1.1768884494e+00    1.2800000000e+04    5.2368118018e-03    9.8570312500e-01
        36   -4.7009565051e-01    7.1708200465e-01   -1.1754339354e+00    7.0533828488e-01   -1.1754339354e+00    1.2800000000e+04    5.2363374854e-03    9.8601562500e-01
        37   -4.6178969440e-01    6.7923557878e-01   -1.1902028179e+00    7.2841312353e-01   -1.1902028179e+00    1.2800000000e+04    5.2387233740e-03    9.8664062500e-01
        38   -4.5522634761e-01    7.0582260741e-01   -1.2043709285e+00    7.4914458085e-01   -1.2043709285e+00    1.2800000000e+04    5.2374538281e-03    9.8640625000e-01
        39   -4.4895637412e-01    6.6089997487e-01   -1.1949328592e+00    7.4597648504e-01   -1.1949328592e+00    1.2800000000e+04    5.2391007568e-03    9.8750000000e-01
        40   -4.4879266505e-01    8.0077821596e-01   -1.1989429281e+00    7.5015026309e-01   -1.1989429281e+00    1.2800000000e+04    5.2277885254e-03    9.8390625000e-01
        41   -4.5089965191e-01    6.0002704520e-01   -1.1991060226e+00    7.4820637072e-01   -1.1991060226e+00    1.2800000000e+04    5.2349117920e-03    9.8515625000e-01
        42   -4.4339205893e-01    5.8046294483e-01   -1.1833609487e+00    7.3996888978e-01   -1.1833609487e+00    1.2800000000e+04    5.2310661377e-03    9.8554687500e-01
        43   -4.6516203275e-01    6.5131652315e-01   -1.1861786822e+00    7.2101664947e-01   -1.1861786822e+00    1.2800000000e+04    5.2378269922e-03    9.8632812500e-01
        44   -4.3357306454e-01    7.1470485068e-01   -1.2406992253e+00    8.0712616073e-01   -1.2406992253e+00    1.2800000000e+04    5.2322953613e-03    9.8476562500e-01
        45   -4.6357971402e-01    7.6800443202e-01   -1.1935267597e+00    7.2994704567e-01   -1.1935267597e+00    1.2800000000e+04    5.2424104687e-03    9.8757812500e-01
        46   -4.6414940841e-01    7.4577314455e-01   -1.2221500235e+00    7.5800061511e-01   -1.2221500235e+00    1.2800000000e+04    5.2353399365e-03    9.8484375000e-01
        47   -4.5127521904e-01    7.3464717190e-01   -1.2092919772e+00    7.5801675817e-01   -1.2092919772e+00    1.2800000000e+04    5.2428851562e-03    9.8757812500e-01
        48   -4.5293357855e-01    6.5960716874e-01   -1.1625730514e+00    7.0963947280e-01   -1.1625730514e+00    1.2800000000e+04    5.2377534082e-03    9.8625000000e-01
        49   -4.6834940916e-01    6.1338805364e-01   -1.1810454930e+00    7.1269608380e-01   -1.1810454930e+00    1.2800000000e+04    5.2278301270e-03    9.8421875000e-01
        50   -4.6467748081e-01    5.9571574970e-01   -1.1569227260e+00    6.9224524519e-01   -1.1569227260e+00    1.2800000000e+04    5.2387151562e-03    9.8617187500e-01
        51   -4.5619776819e-01    7.7979799324e-01   -1.1669032524e+00    7.1070548422e-01   -1.1669032524e+00    1.2800000000e+04    5.2387181592e-03    9.8617187500e-01
        52   -4.4978398300e-01    6.1551949200e-01   -1.2119029451e+00    7.6211896208e-01   -1.2119029451e+00    1.2800000000e+04    5.2365076172e-03    9.8710937500e-01
        53   -4.5460829117e-01    6.3374166981e-01   -1.1707657655e+00    7.1615747431e-01   -1.1707657655e+00    1.2800000000e+04    5.2392922656e-03    9.8601562500e-01
        54   -4.3110881443e-01    6.7171898330e-01   -1.2033592732e+00    7.7225045881e-01   -1.2033592732e+00    1.2800000000e+04    5.2328263574e-03    9.8453125000e-01
        55   -4.6515660988e-01    5.4940925973e-01   -1.1242270416e+00    6.5907043169e-01   -1.1242270416e+00    1.2800000000e+04    5.2378465967e-03    9.8648437500e-01
        56   -4.6291108968e-01    5.6476355817e-01   -1.1658357145e+00    7.0292462481e-01   -1.1658357145e+00    1.2800000000e+04    5.2229676855e-03    9.8359375000e-01
        57   -4.5265692701e-01    1.3554662393e+00   -1.2289037640e+00    7.7624683696e-01   -1.2289037640e+00    1.2800000000e+04    5.2399047754e-03    9.8632812500e-01
        58   -4.6957442162e-01    7.6109097454e-01   -1.1675525408e+00    6.9797811918e-01   -1.1675525408e+00    1.2800000000e+04    5.2348016309e-03    9.8554687500e-01
        59   -4.5781176481e-01    7.3057056214e-01   -1.1398363053e+00    6.8202454049e-01   -1.1398363053e+00    1.2800000000e+04    5.2362528369e-03    9.8546875000e-01
        60   -4.6775123890e-01    6.8887998948e-01   -1.1512641945e+00    6.8351295563e-01   -1.1512641945e+00    1.2800000000e+04    5.2340412061e-03    9.8546875000e-01
        61   -4.5676167633e-01    6.7157860090e-01   -1.2058213891e+00    7.4905971274e-01   -1.2058213891e+00    1.2800000000e+04    5.2354007031e-03    9.8570312500e-01
        62   -4.6405393485e-01    5.4348472060e-01   -1.1351396663e+00    6.7108573148e-01   -1.1351396663e+00    1.2800000000e+04    5.2335337305e-03    9.8484375000e-01
        63   -4.3855403842e-01    6.8508741966e-01   -1.2399931164e+00    8.0143907795e-01   -1.2399931164e+00    1.2800000000e+04    5.2288425684e-03    9.8429687500e-01
        64   -4.3748195157e-01    5.7396758018e-01   -1.2386145625e+00    8.0113261090e-01   -1.2386145625e+00    1.2800000000e+04    5.2170640332e-03    9.8187500000e-01
        65   -4.6060086000e-01    6.9308724505e-01   -1.2077049131e+00    7.4710405311e-01   -1.2077049131e+00    1.2800000000e+04    5.2366695361e-03    9.8562500000e-01
        66   -4.6586891410e-01    7.4131532886e-01   -1.1683095038e+00    7.0244058967e-01   -1.1683095038e+00    1.2800000000e+04    5.2331086426e-03    9.8531250000e-01
        67   -4.5392692040e-01    7.5511184723e-01   -1.2375744856e+00    7.8364756521e-01   -1.2375744856e+00    1.2800000000e+04    5.2298515088e-03    9.8445312500e-01
        68   -4.8123581661e-01    9.0740587569e-01   -1.1959195930e+00    7.1468377642e-01   -1.1959195930e+00    1.2800000000e+04    5.2352124561e-03    9.8570312500e-01
        69   -4.5659588789e-01    6.9490350378e-01   -1.2138030302e+00    7.5720714230e-01   -1.2138030302e+00    1.2800000000e+04    5.2259740479e-03    9.8421875000e-01
        70   -4.6374614495e-01    5.5571366558e-01   -1.1588229556e+00    6.9507681067e-01   -1.1588229556e+00    1.2800000000e+04    5.2410479053e-03    9.8742187500e-01
        71   -4.4481682563e-01    6.3483663135e-01   -1.1842667795e+00    7.3944995388e-01   -1.1842667795e+00    1.2800000000e+04    5.2354353662e-03    9.8539062500e-01
        72   -4.3976517518e-01    5.6581668623e-01   -1.1858431346e+00    7.4607795946e-01   -1.1858431346e+00    1.2800000000e+04    5.2311938037e-03    9.8507812500e-01
        73   -4.5955872008e-01    6.7243118271e-01   -1.1887873884e+00    7.2922866829e-01   -1.1887873884e+00    1.2800000000e+04    5.2386511279e-03    9.8625000000e-01
        74   -4.3876322828e-01    6.3290977320e-01   -1.2171276880e+00    7.7836445972e-01   -1.2171276880e+00    1.2800000000e+04    5.2331136279e-03    9.8562500000e-01
        75   -4.4969090529e-01    6.0935177908e-01   -1.1929434255e+00    7.4325252022e-01   -1.1929434255e+00    1.2800000000e+04    5.2462677832e-03    9.8804687500e-01
        76   -4.4462203554e-01    5.5655205164e-01   -1.1898227726e+00    7.4520073702e-01   -1.1898227726e+00    1.2800000000e+04    5.2394895313e-03    9.8640625000e-01
        77   -4.5944654858e-01    1.5810049583e+00   -1.1874756086e+00    7.2802906001e-01   -1.1874756086e+00    1.2800000000e+04    5.2331498193e-03    9.8554687500e-01
        78   -4.8507054678e-01    6.2240095308e-01   -1.1362249225e+00    6.5115437569e-01   -1.1362249225e+00    1.2800000000e+04    5.2396505762e-03    9.8648437500e-01
        79   -4.5653097090e-01    6.7367771344e-01   -1.1854727112e+00    7.2894174034e-01   -1.1854727112e+00    1.2800000000e+04    5.2327450781e-03    9.8531250000e-01
        80   -4.3646142340e-01    6.5626284447e-01   -1.2337904759e+00    7.9732905255e-01   -1.2337904759e+00    1.2800000000e+04    5.2342271729e-03    9.8531250000e-01
        81   -4.2920027372e-01    6.8256282395e-01   -1.2136344169e+00    7.8443414318e-01   -1.2136344169e+00    1.2800000000e+04    5.2324033447e-03    9.8476562500e-01
        82   -4.5039721393e-01    5.3114086321e-01   -1.1297525494e+00    6.7935533550e-01   -1.1297525494e+00    1.2800000000e+04    5.2323733643e-03    9.8578125000e-01
        83   -4.6492409264e-01    6.0954449185e-01   -1.1849636069e+00    7.2003951427e-01   -1.1849636069e+00    1.2800000000e+04    5.2331187842e-03    9.8523437500e-01
        84   -4.5844294434e-01    5.4616056503e-01   -1.1363203616e+00    6.7787741727e-01   -1.1363203616e+00    1.2800000000e+04    5.2344796729e-03    9.8609375000e-01
        85   -4.7377470048e-01    8.4550840477e-01   -1.1833309368e+00    7.0955623630e-01   -1.1833309368e+00    1.2800000000e+04    5.2297779443e-03    9.8492187500e-01
        86   -4.5760281564e-01    6.4918899567e-01   -1.1899698318e+00    7.3236701618e-01   -1.1899698318e+00    1.2800000000e+04    5.2270750830e-03    9.8406250000e-01
        87   -4.5716561650e-01    6.0353263278e-01   -1.1834648346e+00    7.2629921814e-01   -1.1834648346e+00    1.2800000000e+04    5.2268990869e-03    9.8312500000e-01
        88   -4.8534882515e-01    2.1144079180e+00   -1.2023484437e+00    7.1699961853e-01   -1.2023484437e+00    1.2800000000e+04    5.2357852881e-03    9.8648437500e-01
        89   -4.5567740767e-01    5.7048730406e-01   -1.1990369528e+00    7.4335954516e-01   -1.1990369528e+00    1.2800000000e+04    5.2308344775e-03    9.8445312500e-01
        90   -4.6069262107e-01    6.4889410325e-01   -1.1559215253e+00    6.9522890419e-01   -1.1559215253e+00    1.2800000000e+04    5.2317184424e-03    9.8539062500e-01
        91   -4.6110759311e-01    6.4283123958e-01   -1.1398423117e+00    6.7873471858e-01   -1.1398423117e+00    1.2800000000e+04    5.2393933838e-03    9.8585937500e-01
        92   -4.5620488527e-01    5.6997184388e-01   -1.1515418607e+00    6.9533697539e-01   -1.1515418607e+00    1.2800000000e+04    5.2370064404e-03    9.8578125000e-01
        93   -4.4736107194e-01    7.3236898573e-01   -1.2087698384e+00    7.6140876642e-01   -1.2087698384e+00    1.2800000000e+04    5.2284478174e-03    9.8429687500e-01
        94   -4.3642157400e-01    5.1555585077e-01   -1.2055265493e+00    7.6910497535e-01   -1.2055265493e+00    1.2800000000e+04    5.2313120020e-03    9.8476562500e-01
        95   -4.4178081834e-01    5.6745101617e-01   -1.2243666418e+00    7.8258582346e-01   -1.2243666418e+00    1.2800000000e+04    5.2345260645e-03    9.8484375000e-01
        96   -4.5083075845e-01    6.0556107762e-01   -1.1952672018e+00    7.4443644338e-01   -1.1952672018e+00    1.2800000000e+04    5.2400090527e-03    9.8695312500e-01
        97   -4.5405475752e-01    6.3739002787e-01   -1.2029030258e+00    7.4884826828e-01   -1.2029030258e+00    1.2800000000e+04    5.2297770264e-03    9.8468750000e-01
        98   -4.5776163749e-01    5.7472613409e-01   -1.1560394622e+00    6.9827782468e-01   -1.1560394622e+00    1.2800000000e+04    5.2301800732e-03    9.8476562500e-01
        99   -4.5969235665e-01    5.5397770677e-01   -1.1504418124e+00    6.9074945575e-01   -1.1504418124e+00    1.2800000000e+04    5.2388809912e-03    9.8695312500e-01
       100   -4.6921339893e-01    7.1936821995e-01   -1.1821067077e+00    7.1289330874e-01   -1.1821067077e+00    1.2800000000e+04    5.2361664355e-03    9.8601562500e-01
       101   -4.4663654802e-01    6.4278455656e-01   -1.2233717797e+00    7.7673523164e-01   -1.2233717797e+00    1.2800000000e+04    5.2412236572e-03    9.8632812500e-01
       102   -4.4662234723e-01    5.3759652030e-01   -1.1826088742e+00    7.3598652700e-01   -1.1826088742e+00    1.2800000000e+04    5.2356367285e-03    9.8664062500e-01
       103   -4.5782272559e-01    7.4207002788e-01   -1.2282991458e+00    7.7047642025e-01   -1.2282991458e+00    1.2800000000e+04    5.2363862646e-03    9.8523437500e-01
       104   -4.6473873030e-01    7.1583389188e-01   -1.1771989048e+00    7.1246017448e-01   -1.1771989048e+00    1.2800000000e+04    5.2364104834e-03    9.8554687500e-01
       105   -4.4365647634e-01    7.5450719469e-01   -1.2243379575e+00    7.8068148114e-01   -1.2243379575e+00    1.2800000000e+04    5.2350452051e-03    9.8523437500e-01
       106   -4.5518441880e-01    7.4517550285e-01   -1.2054130090e+00    7.5022859023e-01   -1.2054130090e+00    1.2800000000e+04    5.2331073730e-03    9.8445312500e-01
       107   -4.4662820396e-01    6.5521726087e-01   -1.1994838190e+00    7.5285561501e-01   -1.1994838190e+00    1.2800000000e+04    5.2334584766e-03    9.8515625000e-01
       108   -4.5990767162e-01    6.2839463615e-01   -1.1601607695e+00    7.0025309790e-01   -1.1601607695e+00    1.2800000000e+04    5.2365474805e-03    9.8546875000e-01
       109   -4.4039436903e-01    6.9566947258e-01   -1.1827685564e+00    7.4237418736e-01   -1.1827685564e+00    1.2800000000e+04    5.2436068311e-03    9.8710937500e-01
       110   -4.4072711158e-01    5.7329608620e-01   -1.1969457564e+00    7.5621864486e-01   -1.1969457564e+00    1.2800000000e+04    5.2268442578e-03    9.8421875000e-01
       111   -4.6096714917e-01    1.8050119007e+00   -1.2226441413e+00    7.6167699217e-01   -1.2226441413e+00    1.2800000000e+04    5.2362655225e-03    9.8578125000e-01
       112   -4.5771653600e-01    6.7619197291e-01   -1.1961409530e+00    7.3842441696e-01   -1.1961409530e+00    1.2800000000e+04    5.2356831494e-03    9.8539062500e-01
       113   -4.7564474416e-01    9.4318182772e-01   -1.1540955558e+00    6.7845081166e-01   -1.1540955558e+00    1.2800000000e+04    5.2431908154e-03    9.8703125000e-01
       114   -4.5920374063e-01    5.9146158917e-01   -1.1637260369e+00    7.0452229626e-01   -1.1637260369e+00    1.2800000000e+04    5.2330986816e-03    9.8507812500e-01
       115   -4.5002973927e-01    9.5924765705e-01   -1.2113125954e+00    7.6128285618e-01   -1.2113125954e+00    1.2800000000e+04    5.2335736963e-03    9.8531250000e-01
       116   -4.4799922837e-01    5.7661412939e-01   -1.1965603894e+00    7.4856116106e-01   -1.1965603894e+00    1.2800000000e+04    5.2405308203e-03    9.8718750000e-01
       117   -4.5016366742e-01    7.1529839234e-01   -1.2017615384e+00    7.5159787099e-01   -1.2017615384e+00    1.2800000000e+04    5.2302098730e-03    9.8468750000e-01
       118   -4.4785641068e-01    6.1955649217e-01   -1.2203735689e+00    7.7251715822e-01   -1.2203735689e+00    1.2800000000e+04    5.2306384277e-03    9.8500000000e-01
       119   -4.5506271133e-01    6.2399678956e-01   -1.1911840812e+00    7.3612136983e-01   -1.1911840812e+00    1.2800000000e+04    5.2436953564e-03    9.8695312500e-01
       120   -4.4541313201e-01    6.9439761782e-01   -1.2172885427e+00    7.7187541071e-01   -1.2172885427e+00    1.2800000000e+04    5.2356527490e-03    9.8500000000e-01
       121   -4.4347395950e-01    8.4488099745e-01   -1.2108886935e+00    7.6741473400e-01   -1.2108886935e+00    1.2800000000e+04    5.2365487988e-03    9.8570312500e-01
       122   -4.7480152126e-01    9.6591723683e-01   -1.2060532529e+00    7.3125173165e-01   -1.2060532529e+00    1.2800000000e+04    5.2344999023e-03    9.8531250000e-01
       123   -4.5131240009e-01    6.3236112778e-01   -1.2041677667e+00    7.5285536658e-01   -1.2041677667e+00    1.2800000000e+04    5.2270868213e-03    9.8367187500e-01
       124   -4.5599213019e-01    6.1878692526e-01   -1.1671518342e+00    7.1115970399e-01   -1.1671518342e+00    1.2800000000e+04    5.2253460498e-03    9.8406250000e-01
       125   -4.6304738817e-01    6.2641152143e-01   -1.1787563917e+00    7.1570900358e-01   -1.1787563917e+00    1.2800000000e+04    5.2285170947e-03    9.8500000000e-01
       126   -4.5554505434e-01    7.2251183446e-01   -1.2040403658e+00    7.4849531146e-01   -1.2040403658e+00    1.2800000000e+04    5.2378124658e-03    9.8578125000e-01
       127   -4.4606420785e-01    7.1283451259e-01   -1.2070832780e+00    7.6101907017e-01   -1.2070832780e+00    1.2800000000e+04    5.2335540576e-03    9.8570312500e-01
       128   -4.5618454092e-01    6.4473863147e-01   -1.1626684884e+00    7.0648394745e-01   -1.1626684884e+00    1.2800000000e+04    5.2353577100e-03    9.8531250000e-01
       129   -4.5088086325e-01    6.0465298499e-01   -1.1751929894e+00    7.2431212611e-01   -1.1751929894e+00    1.2800000000e+04    5.2304482275e-03    9.8468750000e-01
       130   -4.2470989073e-01    5.2815680213e-01   -1.2371314339e+00    8.1242154313e-01   -1.2371314339e+00    1.2800000000e+04    5.2377376563e-03    9.8632812500e-01
       131   -4.5610119231e-01    6.9040846830e-01   -1.2056625796e+00    7.4956138730e-01   -1.2056625796e+00    1.2800000000e+04    5.2352829102e-03    9.8507812500e-01
       132   -4.5321144100e-01    6.2853694485e-01   -1.2184066205e+00    7.6519517953e-01   -1.2184066205e+00    1.2800000000e+04    5.2370873584e-03    9.8632812500e-01
       133   -4.4133023917e-01    6.8449853205e-01   -1.2446361862e+00    8.0330594705e-01   -1.2446361862e+00    1.2800000000e+04    5.2304896436e-03    9.8453125000e-01
       134   -4.5348247242e-01    7.1257382950e-01   -1.2055957704e+00    7.5211329798e-01   -1.2055957704e+00    1.2800000000e+04    5.2294069141e-03    9.8421875000e-01
       135   -4.4066520568e-01    5.5250078109e-01   -1.1770661360e+00    7.3640093033e-01   -1.1770661360e+00    1.2800000000e+04    5.2309899951e-03    9.8554687500e-01
       136   -4.7448058247e-01    7.9961419781e-01   -1.1801921182e+00    7.0571153576e-01   -1.1801921182e+00    1.2800000000e+04    5.2383051855e-03    9.8476562500e-01
       137   -4.6141933165e-01    7.2274084210e-01   -1.1900629636e+00    7.2864363190e-01   -1.1900629636e+00    1.2800000000e+04    5.2367990283e-03    9.8617187500e-01
       138   -4.2748326503e-01    6.6729451257e-01   -1.2190832295e+00    7.9159996446e-01   -1.2190832295e+00    1.2800000000e+04    5.2439116113e-03    9.8703125000e-01
       139   -4.5361794444e-01    9.0189925803e-01   -1.2315192049e+00    7.7790126049e-01   -1.2315192049e+00    1.2800000000e+04    5.2335817285e-03    9.8515625000e-01
       140   -4.6984059285e-01    7.1721793568e-01   -1.2185462423e+00    7.4870564943e-01   -1.2185462423e+00    1.2800000000e+04    5.2214787891e-03    9.8148437500e-01
       141   -4.5568159076e-01    1.4063139748e+00   -1.1961065271e+00    7.4042493630e-01   -1.1961065271e+00    1.2800000000e+04    5.2367235059e-03    9.8617187500e-01
       142   -4.4969051681e-01    1.6902421796e+00   -1.2302726048e+00    7.8058208801e-01   -1.2302726048e+00    1.2800000000e+04    5.2305919971e-03    9.8445312500e-01
       143   -4.5299543780e-01    5.8971528598e-01   -1.2012487000e+00    7.4825326224e-01   -1.2012487000e+00    1.2800000000e+04    5.2373278174e-03    9.8593750000e-01
       144   -4.4376444268e-01    1.6796851251e+00   -1.2215650274e+00    7.7780058474e-01   -1.2215650274e+00    1.2800000000e+04    5.3518819434e-03    9.8492187500e-01
       145   -4.4065791713e-01    5.3706589881e-01   -1.2058899674e+00    7.6523205032e-01   -1.2058899674e+00    1.2800000000e+04    5.2395719775e-03    9.8523437500e-01
       146   -4.5744148557e-01    6.0628013477e-01   -1.1894362861e+00    7.3199480053e-01   -1.1894362861e+00    1.2800000000e+04    5.2350067480e-03    9.8625000000e-01
       147   -4.5306530138e-01    5.6475017474e-01   -1.1698508803e+00    7.1678557895e-01   -1.1698508803e+00    1.2800000000e+04    5.2318657568e-03    9.8476562500e-01
       148   -4.5980858759e-01    6.6503189051e-01   -1.1858607313e+00    7.2605214372e-01   -1.1858607313e+00    1.2800000000e+04    5.2345396143e-03    9.8546875000e-01
       149   -4.5789390032e-01    8.0585525920e-01   -1.1970567310e+00    7.3916283066e-01   -1.1970567310e+00    1.2800000000e+04    5.2390061377e-03    9.8648437500e-01
       150   -4.7046423717e-01    7.8568005454e-01   -1.1181182904e+00    6.4765405319e-01   -1.1181182904e+00    1.2800000000e+04    5.2435332861e-03    9.8750000000e-01
       151   -4.6159457928e-01    6.0696707955e-01   -1.1616430928e+00    7.0004851353e-01   -1.1616430928e+00    1.2800000000e+04    5.2362094287e-03    9.8625000000e-01
       152   -4.5130520239e-01    6.3896188590e-01   -1.1996080384e+00    7.4830283603e-01   -1.1996080384e+00    1.2800000000e+04    5.2340470459e-03    9.8492187500e-01
       153   -4.5871767662e-01    7.2611520673e-01   -1.2272536618e+00    7.6853598516e-01   -1.2272536618e+00    1.2800000000e+04    5.2279150781e-03    9.8312500000e-01
       154   -4.5424626610e-01    6.8979993885e-01   -1.1943045200e+00    7.4005825389e-01   -1.1943045200e+00    1.2800000000e+04    5.2350547314e-03    9.8578125000e-01
       155   -4.4395482465e-01    8.2987325650e-01   -1.2112041615e+00    7.6724933684e-01   -1.2112041615e+00    1.2800000000e+04    5.2195600342e-03    9.8203125000e-01
       156   -4.5768003103e-01    6.8897979354e-01   -1.1966274262e+00    7.3894739515e-01   -1.1966274262e+00    1.2800000000e+04    5.2303383252e-03    9.8460937500e-01
       157   -4.5123245148e-01    9.1207685029e-01   -1.2129479803e+00    7.6171552879e-01   -1.2129479803e+00    1.2800000000e+04    5.2390798584e-03    9.8585937500e-01
       158   -4.5945409621e-01    6.0572922886e-01   -1.1461111163e+00    6.8665702005e-01   -1.1461111163e+00    1.2800000000e+04    5.2320388721e-03    9.8484375000e-01
       159   -4.7654764875e-01    6.8985490277e-01   -1.1338827135e+00    6.5733506470e-01   -1.1338827135e+00    1.2800000000e+04    5.2336789551e-03    9.8531250000e-01
       160   -4.5565703335e-01    7.1353186019e-01   -1.1561327835e+00    7.0047575014e-01   -1.1561327835e+00    1.2800000000e+04    5.2377407959e-03    9.8664062500e-01
       161   -4.8382597893e-01    9.8862420422e-01   -1.1692929441e+00    6.8546696517e-01   -1.1692929441e+00    1.2800000000e+04    5.2384505371e-03    9.8625000000e-01
       162   -4.7637658676e-01    9.1488585402e-01   -1.1566708895e+00    6.8029430271e-01   -1.1566708895e+00    1.2800000000e+04    5.2332862061e-03    9.8515625000e-01
       163   -4.6365933649e-01    7.2128783091e-01   -1.1565127064e+00    6.9285336991e-01   -1.1565127064e+00    1.2800000000e+04    5.2342405615e-03    9.8539062500e-01
       164   -4.4726849376e-01    6.6413331565e-01   -1.1833133328e+00    7.3604483900e-01   -1.1833133328e+00    1.2800000000e+04    5.2298586865e-03    9.8476562500e-01
       165   -4.7198652747e-01    6.8657724482e-01   -1.1395547370e+00    6.6756820956e-01   -1.1395547370e+00    1.2800000000e+04    5.2391924902e-03    9.8664062500e-01
       166   -4.4741977855e-01    6.2193535385e-01   -1.2222063338e+00    7.7478655530e-01   -1.2222063338e+00    1.2800000000e+04    5.2323902539e-03    9.8476562500e-01
       167   -4.6072389535e-01    6.5695217767e-01   -1.1743751387e+00    7.1365124331e-01   -1.1743751387e+00    1.2800000000e+04    5.2415929980e-03    9.8687500000e-01
       168   -4.5602239799e-01    7.9713497070e-01   -1.1776829743e+00    7.2166057627e-01   -1.1776829743e+00    1.2800000000e+04    5.2278327832e-03    9.8390625000e-01
       169   -4.8946854458e-01    8.8190096684e-01   -1.1306497321e+00    6.4118118755e-01   -1.1306497321e+00    1.2800000000e+04    5.2414990918e-03    9.8765625000e-01
       170   -4.7178455299e-01    8.0671663886e-01   -1.1662948196e+00    6.9451026660e-01   -1.1662948196e+00    1.2800000000e+04    5.2363123145e-03    9.8601562500e-01
       171   -4.5583551181e-01    7.0164321115e-01   -1.2095601170e+00    7.5372460523e-01   -1.2095601170e+00    1.2800000000e+04    5.2424679248e-03    9.8671875000e-01
       172   -4.5959015747e-01    6.9403748217e-01   -1.1911173510e+00    7.3152719355e-01   -1.1911173510e+00    1.2800000000e+04    5.2409764990e-03    9.8601562500e-01
       173   -4.5697199731e-01    7.9518898966e-01   -1.1981476665e+00    7.4117566921e-01   -1.1981476665e+00    1.2800000000e+04    5.2384840137e-03    9.8640625000e-01
       174   -4.4508921816e-01    6.1101328786e-01   -1.1690607220e+00    7.2397150384e-01   -1.1690607220e+00    1.2800000000e+04    5.2294355518e-03    9.8453125000e-01
       175   -4.5791657227e-01    1.6354011291e+00   -1.2311387466e+00    7.7322217435e-01   -1.2311387466e+00    1.2800000000e+04    5.2239684082e-03    9.8359375000e-01
       176   -4.6183635557e-01    7.2984239368e-01   -1.2001080461e+00    7.3827169049e-01   -1.2001080461e+00    1.2800000000e+04    5.2289269775e-03    9.8453125000e-01
       177   -4.7679901382e-01    1.0906244609e+00   -1.1862377417e+00    7.0943872791e-01   -1.1862377417e+00    1.2800000000e+04    5.2259730713e-03    9.8273437500e-01
       178   -4.6648745600e-01    6.3776036051e-01   -1.0971769388e+00    6.3068948285e-01   -1.0971769388e+00    1.2800000000e+04    5.2383722168e-03    9.8585937500e-01
       179   -4.5365054885e-01    6.1342754073e-01   -1.1779338521e+00    7.2428330323e-01   -1.1779338521e+00    1.2800000000e+04    5.2421352051e-03    9.8718750000e-01
       180   -4.5811534091e-01    5.8378005037e-01   -1.1729413302e+00    7.1482598925e-01   -1.1729413302e+00    1.2800000000e+04    5.2323447656e-03    9.8523437500e-01
       181   -4.5681008328e-01    6.4857042287e-01   -1.1937205427e+00    7.3691045938e-01   -1.1937205427e+00    1.2800000000e+04    5.2316786523e-03    9.8515625000e-01
       182   -4.5028496564e-01    6.0640161131e-01   -1.2178750512e+00    7.6759008554e-01   -1.2178750512e+00    1.2800000000e+04    5.2290097656e-03    9.8414062500e-01
       183   -4.4651850151e-01    6.4555265158e-01   -1.1915940781e+00    7.4507557659e-01   -1.1915940781e+00    1.2800000000e+04    5.2309737695e-03    9.8476562500e-01
       184   -4.6555021741e-01    6.6725871258e-01   -1.1904486429e+00    7.2489842553e-01   -1.1904486429e+00    1.2800000000e+04    5.2316031494e-03    9.8554687500e-01
       185   -4.4884616927e-01    7.3266973452e-01   -1.1567113100e+00    7.0786514069e-01   -1.1567113100e+00    1.2800000000e+04    5.2305286182e-03    9.8484375000e-01
       186   -4.5482675875e-01    5.6380255563e-01   -1.1756082472e+00    7.2078148848e-01   -1.1756082472e+00    1.2800000000e+04    5.2352273730e-03    9.8546875000e-01
       187   -4.6569820404e-01    5.8234468307e-01   -1.1458687213e+00    6.8017051728e-01   -1.1458687213e+00    1.2800000000e+04    5.2388923535e-03    9.8562500000e-01
       188   -4.3908252216e-01    5.0967766941e-01   -1.1838239359e+00    7.4474141373e-01   -1.1838239359e+00    1.2800000000e+04    5.2399073682e-03    9.8617187500e-01
       189   -4.4914233362e-01    6.1327236331e-01   -1.1597414514e+00    7.1059911780e-01   -1.1597414514e+00    1.2800000000e+04    5.2334412500e-03    9.8515625000e-01
       190   -4.6969264672e-01    6.1761984725e-01   -1.1527973518e+00    6.8310470512e-01   -1.1527973518e+00    1.2800000000e+04    5.2320919092e-03    9.8500000000e-01
       191   -4.4895448594e-01    8.1159068435e-01   -1.1901585496e+00    7.4120406366e-01   -1.1901585496e+00    1.2800000000e+04    5.2351693066e-03    9.8546875000e-01
       192   -4.6738344843e-01    7.2917474075e-01   -1.1782964087e+00    7.1091296027e-01   -1.1782964087e+00    1.2800000000e+04    5.2410401563e-03    9.8656250000e-01
       193   -4.6005826634e-01    6.1169533357e-01   -1.1827360026e+00    7.2267773626e-01   -1.1827360026e+00    1.2800000000e+04    5.2390980762e-03    9.8656250000e-01
       194   -4.3791929643e-01    7.1621359970e-01   -1.2207326656e+00    7.8281336913e-01   -1.2207326656e+00    1.2800000000e+04    5.2333016748e-03    9.8546875000e-01
       195   -4.5980761056e-01    7.2358566408e-01   -1.1838763548e+00    7.2406874427e-01   -1.1838763548e+00    1.2800000000e+04    5.2429008350e-03    9.8703125000e-01
       196   -4.4415476776e-01    7.1971784244e-01   -1.1810610104e+00    7.3690624265e-01   -1.1810610104e+00    1.2800000000e+04    5.2327388525e-03    9.8453125000e-01
       197   -4.4500577790e-01    5.9807091388e-01   -1.2282551434e+00    7.8324936548e-01   -1.2282551434e+00    1.2800000000e+04    5.2385741943e-03    9.8593750000e-01
       198   -4.5281050603e-01    6.0577552801e-01   -1.1760771876e+00    7.2326668156e-01   -1.1760771876e+00    1.2800000000e+04    5.2417268457e-03    9.8664062500e-01
       199   -4.6313152808e-01    7.2144079112e-01   -1.1792885657e+00    7.1615703763e-01   -1.1792885657e+00    1.2800000000e+04    5.2414062061e-03    9.8695312500e-01
       200   -4.3918706373e-01    7.0495125925e-01   -1.2291059996e+00    7.8991893583e-01   -1.2291059996e+00    1.2800000000e+04    5.2327417090e-03    9.8554687500e-01
       201   -4.7790976512e-01    8.6979460639e-01   -1.1488711896e+00    6.7096142446e-01   -1.1488711896e+00    1.2800000000e+04    5.2380088379e-03    9.8609375000e-01
       202   -4.6571497195e-01    5.8511768511e-01   -1.1429189273e+00    6.7720395539e-01   -1.1429189273e+00    1.2800000000e+04    5.2326694922e-03    9.8539062500e-01
       203   -4.6273831402e-01    5.4588608659e-01   -1.1378924006e+00    6.7515408654e-01   -1.1378924006e+00    1.2800000000e+04    5.2311906934e-03    9.8468750000e-01
       204   -4.6285078061e-01    6.3008096235e-01   -1.1906738374e+00    7.2782305678e-01   -1.1906738374e+00    1.2800000000e+04    5.2420851172e-03    9.8703125000e-01
       205   -4.5520716972e-01    5.8182813290e-01   -1.1568558333e+00    7.0164866360e-01   -1.1568558333e+00    1.2800000000e+04    5.2420994287e-03    9.8757812500e-01
       206   -4.4332247021e-01    5.8586709322e-01   -1.1930899351e+00    7.4976746487e-01   -1.1930899351e+00    1.2800000000e+04    5.2358560449e-03    9.8632812500e-01
       207   -4.5511274754e-01    5.9771036457e-01   -1.1848149982e+00    7.2970225069e-01   -1.1848149982e+00    1.2800000000e+04    5.2310340234e-03    9.8570312500e-01
       208   -4.5980996290e-01    7.3114284617e-01   -1.2073994211e+00    7.4758945823e-01   -1.2073994211e+00    1.2800000000e+04    5.2265220313e-03    9.8367187500e-01
       209   -4.5803950330e-01    6.7136306585e-01   -1.2129974532e+00    7.5495794989e-01   -1.2129974532e+00    1.2800000000e+04    5.2367130176e-03    9.8632812500e-01
       210   -4.5015970735e-01    5.4635113065e-01   -1.1685046581e+00    7.1834495076e-01   -1.1685046581e+00    1.2800000000e+04    5.2342534619e-03    9.8546875000e-01
       211   -4.6568343780e-01    8.0110222108e-01   -1.1689732575e+00    7.0328981967e-01   -1.1689732575e+00    1.2800000000e+04    5.2259658740e-03    9.8328125000e-01
       212   -4.4677610957e-01    8.9303237867e-01   -1.2480036936e+00    8.0122758398e-01   -1.2480036936e+00    1.2800000000e+04    5.2324933984e-03    9.8523437500e-01
       213   -4.3337883047e-01    6.6025545550e-01   -1.2363105281e+00    8.0293169763e-01   -1.2363105281e+00    1.2800000000e+04    5.2343105664e-03    9.8484375000e-01
       214   -4.5249354594e-01    5.8709842580e-01   -1.1762787881e+00    7.2378524213e-01   -1.1762787881e+00    1.2800000000e+04    5.2351345850e-03    9.8593750000e-01
       215   -4.4982632240e-01    5.7191159899e-01   -1.2031007947e+00    7.5327447226e-01   -1.2031007947e+00    1.2800000000e+04    5.2341162646e-03    9.8570312500e-01
       216   -4.5608912472e-01    7.6158671588e-01   -1.2180906221e+00    7.6200149739e-01   -1.2180906221e+00    1.2800000000e+04    5.2218732275e-03    9.8312500000e-01
       217   -4.5068379847e-01    1.4395849161e+00   -1.2223813637e+00    7.7169756526e-01   -1.2223813637e+00    1.2800000000e+04    5.2377697070e-03    9.8546875000e-01
       218   -4.4825573707e-01    1.0609150254e+00   -1.2160140889e+00    7.6775835179e-01   -1.2160140889e+00    1.2800000000e+04    5.2445727148e-03    9.8718750000e-01
       219   -4.5388581209e-01    6.8964861310e-01   -1.1633370216e+00    7.0945120956e-01   -1.1633370216e+00    1.2800000000e+04    5.2336026074e-03    9.8523437500e-01
       220   -4.4744944526e-01    9.3414943264e-01   -1.1926106380e+00    7.4516119274e-01   -1.1926106380e+00    1.2800000000e+04    5.2381912061e-03    9.8679687500e-01
       221   -4.6713796665e-01    7.8377404899e-01   -1.1765137167e+00    7.0937575006e-01   -1.1765137167e+00    1.2800000000e+04    5.2429793652e-03    9.8718750000e-01
       222   -4.6458859678e-01    8.7068053316e-01   -1.1900399364e+00    7.2545133967e-01   -1.1900399364e+00    1.2800000000e+04    5.2324308643e-03    9.8500000000e-01
       223   -4.5508910444e-01    5.3892003251e-01   -1.1480313287e+00    6.9294222430e-01   -1.1480313287e+00    1.2800000000e+04    5.2377774658e-03    9.8609375000e-01
       224   -4.6167624059e-01    7.4276309698e-01   -1.1680904420e+00    7.0641420145e-01   -1.1680904420e+00    1.2800000000e+04    5.2305385010e-03    9.8507812500e-01
       225   -4.6863533721e-01    7.8834188904e-01   -1.2082323623e+00    7.3959702506e-01   -1.2082323623e+00    1.2800000000e+04    5.2334146631e-03    9.8625000000e-01
       226   -4.5904878683e-01    7.7653241932e-01   -1.1970573035e+00    7.3800851666e-01   -1.1970573035e+00    1.2800000000e+04    5.2321321045e-03    9.8484375000e-01
       227   -4.4302890227e-01    4.9754716672e-01   -1.1319183797e+00    6.8888947741e-01   -1.1319183797e+00    1.2800000000e+04    5.2366739258e-03    9.8609375000e-01
       228   -4.5972463994e-01    7.1263298786e-01   -1.1963972245e+00    7.3667258452e-01   -1.1963972245e+00    1.2800000000e+04    5.2409670898e-03    9.8632812500e-01
       229   -4.8033475741e-01    1.9130785867e+00   -1.1690819920e+00    6.8874723459e-01   -1.1690819920e+00    1.2800000000e+04    5.2313925488e-03    9.8515625000e-01
       230   -4.6477699797e-01    6.0775260805e-01   -1.1454156079e+00    6.8063860994e-01   -1.1454156079e+00    1.2800000000e+04    5.2404610791e-03    9.8664062500e-01
       231   -4.4809045158e-01    6.2184987115e-01   -1.1969993111e+00    7.4890885954e-01   -1.1969993111e+00    1.2800000000e+04    5.2399616650e-03    9.8687500000e-01
       232   -4.4383570614e-01    7.0052290145e-01   -1.2420700741e+00    7.9823436791e-01   -1.2420700741e+00    1.2800000000e+04    5.2357257373e-03    9.8609375000e-01
       233   -4.5330438281e-01    7.1066016570e-01   -1.1952307590e+00    7.4192637618e-01   -1.1952307590e+00    1.2800000000e+04    5.2293551416e-03    9.8421875000e-01
       234   -4.5810951244e-01    7.5615597291e-01   -1.1976440060e+00    7.3953449358e-01   -1.1976440060e+00    1.2800000000e+04    5.2401556543e-03    9.8601562500e-01
       235   -4.3209054877e-01    5.4636551343e-01   -1.2037468496e+00    7.7165630088e-01   -1.2037468496e+00    1.2800000000e+04    5.2369021924e-03    9.8570312500e-01
       236   -4.7968889653e-01    1.0319960935e+00   -1.1396605184e+00    6.5997162191e-01   -1.1396605184e+00    1.2800000000e+04    5.2336907617e-03    9.8539062500e-01
       237   -4.4478355356e-01    6.5174670251e-01   -1.1879760671e+00    7.4319251356e-01   -1.1879760671e+00    1.2800000000e+04    5.2211236768e-03    9.8406250000e-01
       238   -4.7434925842e-01    5.8847554322e-01   -1.1069524443e+00    6.3260318587e-01   -1.1069524443e+00    1.2800000000e+04    5.2448897119e-03    9.8710937500e-01
       239   -4.4966076394e-01    8.3723778577e-01   -1.2025194093e+00    7.5285864535e-01   -1.2025194093e+00    1.2800000000e+04    5.2301670459e-03    9.8437500000e-01
       240   -4.5048761230e-01    6.8114893015e-01   -1.1700769193e+00    7.1958930704e-01   -1.1700769193e+00    1.2800000000e+04    5.2314806592e-03    9.8492187500e-01
       241   -4.4835324329e-01    5.9691506762e-01   -1.2002383535e+00    7.5188511026e-01   -1.2002383535e+00    1.2800000000e+04    5.2324385937e-03    9.8468750000e-01
       242   -4.5419856648e-01    6.9398894469e-01   -1.1966511022e+00    7.4245253571e-01   -1.1966511022e+00    1.2800000000e+04    5.2460163330e-03    9.8789062500e-01
       243   -4.7280033365e-01    6.5912106391e-01   -1.1552996837e+00    6.8249935005e-01   -1.1552996837e+00    1.2800000000e+04    5.2397933496e-03    9.8562500000e-01
       244   -4.5580427761e-01    6.3778515110e-01   -1.1588273751e+00    7.0302309753e-01   -1.1588273751e+00    1.2800000000e+04    5.2286622949e-03    9.8421875000e-01
       245   -4.5829153009e-01    6.2791643379e-01   -1.1780326448e+00    7.1974111466e-01   -1.1780326448e+00    1.2800000000e+04    5.2368522754e-03    9.8593750000e-01
       246   -4.2108753747e-01    6.4678098041e-01   -1.3052319854e+00    8.8414444794e-01   -1.3052319854e+00    1.2800000000e+04    5.2337009961e-03    9.8500000000e-01
       247   -4.7302032374e-01    6.9050917626e-01   -1.1496159324e+00    6.7659560871e-01   -1.1496159324e+00    1.2800000000e+04    5.2343512158e-03    9.8546875000e-01
       248   -4.6456948692e-01    7.2221543758e-01   -1.1776874077e+00    7.1311792081e-01   -1.1776874077e+00    1.2800000000e+04    5.2423895068e-03    9.8664062500e-01
       249   -4.5322067126e-01    6.7348562945e-01   -1.1632704804e+00    7.1004980914e-01   -1.1632704804e+00    1.2800000000e+04    5.2236871338e-03    9.8335937500e-01
       250   -4.5716132135e-01    6.7334335662e-01   -1.1746575300e+00    7.1749620863e-01   -1.1746575300e+00    1.2800000000e+04    5.2428885938e-03    9.8617187500e-01
       251   -4.6782995809e-01    7.7329012247e-01   -1.1954238659e+00    7.2759390785e-01   -1.1954238659e+00    1.2800000000e+04    5.2399790967e-03    9.8632812500e-01
       252   -4.5735750922e-01    7.6292878496e-01   -1.2364941997e+00    7.7913669050e-01   -1.2364941997e+00    1.2800000000e+04    5.2384022070e-03    9.8695312500e-01
       253   -4.7157669939e-01    5.7726369764e-01   -1.1383879282e+00    6.6681122882e-01   -1.1383879282e+00    1.2800000000e+04    5.2243592285e-03    9.8320312500e-01
       254   -4.6119374998e-01    9.9846011430e-01   -1.2339584300e+00    7.7276467997e-01   -1.2339584300e+00    1.2800000000e+04    5.2346212646e-03    9.8554687500e-01
       255   -4.4768900906e-01    6.6835459898e-01   -1.2167683350e+00    7.6907932593e-01   -1.2167683350e+00    1.2800000000e+04    5.2379905811e-03    9.8578125000e-01
       256   -4.5400610664e-01    7.6811629378e-01   -1.2065910678e+00    7.5258496111e-01   -1.2065910678e+00    1.2800000000e+04    5.2262201660e-03    9.8398437500e-01
       257   -4.6162091072e-01    6.8918320440e-01   -1.1373540038e+00    6.7573309309e-01   -1.1373540038e+00    1.2800000000e+04    5.2396660010e-03    9.8671875000e-01
       258   -4.4738314413e-01    5.7637632161e-01   -1.1721057150e+00    7.2472257087e-01   -1.1721057150e+00    1.2800000000e+04    5.2362299756e-03    9.8539062500e-01
       259   -4.4311801573e-01    5.5489285442e-01   -1.1882123888e+00    7.4509437311e-01   -1.1882123888e+00    1.2800000000e+04    5.2379725488e-03    9.8625000000e-01
       260   -4.3371595079e-01    5.3116462848e-01   -1.2204420597e+00    7.8672610887e-01   -1.2204420597e+00    1.2800000000e+04    5.2340879004e-03    9.8617187500e-01
       261   -4.5357823771e-01    6.9461620612e-01   -1.1990759372e+00    7.4549769948e-01   -1.1990759372e+00    1.2800000000e+04    5.2374733008e-03    9.8523437500e-01
       262   -4.5737454200e-01    8.5819712574e-01   -1.1983388243e+00    7.4096428230e-01   -1.1983388243e+00    1.2800000000e+04    5.2410347217e-03    9.8632812500e-01
       263   -4.6488335250e-01    1.5316185784e+00   -1.1532620234e+00    6.8837867092e-01   -1.1532620234e+00    1.2800000000e+04    5.2303301758e-03    9.8460937500e-01
       264   -4.3862464955e-01    6.1059300693e-01   -1.2034459239e+00    7.6482127440e-01   -1.2034459239e+00    1.2800000000e+04    5.2396584375e-03    9.8671875000e-01
       265   -4.3660993925e-01    6.0026384827e-01   -1.1903837156e+00    7.5377377637e-01   -1.1903837156e+00    1.2800000000e+04    5.2297987939e-03    9.8507812500e-01
       266   -4.5380470836e-01    6.7293186179e-01   -1.2351836994e+00    7.8137899108e-01   -1.2351836994e+00    1.2800000000e+04    5.2253683398e-03    9.8304687500e-01
       267   -4.5057369232e-01    7.2305809910e-01   -1.2539377512e+00    8.0336405887e-01   -1.2539377512e+00    1.2800000000e+04    5.2360909229e-03    9.8617187500e-01
       268   -4.6040810121e-01    7.3120597702e-01   -1.1612388273e+00    7.0083072612e-01   -1.1612388273e+00    1.2800000000e+04    5.2382302344e-03    9.8554687500e-01
       269   -4.4981335722e-01    5.2928366459e-01   -1.1699296409e+00    7.2011628372e-01   -1.1699296409e+00    1.2800000000e+04    5.2387552979e-03    9.8585937500e-01
       270   -4.4729533817e-01    5.4417409196e-01   -1.1910225369e+00    7.4372719875e-01   -1.1910225369e+00    1.2800000000e+04    5.2290043945e-03    9.8437500000e-01
       271   -4.4044839045e-01    1.0003325779e+00   -1.2319051809e+00    7.9145679050e-01   -1.2319051809e+00    1.2800000000e+04    5.2330696680e-03    9.8539062500e-01
       272   -4.1700053693e-01    5.9444536911e-01   -1.2733001277e+00    8.5629959081e-01   -1.2733001277e+00    1.2800000000e+04    5.2261724512e-03    9.8328125000e-01
       273   -4.7956251036e-01    8.3078557288e-01   -1.1531451714e+00    6.7358266100e-01   -1.1531451714e+00    1.2800000000e+04    5.2443275244e-03    9.8812500000e-01
       274   -4.4672750434e-01    6.3962464825e-01   -1.1818031779e+00    7.3507567356e-01   -1.1818031779e+00    1.2800000000e+04    5.2338120020e-03    9.8515625000e-01
       275   -4.5742265210e-01    5.5310404008e-01   -1.1418844064e+00    6.8446175430e-01   -1.1418844064e+00    1.2800000000e+04    5.2361370703e-03    9.8632812500e-01
       276   -4.6139819874e-01    6.3216693260e-01   -1.1807459260e+00    7.1934772730e-01   -1.1807459260e+00    1.2800000000e+04    5.2333811816e-03    9.8515625000e-01
       277   -4.4927406484e-01    4.7181280696e-01   -1.1420382276e+00    6.9276416274e-01   -1.1420382276e+00    1.2800000000e+04    5.2342433057e-03    9.8617187500e-01
       278   -4.7420586681e-01    5.5731138163e-01   -1.1029918446e+00    6.2878597774e-01   -1.1029918446e+00    1.2800000000e+04    5.2309116406e-03    9.8476562500e-01
       279   -4.4759432292e-01    6.4917386708e-01   -1.1739566920e+00    7.2636236908e-01   -1.1739566920e+00    1.2800000000e+04    5.2387150146e-03    9.8609375000e-01
       280   -4.2543102444e-01    5.3702104869e-01   -1.2050474633e+00    7.7961643888e-01   -1.2050474633e+00    1.2800000000e+04    5.2287882910e-03    9.8382812500e-01
       281   -4.4584889320e-01    6.5511025808e-01   -1.1929160493e+00    7.4706715613e-01   -1.1929160493e+00    1.2800000000e+04    5.2284958740e-03    9.8421875000e-01
       282   -4.5737222161e-01    6.3122170196e-01   -1.1699759939e+00    7.1260377226e-01   -1.1699759939e+00    1.2800000000e+04    5.2425923877e-03    9.8718750000e-01
       283   -4.7289312325e-01    6.1117039751e-01   -1.1708128585e+00    6.9791973527e-01   -1.1708128585e+00    1.2800000000e+04    5.2430160498e-03    9.8703125000e-01
       284   -4.6703542588e-01    6.0270746284e-01   -1.1612258388e+00    6.9419041289e-01   -1.1612258388e+00    1.2800000000e+04    5.2392879297e-03    9.8648437500e-01
       285   -4.5581721493e-01    6.3454653289e-01   -1.2076856475e+00    7.5186843254e-01   -1.2076856475e+00    1.2800000000e+04    5.2328641943e-03    9.8484375000e-01
       286   -4.5928475032e-01    6.1005167740e-01   -1.1789993538e+00    7.1971460346e-01   -1.1789993538e+00    1.2800000000e+04    5.2410080664e-03    9.8687500000e-01
       287   -4.4946343483e-01    5.1379653265e-01   -1.1530560587e+00    7.0359262391e-01   -1.1530560587e+00    1.2800000000e+04    5.2292515381e-03    9.8460937500e-01
       288   -4.5644027672e-01    5.8659855801e-01   -1.1881254458e+00    7.3168516912e-01   -1.1881254458e+00    1.2800000000e+04    5.2381904541e-03    9.8601562500e-01
       289   -4.5633963068e-01    5.9954974143e-01   -1.1710267556e+00    7.1468712489e-01   -1.1710267556e+00    1.2800000000e+04    5.2318190625e-03    9.8640625000e-01
       290   -4.5122587751e-01    6.6430731898e-01   -1.2003988281e+00    7.4917295061e-01   -1.2003988281e+00    1.2800000000e+04    5.2349964893e-03    9.8531250000e-01
       291   -4.4514663484e-01    8.8449265723e-01   -1.1986778534e+00    7.5353121857e-01   -1.1986778534e+00    1.2800000000e+04    5.2358699268e-03    9.8546875000e-01
       292   -4.4577029842e-01    6.7700712601e-01   -1.2344061838e+00    7.8863588537e-01   -1.2344061838e+00    1.2800000000e+04    5.2343163379e-03    9.8523437500e-01
       293   -4.6559957048e-01    6.5404623364e-01   -1.1577669095e+00    6.9216733904e-01   -1.1577669095e+00    1.2800000000e+04    5.2417417969e-03    9.8656250000e-01
       294   -4.7270714990e-01    7.0410121916e-01   -1.1436875160e+00    6.7098036606e-01   -1.1436875160e+00    1.2800000000e+04    5.2354797217e-03    9.8593750000e-01
       295   -4.6874431669e-01    7.3911894898e-01   -1.2020617905e+00    7.3331747380e-01   -1.2020617905e+00    1.2800000000e+04    5.2385045947e-03    9.8539062500e-01
       296   -4.6096578872e-01    5.8536773293e-01   -1.1715891662e+00    7.1062337750e-01   -1.1715891662e+00    1.2800000000e+04    5.2319223975e-03    9.8523437500e-01
       297   -4.6698197400e-01    7.4033284503e-01   -1.1380201228e+00    6.7103814884e-01   -1.1380201228e+00    1.2800000000e+04    5.2377254834e-03    9.8578125000e-01
       298   -4.5382381397e-01    8.3760923749e-01   -1.2002863836e+00    7.4646256965e-01   -1.2002863836e+00    1.2800000000e+04    5.2291699707e-03    9.8414062500e-01
       299   -4.5361584416e-01    5.5175696939e-01   -1.1633037013e+00    7.0968785719e-01   -1.1633037013e+00    1.2800000000e+04    5.2424555859e-03    9.8710937500e-01
       300   -4.6123572823e-01    5.8946306136e-01   -1.1799454406e+00    7.1870971238e-01   -1.1799454406e+00    1.2800000000e+04    5.2312547070e-03    9.8484375000e-01
       301   -4.5647840591e-01    5.6608960127e-01   -1.1429802893e+00    6.8650188343e-01   -1.1429802893e+00    1.2800000000e+04    5.2399267529e-03    9.8695312500e-01
       302   -4.5483658155e-01    6.3713824599e-01   -1.1305660550e+00    6.7572947345e-01   -1.1305660550e+00    1.2800000000e+04    5.2380072803e-03    9.8648437500e-01
       303   -4.5168365182e-01    6.9983413501e-01   -1.1967565712e+00    7.4507291937e-01   -1.1967565712e+00    1.2800000000e+04    5.2378675488e-03    9.8632812500e-01
       304   -4.5974099571e-01    6.9304934849e-01   -1.1915331514e+00    7.3179215568e-01   -1.1915331514e+00    1.2800000000e+04    5.2273862842e-03    9.8421875000e-01
       305   -4.4955242850e-01    6.1737505154e-01   -1.1720696375e+00    7.2251720900e-01   -1.1720696375e+00    1.2800000000e+04    5.2346616064e-03    9.8539062500e-01
       306   -4.4912657261e-01    6.5992309165e-01   -1.1980860630e+00    7.4895949038e-01   -1.1980860630e+00    1.2800000000e+04    5.2361181104e-03    9.8500000000e-01
       307   -4.5599863002e-01    6.9755608050e-01   -1.2017171222e+00    7.4571849214e-01   -1.2017171222e+00    1.2800000000e+04    5.2341969336e-03    9.8468750000e-01
       308   -4.6755500345e-01    6.3443069220e-01   -1.1456276564e+00    6.7807265292e-01   -1.1456276564e+00    1.2800000000e+04    5.2514921045e-03    9.8843750000e-01
       309   -4.6566550439e-01    8.6304103498e-01   -1.1463634220e+00    6.8069791760e-01   -1.1463634220e+00    1.2800000000e+04    5.2342054785e-03    9.8492187500e-01
       310   -4.4575521558e-01    7.3114590769e-01   -1.2338068718e+00    7.8805165619e-01   -1.2338068718e+00    1.2800000000e+04    5.2405133594e-03    9.8570312500e-01
       311   -4.5526044462e-01    7.1597803057e-01   -1.2027631539e+00    7.4750270927e-01   -1.2027631539e+00    1.2800000000e+04    5.2335105029e-03    9.8570312500e-01
       312   -4.5658357005e-01    7.8943517040e-01   -1.2048220441e+00    7.4823847401e-01   -1.2048220441e+00    1.2800000000e+04    5.2329239990e-03    9.8515625000e-01
       313   -4.6986359835e-01    5.8969315280e-01   -1.1217595442e+00    6.5189594588e-01   -1.1217595442e+00    1.2800000000e+04    5.2461172119e-03    9.8835937500e-01
       314   -4.2957083081e-01    6.7321769880e-01   -1.2142304911e+00    7.8465966027e-01   -1.2142304911e+00    1.2800000000e+04    5.2330929639e-03    9.8593750000e-01
       315   -4.5707022940e-01    6.6256647292e-01   -1.1916505711e+00    7.3458034171e-01   -1.1916505711e+00    1.2800000000e+04    5.2302839502e-03    9.8453125000e-01
       316   -4.5958362878e-01    6.9479781982e-01   -1.1955090251e+00    7.3592539628e-01   -1.1955090251e+00    1.2800000000e+04    5.2267736816e-03    9.8445312500e-01
       317   -4.5997886199e-01    5.7012944301e-01   -1.1730161745e+00    7.1303731255e-01   -1.1730161745e+00    1.2800000000e+04    5.2290743848e-03    9.8421875000e-01
       318   -4.5598593843e-01    7.1647278713e-01   -1.2086230436e+00    7.5263710512e-01   -1.2086230436e+00    1.2800000000e+04    5.2330625830e-03    9.8437500000e-01
       319   -4.6099104607e-01    6.5887533882e-01   -1.1596689258e+00    6.9867787973e-01   -1.1596689258e+00    1.2800000000e+04    5.2344175049e-03    9.8453125000e-01
       320   -4.4941526273e-01    8.2622976026e-01   -1.1861988702e+00    7.3678360744e-01   -1.1861988702e+00    1.2800000000e+04    5.2244776367e-03    9.8296875000e-01
       321   -4.4611774134e-01    6.8307412451e-01   -1.2488230008e+00    8.0270525946e-01   -1.2488230008e+00    1.2800000000e+04    5.2389035107e-03    9.8671875000e-01
       322   -4.3635285430e-01    5.7246101438e-01   -1.2386530114e+00    8.0230015706e-01   -1.2386530114e+00    1.2800000000e+04    5.2310149316e-03    9.8445312500e-01
       323   -4.3530406530e-01    4.9701547111e-01   -1.1863902178e+00    7.5108615251e-01   -1.1863902178e+00    1.2800000000e+04    5.2286904248e-03    9.8382812500e-01
       324   -4.3384438870e-01    6.3068432108e-01   -1.2302232467e+00    7.9637885795e-01   -1.2302232467e+00    1.2800000000e+04    5.2362604736e-03    9.8578125000e-01
       325   -4.3898764588e-01    5.3906099533e-01   -1.2015783527e+00    7.6259070682e-01   -1.2015783527e+00    1.2800000000e+04    5.2231123486e-03    9.8375000000e-01
       326   -4.3613657909e-01    6.1734433372e-01   -1.2011056229e+00    7.6496904385e-01   -1.2011056229e+00    1.2800000000e+04    5.2369214111e-03    9.8609375000e-01
       327   -4.5454134304e-01    5.5264403146e-01   -1.1610180986e+00    7.0647675555e-01   -1.1610180986e+00    1.2800000000e+04    5.2347913867e-03    9.8546875000e-01
       328   -4.3468359656e-01    7.3646681045e-01   -1.2323063910e+00    7.9762279441e-01   -1.2323063910e+00    1.2800000000e+04    5.2390149609e-03    9.8609375000e-01
       329   -4.5280027844e-01    7.4223645641e-01   -1.2171301736e+00    7.6432989513e-01   -1.2171301736e+00    1.2800000000e+04    5.2212241016e-03    9.8304687500e-01
       330   -4.3237898006e-01    7.4083945162e-01   -1.2608630364e+00    8.2848405638e-01   -1.2608630364e+00    1.2800000000e+04    5.2273895166e-03    9.8320312500e-01
       331   -4.7084020165e-01    8.1304199673e-01   -1.1919662634e+00    7.2112606170e-01   -1.1919662634e+00    1.2800000000e+04    5.2348155908e-03    9.8593750000e-01
       332   -4.6387029443e-01    6.0793714305e-01   -1.1802240467e+00    7.1635375229e-01   -1.1802240467e+00    1.2800000000e+04    5.2402141064e-03    9.8703125000e-01
       333   -4.5748416968e-01    6.1692044184e-01   -1.1854453233e+00    7.2796115357e-01   -1.1854453233e+00    1.2800000000e+04    5.2390547656e-03    9.8539062500e-01
       334   -4.4964285554e-01    5.7385597292e-01   -1.1595400471e+00    7.0989719153e-01   -1.1595400471e+00    1.2800000000e+04    5.2279214307e-03    9.8468750000e-01
       335   -4.5185700327e-01    7.5965420154e-01   -1.1952733069e+00    7.4341630364e-01   -1.1952733069e+00    1.2800000000e+04    5.2418141943e-03    9.8773437500e-01
       336   -4.3765311748e-01    7.6316179277e-01   -1.2119813380e+00    7.7432822054e-01   -1.2119813380e+00    1.2800000000e+04    5.2310853662e-03    9.8539062500e-01
       337   -4.4918368380e-01    6.0479153844e-01   -1.2153817688e+00    7.6619808498e-01   -1.2153817688e+00    1.2800000000e+04    5.2269321924e-03    9.8414062500e-01
       338   -4.4282610679e-01    7.2303179265e-01   -1.2507877392e+00    8.0796163242e-01   -1.2507877392e+00    1.2800000000e+04    5.2367360352e-03    9.8664062500e-01
       339   -4.3430770563e-01    5.8294211685e-01   -1.2113536311e+00    7.7704592551e-01   -1.2113536311e+00    1.2800000000e+04    5.2401402148e-03    9.8625000000e-01
       340   -4.4488106972e-01    6.7669273971e-01   -1.2133141717e+00    7.6843310201e-01   -1.2133141717e+00    1.2800000000e+04    5.2407095850e-03    9.8703125000e-01
       341   -4.4697379391e-01    8.9548969138e-01   -1.2627068526e+00    8.1573305868e-01   -1.2627068526e+00    1.2800000000e+04    5.2383841943e-03    9.8710937500e-01
       342   -4.5129550192e-01    7.7510300469e-01   -1.2323332348e+00    7.8103773288e-01   -1.2323332348e+00    1.2800000000e+04    5.2330200195e-03    9.8531250000e-01
       343   -4.6214976687e-01    5.7456543498e-01   -1.1438368046e+00    6.8168703770e-01   -1.1438368046e+00    1.2800000000e+04    5.2398832959e-03    9.8640625000e-01
       344   -4.6169884115e-01    7.5552474864e-01   -1.1953251965e+00    7.3362635539e-01   -1.1953251965e+00    1.2800000000e+04    5.2297652002e-03    9.8500000000e-01
       345   -4.1796273817e-01    5.1484171316e-01   -1.2068732003e+00    7.8891046215e-01   -1.2068732003e+00    1.2800000000e+04    5.2347261914e-03    9.8523437500e-01
       346   -4.4489452000e-01    6.1015829346e-01   -1.1909522845e+00    7.4605776453e-01   -1.1909522845e+00    1.2800000000e+04    5.2394349805e-03    9.8617187500e-01
       347   -4.5803128723e-01    6.4018906914e-01   -1.2046899545e+00    7.4665866726e-01   -1.2046899545e+00    1.2800000000e+04    5.2350080518e-03    9.8523437500e-01
       348   -4.4126335163e-01    7.1963836121e-01   -1.1898315719e+00    7.4856822024e-01   -1.1898315719e+00    1.2800000000e+04    5.2316613916e-03    9.8437500000e-01
       349   -4.6821474274e-01    8.0371893709e-01   -1.2342805259e+00    7.6606578315e-01   -1.2342805259e+00    1.2800000000e+04    5.2416620605e-03    9.8695312500e-01
       350   -4.4677753040e-01    6.9130830641e-01   -1.1873492680e+00    7.4057173760e-01   -1.1873492680e+00    1.2800000000e+04    5.2280135645e-03    9.8335937500e-01
       351   -4.5440250100e-01    6.3562331207e-01   -1.1541267295e+00    6.9972422846e-01   -1.1541267295e+00    1.2800000000e+04    5.2287708057e-03    9.8445312500e-01
       352   -4.4926591513e-01    5.8263258161e-01   -1.1681492814e+00    7.1888336629e-01   -1.1681492814e+00    1.2800000000e+04    5.2267872607e-03    9.8460937500e-01
       353   -4.5686008072e-01    6.9877243583e-01   -1.2305261180e+00    7.7366603725e-01   -1.2305261180e+00    1.2800000000e+04    5.2310202441e-03    9.8492187500e-01
       354   -4.5077266101e-01    6.3900314677e-01   -1.1936923931e+00    7.4291973208e-01   -1.1936923931e+00    1.2800000000e+04    5.2386580811e-03    9.8648437500e-01
       355   -4.5065743428e-01    6.2797782746e-01   -1.2184122817e+00    7.6775484746e-01   -1.2184122817e+00    1.2800000000e+04    5.2311253125e-03    9.8515625000e-01
       356   -4.8342984986e-01    1.8178314317e+00   -1.1238537445e+00    6.4042389460e-01   -1.1238537445e+00    1.2800000000e+04    5.2416764844e-03    9.8679687500e-01
       357   -4.6970038581e-01    6.7911797033e-01   -1.1558728399e+00    6.8617245409e-01   -1.1558728399e+00    1.2800000000e+04    5.2408112939e-03    9.8648437500e-01
       358   -4.4324454373e-01    6.2514096937e-01   -1.1764265523e+00    7.3318200859e-01   -1.1764265523e+00    1.2800000000e+04    5.2382297070e-03    9.8554687500e-01
       359   -4.6928057120e-01    7.2669064374e-01   -1.1987571405e+00    7.2947656932e-01   -1.1987571405e+00    1.2800000000e+04    5.2337556104e-03    9.8523437500e-01
       360   -4.3689858416e-01    4.8569031923e-01   -1.1628837191e+00    7.2598513495e-01   -1.1628837191e+00    1.2800000000e+04    5.2274200537e-03    9.8406250000e-01
       361   -4.5587499952e-01    6.7425695212e-01   -1.1754471683e+00    7.1957216882e-01   -1.1754471683e+00    1.2800000000e+04    5.2250660254e-03    9.8382812500e-01
       362   -4.4123646150e-01    7.0057168013e-01   -1.2137517889e+00    7.7251532740e-01   -1.2137517889e+00    1.2800000000e+04    5.2419390527e-03    9.8710937500e-01
       363   -4.4806253009e-01    5.2202393557e-01   -1.1485390870e+00    7.0047655688e-01   -1.1485390870e+00    1.2800000000e+04    5.2329914209e-03    9.8515625000e-01
       364   -4.3525188363e-01    6.0486125981e-01   -1.2487554660e+00    8.1350358238e-01   -1.2487554660e+00    1.2800000000e+04    5.2264203467e-03    9.8406250000e-01
       365   -4.6182098609e-01    7.8666709224e-01   -1.1852326192e+00    7.2341163314e-01   -1.1852326192e+00    1.2800000000e+04    5.2302478271e-03    9.8437500000e-01
       366   -4.4486655174e-01    5.2514633599e-01   -1.1589547631e+00    7.1408821132e-01   -1.1589547631e+00    1.2800000000e+04    5.2356368359e-03    9.8625000000e-01
       367   -4.7222115792e-01    8.5662394203e-01   -1.1979169008e+00    7.2569574284e-01   -1.1979169008e+00    1.2800000000e+04    5.2415531836e-03    9.8726562500e-01
       368   -4.6456620582e-01    6.0729375531e-01   -1.1726128379e+00    7.0804663213e-01   -1.1726128379e+00    1.2800000000e+04    5.2360800635e-03    9.8585937500e-01
       369   -4.5401829140e-01    5.9124320499e-01   -1.1889667092e+00    7.3494841778e-01   -1.1889667092e+00    1.2800000000e+04    5.2401100537e-03    9.8664062500e-01
       370   -4.4263406959e-01    6.5002571753e-01   -1.2217702843e+00    7.7913621476e-01   -1.2217702843e+00    1.2800000000e+04    5.2303675635e-03    9.8453125000e-01
       371   -4.7591429131e-01    5.9766547593e-01   -1.0994681269e+00    6.2355383560e-01   -1.0994681269e+00    1.2800000000e+04    5.2352644336e-03    9.8632812500e-01
       372   -4.6166006533e-01    6.4580860933e-01   -1.1387937903e+00    6.7713372501e-01   -1.1387937903e+00    1.2800000000e+04    5.2299690283e-03    9.8515625000e-01
       373   -4.5543179892e-01    8.0124139471e-01   -1.1819279315e+00    7.2649613257e-01   -1.1819279315e+00    1.2800000000e+04    5.2354204004e-03    9.8554687500e-01
       374   -4.6305050592e-01    6.4865063435e-01   -1.1820743621e+00    7.1902385621e-01   -1.1820743621e+00    1.2800000000e+04    5.2354018994e-03    9.8523437500e-01
       375   -4.3922277616e-01    1.1644755906e+00   -1.2608190411e+00    8.2159626493e-01   -1.2608190411e+00    1.2800000000e+04    5.2343195068e-03    9.8507812500e-01
       376   -4.2687195012e-01    5.7480878069e-01   -1.2085213641e+00    7.8164941397e-01   -1.2085213641e+00    1.2800000000e+04    5.2339080420e-03    9.8562500000e-01
       377   -4.3989263677e-01    5.2699974841e-01   -1.1927779088e+00    7.5288527207e-01   -1.1927779088e+00    1.2800000000e+04    5.2323169189e-03    9.8593750000e-01
       378   -4.6691111882e-01    1.2734511177e+00   -1.1683984312e+00    7.0148731235e-01   -1.1683984312e+00    1.2800000000e+04    5.2447444141e-03    9.8687500000e-01
       379   -4.5899815216e-01    6.2349710651e-01   -1.1711174652e+00    7.1211931306e-01   -1.1711174652e+00    1.2800000000e+04    5.2306760010e-03    9.8437500000e-01
       380   -4.6315882909e-01    6.0859110692e-01   -1.1689109327e+00    7.0575210363e-01   -1.1689109327e+00    1.2800000000e+04    5.2420430908e-03    9.8718750000e-01
       381   -4.5126983540e-01    6.8475491645e-01   -1.2003446769e+00    7.4907484148e-01   -1.2003446769e+00    1.2800000000e+04    5.2354982764e-03    9.8632812500e-01
       382   -4.4501381172e-01    6.3897063478e-01   -1.2385055037e+00    7.9349169199e-01   -1.2385055037e+00    1.2800000000e+04    5.2172137744e-03    9.8164062500e-01
       383   -4.4113133320e-01    6.4096902197e-01   -1.2225951745e+00    7.8146384132e-01   -1.2225951745e+00    1.2800000000e+04    5.2287891357e-03    9.8343750000e-01
       384   -4.6017683406e-01    5.8283104215e-01   -1.1847489773e+00    7.2457214324e-01   -1.1847489773e+00    1.2800000000e+04    5.2385178076e-03    9.8539062500e-01
       385   -4.5248205001e-01    5.4025431995e-01   -1.1752462006e+00    7.2276415055e-01   -1.1752462006e+00    1.2800000000e+04    5.2334355957e-03    9.8484375000e-01
       386   -4.5817599093e-01    5.8651944062e-01   -1.1621592592e+00    7.0398326828e-01   -1.1621592592e+00    1.2800000000e+04    5.2329007129e-03    9.8515625000e-01
       387   -4.5554431542e-01    8.7229287592e-01   -1.2030533513e+00    7.4750903585e-01   -1.2030533513e+00    1.2800000000e+04    5.2492350439e-03    9.8812500000e-01
       388   -4.4263723395e-01    6.7350646060e-01   -1.1926565036e+00    7.5001926962e-01   -1.1926565036e+00    1.2800000000e+04    5.2398053467e-03    9.8656250000e-01
       389   -4.7666007934e-01    7.5256607170e-01   -1.1664976901e+00    6.8983761072e-01   -1.1664976901e+00    1.2800000000e+04    5.2347203418e-03    9.8617187500e-01
       390   -4.4993667191e-01    6.3183207432e-01   -1.2085519974e+00    7.5861532548e-01   -1.2085519974e+00    1.2800000000e+04    5.2307033740e-03    9.8523437500e-01
       391   -4.5545090561e-01    6.8408301967e-01   -1.1805604523e+00    7.2510954672e-01   -1.1805604523e+00    1.2800000000e+04    5.2390534961e-03    9.8632812500e-01
       392   -4.5194163678e-01    7.5400146162e-01   -1.1671682563e+00    7.1522661953e-01   -1.1671682563e+00    1.2800000000e+04    5.2362828809e-03    9.8632812500e-01
       393   -4.6212264488e-01    9.8554137853e-01   -1.2263025665e+00    7.6417992165e-01   -1.2263025665e+00    1.2800000000e+04    5.2329662500e-03    9.8429687500e-01
       394   -4.3734103531e-01    5.2951817482e-01   -1.2150091167e+00    7.7766808139e-01   -1.2150091167e+00    1.2800000000e+04    5.2361807959e-03    9.8593750000e-01
       395   -4.6292891579e-01    6.0216048190e-01   -1.1507657326e+00    6.8783681684e-01   -1.1507657326e+00    1.2800000000e+04    5.2434524854e-03    9.8718750000e-01
       396   -4.7066909997e-01    5.6942977811e-01   -1.1649268575e+00    6.9425775749e-01   -1.1649268575e+00    1.2800000000e+04    5.2261102588e-03    9.8429687500e-01
       397   -4.4127178942e-01    6.2851844438e-01   -1.1873199596e+00    7.4604817019e-01   -1.1873199596e+00    1.2800000000e+04    5.2379899463e-03    9.8640625000e-01
       398   -4.5449218019e-01    6.9449380500e-01   -1.2339522493e+00    7.7946006908e-01   -1.2339522493e+00    1.2800000000e+04    5.2327959375e-03    9.8570312500e-01
       399   -4.3852696311e-01    5.9192804575e-01   -1.2177942953e+00    7.7926733220e-01   -1.2177942953e+00    1.2800000000e+04    5.2315549756e-03    9.8492187500e-01
       400   -4.2754658370e-01    6.3676680818e-01   -1.2395105144e+00    8.1196393066e-01   -1.2395105144e+00    1.2800000000e+04    5.2262777637e-03    9.8390625000e-01
       401   -4.4911117850e-01    7.9643480426e-01   -1.1958477082e+00    7.4673652969e-01   -1.1958477082e+00    1.2800000000e+04    5.2345002002e-03    9.8523437500e-01
       402   -4.4735796731e-01    7.7756589536e-01   -1.2378741609e+00    7.9051619356e-01   -1.2378741609e+00    1.2800000000e+04    5.2365119336e-03    9.8562500000e-01
       403   -4.4380981397e-01    5.4644735581e-01   -1.1956150275e+00    7.5180521355e-01   -1.1956150275e+00    1.2800000000e+04    5.2434607422e-03    9.8679687500e-01
       404   -4.5426802587e-01    1.0475590834e+00   -1.2457635919e+00    7.9149556606e-01   -1.2457635919e+00    1.2800000000e+04    5.2359183789e-03    9.8554687500e-01
       405   -4.5251565762e-01    5.7306988922e-01   -1.1526902405e+00    7.0017458283e-01   -1.1526902405e+00    1.2800000000e+04    5.2336973877e-03    9.8507812500e-01
       406   -4.5176090656e-01    6.6118847242e-01   -1.1720093956e+00    7.2024848905e-01   -1.1720093956e+00    1.2800000000e+04    5.2450289795e-03    9.8757812500e-01
       407   -4.5918789895e-01    1.6901198343e+00   -1.2460792524e+00    7.8689135344e-01   -1.2460792524e+00    1.2800000000e+04    5.2390973389e-03    9.8578125000e-01
       408   -4.4472641965e-01    7.6772903069e-01   -1.1998961025e+00    7.5516968282e-01   -1.1998961025e+00    1.2800000000e+04    5.2321933740e-03    9.8437500000e-01
       409   -4.7308022604e-01    8.8262902433e-01   -1.1935342250e+00    7.2045399901e-01   -1.1935342250e+00    1.2800000000e+04    5.2260718457e-03    9.8375000000e-01
       410   -4.5974302124e-01    5.4713430026e-01   -1.1568889595e+00    6.9714593824e-01   -1.1568889595e+00    1.2800000000e+04    5.2421166748e-03    9.8640625000e-01
       411   -4.6077180119e-01    5.9340929407e-01   -1.2034098982e+00    7.4263809701e-01   -1.2034098982e+00    1.2800000000e+04    5.2339335449e-03    9.8500000000e-01
       412   -4.5028205232e-01    1.0717707025e+00   -1.2355651968e+00    7.8528314451e-01   -1.2355651968e+00    1.2800000000e+04    5.2431382568e-03    9.8734375000e-01
       413   -4.2709952678e-01    5.6466120097e-01   -1.2440556811e+00    8.1695615430e-01   -1.2440556811e+00    1.2800000000e+04    5.2296149365e-03    9.8390625000e-01
       414   -4.5192874861e-01    5.9947341877e-01   -1.2035931378e+00    7.5166438924e-01   -1.2035931378e+00    1.2800000000e+04    5.2337914307e-03    9.8562500000e-01
       415   -4.7037806151e-01    1.2370325393e+00   -1.1391480905e+00    6.6877002897e-01   -1.1391480905e+00    1.2800000000e+04    5.2385681396e-03    9.8585937500e-01
       416   -4.7034300920e-01    5.6431245104e-01   -1.1220218822e+00    6.5167887298e-01   -1.1220218822e+00    1.2800000000e+04    5.2291289893e-03    9.8531250000e-01
       417   -4.5323243148e-01    7.6612341362e-01   -1.2083617876e+00    7.5512935614e-01   -1.2083617876e+00    1.2800000000e+04    5.2389373535e-03    9.8625000000e-01
       418   -4.3881214067e-01    5.3797357214e-01   -1.1803959355e+00    7.4158379481e-01   -1.1803959355e+00    1.2800000000e+04    5.2413639551e-03    9.8648437500e-01
       419   -4.5130857192e-01    7.2016697339e-01   -1.1850166214e+00    7.3370804952e-01   -1.1850166214e+00    1.2800000000e+04    5.2407260693e-03    9.8625000000e-01
       420   -4.5701175726e-01    6.7263793721e-01   -1.2127430598e+00    7.5573130254e-01   -1.2127430598e+00    1.2800000000e+04    5.2323926025e-03    9.8546875000e-01
       421   -4.3182849700e-01    6.4213046549e-01   -1.2054686189e+00    7.7364012190e-01   -1.2054686189e+00    1.2800000000e+04    5.2330329395e-03    9.8531250000e-01
       422   -4.6334074580e-01    6.4413570753e-01   -1.2167343806e+00    7.5339363482e-01   -1.2167343806e+00    1.2800000000e+04    5.2330399170e-03    9.8562500000e-01
       423   -4.6175883484e-01    6.0339171228e-01   -1.1628911007e+00    7.0113226586e-01   -1.1628911007e+00    1.2800000000e+04    5.2438909277e-03    9.8625000000e-01
       424   -4.5287204634e-01    6.1880696466e-01   -1.1942885079e+00    7.4141646154e-01   -1.1942885079e+00    1.2800000000e+04    5.2344828711e-03    9.8476562500e-01
       425   -4.5677217945e-01    6.4302540134e-01   -1.2023434129e+00    7.4557123347e-01   -1.2023434129e+00    1.2800000000e+04    5.2365320313e-03    9.8570312500e-01
       426   -4.6779364161e-01    7.2696012975e-01   -1.1705292647e+00    7.0273562305e-01   -1.1705292647e+00    1.2800000000e+04    5.2291436865e-03    9.8500000000e-01
       427   -4.6243233158e-01    6.2016314570e-01   -1.1568613516e+00    6.9442901997e-01   -1.1568613516e+00    1.2800000000e+04    5.2322995654e-03    9.8515625000e-01
       428   -4.5170082965e-01    5.3567938647e-01   -1.1763204843e+00    7.2461965461e-01   -1.1763204843e+00    1.2800000000e+04    5.2422783984e-03    9.8710937500e-01
       429   -4.6748272290e-01    9.6559755449e-01   -1.2406073799e+00    7.7312465699e-01   -1.2406073799e+00    1.2800000000e+04    5.2374840674e-03    9.8539062500e-01
       430   -4.8144918657e-01    4.6064389323e+00   -1.1802469722e+00    6.9879778564e-01   -1.1802469722e+00    1.2800000000e+04    5.2358739990e-03    9.8546875000e-01
       431   -4.5201311572e-01    6.0874442419e-01   -1.2199544657e+00    7.6794134994e-01   -1.2199544657e+00    1.2800000000e+04    5.2313585498e-03    9.8539062500e-01
       432   -4.3570548464e-01    6.0553260829e+00   -1.2869848922e+00    8.5127940751e-01   -1.2869848922e+00    1.2800000000e+04    5.2342455713e-03    9.8468750000e-01
       433   -4.3818040523e-01    5.1673709865e-01   -1.1700881551e+00    7.3190774987e-01   -1.1700881551e+00    1.2800000000e+04    5.2305213477e-03    9.8437500000e-01
       434   -4.4028968455e-01    5.5175761373e-01   -1.2010552343e+00    7.6076554972e-01   -1.2010552343e+00    1.2800000000e+04    5.2369437012e-03    9.8648437500e-01
       435   -4.6437225498e-01    5.3204708668e-01   -1.1355090438e+00    6.7113678879e-01   -1.1355090438e+00    1.2800000000e+04    5.2397494141e-03    9.8546875000e-01
       436   -4.6034251988e-01    6.6434834583e-01   -1.1691302236e+00    7.0878770371e-01   -1.1691302236e+00    1.2800000000e+04    5.2365519824e-03    9.8562500000e-01
       437   -4.7398544557e-01    1.1710231823e+00   -1.1324075572e+00    6.5842211158e-01   -1.1324075572e+00    1.2800000000e+04    5.2420234619e-03    9.8734375000e-01
       438   -4.6382177036e-01    6.7549118722e-01   -1.2014505209e+00    7.3762875058e-01   -1.2014505209e+00    1.2800000000e+04    5.2305125146e-03    9.8375000000e-01
       439   -4.3649843957e-01    5.5731852797e-01   -1.2008702902e+00    7.6437185064e-01   -1.2008702902e+00    1.2800000000e+04    5.2381669727e-03    9.8648437500e-01
       440   -4.7646336636e-01    7.3011494824e-01   -1.1470023865e+00    6.7053902010e-01   -1.1470023865e+00    1.2800000000e+04    5.2306691455e-03    9.8492187500e-01
       441   -4.5445271067e-01    5.3573484999e-01   -1.1335334924e+00    6.7908078172e-01   -1.1335334924e+00    1.2800000000e+04    5.2415262012e-03    9.8710937500e-01
       442   -4.5793402564e-01    8.5915671293e-01   -1.2076801159e+00    7.4974609031e-01   -1.2076801159e+00    1.2800000000e+04    5.2293186963e-03    9.8531250000e-01
       443   -4.5849644361e-01    6.8353821161e-01   -1.1722280986e+00    7.1373165502e-01   -1.1722280986e+00    1.2800000000e+04    5.2326264893e-03    9.8460937500e-01
       444   -4.4053641256e-01    5.5583734974e-01   -1.2328752996e+00    7.9233888706e-01   -1.2328752996e+00    1.2800000000e+04    5.2221279053e-03    9.8265625000e-01
       445   -4.3526229367e-01    5.8943637029e-01   -1.2150409467e+00    7.7977865300e-01   -1.2150409467e+00    1.2800000000e+04    5.2365549756e-03    9.8578125000e-01
       446   -4.5621485437e-01    7.3272592979e-01   -1.1535721502e+00    6.9735729584e-01   -1.1535721502e+00    1.2800000000e+04    5.2399468213e-03    9.8648437500e-01
       447   -4.4979950072e-01    5.8199499563e-01   -1.1968546089e+00    7.4705510814e-01   -1.1968546089e+00    1.2800000000e+04    5.2391561621e-03    9.8617187500e-01
       448   -4.4921259580e-01    6.2546948186e-01   -1.1751751172e+00    7.2596252144e-01   -1.1751751172e+00    1.2800000000e+04    5.2383303809e-03    9.8554687500e-01
       449   -4.7000298886e-01    8.9342525489e-01   -1.1743826641e+00    7.0437967519e-01   -1.1743826641e+00    1.2800000000e+04    5.2349684619e-03    9.8460937500e-01
       450   -4.3691271359e-01    5.1111576787e-01   -1.1487487922e+00    7.1183607865e-01   -1.1487487922e+00    1.2800000000e+04    5.2358924707e-03    9.8546875000e-01
       451   -4.4438121368e-01    6.3351002067e-01   -1.2253715728e+00    7.8099035916e-01   -1.2253715728e+00    1.2800000000e+04    5.2348185840e-03    9.8546875000e-01
       452   -4.6583025498e-01    7.4229179866e-01   -1.1216288920e+00    6.5579863705e-01   -1.1216288920e+00    1.2800000000e+04    5.2397413379e-03    9.8625000000e-01
       453   -4.5383977574e-01    7.3804890296e-01   -1.1633697251e+00    7.0952994934e-01   -1.1633697251e+00    1.2800000000e+04    5.2329566211e-03    9.8437500000e-01
       454   -4.5896123944e-01    7.2107381478e-01   -1.2190630023e+00    7.6010176282e-01   -1.2190630023e+00    1.2800000000e+04    5.2368604736e-03    9.8554687500e-01
       455   -4.4343933744e-01    7.1780189548e-01   -1.2007449328e+00    7.5730559531e-01   -1.2007449328e+00    1.2800000000e+04    5.2352697607e-03    9.8593750000e-01
       456   -4.6170745104e-01    6.7566495111e-01   -1.2274683840e+00    7.6576093295e-01   -1.2274683840e+00    1.2800000000e+04    5.2232593164e-03    9.8250000000e-01
       457   -4.5207975097e-01    6.8093191904e-01   -1.1917665715e+00    7.3968682051e-01   -1.1917665715e+00    1.2800000000e+04    5.2322238330e-03    9.8578125000e-01
       458   -4.6276214976e-01    1.2669715903e+00   -1.2069637605e+00    7.4420161071e-01   -1.2069637605e+00    1.2800000000e+04    5.2335891553e-03    9.8492187500e-01
       459   -4.5325338977e-01    8.2268520972e-01   -1.1990846790e+00    7.4583128921e-01   -1.1990846790e+00    1.2800000000e+04    5.2432312158e-03    9.8765625000e-01
       460   -4.6761580719e-01    6.5004919653e-01   -1.1508745578e+00    6.8325875063e-01   -1.1508745578e+00    1.2800000000e+04    5.2360155615e-03    9.8546875000e-01
       461   -4.4149914018e-01    5.9664380989e-01   -1.2027969671e+00    7.6129782694e-01   -1.2027969671e+00    1.2800000000e+04    5.2375818945e-03    9.8593750000e-01
       462   -4.5412718615e-01    7.3923578867e-01   -1.2056395767e+00    7.5151239060e-01   -1.2056395767e+00    1.2800000000e+04    5.2349807812e-03    9.8601562500e-01
       463   -4.5266469571e-01    5.9179237302e-01   -1.1860574115e+00    7.3339271577e-01   -1.1860574115e+00    1.2800000000e+04    5.2210065967e-03    9.8171875000e-01
       464   -4.4766023329e-01    6.3397657269e-01   -1.2014466244e+00    7.5378639106e-01   -1.2014466244e+00    1.2800000000e+04    5.2346949854e-03    9.8515625000e-01
       465   -4.5534335530e-01    1.0339789847e+00   -1.2169106536e+00    7.6156729831e-01   -1.2169106536e+00    1.2800000000e+04    5.2334634570e-03    9.8492187500e-01
       466   -4.3703606998e-01    6.1960742046e-01   -1.2137056930e+00    7.7666962300e-01   -1.2137056930e+00    1.2800000000e+04    5.2317615820e-03    9.8539062500e-01
       467   -4.7025458422e-01    9.9562043089e-01   -1.1559380915e+00    6.8568350725e-01   -1.1559380915e+00    1.2800000000e+04    5.2462793457e-03    9.8734375000e-01
       468   -4.4840909501e-01    5.8593755714e-01   -1.2041084200e+00    7.5569932495e-01   -1.2041084200e+00    1.2800000000e+04    5.2401107861e-03    9.8625000000e-01
       469   -4.6902951319e-01    7.7404521362e-01   -1.1270894946e+00    6.5805998139e-01   -1.1270894946e+00    1.2800000000e+04    5.2466493652e-03    9.8773437500e-01
       470   -4.4457732727e-01    5.0844384116e-01   -1.1578606277e+00    7.1328330043e-01   -1.1578606277e+00    1.2800000000e+04    5.2402944092e-03    9.8679687500e-01
       471   -4.5429250584e-01    9.3398809225e-01   -1.2255627747e+00    7.7127026888e-01   -1.2255627747e+00    1.2800000000e+04    5.2340311914e-03    9.8585937500e-01
       472   -4.3857629316e-01    6.1162431221e-01   -1.1946295124e+00    7.5605321927e-01   -1.1946295124e+00    1.2800000000e+04    5.2306903711e-03    9.8531250000e-01
       473   -4.5709213228e-01    1.1448073787e+00   -1.1831533617e+00    7.2606122938e-01   -1.1831533617e+00    1.2800000000e+04    5.2310703223e-03    9.8523437500e-01
       474   -4.5742701496e-01    6.1104103854e-01   -1.1737586774e+00    7.1633166245e-01   -1.1737586774e+00    1.2800000000e+04    5.2360992139e-03    9.8585937500e-01
       475   -4.6090921675e-01    7.4967381426e-01   -1.1475375796e+00    6.8662836286e-01   -1.1475375796e+00    1.2800000000e+04    5.2413955420e-03    9.8617187500e-01
       476   -4.5422711779e-01    4.9072493517e-01   -1.1536149628e+00    6.9938784502e-01   -1.1536149628e+00    1.2800000000e+04    5.2391542529e-03    9.8593750000e-01
       477   -4.7458579999e-01    6.4987618956e-01   -1.1799991798e+00    7.0541337977e-01   -1.1799991798e+00    1.2800000000e+04    5.2399089160e-03    9.8617187500e-01
       478   -4.3482923173e-01    4.6417838384e-01   -1.1440235083e+00    7.0919427654e-01   -1.1440235083e+00    1.2800000000e+04    5.2415328516e-03    9.8750000000e-01
       479   -4.5684320842e-01    7.4221405015e-01   -1.2361213119e+00    7.7927810345e-01   -1.2361213119e+00    1.2800000000e+04    5.2360396191e-03    9.8585937500e-01
       480   -4.4220264050e-01    5.7799343530e-01   -1.1983231568e+00    7.5612051633e-01   -1.1983231568e+00    1.2800000000e+04    5.2397663330e-03    9.8671875000e-01
       481   -4.4678867575e-01    6.9879868956e-01   -1.2257152385e+00    7.7892656277e-01   -1.2257152385e+00    1.2800000000e+04    5.2254752686e-03    9.8390625000e-01
       482   -4.5682140299e-01    6.4323177545e-01   -1.2034260768e+00    7.4660467377e-01   -1.2034260768e+00    1.2800000000e+04    5.2389602832e-03    9.8539062500e-01
       483   -4.7008258627e-01    6.2033716854e-01   -1.1714512259e+00    7.0136863966e-01   -1.1714512259e+00    1.2800000000e+04    5.2339662305e-03    9.8445312500e-01
       484   -4.5343685818e-01    6.9039774501e-01   -1.1818801311e+00    7.2844327288e-01   -1.1818801311e+00    1.2800000000e+04    5.2291878320e-03    9.8523437500e-01
       485   -4.3924463456e-01    6.4368913581e-01   -1.2638881190e+00    8.2464348449e-01   -1.2638881190e+00    1.2800000000e+04    5.2393097070e-03    9.8648437500e-01
       486   -4.3941738844e-01    7.0224844988e-01   -1.2302949323e+00    7.9087754387e-01   -1.2302949323e+00    1.2800000000e+04    5.2343855029e-03    9.8492187500e-01
       487   -4.4664006928e-01    6.3219678823e-01   -1.1897442126e+00    7.4310414328e-01   -1.1897442126e+00    1.2800000000e+04    5.2362997705e-03    9.8531250000e-01
       488   -4.7213185432e-01    6.2809453397e-01   -1.1825319664e+00    7.1040011207e-01   -1.1825319664e+00    1.2800000000e+04    5.2356216797e-03    9.8617187500e-01
       489   -4.6370745631e-01    6.4143565530e-01   -1.1725899005e+00    7.0888244421e-01   -1.1725899005e+00    1.2800000000e+04    5.2284235059e-03    9.8476562500e-01
       490   -4.3877299666e-01    6.3753211839e-01   -1.2009795386e+00    7.6220654195e-01   -1.2009795386e+00    1.2800000000e+04    5.2381320361e-03    9.8546875000e-01
       491   -4.5225866443e-01    7.5730816733e-01   -1.2099561683e+00    7.5769750387e-01   -1.2099561683e+00    1.2800000000e+04    5.2289590332e-03    9.8492187500e-01
       492   -4.6040668862e-01    6.5153974679e-01   -1.1773097111e+00    7.1690302249e-01   -1.1773097111e+00    1.2800000000e+04    5.2388576904e-03    9.8609375000e-01
       493   -4.3801576524e-01    7.9973602711e-01   -1.2494160294e+00    8.1140026416e-01   -1.2494160294e+00    1.2800000000e+04    5.2287612158e-03    9.8335937500e-01
       494   -4.2234228368e-01    6.2265795071e-01   -1.2908538481e+00    8.6851156443e-01   -1.2908538481e+00    1.2800000000e+04    5.2375404883e-03    9.8546875000e-01
       495   -4.6502047307e-01    8.2346626664e-01   -1.1970204961e+00    7.3200002307e-01   -1.1970204961e+00    1.2800000000e+04    5.2366571289e-03    9.8500000000e-01
       496   -4.3177369739e-01    5.9650312130e-01   -1.1919277257e+00    7.6015402830e-01   -1.1919277257e+00    1.2800000000e+04    5.2289625732e-03    9.8539062500e-01
       497   -4.5059375040e-01    6.3578088933e-01   -1.1827930047e+00    7.3219925427e-01   -1.1827930047e+00    1.2800000000e+04    5.2281527832e-03    9.8421875000e-01
       498   -4.6559676734e-01    9.3252008421e-01   -1.2092147830e+00    7.4361801563e-01   -1.2092147830e+00    1.2800000000e+04    5.2352308936e-03    9.8492187500e-01
       499   -4.6514345085e-01    7.1026604502e-01   -1.1858008841e+00    7.2065743327e-01   -1.1858008841e+00    1.2800000000e+04    5.2286999658e-03    9.8437500000e-01
