#   index    LocalEnergy         LocalEnergy_sq      LocalPotential      Kinetic             Coulomb             BlockWeight         BlockCPU            AcceptRatio         
         0   -3.3260983880e-01    7.8353896137e-01   -1.3772670348e+00    1.0446571960e+00   -1.3772670348e+00    2.0480000000e+05    5.3157075757e-03    9.9992675781e-01
         1   -3.6118816431e-01    7.7530088392e-01   -1.4096752462e+00    1.0484870819e+00   -1.4096752462e+00    2.0480000000e+05    5.3183511813e-03    9.9995605469e-01
         2   -3.8672618207e-01    6.5989515219e-01   -1.4206665063e+00    1.0339403242e+00   -1.4206665063e+00    2.0480000000e+05    5.3141282819e-03    9.9994140625e-01
         3   -4.0566069525e-01    9.7399520577e-01   -1.4449043811e+00    1.0392436858e+00   -1.4449043811e+00    2.0480000000e+05    5.3128548013e-03    9.9993652344e-01
         4   -3.9529908467e-01    8.5064605633e-01   -1.4181269492e+00    1.0228278645e+00   -1.4181269492e+00    2.0480000000e+05    5.2924895596e-03    9.9995117187e-01
         5   -4.1756136308e-01    1.1117237551e+00   -1.4146350821e+00    9.9707371906e-01   -1.4146350821e+00    2.0480000000e+05    5.3117319968e-03    9.9995117187e-01
         6   -4.0827986737e-01    8.1656014367e-01   -1.3770277393e+00    9.6874787195e-01   -1.3770277393e+00    2.0480000000e+05    5.3131876001e-03    9.9995605469e-01
         7   -4.1568283753e-01    7.5410618380e-01   -1.3468161320e+00    9.3113329444e-01   -1.3468161320e+00    2.0480000000e+05    5.3112108463e-03    9.9995605469e-01
         8   -4.2484496437e-01    6.7806311350e-01   -1.3192366662e+00    8.9439170181e-01   -1.3192366662e+00    2.0480000000e+05    5.3148362637e-03    9.9994140625e-01
         9   -4.2221371618e-01    8.0206906999e-01   -1.2946017841e+00    8.7238806794e-01   -1.2946017841e+00    2.0480000000e+05    5.2916779962e-03    9.9994628906e-01
        10   -4.1886226155e-01    6.7856101559e-01   -1.2832990807e+00    8.6443681914e-01   -1.2832990807e+00    2.0480000000e+05    5.3109992081e-03    9.9993652344e-01
        11   -4.2873437548e-01    7.0002151152e-01   -1.2947590404e+00    8.6602466491e-01   -1.2947590404e+00    2.0480000000e+05    5.3137584207e-03    9.9993652344e-01
        12   -4.3491100680e-01    8.6336792554e-01   -1.2927594640e+00    8.5784845716e-01   -1.2927594640e+00    2.0480000000e+05    5.3118868484e-03    9.9996582031e-01
        13   -4.2382415966e-01    7.4896281569e-01   -1.2608302283e+00    8.3700606862e-01   -1.2608302283e+00    2.0480000000e+05    5.3137263095e-03    9.9995117187e-01
        14   -4.3440764837e-01    7.6916694347e-01   -1.2622154712e+00    8.2780782280e-01   -1.2622154712e+00    2.0480000000e+05    5.2943309872e-03    9.9992675781e-01
        15   -4.4395505878e-01    6.6696077129e-01   -1.2520928065e+00    8.0813774774e-01   -1.2520928065e+00    2.0480000000e+05    5.3118050092e-03    9.9995117187e-01
        16   -4.3334219777e-01    6.7582440347e-01   -1.2510189511e+00    8.1767675334e-01   -1.2510189511e+00    2.0480000000e+05    5.3118455780e-03    9.9996093750e-01
        17   -4.2880842152e-01    6.4555051566e-01   -1.2315609069e+00    8.0275248539e-01   -1.2315609069e+00    2.0480000000e+05    5.3122320413e-03    9.9994628906e-01
        18   -4.3227457937e-01    7.1053587835e-01   -1.2344982623e+00    8.0222368294e-01   -1.2344982623e+00    2.0480000000e+05    5.3157214749e-03    9.9995605469e-01
        19   -4.3685420920e-01    7.7764595748e-01   -1.2283127814e+00    7.9145857219e-01   -1.2283127814e+00    2.0480000000e+05    5.2935253876e-03    9.9996093750e-01
        20   -4.3773740284e-01    6.2876808102e-01   -1.2326891448e+00    7.9495174198e-01   -1.2326891448e+00    2.0480000000e+05    5.3118559329e-03    9.9995605469e-01
        21   -4.5481747199e-01    7.3373106578e-01   -1.2523250499e+00    7.9750757787e-01   -1.2523250499e+00    2.0480000000e+05    5.3139912369e-03    9.9995117187e-01
        22   -4.4792584346e-01    6.2864830573e-01   -1.2285147574e+00    7.8058891392e-01   -1.2285147574e+00    2.0480000000e+05    5.3113620212e-03    9.9998535156e-01
        23   -4.5014889762e-01    6.0968748388e-01   -1.2015018632e+00    7.5135296560e-01   -1.2015018632e+00    2.0480000000e+05    5.3131972095e-03    9.9996093750e-01
        24   -4.5429783661e-01    8.3403341498e-01   -1.1967305190e+00    7.4243268242e-01   -1.1967305190e+00    2.0480000000e+05    5.2954671634e-03    9.9995117187e-01
        25   -4.5998364106e-01    7.3281404102e-01   -1.2165405976e+00    7.5655695653e-01   -1.2165405976e+00    2.0480000000e+05    5.3115510321e-03    9.9997558594e-01
        26   -4.5078339437e-01    7.0455326607e-01   -1.2065114598e+00    7.5572806545e-01   -1.2065114598e+00    2.0480000000e+05    5.3134756406e-03    9.9996093750e-01
        27   -4.5977443674e-01    7.3093761745e-01   -1.2072495845e+00    7.4747514779e-01   -1.2072495845e+00    2.0480000000e+05    5.3125634830e-03    9.9993652344e-01
        28   -4.3916554609e-01    5.7710684738e-01   -1.1899313503e+00    7.5076580423e-01   -1.1899313503e+00    2.0480000000e+05    5.3138618671e-03    9.9997070312e-01
        29   -4.4550580412e-01    6.3726251196e-01   -1.1970724490e+00    7.5156664486e-01   -1.1970724490e+00    2.0480000000e+05    5.2937819861e-03    9.9998046875e-01
        30   -4.5685416555e-01    7.4689399699e-01   -1.1976065078e+00    7.4075234220e-01   -1.1976065078e+00    2.0480000000e+05    5.3133162582e-03    9.9995117187e-01
        31   -4.4840352244e-01    7.4578246011e-01   -1.2025660094e+00    7.5416248698e-01   -1.2025660094e+00    2.0480000000e+05    5.3135349554e-03    9.9993164062e-01
        32   -4.5474688632e-01    9.7009606622e-01   -1.2055881439e+00    7.5084125753e-01   -1.2055881439e+00    2.0480000000e+05    5.3134089258e-03    9.9990234375e-01
        33   -4.5750791654e-01    7.1130941760e-01   -1.1946611187e+00    7.3715320215e-01   -1.1946611187e+00    2.0480000000e+05    5.3154258594e-03    9.9997558594e-01
        34   -4.5799051883e-01    6.8077510580e-01   -1.1844180691e+00    7.2642755023e-01   -1.1844180691e+00    2.0480000000e+05    5.2944556909e-03    9.9995605469e-01
        35   -4.5204095110e-01    7.4369911107e-01   -1.1815563618e+00    7.2951541070e-01   -1.1815563618e+00    2.0480000000e+05    5.3107633331e-03    9.9993652344e-01
        36   -4.4848100707e-01    6.8086159229e-01   -1.1692987832e+00    7.2081777618e-01   -1.1692987832e+00    2.0480000000e+05    5.3146689426e-03    9.9999511719e-01
        37   -4.5107883313e-01    6.2547467284e-01   -1.1724205187e+00    7.2134168560e-01   -1.1724205187e+00    2.0480000000e+05    5.3111801526e-03    9.9996582031e-01
        38   -4.4721101675e-01    5.7768766680e-01   -1.1553466662e+00    7.0813564949e-01   -1.1553466662e+00    2.0480000000e+05    5.3146432397e-03    9.9997558594e-01
        39   -4.5860523325e-01    7.6493896766e-01   -1.1645765148e+00    7.0597128151e-01   -1.1645765148e+00    2.0480000000e+05    5.2945975525e-03    9.9995605469e-01
        40   -4.4945985063e-01    6.4657182346e-01   -1.1772328176e+00    7.2777296696e-01   -1.1772328176e+00    2.0480000000e+05    5.3127803241e-03    9.9993652344e-01
        41   -4.6662024596e-01    7.3159175238e-01   -1.1866160284e+00    7.1999578240e-01   -1.1866160284e+00    2.0480000000e+05    5.3143991061e-03    9.9996093750e-01
        42   -4.6097261051e-01    6.7913858636e-01   -1.1862658871e+00    7.2529327657e-01   -1.1862658871e+00    2.0480000000e+05    5.3134900696e-03    9.9993652344e-01
        43   -4.4760392667e-01    6.3536023366e-01   -1.1682848467e+00    7.2068092005e-01   -1.1682848467e+00    2.0480000000e+05    5.3158411777e-03    9.9996582031e-01
        44   -4.5827774445e-01    7.7178298777e-01   -1.1972218708e+00    7.3894412638e-01   -1.1972218708e+00    2.0480000000e+05    5.2934318387e-03    9.9996582031e-01
        45   -4.7071224257e-01    7.5532213106e-01   -1.2155007586e+00    7.4478851601e-01   -1.2155007586e+00    2.0480000000e+05    5.3122018082e-03    9.9996582031e-01
        46   -4.6099088109e-01    6.7824324711e-01   -1.2196859857e+00    7.5869510464e-01   -1.2196859857e+00    2.0480000000e+05    5.3140621948e-03    9.9996582031e-01
        47   -4.5334674863e-01    8.7042152259e-01   -1.2086583689e+00    7.5531162027e-01   -1.2086583689e+00    2.0480000000e+05    5.3118468484e-03    9.9993652344e-01
        48   -4.5597857781e-01    6.9818219206e-01   -1.2168694797e+00    7.6089090192e-01   -1.2168694797e+00    2.0480000000e+05    5.3143210522e-03    9.9996582031e-01
        49   -4.5543671160e-01    6.7744220567e-01   -1.1991908208e+00    7.4375410915e-01   -1.1991908208e+00    2.0480000000e+05    5.2959325177e-03    9.9995117187e-01
        50   -4.3137617503e-01    5.9907575959e-01   -1.1775103279e+00    7.4613415285e-01   -1.1775103279e+00    2.0480000000e+05    5.3124052698e-03    9.9993652344e-01
        51   -4.4408292655e-01    7.0995562487e-01   -1.2009357556e+00    7.5685282906e-01   -1.2009357556e+00    2.0480000000e+05    5.3134169995e-03    9.9997558594e-01
        52   -4.4221329543e-01    6.7252161445e-01   -1.2075416957e+00    7.6532840022e-01   -1.2075416957e+00    2.0480000000e+05    5.3130951114e-03    9.9998046875e-01
        53   -4.3611181835e-01    6.3444171631e-01   -1.1873238051e+00    7.5121198676e-01   -1.1873238051e+00    2.0480000000e+05    5.3137159610e-03    9.9996093750e-01
        54   -4.4133338812e-01    5.8908417818e-01   -1.1878068218e+00    7.4647343364e-01   -1.1878068218e+00    2.0480000000e+05    5.2934388162e-03    9.9993164062e-01
        55   -4.6026603776e-01    7.7814044501e-01   -1.1955196724e+00    7.3525363460e-01   -1.1955196724e+00    2.0480000000e+05    5.3133041904e-03    9.9994628906e-01
        56   -4.5560952486e-01    7.4086401415e-01   -1.1856948792e+00    7.3008535437e-01   -1.1856948792e+00    2.0480000000e+05    5.3138955228e-03    9.9995117187e-01
        57   -4.5633449154e-01    6.0359108269e-01   -1.1838981606e+00    7.2756366905e-01   -1.1838981606e+00    2.0480000000e+05    5.3132742374e-03    9.9993164062e-01
        58   -4.6803233302e-01    7.4113928717e-01   -1.1790296313e+00    7.1099729826e-01   -1.1790296313e+00    2.0480000000e+05    5.3143988519e-03    9.9996582031e-01
        59   -4.7141812996e-01    8.1291305214e-01   -1.2013588971e+00    7.2994076716e-01   -1.2013588971e+00    2.0480000000e+05    5.2933505789e-03    9.9996093750e-01
        60   -4.5679303378e-01    6.8928098540e-01   -1.1966034114e+00    7.3981037766e-01   -1.1966034114e+00    2.0480000000e+05    5.3107915189e-03    9.9995117187e-01
        61   -4.4084320391e-01    6.4026003861e-01   -1.1594629933e+00    7.1861978941e-01   -1.1594629933e+00    2.0480000000e+05    5.3152533777e-03    9.9995117187e-01
        62   -4.5629042293e-01    6.7083643797e-01   -1.1813405996e+00    7.2505017663e-01   -1.1813405996e+00    2.0480000000e+05    5.3136656003e-03    9.9997558594e-01
        63   -4.4636424922e-01    7.9794139966e-01   -1.1852230090e+00    7.3885875980e-01   -1.1852230090e+00    2.0480000000e+05    5.3138953421e-03    9.9995605469e-01
        64   -4.5324974921e-01    6.5582584397e-01   -1.1847073663e+00    7.3145761708e-01   -1.1847073663e+00    2.0480000000e+05    5.2940726013e-03    9.9993652344e-01
        65   -4.4074993330e-01    6.5107465378e-01   -1.1841423157e+00    7.4339238244e-01   -1.1841423157e+00    2.0480000000e+05    5.3131937137e-03    9.9994140625e-01
        66   -4.4332569451e-01    7.1498158636e-01   -1.2078103860e+00    7.6448469152e-01   -1.2078103860e+00    2.0480000000e+05    5.3137715106e-03    9.9996093750e-01
        67   -4.3974903215e-01    5.9359692754e-01   -1.2017570354e+00    7.6200800329e-01   -1.2017570354e+00    2.0480000000e+05    5.3130821826e-03    9.9993164062e-01
        68   -4.4276758706e-01    7.3809113405e-01   -1.2245059153e+00    7.8173832824e-01   -1.2245059153e+00    2.0480000000e+05    5.3158049091e-03    9.9995605469e-01
        69   -4.4498552436e-01    7.9943778107e-01   -1.2180335124e+00    7.7304798804e-01   -1.2180335124e+00    2.0480000000e+05    5.2944016522e-03    9.9996093750e-01
        70   -4.4892196611e-01    7.0074529026e-01   -1.2247035701e+00    7.7578160397e-01   -1.2247035701e+00    2.0480000000e+05    5.3122844510e-03    9.9996093750e-01
        71   -4.4039396739e-01    8.0916383082e-01   -1.2323584195e+00    7.9196445209e-01   -1.2323584195e+00    2.0480000000e+05    5.3142274445e-03    9.9994628906e-01
        72   -4.3607747873e-01    8.0639374028e-01   -1.2173449631e+00    7.8126748432e-01   -1.2173449631e+00    2.0480000000e+05    5.3121895538e-03    9.9994628906e-01
        73   -4.4648330449e-01    6.7600910865e-01   -1.2102790053e+00    7.6379570080e-01   -1.2102790053e+00    2.0480000000e+05    5.3140148001e-03    9.9993164062e-01
        74   -4.6014591440e-01    7.3695872877e-01   -1.2208329453e+00    7.6068703095e-01   -1.2208329453e+00    2.0480000000e+05    5.2951673636e-03    9.9993164062e-01
        75   -4.5622318803e-01    1.0399678570e+00   -1.2285962439e+00    7.7237305591e-01   -1.2285962439e+00    2.0480000000e+05    5.3125822543e-03    9.9995117187e-01
        76   -4.5932497998e-01    7.6934444080e-01   -1.2098436616e+00    7.5051868159e-01   -1.2098436616e+00    2.0480000000e+05    5.3137153879e-03    9.9996093750e-01
        77   -4.5269927851e-01    7.3306116809e-01   -1.2144732389e+00    7.6177396036e-01   -1.2144732389e+00    2.0480000000e+05    5.3139194510e-03    9.9994628906e-01
        78   -4.4360048597e-01    6.5497469923e-01   -1.2169705145e+00    7.7337002851e-01   -1.2169705145e+00    2.0480000000e+05    5.3131225565e-03    9.9996093750e-01
        79   -4.5367427258e-01    8.6003747213e-01   -1.2129932103e+00    7.5931893768e-01   -1.2129932103e+00    2.0480000000e+05    5.2931844095e-03    9.9997070312e-01
        80   -4.5091079153e-01    1.3577030000e+00   -1.1759720015e+00    7.2506121002e-01   -1.1759720015e+00    2.0480000000e+05    5.3143411932e-03    9.9995605469e-01
        81   -4.3962531873e-01    6.1717736039e-01   -1.1671990982e+00    7.2757377945e-01   -1.1671990982e+00    2.0480000000e+05    5.3144742599e-03    9.9992675781e-01
        82   -4.3750089122e-01    5.6419468529e-01   -1.1702105431e+00    7.3270965185e-01   -1.1702105431e+00    2.0480000000e+05    5.3136297757e-03    9.9997558594e-01
        83   -4.6770157360e-01    8.4888239642e-01   -1.2232009476e+00    7.5549937402e-01   -1.2232009476e+00    2.0480000000e+05    5.3172453766e-03    9.9997070312e-01
        84   -4.5615601991e-01    7.6818637315e-01   -1.2129840616e+00    7.5682804165e-01   -1.2129840616e+00    2.0480000000e+05    5.2938550064e-03    9.9998046875e-01
        85   -4.4435724705e-01    6.2050126092e-01   -1.1968991754e+00    7.5254192834e-01   -1.1968991754e+00    2.0480000000e+05    5.3109002991e-03    9.9995117187e-01
        86   -4.5589342911e-01    7.1059781965e-01   -1.1994338315e+00    7.4354040235e-01   -1.1994338315e+00    2.0480000000e+05    5.3146577661e-03    9.9995605469e-01
        87   -4.5611820384e-01    6.7373783247e-01   -1.1780094919e+00    7.2189128804e-01   -1.1780094919e+00    2.0480000000e+05    5.3126278766e-03    9.9995605469e-01
        88   -4.5522930694e-01    6.8374112026e-01   -1.1865540215e+00    7.3132471457e-01   -1.1865540215e+00    2.0480000000e+05    5.3140742267e-03    9.9992675781e-01
        89   -4.5943860719e-01    8.7092171265e-01   -1.1878548065e+00    7.2841619929e-01   -1.1878548065e+00    2.0480000000e+05    5.2942081161e-03    9.9995605469e-01
        90   -4.4378168236e-01    6.0292868412e-01   -1.1845290266e+00    7.4074734427e-01   -1.1845290266e+00    2.0480000000e+05    5.3136761597e-03    9.9997558594e-01
        91   -4.4212718795e-01    5.8420892599e-01   -1.1708347636e+00    7.2870757569e-01   -1.1708347636e+00    2.0480000000e+05    5.3131889178e-03    9.9996093750e-01
        92   -4.5157945826e-01    6.0057272663e-01   -1.1860820014e+00    7.3450254310e-01   -1.1860820014e+00    2.0480000000e+05    5.3129594360e-03    9.9994628906e-01
        93   -4.4898198045e-01    6.4171354065e-01   -1.1818136876e+00    7.3283170716e-01   -1.1818136876e+00    2.0480000000e+05    5.3168698312e-03    9.9995605469e-01
        94   -4.4734871350e-01    7.3815514643e-01   -1.1812885119e+00    7.3393979841e-01   -1.1812885119e+00    2.0480000000e+05    5.2941089856e-03    9.9996093750e-01
        95   -4.4732220537e-01    6.5636311446e-01   -1.1617125948e+00    7.1439038939e-01   -1.1617125948e+00    2.0480000000e+05    5.3137347318e-03    9.9996582031e-01
        96   -4.3810515983e-01    6.0939223807e-01   -1.1621560828e+00    7.2405092296e-01   -1.1621560828e+00    2.0480000000e+05    5.3143767032e-03    9.9997558594e-01
        97   -4.5152163247e-01    7.1904966756e-01   -1.1769299599e+00    7.2540832747e-01   -1.1769299599e+00    2.0480000000e+05    5.3121584088e-03    9.9995117187e-01
        98   -4.4579820954e-01    7.9418130969e-01   -1.1784602255e+00    7.3266201599e-01   -1.1784602255e+00    2.0480000000e+05    5.3155867426e-03    9.9994628906e-01
        99   -4.4791024450e-01    6.4394090236e-01   -1.1852716904e+00    7.3736144590e-01   -1.1852716904e+00    2.0480000000e+05    5.2955367978e-03    9.9993652344e-01
       100   -4.4450398782e-01    6.7868691556e-01   -1.1745819337e+00    7.3007794592e-01   -1.1745819337e+00    2.0480000000e+05    5.3135748758e-03    9.9997070312e-01
       101   -4.4212716632e-01    6.7874298612e-01   -1.1903236338e+00    7.4819646750e-01   -1.1903236338e+00    2.0480000000e+05    5.3145746085e-03    9.9995605469e-01
       102   -4.4506874659e-01    6.7182312889e-01   -1.2069997330e+00    7.6193098641e-01   -1.2069997330e+00    2.0480000000e+05    5.3140402441e-03    9.9994140625e-01
       103   -4.5955136477e-01    8.5135889713e-01   -1.2215517280e+00    7.6200036324e-01   -1.2215517280e+00    2.0480000000e+05    5.3141093494e-03    9.9995117187e-01
       104   -4.4793965863e-01    1.0035956443e+00   -1.1916528268e+00    7.4371316821e-01   -1.1916528268e+00    2.0480000000e+05    5.2934436722e-03    9.9996582031e-01
       105   -4.4737213238e-01    5.7741695411e-01   -1.1704144044e+00    7.2304227200e-01   -1.1704144044e+00    2.0480000000e+05    5.3146198669e-03    9.9993652344e-01
       106   -4.6380963211e-01    6.8042547683e-01   -1.1739878533e+00    7.1017822117e-01   -1.1739878533e+00    2.0480000000e+05    5.3129253766e-03    9.9992675781e-01
       107   -4.5963331101e-01    7.0593072731e-01   -1.1875248197e+00    7.2789150866e-01   -1.1875248197e+00    2.0480000000e+05    5.3135917627e-03    9.9995117187e-01
       108   -4.6089627563e-01    7.1597266910e-01   -1.2021665879e+00    7.4127031228e-01   -1.2021665879e+00    2.0480000000e+05    5.3160889832e-03    9.9996093750e-01
       109   -4.7595053764e-01    9.0419571511e-01   -1.2246513055e+00    7.4870076785e-01   -1.2246513055e+00    2.0480000000e+05    5.2928172916e-03    9.9994628906e-01
       110   -4.5405193202e-01    8.3925200565e-01   -1.2190116766e+00    7.6495974458e-01   -1.2190116766e+00    2.0480000000e+05    5.3132307919e-03    9.9994628906e-01
       111   -4.3488381313e-01    5.6544043614e-01   -1.1987495070e+00    7.6386569386e-01   -1.1987495070e+00    2.0480000000e+05    5.3158825519e-03    9.9995117187e-01
       112   -4.2857342889e-01    6.0556698559e-01   -1.2058179918e+00    7.7724456292e-01   -1.2058179918e+00    2.0480000000e+05    5.3130412851e-03    9.9991699219e-01
       113   -4.3724020274e-01    6.8213484125e-01   -1.2022145489e+00    7.6497434613e-01   -1.2022145489e+00    2.0480000000e+05    5.3142534067e-03    9.9995117187e-01
       114   -4.4163717685e-01    6.3388083870e-01   -1.2041824531e+00    7.6254527629e-01   -1.2041824531e+00    2.0480000000e+05    5.2937105969e-03    9.9995117187e-01
       115   -4.5478461129e-01    9.7739942527e-01   -1.2110346151e+00    7.5625000382e-01   -1.2110346151e+00    2.0480000000e+05    5.3151347424e-03    9.9996093750e-01
       116   -4.5021437111e-01    6.5057179058e-01   -1.2053589116e+00    7.5514454052e-01   -1.2053589116e+00    2.0480000000e+05    5.3132366171e-03    9.9992187500e-01
       117   -4.4285889860e-01    5.8665550763e-01   -1.1896343825e+00    7.4677548391e-01   -1.1896343825e+00    2.0480000000e+05    5.3139206366e-03    9.9996582031e-01
       118   -4.5252734782e-01    7.0137667303e-01   -1.2082021280e+00    7.5567478014e-01   -1.2082021280e+00    2.0480000000e+05    5.3165545801e-03    9.9997558594e-01
       119   -4.3187219029e-01    6.0160513392e-01   -1.1969126716e+00    7.6504048136e-01   -1.1969126716e+00    2.0480000000e+05    5.2954654868e-03    9.9995605469e-01
       120   -4.4729453204e-01    6.6783109082e-01   -1.2201326115e+00    7.7283807945e-01   -1.2201326115e+00    2.0480000000e+05    5.3164838913e-03    9.9995605469e-01
       121   -4.3833200533e-01    9.6945291920e-01   -1.2148825208e+00    7.7655051547e-01   -1.2148825208e+00    2.0480000000e+05    5.3143147226e-03    9.9998046875e-01
       122   -4.3171115188e-01    6.6849161104e-01   -1.1934168128e+00    7.6170566090e-01   -1.1934168128e+00    2.0480000000e+05    5.3122126404e-03    9.9995605469e-01
       123   -4.3851238361e-01    6.3373492929e-01   -1.1996270932e+00    7.6111470960e-01   -1.1996270932e+00    2.0480000000e+05    5.3153299066e-03    9.9996093750e-01
       124   -4.4425726188e-01    7.9013030748e-01   -1.2064340074e+00    7.6217674555e-01   -1.2064340074e+00    2.0480000000e+05    5.2948901984e-03    9.9997070312e-01
       125   -4.4852946230e-01    7.3645731720e-01   -1.2200443962e+00    7.7151493392e-01   -1.2200443962e+00    2.0480000000e+05    5.3141559875e-03    9.9996093750e-01
       126   -4.4330409819e-01    6.2851522304e-01   -1.1956762318e+00    7.5237213357e-01   -1.1956762318e+00    2.0480000000e+05    5.3148081058e-03    9.9996093750e-01
       127   -4.4891525641e-01    7.0580070543e-01   -1.1925002669e+00    7.4358501053e-01   -1.1925002669e+00    2.0480000000e+05    5.3137738504e-03    9.9995117187e-01
       128   -4.5076649761e-01    7.2699534266e-01   -1.1953184197e+00    7.4455192211e-01   -1.1953184197e+00    2.0480000000e+05    5.3132177048e-03    9.9997070312e-01
       129   -4.6371560877e-01    7.5600086337e-01   -1.2076310511e+00    7.4391544236e-01   -1.2076310511e+00    2.0480000000e+05    5.2953277988e-03    9.9996093750e-01
       130   -4.5781782222e-01    6.6394211933e-01   -1.1802677999e+00    7.2244997770e-01   -1.1802677999e+00    2.0480000000e+05    5.3162931030e-03    9.9995605469e-01
       131   -4.6298470881e-01    8.6473946185e-01   -1.1791265265e+00    7.1614181771e-01   -1.1791265265e+00    2.0480000000e+05    5.3144088477e-03    9.9997070312e-01
       132   -4.6042247770e-01    7.4219615700e-01   -1.1705083186e+00    7.1008584086e-01   -1.1705083186e+00    2.0480000000e+05    5.3138804718e-03    9.9994140625e-01
       133   -4.7398583811e-01    9.4179867667e-01   -1.1890888038e+00    7.1510296571e-01   -1.1890888038e+00    2.0480000000e+05    5.3155859091e-03    9.9996093750e-01
       134   -4.6206064863e-01    6.8265931613e-01   -1.2020120635e+00    7.3995141491e-01   -1.2020120635e+00    2.0480000000e+05    5.2931013943e-03    9.9997070312e-01
       135   -4.4973335216e-01    6.6837368317e-01   -1.1915878101e+00    7.4185445793e-01   -1.1915878101e+00    2.0480000000e+05    5.3134843945e-03    9.9998046875e-01
       136   -4.6959527219e-01    1.1671878360e+00   -1.2065066623e+00    7.3691139009e-01   -1.2065066623e+00    2.0480000000e+05    5.3141723239e-03    9.9996093750e-01
       137   -4.5966406481e-01    7.6192749979e-01   -1.1958696379e+00    7.3620557306e-01   -1.1958696379e+00    2.0480000000e+05    5.3142767392e-03    9.9998046875e-01
       138   -4.5748498684e-01    6.9953609715e-01   -1.1907124507e+00    7.3322746388e-01   -1.1907124507e+00    2.0480000000e+05    5.3151618604e-03    9.9996093750e-01
       139   -4.4738644744e-01    6.8359324206e-01   -1.1779567793e+00    7.3057033188e-01   -1.1779567793e+00    2.0480000000e+05    5.2947951520e-03    9.9998046875e-01
       140   -4.5067472413e-01    6.5149768887e-01   -1.1924122025e+00    7.4173747839e-01   -1.1924122025e+00    2.0480000000e+05    5.3100660547e-03    9.9995117187e-01
       141   -4.6394796635e-01    8.6937667624e-01   -1.2046141901e+00    7.4066622378e-01   -1.2046141901e+00    2.0480000000e+05    5.3141089755e-03    9.9996582031e-01
       142   -4.4419256819e-01    6.7765361393e-01   -1.1847720399e+00    7.4057947167e-01   -1.1847720399e+00    2.0480000000e+05    5.3144783231e-03    9.9997558594e-01
       143   -4.4564916143e-01    7.0836674281e-01   -1.1847105563e+00    7.3906139483e-01   -1.1847105563e+00    2.0480000000e+05    5.3165640335e-03    9.9995117187e-01
       144   -4.5211906418e-01    6.2734284292e-01   -1.1829225306e+00    7.3080346642e-01   -1.1829225306e+00    2.0480000000e+05    5.2941992267e-03    9.9997558594e-01
       145   -4.5166521682e-01    6.3644619531e-01   -1.1827647891e+00    7.3109957223e-01   -1.1827647891e+00    2.0480000000e+05    5.3099598691e-03    9.9995117187e-01
       146   -4.4836160879e-01    5.9918386162e-01   -1.1691375866e+00    7.2077597781e-01   -1.1691375866e+00    2.0480000000e+05    5.3151091345e-03    9.9994628906e-01
       147   -4.5658722987e-01    7.3061084418e-01   -1.1669752217e+00    7.1038799179e-01   -1.1669752217e+00    2.0480000000e+05    5.3116230713e-03    9.9993652344e-01
       148   -4.4499484609e-01    6.0980505900e-01   -1.1709418165e+00    7.2594697041e-01   -1.1709418165e+00    2.0480000000e+05    5.3159626068e-03    9.9993652344e-01
       149   -4.4780461103e-01    7.0290910744e-01   -1.1866675053e+00    7.3886289431e-01   -1.1866675053e+00    2.0480000000e+05    5.3158347784e-03    9.9995117187e-01
       150   -4.4249592668e-01    6.7677405492e-01   -1.1821258938e+00    7.3962996714e-01   -1.1821258938e+00    2.0480000000e+05    5.2941368011e-03    9.9995117187e-01
       151   -4.5014145885e-01    6.5795481002e-01   -1.1789125237e+00    7.2877106488e-01   -1.1789125237e+00    2.0480000000e+05    5.3152112021e-03    9.9998046875e-01
       152   -4.5875203609e-01    6.4078925621e-01   -1.1747835661e+00    7.1603152996e-01   -1.1747835661e+00    2.0480000000e+05    5.3134620331e-03    9.9994628906e-01
       153   -4.5589950391e-01    6.8217170410e-01   -1.1500063695e+00    6.9410686564e-01   -1.1500063695e+00    2.0480000000e+05    5.3143237396e-03    9.9994140625e-01
       154   -4.7576704236e-01    7.6777040372e-01   -1.1648013560e+00    6.8903431363e-01   -1.1648013560e+00    2.0480000000e+05    5.3141519232e-03    9.9996093750e-01
       155   -4.6614063154e-01    6.0202102105e-01   -1.1488907135e+00    6.8275008198e-01   -1.1488907135e+00    2.0480000000e+05    5.2964739673e-03    9.9992675781e-01
       156   -4.5440332918e-01    5.5358450884e-01   -1.1475659832e+00    6.9316265407e-01   -1.1475659832e+00    2.0480000000e+05    5.3153359912e-03    9.9995117187e-01
       157   -4.6324605780e-01    6.2532435130e-01   -1.1535825351e+00    6.9033647735e-01   -1.1535825351e+00    2.0480000000e+05    5.3134714020e-03    9.9996093750e-01
       158   -4.7406106917e-01    7.6252435851e-01   -1.1756865390e+00    7.0162546984e-01   -1.1756865390e+00    2.0480000000e+05    5.3148229376e-03    9.9997070312e-01
       159   -4.6053976088e-01    7.2383605351e-01   -1.1796790021e+00    7.1913924124e-01   -1.1796790021e+00    2.0480000000e+05    5.3130808038e-03    9.9996582031e-01
       160   -4.4716062530e-01    8.1911805394e-01   -1.1742882010e+00    7.2712757571e-01   -1.1742882010e+00    2.0480000000e+05    5.2953734067e-03    9.9996093750e-01
       161   -4.7491410167e-01    7.9545827371e-01   -1.2136795939e+00    7.3876549226e-01   -1.2136795939e+00    2.0480000000e+05    5.3160655383e-03    9.9995605469e-01
       162   -4.5491419058e-01    8.0296597442e-01   -1.2219841467e+00    7.6706995609e-01   -1.2219841467e+00    2.0480000000e+05    5.3137961026e-03    9.9998046875e-01
       163   -4.4850422775e-01    7.5480433318e-01   -1.2113752742e+00    7.6287104644e-01   -1.2113752742e+00    2.0480000000e+05    5.3157342209e-03    9.9995117187e-01
       164   -4.4718343539e-01    7.4808772223e-01   -1.2106363442e+00    7.6345290880e-01   -1.2106363442e+00    2.0480000000e+05    5.3144863208e-03    9.9996582031e-01
       165   -4.4639397056e-01    7.3472226905e-01   -1.2071564821e+00    7.6076251153e-01   -1.2071564821e+00    2.0480000000e+05    5.2945789923e-03    9.9996582031e-01
       166   -4.4313498110e-01    6.4955447474e-01   -1.1997481321e+00    7.5661315105e-01   -1.1997481321e+00    2.0480000000e+05    5.3131800537e-03    9.9996093750e-01
       167   -4.5956960223e-01    9.5234204061e-01   -1.2255552009e+00    7.6598559869e-01   -1.2255552009e+00    2.0480000000e+05    5.3146110922e-03    9.9993652344e-01
       168   -4.5945510343e-01    1.5824882807e+00   -1.2128069587e+00    7.5335185529e-01   -1.2128069587e+00    2.0480000000e+05    5.3167247867e-03    9.9997070312e-01
       169   -4.5726590576e-01    8.3498377661e-01   -1.2148947249e+00    7.5762881915e-01   -1.2148947249e+00    2.0480000000e+05    5.3140907242e-03    9.9995605469e-01
       170   -4.5285357480e-01    8.0698163837e-01   -1.2051379277e+00    7.5228435294e-01   -1.2051379277e+00    2.0480000000e+05    5.2945869186e-03    9.9994628906e-01
       171   -4.4241365966e-01    6.4168158361e-01   -1.1840156513e+00    7.4160199160e-01   -1.1840156513e+00    2.0480000000e+05    5.3142079306e-03    9.9998046875e-01
       172   -4.5080930776e-01    6.7367127557e-01   -1.2017358131e+00    7.5092650536e-01   -1.2017358131e+00    2.0480000000e+05    5.3129517526e-03    9.9996093750e-01
       173   -4.4670106945e-01    7.0059675490e-01   -1.1954654358e+00    7.4876436635e-01   -1.1954654358e+00    2.0480000000e+05    5.3147618234e-03    9.9998535156e-01
       174   -4.5833140900e-01    7.6783893835e-01   -1.1943926615e+00    7.3606125248e-01   -1.1943926615e+00    2.0480000000e+05    5.3141513535e-03    9.9997558594e-01
       175   -4.5072152561e-01    6.5269322852e-01   -1.2100057313e+00    7.5928420574e-01   -1.2100057313e+00    2.0480000000e+05    5.2949571469e-03    9.9995605469e-01
       176   -4.5497869676e-01    7.8342086733e-01   -1.2126400938e+00    7.5766139701e-01   -1.2126400938e+00    2.0480000000e+05    5.3142264423e-03    9.9998046875e-01
       177   -4.5895119014e-01    8.2429083172e-01   -1.2171744213e+00    7.5822323114e-01   -1.2171744213e+00    2.0480000000e+05    5.3145429681e-03    9.9998046875e-01
       178   -4.6270981027e-01    1.0270632315e+00   -1.2180262728e+00    7.5531646249e-01   -1.2180262728e+00    2.0480000000e+05    5.3127535559e-03    9.9994140625e-01
       179   -4.4658871031e-01    6.2138395877e-01   -1.1881183502e+00    7.4152963987e-01   -1.1881183502e+00    2.0480000000e+05    5.3135933755e-03    9.9998046875e-01
       180   -4.6786832679e-01    6.5421214232e-01   -1.1953400714e+00    7.2747174462e-01   -1.1953400714e+00    2.0480000000e+05    5.2957907355e-03    9.9998046875e-01
       181   -4.6760587922e-01    5.9107893728e-01   -1.1695309589e+00    7.0192507968e-01   -1.1695309589e+00    2.0480000000e+05    5.3144636450e-03    9.9993164062e-01
       182   -4.6178879210e-01    7.9452479937e-01   -1.1630083562e+00    7.0121956408e-01   -1.1630083562e+00    2.0480000000e+05    5.3133036108e-03    9.9996582031e-01
       183   -4.5696878780e-01    7.1546396885e-01   -1.1662539331e+00    7.0928514533e-01   -1.1662539331e+00    2.0480000000e+05    5.3150587561e-03    9.9995117187e-01
       184   -4.4517649553e-01    5.1614417462e-01   -1.1506409071e+00    7.0546441154e-01   -1.1506409071e+00    2.0480000000e+05    5.3129532236e-03    9.9994140625e-01
       185   -4.6398693791e-01    7.8633072886e-01   -1.1930320706e+00    7.2904513266e-01   -1.1930320706e+00    2.0480000000e+05    5.2954515002e-03    9.9994628906e-01
       186   -4.6693006836e-01    7.0837843824e-01   -1.1950292506e+00    7.2809918222e-01   -1.1950292506e+00    2.0480000000e+05    5.3156455466e-03    9.9995117187e-01
       187   -4.6439841849e-01    7.4172028349e-01   -1.1983427248e+00    7.3394430633e-01   -1.1983427248e+00    2.0480000000e+05    5.3138588171e-03    9.9997558594e-01
       188   -4.7220935274e-01    8.4712211715e-01   -1.1982368331e+00    7.2602748033e-01   -1.1982368331e+00    2.0480000000e+05    5.3146333176e-03    9.9995605469e-01
       189   -4.4943589010e-01    6.9985623061e-01   -1.1817861042e+00    7.3235021415e-01   -1.1817861042e+00    2.0480000000e+05    5.3140049966e-03    9.9996582031e-01
       190   -4.5513608777e-01    7.4068983153e-01   -1.1893165680e+00    7.3418048019e-01   -1.1893165680e+00    2.0480000000e+05    5.2944410294e-03    9.9997070312e-01
       191   -4.6044219966e-01    7.3257290171e-01   -1.1830609908e+00    7.2261879109e-01   -1.1830609908e+00    2.0480000000e+05    5.3137087112e-03    9.9997558594e-01
       192   -4.5596888959e-01    6.3361534376e-01   -1.1871368244e+00    7.3116793486e-01   -1.1871368244e+00    2.0480000000e+05    5.3143472278e-03    9.9994140625e-01
       193   -4.5984588645e-01    6.2012421514e-01   -1.1756084105e+00    7.1576252404e-01   -1.1756084105e+00    2.0480000000e+05    5.3157682108e-03    9.9994628906e-01
       194   -4.5780648975e-01    7.6555049414e-01   -1.1763274539e+00    7.1852096413e-01   -1.1763274539e+00    2.0480000000e+05    5.3139525507e-03    9.9997070312e-01
       195   -4.5351943759e-01    6.7039646220e-01   -1.1593568401e+00    7.0583740253e-01   -1.1593568401e+00    2.0480000000e+05    5.2938050021e-03    9.9996582031e-01
       196   -4.6793196636e-01    8.8550374313e-01   -1.1849671374e+00    7.1703517107e-01   -1.1849671374e+00    2.0480000000e+05    5.3156902954e-03    9.9996093750e-01
       197   -4.6389756139e-01    6.6808260835e-01   -1.1749896345e+00    7.1109207307e-01   -1.1749896345e+00    2.0480000000e+05    5.3121230481e-03    9.9995605469e-01
       198   -4.5360528930e-01    6.4082087248e-01   -1.1651680600e+00    7.1156277068e-01   -1.1651680600e+00    2.0480000000e+05    5.3148125388e-03    9.9996093750e-01
       199   -4.7405784433e-01    9.0594253275e-01   -1.1820124605e+00    7.0795461618e-01   -1.1820124605e+00    2.0480000000e+05    5.3150354742e-03    9.9996093750e-01
       200   -4.6720077755e-01    6.8006734692e-01   -1.1812705976e+00    7.1406982000e-01   -1.1812705976e+00    2.0480000000e+05    5.2944025742e-03    9.9996093750e-01
       201   -4.6524566651e-01    7.0613512742e-01   -1.1909385573e+00    7.2569289083e-01   -1.1909385573e+00    2.0480000000e+05    5.3150751318e-03    9.9994140625e-01
       202   -4.4029058578e-01    6.0831325224e-01   -1.1606548273e+00    7.2036424155e-01   -1.1606548273e+00    2.0480000000e+05    5.3148261581e-03    9.9993164062e-01
       203   -4.6156098975e-01    6.6950470106e-01   -1.1714772552e+00    7.0991626544e-01   -1.1714772552e+00    2.0480000000e+05    5.3133528391e-03    9.9995117187e-01
       204   -4.6309893030e-01    7.7951141031e-01   -1.1879005525e+00    7.2480162218e-01   -1.1879005525e+00    2.0480000000e+05    5.3128978961e-03    9.9996093750e-01
       205   -4.4690590147e-01    6.0529695778e-01   -1.1613406375e+00    7.1443473608e-01   -1.1613406375e+00    2.0480000000e+05    5.2953159421e-03    9.9993164062e-01
       206   -4.5913879900e-01    7.3575803376e-01   -1.1682789482e+00    7.0914014922e-01   -1.1682789482e+00    2.0480000000e+05    5.3154231760e-03    9.9998046875e-01
       207   -4.7179893076e-01    7.9929477801e-01   -1.1822020906e+00    7.1040315982e-01   -1.1822020906e+00    2.0480000000e+05    5.3136041235e-03    9.9999023437e-01
       208   -4.6164928493e-01    8.5227724081e-01   -1.1922132573e+00    7.3056397232e-01   -1.1922132573e+00    2.0480000000e+05    5.3165496616e-03    9.9996582031e-01
       209   -4.4827503219e-01    6.4491238426e-01   -1.1787679173e+00    7.3049288514e-01   -1.1787679173e+00    2.0480000000e+05    5.3127430493e-03    9.9996582031e-01
       210   -4.5085341251e-01    6.4187541832e-01   -1.1858839162e+00    7.3503050372e-01   -1.1858839162e+00    2.0480000000e+05    5.2944422656e-03    9.9991699219e-01
       211   -4.5537960351e-01    6.2731034422e-01   -1.1818092744e+00    7.2642967090e-01   -1.1818092744e+00    2.0480000000e+05    5.3159961069e-03    9.9993652344e-01
       212   -4.6149830086e-01    6.7160270974e-01   -1.1878818593e+00    7.2638355842e-01   -1.1878818593e+00    2.0480000000e+05    5.3143421460e-03    9.9995117187e-01
       213   -4.5458023625e-01    6.9425102473e-01   -1.1870579334e+00    7.3247769717e-01   -1.1870579334e+00    2.0480000000e+05    5.3152624231e-03    9.9996093750e-01
       214   -4.5647064522e-01    7.7385289798e-01   -1.1954396562e+00    7.3896901095e-01   -1.1954396562e+00    2.0480000000e+05    5.3144656415e-03    9.9994628906e-01
       215   -4.6991083545e-01    1.0773870651e+00   -1.2108116048e+00    7.4090076934e-01   -1.2108116048e+00    2.0480000000e+05    5.2935201270e-03    9.9992675781e-01
       216   -4.6246756099e-01    8.2742985580e-01   -1.2034902591e+00    7.4102269814e-01   -1.2034902591e+00    2.0480000000e+05    5.3144536774e-03    9.9997070312e-01
       217   -4.5784252769e-01    8.0152858481e-01   -1.1843506106e+00    7.2650808296e-01   -1.1843506106e+00    2.0480000000e+05    5.3140102509e-03    9.9996093750e-01
       218   -4.5122826038e-01    6.7467378319e-01   -1.1711657834e+00    7.1993752306e-01   -1.1711657834e+00    2.0480000000e+05    5.3155495425e-03    9.9998046875e-01
       219   -4.5749548614e-01    6.5071214585e-01   -1.1835411284e+00    7.2604564221e-01   -1.1835411284e+00    2.0480000000e+05    5.3152050296e-03    9.9996582031e-01
       220   -4.4409755837e-01    6.4689039221e-01   -1.1858522088e+00    7.4175465047e-01   -1.1858522088e+00    2.0480000000e+05    5.2944159039e-03    9.9996093750e-01
       221   -4.4155750288e-01    5.9990960251e-01   -1.1810735025e+00    7.3951599964e-01   -1.1810735025e+00    2.0480000000e+05    5.3160022583e-03    9.9999023437e-01
       222   -4.4635731759e-01    6.4320543768e-01   -1.1793473535e+00    7.3299003588e-01   -1.1793473535e+00    2.0480000000e+05    5.3133536398e-03    9.9995605469e-01
       223   -4.5521231214e-01    7.4055966593e-01   -1.1975574026e+00    7.4234509051e-01   -1.1975574026e+00    2.0480000000e+05    5.3151702927e-03    9.9995605469e-01
       224   -4.4780326890e-01    6.8564647652e-01   -1.1864959539e+00    7.3869268499e-01   -1.1864959539e+00    2.0480000000e+05    5.3143970786e-03    9.9994628906e-01
       225   -4.3915216911e-01    6.0064130796e-01   -1.1818289730e+00    7.4267680390e-01   -1.1818289730e+00    2.0480000000e+05    5.2940919370e-03    9.9994628906e-01
       226   -4.4880895091e-01    7.3957880744e-01   -1.2006345583e+00    7.5182560742e-01   -1.2006345583e+00    2.0480000000e+05    5.3152432257e-03    9.9995605469e-01
       227   -4.4947262770e-01    6.5737900541e-01   -1.2026278711e+00    7.5315524340e-01   -1.2026278711e+00    2.0480000000e+05    5.3129916125e-03    9.9996582031e-01
       228   -4.3755789053e-01    5.7650575672e-01   -1.1751720002e+00    7.3761410964e-01   -1.1751720002e+00    2.0480000000e+05    5.3160172131e-03    9.9996582031e-01
       229   -4.3715437975e-01    6.1753288468e-01   -1.1615485560e+00    7.2439417626e-01   -1.1615485560e+00    2.0480000000e+05    5.3147042010e-03    9.9996093750e-01
       230   -4.2847600346e-01    5.0435693297e-01   -1.1609096004e+00    7.3243359699e-01   -1.1609096004e+00    2.0480000000e+05    5.2959235278e-03    9.9993652344e-01
       231   -4.4739352606e-01    7.0044753434e-01   -1.1962395441e+00    7.4884601808e-01   -1.1962395441e+00    2.0480000000e+05    5.3140960501e-03    9.9995605469e-01
       232   -4.7371680261e-01    9.8443448827e-01   -1.2173748316e+00    7.4365802902e-01   -1.2173748316e+00    2.0480000000e+05    5.3130173083e-03    9.9995605469e-01
       233   -4.6583633430e-01    6.7978637964e-01   -1.2070855409e+00    7.4124920663e-01   -1.2070855409e+00    2.0480000000e+05    5.3157490701e-03    9.9996093750e-01
       234   -4.4473339966e-01    6.3498410195e-01   -1.1839388978e+00    7.3920549810e-01   -1.1839388978e+00    2.0480000000e+05    5.3136720651e-03    9.9994140625e-01
       235   -4.5465164327e-01    1.0564262306e+00   -1.2274954161e+00    7.7284377283e-01   -1.2274954161e+00    2.0480000000e+05    5.2947526572e-03    9.9994628906e-01
       236   -4.5370729231e-01    1.0707091566e+00   -1.2218135866e+00    7.6810629432e-01   -1.2218135866e+00    2.0480000000e+05    5.3173171161e-03    9.9997070312e-01
       237   -4.5604660565e-01    7.9973384920e-01   -1.2319483614e+00    7.7590175571e-01   -1.2319483614e+00    2.0480000000e+05    5.3142036844e-03    9.9994140625e-01
       238   -4.5171658786e-01    7.6266741440e-01   -1.2383092468e+00    7.8659265889e-01   -1.2383092468e+00    2.0480000000e+05    5.3153458792e-03    9.9997070312e-01
       239   -4.4368730313e-01    6.7126470587e-01   -1.2047658745e+00    7.6107857138e-01   -1.2047658745e+00    2.0480000000e+05    5.3138006216e-03    9.9996582031e-01
       240   -4.4976541463e-01    9.3088356439e-01   -1.1896957867e+00    7.3993037204e-01   -1.1896957867e+00    2.0480000000e+05    5.2944436255e-03    9.9993652344e-01
       241   -4.5121932383e-01    8.9706342715e-01   -1.2016861602e+00    7.5046683637e-01   -1.2016861602e+00    2.0480000000e+05    5.3146388614e-03    9.9997558594e-01
       242   -4.5546974902e-01    7.1633711504e-01   -1.2164295519e+00    7.6095980284e-01   -1.2164295519e+00    2.0480000000e+05    5.3143991354e-03    9.9994140625e-01
       243   -4.5491565221e-01    6.8912966328e-01   -1.2272344487e+00    7.7231879650e-01   -1.2272344487e+00    2.0480000000e+05    5.3153997543e-03    9.9995605469e-01
       244   -4.5276493240e-01    9.2337203995e-01   -1.2095953008e+00    7.5683036844e-01   -1.2095953008e+00    2.0480000000e+05    5.3147651416e-03    9.9996093750e-01
       245   -4.4859327332e-01    7.0572333939e-01   -1.1897174112e+00    7.4112413789e-01   -1.1897174112e+00    2.0480000000e+05    5.2944807977e-03    9.9998046875e-01
       246   -4.4887463862e-01    7.1073115662e-01   -1.1907255438e+00    7.4185090517e-01   -1.1907255438e+00    2.0480000000e+05    5.3173655560e-03    9.9996093750e-01
       247   -4.3798323617e-01    6.1682432093e-01   -1.1809214479e+00    7.4293821175e-01   -1.1809214479e+00    2.0480000000e+05    5.3115519830e-03    9.9995605469e-01
       248   -4.5243762307e-01    6.3288046431e-01   -1.2025494287e+00    7.5011180562e-01   -1.2025494287e+00    2.0480000000e+05    5.3155705939e-03    9.9995117187e-01
       249   -4.4145523113e-01    6.7252822420e-01   -1.1912614473e+00    7.4980621618e-01   -1.1912614473e+00    2.0480000000e+05    5.3133928189e-03    9.9994628906e-01
       250   -4.4659048756e-01    7.0659204433e-01   -1.1999526573e+00    7.5336216975e-01   -1.1999526573e+00    2.0480000000e+05    5.2952641647e-03    9.9997558594e-01
       251   -4.5198324374e-01    6.6201247264e-01   -1.1990193430e+00    7.4703609925e-01   -1.1990193430e+00    2.0480000000e+05    5.3168740707e-03    9.9997070312e-01
       252   -4.5823354208e-01    7.8248687913e-01   -1.2227886712e+00    7.6455512913e-01   -1.2227886712e+00    2.0480000000e+05    5.3135893951e-03    9.9995605469e-01
       253   -4.4074139847e-01    9.2253354909e-01   -1.1936878934e+00    7.5294649490e-01   -1.1936878934e+00    2.0480000000e+05    5.3152947528e-03    9.9993164062e-01
       254   -4.3828844646e-01    5.8905600334e-01   -1.1870221603e+00    7.4873371379e-01   -1.1870221603e+00    2.0480000000e+05    5.3131707944e-03    9.9994628906e-01
       255   -4.5126069816e-01    7.4129857570e-01   -1.1981613599e+00    7.4690066179e-01   -1.1981613599e+00    2.0480000000e+05    5.2966092957e-03    9.9995605469e-01
       256   -4.4667381879e-01    6.5303477759e-01   -1.1849339072e+00    7.3826008846e-01   -1.1849339072e+00    2.0480000000e+05    5.3162246295e-03    9.9996093750e-01
       257   -4.7008817210e-01    9.0525651031e-01   -1.2092573140e+00    7.3916914190e-01   -1.2092573140e+00    2.0480000000e+05    5.3136070642e-03    9.9996582031e-01
       258   -4.5580264397e-01    6.8741949209e-01   -1.1952418885e+00    7.3943924452e-01   -1.1952418885e+00    2.0480000000e+05    5.3158495154e-03    9.9995117187e-01
       259   -4.5819417701e-01    7.0700820463e-01   -1.1997085036e+00    7.4151432663e-01   -1.1997085036e+00    2.0480000000e+05    5.3137016409e-03    9.9993164062e-01
       260   -4.7661291504e-01    8.6492177525e-01   -1.2143217318e+00    7.3770881675e-01   -1.2143217318e+00    2.0480000000e+05    5.2952430295e-03    9.9995605469e-01
       261   -4.6372391196e-01    7.5143774480e-01   -1.2094736868e+00    7.4574977485e-01   -1.2094736868e+00    2.0480000000e+05    5.3194688300e-03    9.9997070312e-01
       262   -4.6426871808e-01    7.7449444678e-01   -1.2176422216e+00    7.5337350356e-01   -1.2176422216e+00    2.0480000000e+05    5.3142170074e-03    9.9993164062e-01
       263   -4.5534197842e-01    7.0702527249e-01   -1.2140947383e+00    7.5875275985e-01   -1.2140947383e+00    2.0480000000e+05    5.3167530890e-03    9.9997070312e-01
       264   -4.6286971951e-01    8.2764068050e-01   -1.2131154615e+00    7.5024574204e-01   -1.2131154615e+00    2.0480000000e+05    5.3128164597e-03    9.9996582031e-01
       265   -4.5371225840e-01    8.8436378453e-01   -1.2074792516e+00    7.5376699323e-01   -1.2074792516e+00    2.0480000000e+05    5.2946014508e-03    9.9994140625e-01
       266   -4.4951330336e-01    7.3103563643e-01   -1.1917026070e+00    7.4218930364e-01   -1.1917026070e+00    2.0480000000e+05    5.3175707141e-03    9.9995605469e-01
       267   -4.6833166360e-01    7.5900304544e-01   -1.1977557459e+00    7.2942408231e-01   -1.1977557459e+00    2.0480000000e+05    5.3142322409e-03    9.9995117187e-01
       268   -4.5523706102e-01    7.0929253469e-01   -1.2085243369e+00    7.5328727593e-01   -1.2085243369e+00    2.0480000000e+05    5.3150699490e-03    9.9997070312e-01
       269   -4.4787974853e-01    7.4576796013e-01   -1.2004883314e+00    7.5260858285e-01   -1.2004883314e+00    2.0480000000e+05    5.3147663123e-03    9.9997558594e-01
       270   -4.6771216629e-01    8.0651048269e-01   -1.2080702134e+00    7.4035804713e-01   -1.2080702134e+00    2.0480000000e+05    5.2943188589e-03    9.9994628906e-01
       271   -4.6897898457e-01    6.4294900810e-01   -1.1768771828e+00    7.0789819823e-01   -1.1768771828e+00    2.0480000000e+05    5.3198279514e-03    9.9995605469e-01
       272   -4.7353418952e-01    7.5596317780e-01   -1.1762669757e+00    7.0273278618e-01   -1.1762669757e+00    2.0480000000e+05    5.3123818011e-03    9.9995605469e-01
       273   -4.6331526619e-01    7.6644669296e-01   -1.1889799788e+00    7.2566471264e-01   -1.1889799788e+00    2.0480000000e+05    5.3159434473e-03    9.9995117187e-01
       274   -4.5601564799e-01    1.1586360031e+00   -1.1917072209e+00    7.3569157290e-01   -1.1917072209e+00    2.0480000000e+05    5.3140829379e-03    9.9995605469e-01
       275   -4.5464469245e-01    6.2995762922e-01   -1.1817409237e+00    7.2709623127e-01   -1.1817409237e+00    2.0480000000e+05    5.2940710846e-03    9.9994140625e-01
       276   -4.5712025072e-01    8.6932817410e-01   -1.1772709686e+00    7.2015071789e-01   -1.1772709686e+00    2.0480000000e+05    5.3200007086e-03    9.9996093750e-01
       277   -4.4191761311e-01    5.7487372389e-01   -1.1737092671e+00    7.3179165395e-01   -1.1737092671e+00    2.0480000000e+05    5.3127967545e-03    9.9995605469e-01
       278   -4.3389273797e-01    5.4421047057e-01   -1.1626644567e+00    7.2877171877e-01   -1.1626644567e+00    2.0480000000e+05    5.3144887622e-03    9.9991210937e-01
       279   -4.4900884480e-01    6.5180383551e-01   -1.1709759887e+00    7.2196714389e-01   -1.1709759887e+00    2.0480000000e+05    5.3138767358e-03    9.9996582031e-01
       280   -4.6149115473e-01    6.1250025504e-01   -1.1661488907e+00    7.0465773594e-01   -1.1661488907e+00    2.0480000000e+05    5.2961105875e-03    9.9995605469e-01
       281   -4.5200472319e-01    5.4152012266e-01   -1.1586720802e+00    7.0666735701e-01   -1.1586720802e+00    2.0480000000e+05    5.3184105350e-03    9.9995117187e-01
       282   -4.5890488775e-01    5.7528498073e-01   -1.1669256124e+00    7.0802072466e-01   -1.1669256124e+00    2.0480000000e+05    5.3136089783e-03    9.9995117187e-01
       283   -4.6627678563e-01    6.5521113583e-01   -1.1765520838e+00    7.1027529817e-01   -1.1765520838e+00    2.0480000000e+05    5.3160996265e-03    9.9993652344e-01
       284   -4.5650073457e-01    6.0242591603e-01   -1.1766120204e+00    7.2011128582e-01   -1.1766120204e+00    2.0480000000e+05    5.3136220721e-03    9.9996582031e-01
       285   -4.5418063610e-01    6.6510749647e-01   -1.1669443063e+00    7.1276367019e-01   -1.1669443063e+00    2.0480000000e+05    5.2949783252e-03    9.9995605469e-01
       286   -4.4981487944e-01    5.7568364419e-01   -1.1798572056e+00    7.3004232618e-01   -1.1798572056e+00    2.0480000000e+05    5.3206896591e-03    9.9997070312e-01
       287   -4.6743316743e-01    8.1236681179e-01   -1.2054429673e+00    7.3800979983e-01   -1.2054429673e+00    2.0480000000e+05    5.3127837473e-03    9.9997558594e-01
       288   -4.7304733737e-01    8.5232972249e-01   -1.2108511831e+00    7.3780384575e-01   -1.2108511831e+00    2.0480000000e+05    5.3153950391e-03    9.9994628906e-01
       289   -4.5985105237e-01    8.0152209384e-01   -1.2075536092e+00    7.4770255682e-01   -1.2075536092e+00    2.0480000000e+05    5.3153179980e-03    9.9996093750e-01
       290   -4.6241487383e-01    9.0945179993e-01   -1.1895799997e+00    7.2716512589e-01   -1.1895799997e+00    2.0480000000e+05    5.2943111066e-03    9.9996093750e-01
       291   -4.6034834881e-01    6.5047410161e-01   -1.1657488943e+00    7.0540054551e-01   -1.1657488943e+00    2.0480000000e+05    5.3165463614e-03    9.9997070312e-01
       292   -4.5758017751e-01    5.8159808886e-01   -1.1613074242e+00    7.0372724670e-01   -1.1613074242e+00    2.0480000000e+05    5.3146977982e-03    9.9996582031e-01
       293   -4.4858474563e-01    5.9885051695e-01   -1.1652397021e+00    7.1665495652e-01   -1.1652397021e+00    2.0480000000e+05    5.3161245737e-03    9.9996093750e-01
       294   -4.5213468931e-01    6.4219654960e-01   -1.1771114363e+00    7.2497674698e-01   -1.1771114363e+00    2.0480000000e+05    5.3149459045e-03    9.9996582031e-01
       295   -4.7473351894e-01    7.3833732660e-01   -1.1944202078e+00    7.1968668885e-01   -1.1944202078e+00    2.0480000000e+05    5.2951741080e-03    9.9995605469e-01
       296   -4.4949916203e-01    6.4199713247e-01   -1.1675681877e+00    7.1806902568e-01   -1.1675681877e+00    2.0480000000e+05    5.3145179446e-03    9.9997558594e-01
       297   -4.3995174503e-01    5.7543391971e-01   -1.1639397555e+00    7.2398801048e-01   -1.1639397555e+00    2.0480000000e+05    5.3119737308e-03    9.9992675781e-01
       298   -4.5272389281e-01    7.7950670522e-01   -1.1743629380e+00    7.2163904522e-01   -1.1743629380e+00    2.0480000000e+05    5.3157739130e-03    9.9997558594e-01
       299   -4.3387515188e-01    6.7528368209e-01   -1.1651715791e+00    7.3129642724e-01   -1.1651715791e+00    2.0480000000e+05    5.3147288605e-03    9.9995117187e-01
       300   -4.3618123534e-01    6.6464429892e-01   -1.1755079192e+00    7.3932668383e-01   -1.1755079192e+00    2.0480000000e+05    5.2954700540e-03    9.9994628906e-01
       301   -4.5034789595e-01    6.9851479362e-01   -1.1966393917e+00    7.4629149576e-01   -1.1966393917e+00    2.0480000000e+05    5.3135158017e-03    9.9995117187e-01
       302   -4.4373054168e-01    6.3982225022e-01   -1.1847717303e+00    7.4104118864e-01   -1.1847717303e+00    2.0480000000e+05    5.3147203867e-03    9.9997070312e-01
       303   -4.4516153806e-01    1.0228755123e+00   -1.1872640595e+00    7.4210252147e-01   -1.1872640595e+00    2.0480000000e+05    5.3139220386e-03    9.9992187500e-01
       304   -4.4525622025e-01    7.6610557123e-01   -1.1925793090e+00    7.4732308876e-01   -1.1925793090e+00    2.0480000000e+05    5.3147189413e-03    9.9996093750e-01
       305   -4.4801012071e-01    6.4278263196e-01   -1.1879253382e+00    7.3991521748e-01   -1.1879253382e+00    2.0480000000e+05    5.3177304266e-03    9.9996093750e-01
       306   -4.6490811426e-01    8.0078915462e-01   -1.1851391297e+00    7.2023101545e-01   -1.1851391297e+00    2.0480000000e+05    5.2954953125e-03    9.9995117187e-01
       307   -4.6126053667e-01    6.9434144668e-01   -1.1975919745e+00    7.3633143782e-01   -1.1975919745e+00    2.0480000000e+05    5.3140051483e-03    9.9995117187e-01
       308   -4.4418329015e-01    6.5665071916e-01   -1.1888687036e+00    7.4468541344e-01   -1.1888687036e+00    2.0480000000e+05    5.3161185727e-03    9.9995605469e-01
       309   -4.4394469948e-01    5.9062795119e-01   -1.1728574374e+00    7.2891273795e-01   -1.1728574374e+00    2.0480000000e+05    5.3141494885e-03    9.9996093750e-01
       310   -4.5669762581e-01    6.3316780031e-01   -1.1899051095e+00    7.3320748368e-01   -1.1899051095e+00    2.0480000000e+05    5.3180712628e-03    9.9997070312e-01
       311   -4.6335554902e-01    7.4152682318e-01   -1.1936022146e+00    7.3024666554e-01   -1.1936022146e+00    2.0480000000e+05    5.2969190277e-03    9.9996582031e-01
       312   -4.4839277767e-01    6.2592209496e-01   -1.1599531073e+00    7.1156032961e-01   -1.1599531073e+00    2.0480000000e+05    5.3132450220e-03    9.9998046875e-01
       313   -4.4896976317e-01    6.1990920987e-01   -1.1645407729e+00    7.1557100973e-01   -1.1645407729e+00    2.0480000000e+05    5.3144539124e-03    9.9994628906e-01
       314   -4.5671314777e-01    6.7128244511e-01   -1.1748494789e+00    7.1813633111e-01   -1.1748494789e+00    2.0480000000e+05    5.3151759717e-03    9.9996093750e-01
       315   -4.6594717798e-01    7.1198612190e-01   -1.1894525846e+00    7.2350540666e-01   -1.1894525846e+00    2.0480000000e+05    5.3148878482e-03    9.9994140625e-01
       316   -4.6532642342e-01    7.2350110915e-01   -1.1825379991e+00    7.1721157564e-01   -1.1825379991e+00    2.0480000000e+05    5.2948554437e-03    9.9996093750e-01
       317   -4.5505789042e-01    7.1731372433e-01   -1.1766062866e+00    7.2154839620e-01   -1.1766062866e+00    2.0480000000e+05    5.3151290390e-03    9.9993164062e-01
       318   -4.4674015177e-01    5.8761216167e-01   -1.1659684537e+00    7.1922830192e-01   -1.1659684537e+00    2.0480000000e+05    5.3148918713e-03    9.9993652344e-01
       319   -4.5554219726e-01    6.6092916159e-01   -1.1521829425e+00    6.9664074529e-01   -1.1521829425e+00    2.0480000000e+05    5.3139807913e-03    9.9993652344e-01
       320   -4.5986536585e-01    7.3905461161e-01   -1.1467647125e+00    6.8689934667e-01   -1.1467647125e+00    2.0480000000e+05    5.3169651007e-03    9.9996093750e-01
       321   -4.6625756124e-01    7.0202972315e-01   -1.1574695023e+00    6.9121194102e-01   -1.1574695023e+00    2.0480000000e+05    5.2949952853e-03    9.9997070312e-01
       322   -4.5403396564e-01    6.0504516806e-01   -1.1568387111e+00    7.0280474544e-01   -1.1568387111e+00    2.0480000000e+05    5.3127992853e-03    9.9992675781e-01
       323   -4.5456983376e-01    6.9949071983e-01   -1.1799112612e+00    7.2534142744e-01   -1.1799112612e+00    2.0480000000e+05    5.3156598837e-03    9.9996582031e-01
       324   -4.5327737004e-01    6.5155464577e-01   -1.1861356224e+00    7.3285825231e-01   -1.1861356224e+00    2.0480000000e+05    5.3140524423e-03    9.9997558594e-01
       325   -4.6267392507e-01    7.3165873864e-01   -1.2031369647e+00    7.4046303965e-01   -1.2031369647e+00    2.0480000000e+05    5.3152364743e-03    9.9996093750e-01
       326   -4.7365618284e-01    7.3194782930e-01   -1.2022318074e+00    7.2857562456e-01   -1.2022318074e+00    2.0480000000e+05    5.2941476648e-03    9.9995605469e-01
       327   -4.5593868249e-01    6.9165614019e-01   -1.1750701468e+00    7.1913146433e-01   -1.1750701468e+00    2.0480000000e+05    5.3136721155e-03    9.9995605469e-01
       328   -4.5432801725e-01    6.3440861728e-01   -1.1713504360e+00    7.1702241871e-01   -1.1713504360e+00    2.0480000000e+05    5.3140309155e-03    9.9995117187e-01
       329   -4.7441022180e-01    7.8654841815e-01   -1.1826067919e+00    7.0819657007e-01   -1.1826067919e+00    2.0480000000e+05    5.3144016779e-03    9.9997070312e-01
       330   -4.5135205016e-01    6.0613672298e-01   -1.1724328310e+00    7.2108078088e-01   -1.1724328310e+00    2.0480000000e+05    5.3158157867e-03    9.9994628906e-01
       331   -4.4368709312e-01    6.3880765835e-01   -1.1867862669e+00    7.4309917374e-01   -1.1867862669e+00    2.0480000000e+05    5.2948050345e-03    9.9998046875e-01
       332   -4.4829971842e-01    5.9661120278e-01   -1.1722872260e+00    7.2398750758e-01   -1.1722872260e+00    2.0480000000e+05    5.3146255331e-03    9.9997558594e-01
       333   -4.4999209690e-01    6.4145107612e-01   -1.1784303861e+00    7.2843828923e-01   -1.1784303861e+00    2.0480000000e+05    5.3158381430e-03    9.9997558594e-01
       334   -4.4803517184e-01    8.4428100178e-01   -1.1659866076e+00    7.1795143577e-01   -1.1659866076e+00    2.0480000000e+05    5.3135968790e-03    9.9996582031e-01
       335   -4.6701768512e-01    7.6289641931e-01   -1.1855964918e+00    7.1857880669e-01   -1.1855964918e+00    2.0480000000e+05    5.3154609903e-03    9.9994628906e-01
       336   -4.6414110721e-01    6.8479530761e-01   -1.1789196632e+00    7.1477855602e-01   -1.1789196632e+00    2.0480000000e+05    5.2970284729e-03    9.9997558594e-01
       337   -4.6139529001e-01    8.0496804732e-01   -1.1853498170e+00    7.2395452694e-01   -1.1853498170e+00    2.0480000000e+05    5.3131772467e-03    9.9994140625e-01
       338   -4.6757566176e-01    7.4717978461e-01   -1.1961993224e+00    7.2862366067e-01   -1.1961993224e+00    2.0480000000e+05    5.3146631204e-03    9.9994628906e-01
       339   -4.4742929860e-01    7.6533795817e-01   -1.1927936418e+00    7.4536434315e-01   -1.1927936418e+00    2.0480000000e+05    5.3139667896e-03    9.9997070312e-01
       340   -4.3588826277e-01    5.2024420145e-01   -1.1580450697e+00    7.2215680697e-01   -1.1580450697e+00    2.0480000000e+05    5.3146600565e-03    9.9996582031e-01
       341   -4.5486317758e-01    8.6883677300e-01   -1.1823190135e+00    7.2745583590e-01   -1.1823190135e+00    2.0480000000e+05    5.2946346472e-03    9.9997070312e-01
       342   -4.5765272567e-01    8.2319880906e-01   -1.1978808527e+00    7.4022812700e-01   -1.1978808527e+00    2.0480000000e+05    5.3157519458e-03    9.9996093750e-01
       343   -4.4911708384e-01    6.8955372283e-01   -1.1805745505e+00    7.3145746670e-01   -1.1805745505e+00    2.0480000000e+05    5.3157532538e-03    9.9994140625e-01
       344   -4.4373301220e-01    7.4199345520e-01   -1.2002392409e+00    7.5650622869e-01   -1.2002392409e+00    2.0480000000e+05    5.3138818161e-03    9.9996093750e-01
       345   -4.5382717385e-01    2.1710652229e+00   -1.2187238954e+00    7.6489672154e-01   -1.2187238954e+00    2.0480000000e+05    5.3161340475e-03    9.9995605469e-01
       346   -4.4247222255e-01    6.9584890314e-01   -1.2139477299e+00    7.7147550737e-01   -1.2139477299e+00    2.0480000000e+05    5.2948807385e-03    9.9995605469e-01
       347   -4.4642501304e-01    6.2836020500e-01   -1.1942635879e+00    7.4783857487e-01   -1.1942635879e+00    2.0480000000e+05    5.3125366946e-03    9.9996582031e-01
       348   -4.6405068366e-01    7.2149836615e-01   -1.1993563495e+00    7.3530566586e-01   -1.1993563495e+00    2.0480000000e+05    5.3152319543e-03    9.9996582031e-01
       349   -4.6895673246e-01    7.2703893625e-01   -1.2023135953e+00    7.3335686284e-01   -1.2023135953e+00    2.0480000000e+05    5.3150869086e-03    9.9994140625e-01
       350   -4.4489859800e-01    6.1955083683e-01   -1.1724899885e+00    7.2759139053e-01   -1.1724899885e+00    2.0480000000e+05    5.3165365979e-03    9.9995605469e-01
       351   -4.6431636538e-01    7.2342737318e-01   -1.1865098902e+00    7.2219352485e-01   -1.1865098902e+00    2.0480000000e+05    5.2946935880e-03    9.9998046875e-01
       352   -4.5850335740e-01    7.7801958165e-01   -1.1782197478e+00    7.1971639035e-01   -1.1782197478e+00    2.0480000000e+05    5.3139339691e-03    9.9997558594e-01
       353   -4.5152669143e-01    6.4876219931e-01   -1.1712831215e+00    7.1975643003e-01   -1.1712831215e+00    2.0480000000e+05    5.3133372937e-03    9.9994628906e-01
       354   -4.5338825180e-01    7.0813446715e-01   -1.1843953689e+00    7.3100711707e-01   -1.1843953689e+00    2.0480000000e+05    5.3154137689e-03    9.9997558594e-01
       355   -4.5599759200e-01    6.0992900873e-01   -1.1863461971e+00    7.3034860512e-01   -1.1863461971e+00    2.0480000000e+05    5.3173609430e-03    9.9997558594e-01
       356   -4.6019819480e-01    6.4106444277e-01   -1.1817909984e+00    7.2159280360e-01   -1.1817909984e+00    2.0480000000e+05    5.2960192621e-03    9.9994140625e-01
       357   -4.7654594628e-01    1.1659157282e+00   -1.1863709548e+00    7.0982500849e-01   -1.1863709548e+00    2.0480000000e+05    5.3140044778e-03    9.9996093750e-01
       358   -4.5657891296e-01    6.6224085224e-01   -1.1678570114e+00    7.1127809843e-01   -1.1678570114e+00    2.0480000000e+05    5.3165213443e-03    9.9996582031e-01
       359   -4.5366096173e-01    9.2388428725e-01   -1.1882928750e+00    7.3463191327e-01   -1.1882928750e+00    2.0480000000e+05    5.3136673557e-03    9.9996093750e-01
       360   -4.4005707989e-01    6.5739539528e-01   -1.1697046217e+00    7.2964754181e-01   -1.1697046217e+00    2.0480000000e+05    5.3151603345e-03    9.9994628906e-01
       361   -4.5468007405e-01    7.7400564089e-01   -1.1933060338e+00    7.3862595971e-01   -1.1933060338e+00    2.0480000000e+05    5.2961990289e-03    9.9996093750e-01
       362   -4.5466009165e-01    8.1914174688e-01   -1.2036769925e+00    7.4901690088e-01   -1.2036769925e+00    2.0480000000e+05    5.3134732437e-03    9.9997070312e-01
       363   -4.6153793952e-01    7.4605441522e-01   -1.2059257848e+00    7.4438784528e-01   -1.2059257848e+00    2.0480000000e+05    5.3156858139e-03    9.9997070312e-01
       364   -4.5334242065e-01    6.9398058115e-01   -1.1939082918e+00    7.4056587112e-01   -1.1939082918e+00    2.0480000000e+05    5.3132224307e-03    9.9991699219e-01
       365   -4.4379867626e-01    6.1500265492e-01   -1.1858469923e+00    7.4204831606e-01   -1.1858469923e+00    2.0480000000e+05    5.3148534183e-03    9.9997070312e-01
       366   -4.3910712279e-01    6.2917374361e-01   -1.1808793435e+00    7.4177222073e-01   -1.1808793435e+00    2.0480000000e+05    5.2949407770e-03    9.9994140625e-01
       367   -4.5642532043e-01    7.5666051320e-01   -1.1875554958e+00    7.3113017539e-01   -1.1875554958e+00    2.0480000000e+05    5.3150174289e-03    9.9997070312e-01
       368   -4.5992967998e-01    6.8960862594e-01   -1.1630534889e+00    7.0312380889e-01   -1.1630534889e+00    2.0480000000e+05    5.3149998969e-03    9.9993652344e-01
       369   -4.7631769746e-01    7.3269489342e-01   -1.1795255368e+00    7.0320783933e-01   -1.1795255368e+00    2.0480000000e+05    5.3137316666e-03    9.9996093750e-01
       370   -4.7222198095e-01    6.9847155638e-01   -1.1774313674e+00    7.0520938642e-01   -1.1774313674e+00    2.0480000000e+05    5.3170967529e-03    9.9993164062e-01
       371   -4.6091572470e-01    6.2442764483e-01   -1.1611878815e+00    7.0027215675e-01   -1.1611878815e+00    2.0480000000e+05    5.2936789755e-03    9.9993164062e-01
       372   -4.5599181969e-01    6.4421053572e-01   -1.1580968719e+00    7.0210505224e-01   -1.1580968719e+00    2.0480000000e+05    5.3115960852e-03    9.9996582031e-01
       373   -4.4014421220e-01    5.5605585086e-01   -1.1481594081e+00    7.0801519590e-01   -1.1481594081e+00    2.0480000000e+05    5.3159892288e-03    9.9995117187e-01
       374   -4.5481645459e-01    6.0342261152e-01   -1.1479461222e+00    6.9312966763e-01   -1.1479461222e+00    2.0480000000e+05    5.3149242255e-03    9.9994140625e-01
       375   -4.6703005216e-01    7.8469155601e-01   -1.1746121607e+00    7.0758210852e-01   -1.1746121607e+00    2.0480000000e+05    5.3164616855e-03    9.9996582031e-01
       376   -4.6460884080e-01    6.8682138002e-01   -1.1883287982e+00    7.2371995738e-01   -1.1883287982e+00    2.0480000000e+05    5.2954477002e-03    9.9997558594e-01
       377   -4.5183253674e-01    6.0171356842e-01   -1.1730964704e+00    7.2126393362e-01   -1.1730964704e+00    2.0480000000e+05    5.3142171518e-03    9.9993164062e-01
       378   -4.6912508904e-01    9.1431613825e-01   -1.1850926130e+00    7.1596752400e-01   -1.1850926130e+00    2.0480000000e+05    5.3134229892e-03    9.9995605469e-01
       379   -4.5499720972e-01    6.4036601124e-01   -1.1755146352e+00    7.2051742549e-01   -1.1755146352e+00    2.0480000000e+05    5.3147586218e-03    9.9995117187e-01
       380   -4.6463212318e-01    6.6852160991e-01   -1.1662080267e+00    7.0157590357e-01   -1.1662080267e+00    2.0480000000e+05    5.3159563638e-03    9.9995117187e-01
       381   -4.6054562467e-01    6.2503302012e-01   -1.1390960456e+00    6.7855042089e-01   -1.1390960456e+00    2.0480000000e+05    5.2953833850e-03    9.9995117187e-01
       382   -4.6429057108e-01    7.2493881954e-01   -1.1525805127e+00    6.8828994167e-01   -1.1525805127e+00    2.0480000000e+05    5.3143331580e-03    9.9996582031e-01
       383   -4.5562430980e-01    7.0812809163e-01   -1.1602511152e+00    7.0462680535e-01   -1.1602511152e+00    2.0480000000e+05    5.3156509119e-03    9.9994628906e-01
       384   -4.3785352681e-01    5.0991129765e-01   -1.1480051435e+00    7.1015161672e-01   -1.1480051435e+00    2.0480000000e+05    5.3137196329e-03    9.9998046875e-01
       385   -4.5027613131e-01    6.0592930035e-01   -1.1707567730e+00    7.2048064171e-01   -1.1707567730e+00    2.0480000000e+05    5.3148587518e-03    9.9993652344e-01
       386   -4.5383238783e-01    6.7038742595e-01   -1.1927371837e+00    7.3890479589e-01   -1.1927371837e+00    2.0480000000e+05    5.2968114105e-03    9.9992187500e-01
       387   -4.4708967705e-01    6.5653211855e-01   -1.1810516009e+00    7.3396192389e-01   -1.1810516009e+00    2.0480000000e+05    5.3130054523e-03    9.9995605469e-01
       388   -4.3210799920e-01    5.4956301937e-01   -1.1752415860e+00    7.4313358676e-01   -1.1752415860e+00    2.0480000000e+05    5.3157645560e-03    9.9996582031e-01
       389   -4.4769918195e-01    6.8402509301e-01   -1.1995036495e+00    7.5180446759e-01   -1.1995036495e+00    2.0480000000e+05    5.3140921628e-03    9.9990722656e-01
       390   -4.5195322264e-01    6.7576520084e-01   -1.1934489062e+00    7.4149568357e-01   -1.1934489062e+00    2.0480000000e+05    5.3153541669e-03    9.9996093750e-01
       391   -4.5158917932e-01    7.8111515310e-01   -1.1958835448e+00    7.4429436546e-01   -1.1958835448e+00    2.0480000000e+05    5.2950783090e-03    9.9996582031e-01
       392   -4.5574964355e-01    6.9353540376e-01   -1.2047913381e+00    7.4904169457e-01   -1.2047913381e+00    2.0480000000e+05    5.3147804868e-03    9.9998046875e-01
       393   -4.5468497433e-01    6.4913674563e-01   -1.1993539705e+00    7.4466899613e-01   -1.1993539705e+00    2.0480000000e+05    5.3157134210e-03    9.9996093750e-01
       394   -4.5162488510e-01    5.9726206406e-01   -1.1923854923e+00    7.4076060716e-01   -1.1923854923e+00    2.0480000000e+05    5.3150245016e-03    9.9994628906e-01
       395   -4.6117560335e-01    9.6627656530e-01   -1.2193910837e+00    7.5821548035e-01   -1.2193910837e+00    2.0480000000e+05    5.3159618268e-03    9.9994628906e-01
       396   -4.4295163832e-01    7.7819397362e-01   -1.1908508362e+00    7.4789919784e-01   -1.1908508362e+00    2.0480000000e+05    5.2943489188e-03    9.9995117187e-01
       397   -4.4658619620e-01    6.7143216386e-01   -1.2026522352e+00    7.5606603896e-01   -1.2026522352e+00    2.0480000000e+05    5.3122759265e-03    9.9992187500e-01
       398   -4.7330621783e-01    8.0166767646e-01   -1.2282076203e+00    7.5490140246e-01   -1.2282076203e+00    2.0480000000e+05    5.3152415475e-03    9.9995117187e-01
       399   -4.7006075736e-01    8.4913713235e-01   -1.2335768721e+00    7.6351611471e-01   -1.2335768721e+00    2.0480000000e+05    5.3134662344e-03    9.9995117187e-01
       400   -4.5869897114e-01    7.3275041795e-01   -1.2091286801e+00    7.5042970894e-01   -1.2091286801e+00    2.0480000000e+05    5.3153971136e-03    9.9996582031e-01
       401   -4.5338889075e-01    6.2698054012e-01   -1.1907981689e+00    7.3740927811e-01   -1.1907981689e+00    2.0480000000e+05    5.2946702475e-03    9.9994140625e-01
       402   -4.5044589485e-01    6.1077734095e-01   -1.1856610737e+00    7.3521517885e-01   -1.1856610737e+00    2.0480000000e+05    5.3133815686e-03    9.9996582031e-01
       403   -4.4030454163e-01    7.4541667995e-01   -1.1810464652e+00    7.4074192355e-01   -1.1810464652e+00    2.0480000000e+05    5.3139138196e-03    9.9996093750e-01
       404   -4.3948363474e-01    5.7980249948e-01   -1.1810953493e+00    7.4161171460e-01   -1.1810953493e+00    2.0480000000e+05    5.4547295163e-03    9.9994140625e-01
       405   -4.4596854524e-01    6.6085577486e-01   -1.1942158542e+00    7.4824730893e-01   -1.1942158542e+00    2.0480000000e+05    5.3162943765e-03    9.9994628906e-01
       406   -4.5204526493e-01    7.2629981613e-01   -1.1844898678e+00    7.3244460291e-01   -1.1844898678e+00    2.0480000000e+05    5.2960971924e-03    9.9996582031e-01
       407   -4.6056424209e-01    6.7449711346e-01   -1.1863793656e+00    7.2581512353e-01   -1.1863793656e+00    2.0480000000e+05    5.3152396396e-03    9.9992675781e-01
       408   -4.5013577719e-01    7.8454071194e-01   -1.1693635813e+00    7.1922780407e-01   -1.1693635813e+00    2.0480000000e+05    5.3160290701e-03    9.9994140625e-01
       409   -4.6791399081e-01    7.0435442151e-01   -1.1945584988e+00    7.2664450799e-01   -1.1945584988e+00    2.0480000000e+05    5.3130192746e-03    9.9996582031e-01
       410   -4.6243264347e-01    7.9976327775e-01   -1.1969235338e+00    7.3449089031e-01   -1.1969235338e+00    2.0480000000e+05    5.3157464328e-03    9.9995117187e-01
       411   -4.5080646198e-01    7.5327007148e-01   -1.1960164221e+00    7.4520996017e-01   -1.1960164221e+00    2.0480000000e+05    5.2966339743e-03    9.9997070312e-01
       412   -4.5481335362e-01    7.8802872506e-01   -1.2105884136e+00    7.5577506002e-01   -1.2105884136e+00    2.0480000000e+05    5.3148601981e-03    9.9994628906e-01
       413   -4.3773651486e-01    6.4968831872e-01   -1.2109699000e+00    7.7323338516e-01   -1.2109699000e+00    2.0480000000e+05    5.3147294485e-03    9.9993652344e-01
       414   -4.3717203701e-01    6.3845122256e-01   -1.2183341511e+00    7.8116211406e-01   -1.2183341511e+00    2.0480000000e+05    5.3147217523e-03    9.9994628906e-01
       415   -4.5821220643e-01    8.3522063232e-01   -1.2295486387e+00    7.7133643224e-01   -1.2295486387e+00    2.0480000000e+05    5.3151460364e-03    9.9997558594e-01
       416   -4.5530570894e-01    7.0843962802e-01   -1.2324444612e+00    7.7713875224e-01   -1.2324444612e+00    2.0480000000e+05    5.2945091043e-03    9.9996582031e-01
       417   -4.4806945443e-01    6.4317876648e-01   -1.2142685378e+00    7.6619908342e-01   -1.2142685378e+00    2.0480000000e+05    5.3167455075e-03    9.9996093750e-01
       418   -4.6357626178e-01    6.3811631156e-01   -1.1949013073e+00    7.3132504555e-01   -1.1949013073e+00    2.0480000000e+05    5.3149063965e-03    9.9997070312e-01
       419   -4.4341822240e-01    6.5748286994e-01   -1.1860707086e+00    7.4265248624e-01   -1.1860707086e+00    2.0480000000e+05    5.3124885559e-03    9.9995117187e-01
       420   -4.3561472113e-01    6.3254673168e-01   -1.1880930613e+00    7.5247834016e-01   -1.1880930613e+00    2.0480000000e+05    5.3166495151e-03    9.9997558594e-01
       421   -4.7207015673e-01    8.8296689178e-01   -1.2022468558e+00    7.3017669908e-01   -1.2022468558e+00    2.0480000000e+05    5.2938204422e-03    9.9998046875e-01
       422   -4.6312899444e-01    7.4323511921e-01   -1.2045408062e+00    7.4141181180e-01   -1.2045408062e+00    2.0480000000e+05    5.3142562970e-03    9.9998046875e-01
       423   -4.4725443319e-01    6.3040288241e-01   -1.1878541391e+00    7.4059970593e-01   -1.1878541391e+00    2.0480000000e+05    5.3158480960e-03    9.9996093750e-01
       424   -4.5192008566e-01    7.0578528893e-01   -1.1969354258e+00    7.4501534012e-01   -1.1969354258e+00    2.0480000000e+05    5.3140888791e-03    9.9994628906e-01
       425   -4.4727445974e-01    6.5540231119e-01   -1.2046830803e+00    7.5740862054e-01   -1.2046830803e+00    2.0480000000e+05    5.3150122784e-03    9.9996582031e-01
       426   -4.3568193476e-01    5.6857199497e-01   -1.2005831730e+00    7.6490123828e-01   -1.2005831730e+00    2.0480000000e+05    5.2945797998e-03    9.9997070312e-01
       427   -4.3720594732e-01    7.2969081868e-01   -1.2090925563e+00    7.7188660902e-01   -1.2090925563e+00    2.0480000000e+05    5.3166734406e-03    9.9994628906e-01
       428   -4.4755305514e-01    7.8601906018e-01   -1.2136322011e+00    7.6607914599e-01   -1.2136322011e+00    2.0480000000e+05    5.3142132150e-03    9.9997558594e-01
       429   -4.4209645462e-01    7.8319635173e-01   -1.2022891541e+00    7.6019269949e-01   -1.2022891541e+00    2.0480000000e+05    5.3151521051e-03    9.9995117187e-01
       430   -4.4714433404e-01    6.6622362496e-01   -1.2011320269e+00    7.5398769285e-01   -1.2011320269e+00    2.0480000000e+05    5.3167400864e-03    9.9997070312e-01
       431   -4.5843674917e-01    7.4978263077e-01   -1.1978615236e+00    7.3942477438e-01   -1.1978615236e+00    2.0480000000e+05    5.2943122455e-03    9.9994140625e-01
       432   -4.5267871820e-01    6.8813012658e-01   -1.1842100563e+00    7.3153133809e-01   -1.1842100563e+00    2.0480000000e+05    5.3155531094e-03    9.9995117187e-01
       433   -4.5533059639e-01    7.1010669280e-01   -1.2162365785e+00    7.6090598214e-01   -1.2162365785e+00    2.0480000000e+05    5.3160929324e-03    9.9997558594e-01
       434   -4.5260946143e-01    6.7333453369e-01   -1.2100436712e+00    7.5743420972e-01   -1.2100436712e+00    2.0480000000e+05    5.3129745850e-03    9.9993164062e-01
       435   -4.4727116652e-01    7.6563321829e-01   -1.2016168106e+00    7.5434564413e-01   -1.2016168106e+00    2.0480000000e+05    5.3154702921e-03    9.9995605469e-01
       436   -4.6367842009e-01    8.2178131214e-01   -1.2136474053e+00    7.4996898525e-01   -1.2136474053e+00    2.0480000000e+05    5.2963610629e-03    9.9997558594e-01
       437   -4.4790381184e-01    7.0980418610e-01   -1.2121009661e+00    7.6419715421e-01   -1.2121009661e+00    2.0480000000e+05    5.3163107809e-03    9.9995117187e-01
       438   -4.3234360181e-01    7.0007028306e-01   -1.1994143175e+00    7.6707071572e-01   -1.1994143175e+00    2.0480000000e+05    5.3147502225e-03    9.9993652344e-01
       439   -4.5214299159e-01    7.3088158376e-01   -1.2286591042e+00    7.7651611262e-01   -1.2286591042e+00    2.0480000000e+05    5.3145481671e-03    9.9994140625e-01
       440   -4.4449635989e-01    7.7493011984e-01   -1.2156440328e+00    7.7114767290e-01   -1.2156440328e+00    2.0480000000e+05    5.3151294888e-03    9.9994628906e-01
       441   -4.4687149555e-01    9.2804658744e-01   -1.2152180513e+00    7.6834655578e-01   -1.2152180513e+00    2.0480000000e+05    5.2948995392e-03    9.9997070312e-01
       442   -4.4973237976e-01    7.9913283322e-01   -1.2167331214e+00    7.6700074162e-01   -1.2167331214e+00    2.0480000000e+05    5.3179195959e-03    9.9996582031e-01
       443   -4.5194873846e-01    7.9001575163e-01   -1.2068061577e+00    7.5485741919e-01   -1.2068061577e+00    2.0480000000e+05    5.3149735764e-03    9.9998046875e-01
       444   -4.4725039117e-01    7.6746066485e-01   -1.1908626399e+00    7.4361224872e-01   -1.1908626399e+00    2.0480000000e+05    5.3137042792e-03    9.9994628906e-01
       445   -4.6709704026e-01    8.3076098780e-01   -1.2146205120e+00    7.4752347174e-01   -1.2146205120e+00    2.0480000000e+05    5.3163658298e-03    9.9994140625e-01
       446   -4.4743697778e-01    7.8527165875e-01   -1.2018815222e+00    7.5444454443e-01   -1.2018815222e+00    2.0480000000e+05    5.2953395947e-03    9.9996582031e-01
       447   -4.5218804187e-01    6.5673250941e-01   -1.1877918570e+00    7.3560381515e-01   -1.1877918570e+00    2.0480000000e+05    5.3139048352e-03    9.9993652344e-01
       448   -4.5037385964e-01    6.3597486016e-01   -1.1928760952e+00    7.4250223554e-01   -1.1928760952e+00    2.0480000000e+05    5.3151145364e-03    9.9997558594e-01
       449   -4.6956067164e-01    9.1780469815e-01   -1.2129843360e+00    7.4342366439e-01   -1.2129843360e+00    2.0480000000e+05    5.3140737827e-03    9.9994140625e-01
       450   -4.4156577762e-01    6.9376529289e-01   -1.1876972711e+00    7.4613149347e-01   -1.1876972711e+00    2.0480000000e+05    5.3151909052e-03    9.9997070312e-01
       451   -4.4850988705e-01    6.6076197803e-01   -1.2046328962e+00    7.5612300917e-01   -1.2046328962e+00    2.0480000000e+05    5.2952148904e-03    9.9995605469e-01
       452   -4.4985292313e-01    6.8696167201e-01   -1.1940148616e+00    7.4416193851e-01   -1.1940148616e+00    2.0480000000e+05    5.3128821854e-03    9.9996582031e-01
       453   -4.4498157185e-01    6.3081407021e-01   -1.1786875245e+00    7.3370595265e-01   -1.1786875245e+00    2.0480000000e+05    5.3130958972e-03    9.9996093750e-01
       454   -4.7474400224e-01    9.3710802262e-01   -1.2157375800e+00    7.4099357780e-01   -1.2157375800e+00    2.0480000000e+05    5.3149271176e-03    9.9995117187e-01
       455   -4.5273169670e-01    6.9569540958e-01   -1.1912056593e+00    7.3847396262e-01   -1.1912056593e+00    2.0480000000e+05    5.3160347571e-03    9.9995605469e-01
       456   -4.4718640303e-01    7.0024658546e-01   -1.1898411200e+00    7.4265471694e-01   -1.1898411200e+00    2.0480000000e+05    5.2953319598e-03    9.9993652344e-01
       457   -4.4904069072e-01    6.1622619368e-01   -1.1780250512e+00    7.2898436044e-01   -1.1780250512e+00    2.0480000000e+05    5.3103724832e-03    9.9994628906e-01
       458   -4.6053268176e-01    7.8632138361e-01   -1.1957170474e+00    7.3518436563e-01   -1.1957170474e+00    2.0480000000e+05    5.3161149368e-03    9.9997558594e-01
       459   -4.4440831527e-01    6.4755039830e-01   -1.1846550138e+00    7.4024669856e-01   -1.1846550138e+00    2.0480000000e+05    5.3130659531e-03    9.9996093750e-01
       460   -4.5048770201e-01    7.2880928270e-01   -1.1977211645e+00    7.4723346249e-01   -1.1977211645e+00    2.0480000000e+05    5.3167147418e-03    9.9993164062e-01
       461   -4.4647693899e-01    7.3531331233e-01   -1.1938767481e+00    7.4739980913e-01   -1.1938767481e+00    2.0480000000e+05    5.3150966183e-03    9.9994628906e-01
       462   -4.5876790041e-01    7.5433011364e-01   -1.1857552413e+00    7.2698734088e-01   -1.1857552413e+00    2.0480000000e+05    5.2967012149e-03    9.9998046875e-01
       463   -4.4796575001e-01    6.2688627090e-01   -1.1700617067e+00    7.2209595670e-01   -1.1700617067e+00    2.0480000000e+05    5.3150312994e-03    9.9995117187e-01
       464   -4.6520452821e-01    7.5668438328e-01   -1.1980569245e+00    7.3285239627e-01   -1.1980569245e+00    2.0480000000e+05    5.3143160760e-03    9.9995117187e-01
       465   -4.4615598032e-01    6.3595648296e-01   -1.1993685227e+00    7.5321254237e-01   -1.1993685227e+00    2.0480000000e+05    5.3143860391e-03    9.9994140625e-01
       466   -4.5439013724e-01    7.0899608737e-01   -1.2031714311e+00    7.4878129390e-01   -1.2031714311e+00    2.0480000000e+05    5.3141337067e-03    9.9996582031e-01
       467   -4.3966452285e-01    7.2144870855e-01   -1.1807838978e+00    7.4111937494e-01   -1.1807838978e+00    2.0480000000e+05    5.2971847137e-03    9.9997558594e-01
       468   -4.5647981397e-01    7.1477897941e-01   -1.1907065330e+00    7.3422671901e-01   -1.1907065330e+00    2.0480000000e+05    5.3151755640e-03    9.9994628906e-01
       469   -4.4754860592e-01    6.2006976088e-01   -1.1675813105e+00    7.2003270458e-01   -1.1675813105e+00    2.0480000000e+05    5.3147487173e-03    9.9996093750e-01
       470   -4.6892814931e-01    7.9345272161e-01   -1.1822644912e+00    7.1333634189e-01   -1.1822644912e+00    2.0480000000e+05    5.3162539777e-03    9.9995117187e-01
       471   -4.4988890386e-01    6.0453739459e-01   -1.1725949752e+00    7.2270607139e-01   -1.1725949752e+00    2.0480000000e+05    5.3134784189e-03    9.9993164062e-01
       472   -4.5448707962e-01    7.1405059949e-01   -1.1795492555e+00    7.2506217592e-01   -1.1795492555e+00    2.0480000000e+05    5.2960213965e-03    9.9996582031e-01
       473   -4.4781514476e-01    6.8224433112e-01   -1.1959213617e+00    7.4810621690e-01   -1.1959213617e+00    2.0480000000e+05    5.3156386011e-03    9.9997070312e-01
       474   -4.4525967072e-01    6.5304154985e-01   -1.1906703048e+00    7.4541063408e-01   -1.1906703048e+00    2.0480000000e+05    5.3137710687e-03    9.9994628906e-01
       475   -4.4821312205e-01    6.5795803770e-01   -1.1844554589e+00    7.3624233682e-01   -1.1844554589e+00    2.0480000000e+05    5.3159149823e-03    9.9996093750e-01
       476   -4.6912331800e-01    7.6477141734e-01   -1.2047153147e+00    7.3559199674e-01   -1.2047153147e+00    2.0480000000e+05    5.3152521460e-03    9.9994628906e-01
       477   -4.5925445684e-01    7.1758763670e-01   -1.1923355897e+00    7.3308113288e-01   -1.1923355897e+00    2.0480000000e+05    5.2945234674e-03    9.9995117187e-01
       478   -4.5393979323e-01    7.3670717058e-01   -1.1961339747e+00    7.4219418151e-01   -1.1961339747e+00    2.0480000000e+05    5.3128574725e-03    9.9992187500e-01
       479   -4.5693414649e-01    7.0452820491e-01   -1.2018515366e+00    7.4491739009e-01   -1.2018515366e+00    2.0480000000e+05    5.3144575742e-03    9.9996582031e-01
       480   -4.6338725480e-01    1.0206283970e+00   -1.2118282131e+00    7.4844095832e-01   -1.2118282131e+00    2.0480000000e+05    5.3161604440e-03    9.9997558594e-01
       481   -4.5235288070e-01    6.4351902832e-01   -1.1883182679e+00    7.3596538718e-01   -1.1883182679e+00    2.0480000000e+05    5.3149604456e-03    9.9995605469e-01
       482   -4.5879410265e-01    5.9758078104e-01   -1.1846635849e+00    7.2586948225e-01   -1.1846635849e+00    2.0480000000e+05    5.2948482407e-03    9.9995117187e-01
       483   -4.6104590788e-01    6.5317112782e-01   -1.1845965112e+00    7.2355060329e-01   -1.1845965112e+00    2.0480000000e+05    5.3151384982e-03    9.9997558594e-01
       484   -4.5563230702e-01    7.3553060988e-01   -1.1901623913e+00    7.3453008431e-01   -1.1901623913e+00    2.0480000000e+05    5.3126090906e-03    9.9996582031e-01
       485   -4.5567746125e-01    6.5553730248e-01   -1.1802459072e+00    7.2456844590e-01   -1.1802459072e+00    2.0480000000e+05    5.3163110352e-03    9.9995117187e-01
       486   -4.6748724001e-01    8.1038454934e-01   -1.1915016380e+00    7.2401439801e-01   -1.1915016380e+00    2.0480000000e+05    5.3141308310e-03    9.9996582031e-01
       487   -4.6866932375e-01    7.3588101308e-01   -1.1836651366e+00    7.1499581284e-01   -1.1836651366e+00    2.0480000000e+05    5.2947599524e-03    9.9993652344e-01
       488   -4.6956262133e-01    9.1487590270e-01   -1.1715708287e+00    7.0200820741e-01   -1.1715708287e+00    2.0480000000e+05    5.3145074744e-03    9.9996582031e-01
       489   -4.6060919465e-01    6.1275703963e-01   -1.1656733177e+00    7.0506412303e-01   -1.1656733177e+00    2.0480000000e+05    5.3143624335e-03    9.9993164062e-01
       490   -4.6475616527e-01    6.3235200782e-01   -1.1706224426e+00    7.0586627736e-01   -1.1706224426e+00    2.0480000000e+05    5.3141685608e-03    9.9995605469e-01
       491   -4.6648266543e-01    6.4754998449e-01   -1.1820910176e+00    7.1560835212e-01   -1.1820910176e+00    2.0480000000e+05    5.3129870795e-03    9.9996093750e-01
       492   -4.7398878791e-01    1.1422861703e+00   -1.1680291200e+00    6.9404033212e-01   -1.1680291200e+00    2.0480000000e+05    5.2969736072e-03    9.9996582031e-01
       493   -4.5865714893e-01    6.4635778282e-01   -1.1626315689e+00    7.0397442000e-01   -1.1626315689e+00    2.0480000000e+05    5.3150813223e-03    9.9994140625e-01
       494   -4.6695087235e-01    7.4212019234e-01   -1.1812808752e+00    7.1433000286e-01   -1.1812808752e+00    2.0480000000e+05    5.3138358044e-03    9.9996093750e-01
       495   -4.5201821689e-01    7.8756260630e-01   -1.1841396183e+00    7.3212140146e-01   -1.1841396183e+00    2.0480000000e+05    5.3174919366e-03    9.9996093750e-01
       496   -4.6180137614e-01    6.6098851032e-01   -1.1967937455e+00    7.3499236936e-01   -1.1967937455e+00    2.0480000000e+05    5.3132273099e-03    9.9994628906e-01
       497   -4.4851554623e-01    5.3952892092e-01   -1.1949055400e+00    7.4638999376e-01   -1.1949055400e+00    2.0480000000e+05    5.2955447510e-03    9.9996093750e-01
       498   -4.6384928762e-01    7.5928177887e-01   -1.1881604048e+00    7.2431111713e-01   -1.1881604048e+00    2.0480000000e+05    5.3163079700e-03    9.9993652344e-01
       499   -4.6373918894e-01    8.2654762503e-01   -1.1939936340e+00    7.3025444506e-01   -1.1939936340e+00    2.0480000000e+05    5.3148804242e-03    9.9998046875e-01
