#   index    LocalEnergy         LocalEnergy_sq      LocalPotential      Kinetic             ElecElec            IonIon              LocalECP            NonLocalECP         MPC                 KEcorr              BlockWeight         BlockCPU            AcceptRatio         
         0   -4.5036322647e+01    2.0295190001e+03   -7.9072623091e+01    3.4036300444e+01   -1.1435707202e+01   -5.1102678671e+01   -2.0864652857e+01    4.3304156395e+00   -1.1122798708e+01    7.6908697481e-02    5.1200000000e+02    1.2754151711e-02    7.5506591797e-01
         1   -4.4988501324e+01    2.0251825109e+03   -7.9491347441e+01    3.4502846118e+01   -1.1481802360e+01   -5.1102678671e+01   -2.0965229264e+01    4.0583628543e+00   -1.1180357122e+01    7.6908697481e-02    5.1200000000e+02    1.3111009473e-02    7.5921630859e-01
         2   -4.4981309888e+01    2.0247388148e+03   -7.9005595080e+01    3.4024285192e+01   -1.1616868741e+01   -5.1102678671e+01   -2.0110957745e+01    3.8249100779e+00   -1.1311673957e+01    7.6908697481e-02    5.1200000000e+02    1.2707349231e-02    7.5622558594e-01
         3   -4.4929063469e+01    2.0203367528e+03   -7.8964951825e+01    3.4035888356e+01   -1.1392258201e+01   -5.1102678671e+01   -2.0288066729e+01    3.8180517769e+00   -1.1086144718e+01    7.6908697481e-02    5.1200000000e+02    1.2718379836e-02    7.5659179688e-01
         4   -4.4881957884e+01    2.0156740252e+03   -7.9143899461e+01    3.4261941577e+01   -1.1523345610e+01   -5.1102678671e+01   -2.0212964610e+01    3.6950894302e+00   -1.1189271513e+01    7.6908697481e-02    5.1200000000e+02    1.2673730313e-02    7.5463867188e-01
         5   -4.4923680821e+01    2.0193694873e+03   -7.9099660152e+01    3.4175979331e+01   -1.1400642187e+01   -5.1102678671e+01   -2.0257320028e+01    3.6609807336e+00   -1.1069172875e+01    7.6908697481e-02    5.1200000000e+02    1.2711967507e-02    7.5158691406e-01
         6   -4.4916572756e+01    2.0188392642e+03   -7.9608435518e+01    3.4691862761e+01   -1.1651850268e+01   -5.1102678671e+01   -2.0217645496e+01    3.3637389183e+00   -1.1337996402e+01    7.6908697481e-02    5.1200000000e+02    1.2692331875e-02    7.5213623047e-01
         7   -4.4922246197e+01    2.0192685946e+03   -7.9325864129e+01    3.4403617932e+01   -1.1547651243e+01   -5.1102678671e+01   -2.0498592989e+01    3.8230587748e+00   -1.1231562403e+01    7.6908697481e-02    5.1200000000e+02    1.2715003623e-02    7.5677490234e-01
         8   -4.4982104811e+01    2.0245984183e+03   -7.9855083099e+01    3.4872978288e+01   -1.1498350649e+01   -5.1102678671e+01   -2.1108296307e+01    3.8542425286e+00   -1.1183592939e+01    7.6908697481e-02    5.1200000000e+02    1.2723687761e-02    7.5927734375e-01
         9   -4.5051880460e+01    2.0311690078e+03   -7.9896221838e+01    3.4844341378e+01   -1.1447573125e+01   -5.1102678671e+01   -2.1321989290e+01    3.9760192475e+00   -1.1136943906e+01    7.6908697481e-02    5.1200000000e+02    1.2709016191e-02    7.5189208984e-01
        10   -4.4971541229e+01    2.0237691134e+03   -7.9357766585e+01    3.4386225357e+01   -1.1409141706e+01   -5.1102678671e+01   -2.0998257556e+01    4.1523113481e+00   -1.1084531529e+01    7.6908697481e-02    5.1200000000e+02    1.2742036431e-02    7.5744628906e-01
        11   -4.4921326232e+01    2.0190978336e+03   -7.9316875234e+01    3.4395549003e+01   -1.1414198234e+01   -5.1102678671e+01   -2.0783219444e+01    3.9832211145e+00   -1.1081778345e+01    7.6908697481e-02    5.1200000000e+02    1.2702771824e-02    7.5744628906e-01
        12   -4.4902129932e+01    2.0177073267e+03   -7.8779578930e+01    3.3877448998e+01   -1.1243559474e+01   -5.1102678671e+01   -2.0640411939e+01    4.2070711545e+00   -1.0908448755e+01    7.6908697481e-02    5.1200000000e+02    1.2664889131e-02    7.5616455078e-01
        13   -4.5006701462e+01    2.0267462533e+03   -7.9277012167e+01    3.4270310705e+01   -1.1431441869e+01   -5.1102678671e+01   -2.0752542706e+01    4.0096510788e+00   -1.1122861576e+01    7.6908697481e-02    5.1200000000e+02    1.2702946697e-02    7.5579833984e-01
        14   -4.4918409516e+01    2.0187293723e+03   -7.9040696467e+01    3.4122286951e+01   -1.1589368046e+01   -5.1102678671e+01   -1.9836984746e+01    3.4883349961e+00   -1.1274512686e+01    7.6908697481e-02    5.1200000000e+02    1.2723942080e-02    7.5598144531e-01
        15   -4.4956702318e+01    2.0222149362e+03   -7.9202818999e+01    3.4246116682e+01   -1.1372380943e+01   -5.1102678671e+01   -2.0546916749e+01    3.8191573636e+00   -1.1068984107e+01    7.6908697481e-02    5.1200000000e+02    1.2715064626e-02    7.5897216797e-01
        16   -4.4915810047e+01    2.0188334760e+03   -7.9446471764e+01    3.4530661717e+01   -1.1417549633e+01   -5.1102678671e+01   -2.0808821058e+01    3.8825775980e+00   -1.1118892916e+01    7.6908697481e-02    5.1200000000e+02    1.2709780779e-02    7.6031494141e-01
        17   -4.4993428417e+01    2.0256111081e+03   -7.9260899525e+01    3.4267471108e+01   -1.1211584539e+01   -5.1102678671e+01   -2.0835248633e+01    3.8886123183e+00   -1.0895814010e+01    7.6908697481e-02    5.1200000000e+02    1.2689723560e-02    7.5793457031e-01
        18   -4.4980125953e+01    2.0243991663e+03   -7.9326348817e+01    3.4346222863e+01   -1.1434030863e+01   -5.1102678671e+01   -2.0693712542e+01    3.9040732594e+00   -1.1116217436e+01    7.6908697481e-02    5.1200000000e+02    1.2701015139e-02    7.5555419922e-01
        19   -4.4987326761e+01    2.0250125233e+03   -8.0140191408e+01    3.5152864648e+01   -1.1289161443e+01   -5.1102678671e+01   -2.1766270822e+01    4.0179195279e+00   -1.0947306646e+01    7.6908697481e-02    5.1200000000e+02    1.2741184658e-02    7.5244140625e-01
        20   -4.4929584261e+01    2.0200945698e+03   -8.0376137772e+01    3.5446553511e+01   -1.1372011438e+01   -5.1102678671e+01   -2.1426623529e+01    3.5251758658e+00   -1.1055469733e+01    7.6908697481e-02    5.1200000000e+02    1.2773267744e-02    7.5146484375e-01
        21   -4.4970699290e+01    2.0236090483e+03   -7.9502128603e+01    3.4531429313e+01   -1.1465052112e+01   -5.1102678671e+01   -2.0856442856e+01    3.9220450359e+00   -1.1167249673e+01    7.6908697481e-02    5.1200000000e+02    1.2748326284e-02    7.4816894531e-01
        22   -4.5029172937e+01    2.0289151318e+03   -8.0084071577e+01    3.5054898640e+01   -1.1418460656e+01   -5.1102678671e+01   -2.1562385454e+01    3.9994532046e+00   -1.1100461494e+01    7.6908697481e-02    5.1200000000e+02    1.2761372402e-02    7.5158691406e-01
        23   -4.5013776227e+01    2.0276607374e+03   -7.9344628088e+01    3.4330851862e+01   -1.1439114484e+01   -5.1102678671e+01   -2.0807026843e+01    4.0041919094e+00   -1.1142229159e+01    7.6908697481e-02    5.1200000000e+02    1.2773802812e-02    7.5457763672e-01
        24   -4.5037799547e+01    2.0296577704e+03   -7.9749256634e+01    3.4711457087e+01   -1.1335359436e+01   -5.1102678671e+01   -2.1260335774e+01    3.9491172472e+00   -1.1012940623e+01    7.6908697481e-02    5.1200000000e+02    1.2752275249e-02    7.5622558594e-01
        25   -4.4962415737e+01    2.0228448689e+03   -7.9551617228e+01    3.4589201492e+01   -1.1337243919e+01   -5.1102678671e+01   -2.0964500450e+01    3.8528058117e+00   -1.1004021809e+01    7.6908697481e-02    5.1200000000e+02    1.2703227302e-02    7.5366210938e-01
        26   -4.4930976547e+01    2.0200294874e+03   -7.9103787245e+01    3.4172810698e+01   -1.1547611866e+01   -5.1102678671e+01   -2.0424144563e+01    3.9706478551e+00   -1.1226892436e+01    7.6908697481e-02    5.1200000000e+02    1.2667459939e-02    7.5628662109e-01
        27   -4.4980973024e+01    2.0245602584e+03   -7.9042413859e+01    3.4061440834e+01   -1.1256491817e+01   -5.1102678671e+01   -2.0695052822e+01    4.0118094513e+00   -1.0926969132e+01    7.6908697481e-02    5.1200000000e+02    1.2677101626e-02    7.5390625000e-01
        28   -4.4942820314e+01    2.0212478610e+03   -7.9458300047e+01    3.4515479733e+01   -1.1472850898e+01   -5.1102678671e+01   -2.0711394934e+01    3.8286244563e+00   -1.1156361534e+01    7.6908697481e-02    5.1200000000e+02    1.2699503225e-02    7.5238037109e-01
        29   -4.4972092745e+01    2.0235372812e+03   -7.9232521389e+01    3.4260428644e+01   -1.1364590901e+01   -5.1102678671e+01   -2.0723012493e+01    3.9577606760e+00   -1.1068829088e+01    7.6908697481e-02    5.1200000000e+02    1.2665185591e-02    7.5878906250e-01
        30   -4.4980768020e+01    2.0245469630e+03   -7.9629971625e+01    3.4649203604e+01   -1.1402189119e+01   -5.1102678671e+01   -2.0820549458e+01    3.6954456233e+00   -1.1098862225e+01    7.6908697481e-02    5.1200000000e+02    1.2746324448e-02    7.5024414062e-01
        31   -4.4926701560e+01    2.0196208085e+03   -7.9140967266e+01    3.4214265706e+01   -1.1452520154e+01   -5.1102678671e+01   -2.0656739306e+01    4.0709708654e+00   -1.1134394595e+01    7.6908697481e-02    5.1200000000e+02    1.2703667771e-02    7.5598144531e-01
        32   -4.4989793585e+01    2.0253697447e+03   -7.9961232131e+01    3.4971438546e+01   -1.1429115102e+01   -5.1102678671e+01   -2.1290819879e+01    3.8613815207e+00   -1.1112044757e+01    7.6908697481e-02    5.1200000000e+02    1.2750558235e-02    7.5970458984e-01
        33   -4.4976245353e+01    2.0239890701e+03   -7.9833138950e+01    3.4856893598e+01   -1.1232379358e+01   -5.1102678671e+01   -2.1517694185e+01    4.0196132642e+00   -1.0927021093e+01    7.6908697481e-02    5.1200000000e+02    1.2767343918e-02    7.5610351562e-01
        34   -4.4940028156e+01    2.0206888398e+03   -7.9044473243e+01    3.4104445087e+01   -1.1532329175e+01   -5.1102678671e+01   -2.0407332369e+01    3.9978669716e+00   -1.1217527009e+01    7.6908697481e-02    5.1200000000e+02    1.2684483894e-02    7.5598144531e-01
        35   -4.4961960458e+01    2.0230468060e+03   -7.9380208174e+01    3.4418247716e+01   -1.1574812432e+01   -5.1102678671e+01   -2.0812710175e+01    4.1099931036e+00   -1.1251632334e+01    7.6908697481e-02    5.1200000000e+02    1.2717811428e-02    7.5982666016e-01
        36   -4.5010289813e+01    2.0271987366e+03   -7.9286068986e+01    3.4275779172e+01   -1.1307509418e+01   -5.1102678671e+01   -2.0719666526e+01    3.8437856293e+00   -1.0995372606e+01    7.6908697481e-02    5.1200000000e+02    1.2705644460e-02    7.6086425781e-01
        37   -4.4928915106e+01    2.0198379628e+03   -7.9171814396e+01    3.4242899290e+01   -1.1516698978e+01   -5.1102678671e+01   -2.0389084839e+01    3.8366480917e+00   -1.1212992118e+01    7.6908697481e-02    5.1200000000e+02    1.2654139880e-02    7.5714111328e-01
        38   -4.5034301958e+01    2.0294581962e+03   -7.9787994852e+01    3.4753692894e+01   -1.1623129913e+01   -5.1102678671e+01   -2.1019354078e+01    3.9571678094e+00   -1.1311518211e+01    7.6908697481e-02    5.1200000000e+02    1.2669755435e-02    7.5976562500e-01
        39   -4.4977047450e+01    2.0243006973e+03   -7.9341913956e+01    3.4364866506e+01   -1.1609077834e+01   -5.1102678671e+01   -2.0321311129e+01    3.6911536792e+00   -1.1303284669e+01    7.6908697481e-02    5.1200000000e+02    1.2726368757e-02    7.5683593750e-01
        40   -4.5004603397e+01    2.0265252069e+03   -7.9705287705e+01    3.4700684308e+01   -1.1594745583e+01   -5.1102678671e+01   -2.0792861446e+01    3.7849979955e+00   -1.1326027460e+01    7.6908697481e-02    5.1200000000e+02    1.2660891506e-02    7.5830078125e-01
        41   -4.5053152192e+01    2.0311892033e+03   -7.9677393975e+01    3.4624241783e+01   -1.1510877572e+01   -5.1102678671e+01   -2.1102530057e+01    4.0386923250e+00   -1.1214825172e+01    7.6908697481e-02    5.1200000000e+02    1.2670562551e-02    7.5787353516e-01
        42   -4.4984866148e+01    2.0249114527e+03   -8.0345403682e+01    3.5360537534e+01   -1.1632882928e+01   -5.1102678671e+01   -2.1606631170e+01    3.9967890880e+00   -1.1335127450e+01    7.6908697481e-02    5.1200000000e+02    1.2705519934e-02    7.5567626953e-01
        43   -4.4989795716e+01    2.0253753818e+03   -8.0012212898e+01    3.5022417182e+01   -1.1681488597e+01   -5.1102678671e+01   -2.1215129471e+01    3.9870838410e+00   -1.1378755682e+01    7.6908697481e-02    5.1200000000e+02    1.2680264094e-02    7.5628662109e-01
        44   -4.4913468112e+01    2.0184371172e+03   -7.9498747708e+01    3.4585279596e+01   -1.1600101429e+01   -5.1102678671e+01   -2.0106250471e+01    3.3102828631e+00   -1.1278904117e+01    7.6908697481e-02    5.1200000000e+02    1.2680222886e-02    7.5549316406e-01
        45   -4.4900014527e+01    2.0171934029e+03   -7.8833211404e+01    3.3933196877e+01   -1.1640867352e+01   -5.1102678671e+01   -1.9314275356e+01    3.2246099755e+00   -1.1294484385e+01    7.6908697481e-02    5.1200000000e+02    1.2688251045e-02    7.5543212891e-01
        46   -4.4977943311e+01    2.0242820272e+03   -7.9072418010e+01    3.4094474699e+01   -1.1501545484e+01   -5.1102678671e+01   -2.0200949513e+01    3.7327556574e+00   -1.1187266566e+01    7.6908697481e-02    5.1200000000e+02    1.2684903218e-02    7.5744628906e-01
        47   -4.5011769683e+01    2.0272211161e+03   -7.8974780397e+01    3.3963010713e+01   -1.1369784538e+01   -5.1102678671e+01   -2.0507838215e+01    4.0055210276e+00   -1.1054673513e+01    7.6908697481e-02    5.1200000000e+02    1.2758007947e-02    7.5579833984e-01
        48   -4.4891073883e+01    2.0167025643e+03   -7.9320557504e+01    3.4429483621e+01   -1.1319156963e+01   -5.1102678671e+01   -2.0538100377e+01    3.6393785069e+00   -1.1015974217e+01    7.6908697481e-02    5.1200000000e+02    1.2731920896e-02    7.5457763672e-01
        49   -4.4938064159e+01    2.0207265658e+03   -7.9383655092e+01    3.4445590932e+01   -1.1237517805e+01   -5.1102678671e+01   -2.0539764397e+01    3.4963057815e+00   -1.0928135971e+01    7.6908697481e-02    5.1200000000e+02    1.2760083010e-02    7.5891113281e-01
        50   -4.4922816662e+01    2.0194082297e+03   -7.9983658112e+01    3.5060841450e+01   -1.1435986671e+01   -5.1102678671e+01   -2.1316128848e+01    3.8711360785e+00   -1.1118996148e+01    7.6908697481e-02    5.1200000000e+02    1.2682084492e-02    7.4987792969e-01
        51   -4.4917110309e+01    2.0186832455e+03   -7.9257069343e+01    3.4339959034e+01   -1.1370674481e+01   -5.1102678671e+01   -2.0523363000e+01    3.7396468095e+00   -1.1051151761e+01    7.6908697481e-02    5.1200000000e+02    1.2676553013e-02    7.5476074219e-01
        52   -4.4946224932e+01    2.0216700218e+03   -7.9684146388e+01    3.4737921456e+01   -1.1384492071e+01   -5.1102678671e+01   -2.0846720402e+01    3.6497447563e+00   -1.1074946633e+01    7.6908697481e-02    5.1200000000e+02    1.2684416021e-02    7.5665283203e-01
        53   -4.5028809322e+01    2.0288325961e+03   -7.9539928897e+01    3.4511119575e+01   -1.1415947198e+01   -5.1102678671e+01   -2.0878458176e+01    3.8571551487e+00   -1.1111870968e+01    7.6908697481e-02    5.1200000000e+02    1.2708723135e-02    7.5549316406e-01
        54   -4.4957191890e+01    2.0226882645e+03   -7.9550269854e+01    3.4593077965e+01   -1.1646825679e+01   -5.1102678671e+01   -2.0567443907e+01    3.7666784029e+00   -1.1328852167e+01    7.6908697481e-02    5.1200000000e+02    1.2674731055e-02    7.5817871094e-01
        55   -4.4942245902e+01    2.0210751041e+03   -7.9043639696e+01    3.4101393794e+01   -1.1300192895e+01   -5.1102678671e+01   -2.0307739368e+01    3.6669712383e+00   -1.0975783765e+01    7.6908697481e-02    5.1200000000e+02    1.2676685007e-02    7.5598144531e-01
        56   -4.4947517017e+01    2.0214797397e+03   -7.9228103005e+01    3.4280585988e+01   -1.1439077818e+01   -5.1102678671e+01   -2.0124278141e+01    3.4379316251e+00   -1.1113792497e+01    7.6908697481e-02    5.1200000000e+02    1.2667218088e-02    7.5482177734e-01
        57   -4.4987149842e+01    2.0251715196e+03   -7.9249565500e+01    3.4262415657e+01   -1.1570840104e+01   -5.1102678671e+01   -2.0375421037e+01    3.7993743128e+00   -1.1273359099e+01    7.6908697481e-02    5.1200000000e+02    1.2680487554e-02    7.5561523438e-01
        58   -4.4900891047e+01    2.0173263117e+03   -7.8721961598e+01    3.3821070551e+01   -1.1553745877e+01   -5.1102678671e+01   -1.9804163182e+01    3.7386261316e+00   -1.1233076032e+01    7.6908697481e-02    5.1200000000e+02    1.2698346238e-02    7.6104736328e-01
        59   -4.5015565669e+01    2.0277019315e+03   -7.9288268118e+01    3.4272702449e+01   -1.1509273609e+01   -5.1102678671e+01   -2.0489969202e+01    3.8136533644e+00   -1.1200561815e+01    7.6908697481e-02    5.1200000000e+02    1.2667399055e-02    7.5781250000e-01
        60   -4.5022162705e+01    2.0285397551e+03   -7.9648656727e+01    3.4626494022e+01   -1.1502277282e+01   -5.1102678671e+01   -2.0862692352e+01    3.8189915782e+00   -1.1186139009e+01    7.6908697481e-02    5.1200000000e+02    1.2696417778e-02    7.5384521484e-01
        61   -4.5038876352e+01    2.0299123177e+03   -7.9237323336e+01    3.4198446984e+01   -1.1552000725e+01   -5.1102678671e+01   -2.0695929815e+01    4.1132858753e+00   -1.1252509820e+01    7.6908697481e-02    5.1200000000e+02    1.2688358044e-02    7.5469970703e-01
        62   -4.4987237140e+01    2.0249765323e+03   -7.9160665590e+01    3.4173428450e+01   -1.1589333437e+01   -5.1102678671e+01   -2.0596232082e+01    4.1275786003e+00   -1.1272611501e+01    7.6908697481e-02    5.1200000000e+02    1.2648470837e-02    7.5793457031e-01
        63   -4.4988978989e+01    2.0254087550e+03   -7.9248079336e+01    3.4259100348e+01   -1.1537228932e+01   -5.1102678671e+01   -2.0725616227e+01    4.1174444945e+00   -1.1215600737e+01    7.6908697481e-02    5.1200000000e+02    1.2615670776e-02    7.4822998047e-01
        64   -4.4991002034e+01    2.0255289257e+03   -7.9245345334e+01    3.4254343300e+01   -1.1530889186e+01   -5.1102678671e+01   -2.0500119292e+01    3.8883418142e+00   -1.1211101062e+01    7.6908697481e-02    5.1200000000e+02    1.2716182209e-02    7.5714111328e-01
        65   -4.5015904491e+01    2.0278266730e+03   -7.9021899505e+01    3.4005995014e+01   -1.1570497783e+01   -5.1102678671e+01   -2.0440798270e+01    4.0920752192e+00   -1.1252038497e+01    7.6908697481e-02    5.1200000000e+02    1.2681275830e-02    7.5616455078e-01
        66   -4.4991144335e+01    2.0255737163e+03   -7.9580233151e+01    3.4589088816e+01   -1.1371324998e+01   -5.1102678671e+01   -2.1205130912e+01    4.0989014301e+00   -1.1035377163e+01    7.6908697481e-02    5.1200000000e+02    1.2760091301e-02    7.5103759766e-01
        67   -4.4995313032e+01    2.0259040057e+03   -7.9240415615e+01    3.4245102583e+01   -1.1251637622e+01   -5.1102678671e+01   -2.1188887698e+01    4.3027883762e+00   -1.0921507306e+01    7.6908697481e-02    5.1200000000e+02    1.2682996968e-02    7.5579833984e-01
        68   -4.4964116463e+01    2.0230906694e+03   -7.9368639385e+01    3.4404522922e+01   -1.1346882440e+01   -5.1102678671e+01   -2.0705840134e+01    3.7867618594e+00   -1.1010061403e+01    7.6908697481e-02    5.1200000000e+02    1.2626135903e-02    7.5512695312e-01
        69   -4.4905287393e+01    2.0177819553e+03   -7.9415630670e+01    3.4510343276e+01   -1.1346146168e+01   -5.1102678671e+01   -2.1074367634e+01    4.1075618030e+00   -1.1009941644e+01    7.6908697481e-02    5.1200000000e+02    1.2696674241e-02    7.5158691406e-01
        70   -4.4984916493e+01    2.0249212664e+03   -7.9288865440e+01    3.4303948947e+01   -1.1431576368e+01   -5.1102678671e+01   -2.0689745069e+01    3.9351346683e+00   -1.1091393447e+01    7.6908697481e-02    5.1200000000e+02    1.2729596924e-02    7.5781250000e-01
        71   -4.5020135575e+01    2.0282085449e+03   -7.9476032463e+01    3.4455896888e+01   -1.1408091894e+01   -5.1102678671e+01   -2.0896676340e+01    3.9314144429e+00   -1.1081220194e+01    7.6908697481e-02    5.1200000000e+02    1.2729245571e-02    7.5238037109e-01
        72   -4.4977011875e+01    2.0242921501e+03   -7.9772956994e+01    3.4795945120e+01   -1.1508487106e+01   -5.1102678671e+01   -2.1057555645e+01    3.8957644278e+00   -1.1209040726e+01    7.6908697481e-02    5.1200000000e+02    1.2707503987e-02    7.5366210938e-01
        73   -4.4979341325e+01    2.0244124659e+03   -7.9002570598e+01    3.4023229273e+01   -1.1404151858e+01   -5.1102678671e+01   -2.0387316527e+01    3.8915764578e+00   -1.1082639360e+01    7.6908697481e-02    5.1200000000e+02    1.2749643704e-02    7.5585937500e-01
        74   -4.4974989198e+01    2.0243608725e+03   -7.9420323089e+01    3.4445333890e+01   -1.1637450157e+01   -5.1102678671e+01   -2.0466853567e+01    3.7866593071e+00   -1.1326622837e+01    7.6908697481e-02    5.1200000000e+02    1.2728936721e-02    7.5970458984e-01
        75   -4.4960972117e+01    2.0226906241e+03   -7.9598290743e+01    3.4637318625e+01   -1.1713990754e+01   -5.1102678671e+01   -2.0859199331e+01    4.0775780136e+00   -1.1410486722e+01    7.6908697481e-02    5.1200000000e+02    1.2701075049e-02    7.5421142578e-01
        76   -4.4955208396e+01    2.0221884411e+03   -7.9135164626e+01    3.4179956230e+01   -1.1511423300e+01   -5.1102678671e+01   -2.0735064618e+01    4.2140019638e+00   -1.1192612636e+01    7.6908697481e-02    5.1200000000e+02    1.2739292664e-02    7.5421142578e-01
        77   -4.5023177598e+01    2.0282115622e+03   -7.9676722746e+01    3.4653545148e+01   -1.1526043884e+01   -5.1102678671e+01   -2.1176637851e+01    4.1286376603e+00   -1.1201378260e+01    7.6908697481e-02    5.1200000000e+02    1.2700327100e-02    7.5439453125e-01
        78   -4.5069874090e+01    2.0325765515e+03   -7.9499108312e+01    3.4429234223e+01   -1.1472361132e+01   -5.1102678671e+01   -2.0703323112e+01    3.7792546027e+00   -1.1147329195e+01    7.6908697481e-02    5.1200000000e+02    1.2670659153e-02    7.5738525391e-01
        79   -4.5025520091e+01    2.0284061813e+03   -7.9215778212e+01    3.4190258121e+01   -1.1709657555e+01   -5.1102678671e+01   -2.0348422902e+01    3.9449809161e+00   -1.1392790926e+01    7.6908697481e-02    5.1200000000e+02    1.2702194766e-02    7.6098632812e-01
        80   -4.4957519802e+01    2.0223396819e+03   -7.9248028000e+01    3.4290508197e+01   -1.1564197053e+01   -5.1102678671e+01   -2.0275029903e+01    3.6938776270e+00   -1.1258573900e+01    7.6908697481e-02    5.1200000000e+02    1.2736360569e-02    7.5860595703e-01
        81   -4.4989967353e+01    2.0253116993e+03   -7.9188612277e+01    3.4198644924e+01   -1.1568434718e+01   -5.1102678671e+01   -2.0241405841e+01    3.7239069530e+00   -1.1263152649e+01    7.6908697481e-02    5.1200000000e+02    1.2746900811e-02    7.6135253906e-01
        82   -4.4941004871e+01    2.0208156816e+03   -7.9633301109e+01    3.4692296239e+01   -1.1454060952e+01   -5.1102678671e+01   -2.0167361525e+01    3.0908000391e+00   -1.1133219700e+01    7.6908697481e-02    5.1200000000e+02    1.2814384067e-02    7.5860595703e-01
        83   -4.4955865255e+01    2.0222547388e+03   -7.9011385753e+01    3.4055520499e+01   -1.1401337100e+01   -5.1102678671e+01   -2.0555324435e+01    4.0479544539e+00   -1.1070295905e+01    7.6908697481e-02    5.1200000000e+02    1.2757855879e-02    7.5897216797e-01
        84   -4.4969413695e+01    2.0235775964e+03   -7.9230431159e+01    3.4261017464e+01   -1.1393497786e+01   -5.1102678671e+01   -2.1085466526e+01    4.3512118243e+00   -1.1082585325e+01    7.6908697481e-02    5.1200000000e+02    1.2738639712e-02    7.5756835938e-01
        85   -4.4930842293e+01    2.0201710844e+03   -7.8953194021e+01    3.4022351727e+01   -1.1365114107e+01   -5.1102678671e+01   -2.0527153859e+01    4.0417526160e+00   -1.1048585044e+01    7.6908697481e-02    5.1200000000e+02    1.2705742717e-02    7.5061035156e-01
        86   -4.4978172331e+01    2.0244456984e+03   -7.9289447604e+01    3.4311275272e+01   -1.1570122849e+01   -5.1102678671e+01   -2.0712394652e+01    4.0957485689e+00   -1.1262482191e+01    7.6908697481e-02    5.1200000000e+02    1.2744511169e-02    7.5140380859e-01
        87   -4.4964460639e+01    2.0230845775e+03   -7.9530721699e+01    3.4566261060e+01   -1.1659904585e+01   -5.1102678671e+01   -2.0636676427e+01    3.8685379843e+00   -1.1366148689e+01    7.6908697481e-02    5.1200000000e+02    1.2736269114e-02    7.5408935547e-01
        88   -4.5051588688e+01    2.0308825694e+03   -7.9558045304e+01    3.4506456616e+01   -1.1540918672e+01   -5.1102678671e+01   -2.0814901495e+01    3.9004535341e+00   -1.1231286750e+01    7.6908697481e-02    5.1200000000e+02    1.2775036636e-02    7.5787353516e-01
        89   -4.5114339010e+01    2.0366040865e+03   -7.9626080804e+01    3.4511741795e+01   -1.1446650962e+01   -5.1102678671e+01   -2.1148146557e+01    4.0713953856e+00   -1.1154521656e+01    7.6908697481e-02    5.1200000000e+02    1.2765975977e-02    7.5280761719e-01
        90   -4.5008704499e+01    2.0272545113e+03   -7.9454075050e+01    3.4445370551e+01   -1.1590658148e+01   -5.1102678671e+01   -2.0630029493e+01    3.8692912626e+00   -1.1280515286e+01    7.6908697481e-02    5.1200000000e+02    1.2746752522e-02    7.5183105469e-01
        91   -4.4927032620e+01    2.0197834075e+03   -7.9799682616e+01    3.4872649996e+01   -1.1526158675e+01   -5.1102678671e+01   -2.0881862014e+01    3.7110167446e+00   -1.1213108675e+01    7.6908697481e-02    5.1200000000e+02    1.2727170286e-02    7.5091552734e-01
        92   -4.4975473045e+01    2.0239452573e+03   -7.9133447817e+01    3.4157974772e+01   -1.1414941042e+01   -5.1102678671e+01   -2.0593906291e+01    3.9780781874e+00   -1.1077890406e+01    7.6908697481e-02    5.1200000000e+02    1.2721278079e-02    7.5671386719e-01
        93   -4.5034526585e+01    2.0293636625e+03   -7.9507876210e+01    3.4473349626e+01   -1.1488443536e+01   -5.1102678671e+01   -2.0623276712e+01    3.7065227094e+00   -1.1180880180e+01    7.6908697481e-02    5.1200000000e+02    1.2751908640e-02    7.5329589844e-01
        94   -4.4989148344e+01    2.0253396193e+03   -7.9590766854e+01    3.4601618510e+01   -1.1601847018e+01   -5.1102678671e+01   -2.0567732287e+01    3.6814911222e+00   -1.1308799943e+01    7.6908697481e-02    5.1200000000e+02    1.2744111970e-02    7.5585937500e-01
        95   -4.4977563353e+01    2.0241459704e+03   -7.8748469793e+01    3.3770906441e+01   -1.1587276321e+01   -5.1102678671e+01   -1.9747624435e+01    3.6891096338e+00   -1.1299417663e+01    7.6908697481e-02    5.1200000000e+02    1.2681218782e-02    7.5537109375e-01
        96   -4.4944087211e+01    2.0211697018e+03   -7.8717169429e+01    3.3773082218e+01   -1.1680274311e+01   -5.1102678671e+01   -1.9899089290e+01    3.9648728435e+00   -1.1357384404e+01    7.6908697481e-02    5.1200000000e+02    1.2732493455e-02    7.5665283203e-01
        97   -4.5055737898e+01    2.0316546083e+03   -7.8947351324e+01    3.3891613426e+01   -1.1544143566e+01   -5.1102678671e+01   -2.0186979164e+01    3.8864500765e+00   -1.1236174652e+01    7.6908697481e-02    5.1200000000e+02    1.2620926980e-02    7.4993896484e-01
        98   -4.4991117975e+01    2.0253930745e+03   -7.9097375577e+01    3.4106257602e+01   -1.1431306876e+01   -5.1102678671e+01   -2.0292136427e+01    3.7287463973e+00   -1.1118356065e+01    7.6908697481e-02    5.1200000000e+02    1.2668666924e-02    7.5744628906e-01
        99   -4.5030089330e+01    2.0292570555e+03   -7.9718729041e+01    3.4688639710e+01   -1.1619449257e+01   -5.1102678671e+01   -2.0985231976e+01    3.9886308639e+00   -1.1331574733e+01    7.6908697481e-02    5.1200000000e+02    1.2634889670e-02    7.5573730469e-01
       100   -4.4956444301e+01    2.0223126560e+03   -7.9307959640e+01    3.4351515339e+01   -1.1331016275e+01   -5.1102678671e+01   -2.0520008465e+01    3.6457437713e+00   -1.1005719212e+01    7.6908697481e-02    5.1200000000e+02    1.2701309612e-02    7.5512695312e-01
       101   -4.5019178801e+01    2.0282251856e+03   -7.9900757623e+01    3.4881578821e+01   -1.1387903442e+01   -5.1102678671e+01   -2.0982826013e+01    3.5726505036e+00   -1.1057015859e+01    7.6908697481e-02    5.1200000000e+02    1.2748494775e-02    7.5994873047e-01
       102   -4.4990000164e+01    2.0253932331e+03   -7.9659181264e+01    3.4669181100e+01   -1.1554486310e+01   -5.1102678671e+01   -2.0898838020e+01    3.8968217366e+00   -1.1232803249e+01    7.6908697481e-02    5.1200000000e+02    1.2706364309e-02    7.6141357422e-01
       103   -4.4910292820e+01    2.0181217145e+03   -7.9644358969e+01    3.4734066148e+01   -1.1635225450e+01   -5.1102678671e+01   -2.0342872888e+01    3.4364180412e+00   -1.1331538059e+01    7.6908697481e-02    5.1200000000e+02    1.2714487085e-02    7.5311279297e-01
       104   -4.4888283984e+01    2.0162760523e+03   -7.9080849795e+01    3.4192565811e+01   -1.1642723299e+01   -5.1102678671e+01   -1.9916323117e+01    3.5808752919e+00   -1.1327198562e+01    7.6908697481e-02    5.1200000000e+02    1.2648451599e-02    7.5726318359e-01
       105   -4.5004365359e+01    2.0270363946e+03   -7.8854441053e+01    3.3850075693e+01   -1.1583822378e+01   -5.1102678671e+01   -2.0370527037e+01    4.2025870339e+00   -1.1262962181e+01    7.6908697481e-02    5.1200000000e+02    1.2651283398e-02    7.5854492188e-01
       106   -4.4856621148e+01    2.0134715023e+03   -7.8982864351e+01    3.4126243203e+01   -1.1615749834e+01   -5.1102678671e+01   -1.9958548488e+01    3.6941126424e+00   -1.1307835584e+01    7.6908697481e-02    5.1200000000e+02    1.2726310811e-02    7.5360107422e-01
       107   -4.4974105503e+01    2.0239672313e+03   -7.9204363334e+01    3.4230257832e+01   -1.1326010203e+01   -5.1102678671e+01   -2.0622636204e+01    3.8469617438e+00   -1.1000551768e+01    7.6908697481e-02    5.1200000000e+02    1.2672471694e-02    7.5445556641e-01
       108   -4.4904976314e+01    2.0178526520e+03   -7.8712902670e+01    3.3807926356e+01   -1.1584447979e+01   -5.1102678671e+01   -1.9719556568e+01    3.6937805483e+00   -1.1294114191e+01    7.6908697481e-02    5.1200000000e+02    1.2715777883e-02    7.5939941406e-01
       109   -4.4998043562e+01    2.0261548408e+03   -7.8964497544e+01    3.3966453983e+01   -1.1593375596e+01   -5.1102678671e+01   -2.0017080721e+01    3.7486374435e+00   -1.1294108843e+01    7.6908697481e-02    5.1200000000e+02    1.2673035757e-02    7.6092529297e-01
       110   -4.5000967290e+01    2.0264182293e+03   -7.9218124438e+01    3.4217157148e+01   -1.1521034075e+01   -5.1102678671e+01   -2.0288525496e+01    3.6941138043e+00   -1.1223642701e+01    7.6908697481e-02    5.1200000000e+02    1.2637496926e-02    7.5927734375e-01
       111   -4.4982055466e+01    2.0248154973e+03   -7.8815267662e+01    3.3833212196e+01   -1.1378235859e+01   -5.1102678671e+01   -2.0361633258e+01    4.0272801258e+00   -1.1049595987e+01    7.6908697481e-02    5.1200000000e+02    1.2675038899e-02    7.6000976562e-01
       112   -4.4952894705e+01    2.0222197253e+03   -7.8953987368e+01    3.4001092663e+01   -1.1477990845e+01   -5.1102678671e+01   -2.0230883194e+01    3.8575653433e+00   -1.1158726567e+01    7.6908697481e-02    5.1200000000e+02    1.2693862817e-02    7.6055908203e-01
       113   -4.5024375550e+01    2.0286445804e+03   -7.9478072867e+01    3.4453697316e+01   -1.1505548719e+01   -5.1102678671e+01   -2.0849467064e+01    3.9796215873e+00   -1.1182641074e+01    7.6908697481e-02    5.1200000000e+02    1.2685957471e-02    7.5592041016e-01
       114   -4.5022705856e+01    2.0282716317e+03   -7.9848206817e+01    3.4825500961e+01   -1.1580365422e+01   -5.1102678671e+01   -2.1051599566e+01    3.8864368422e+00   -1.1275543194e+01    7.6908697481e-02    5.1200000000e+02    1.2729036692e-02    7.5537109375e-01
       115   -4.5031103987e+01    2.0291182935e+03   -7.9902207076e+01    3.4871103090e+01   -1.1504813238e+01   -5.1102678671e+01   -2.1627700438e+01    4.3329852714e+00   -1.1200279458e+01    7.6908697481e-02    5.1200000000e+02    1.2710393149e-02    7.5158691406e-01
       116   -4.5107444448e+01    2.0360579822e+03   -7.9746172713e+01    3.4638728264e+01   -1.1336791401e+01   -5.1102678671e+01   -2.1181747906e+01    3.8750452653e+00   -1.1056367831e+01    7.6908697481e-02    5.1200000000e+02    1.2731027166e-02    7.5134277344e-01
       117   -4.5020514994e+01    2.0281173210e+03   -7.9699465957e+01    3.4678950963e+01   -1.1623700233e+01   -5.1102678671e+01   -2.0908227106e+01    3.9351400533e+00   -1.1329784845e+01    7.6908697481e-02    5.1200000000e+02    1.2661305483e-02    7.5463867188e-01
       118   -4.5008231992e+01    2.0269378228e+03   -8.0247939678e+01    3.5239707687e+01   -1.1488920585e+01   -5.1102678671e+01   -2.1836915107e+01    4.1805746845e+00   -1.1184797576e+01    7.6908697481e-02    5.1200000000e+02    1.2739611863e-02    7.5152587891e-01
       119   -4.4989617374e+01    2.0258599339e+03   -7.9116352383e+01    3.4126735009e+01   -1.1568333597e+01   -5.1102678671e+01   -2.0476920057e+01    4.0315799430e+00   -1.1249293063e+01    7.6908697481e-02    5.1200000000e+02    1.2733389197e-02    7.5958251953e-01
       120   -4.5015218338e+01    2.0276456223e+03   -7.9219087366e+01    3.4203869027e+01   -1.1640206273e+01   -5.1102678671e+01   -2.0412649865e+01    3.9364474441e+00   -1.1314213303e+01    7.6908697481e-02    5.1200000000e+02    1.2711714595e-02    7.4853515625e-01
       121   -4.4947285848e+01    2.0215787571e+03   -7.9291336322e+01    3.4344050474e+01   -1.1557334004e+01   -5.1102678671e+01   -2.0069216865e+01    3.4378932184e+00   -1.1239821582e+01    7.6908697481e-02    5.1200000000e+02    1.2671902693e-02    7.5646972656e-01
       122   -4.5042519164e+01    2.0302556744e+03   -7.9024865996e+01    3.3982346832e+01   -1.1313015780e+01   -5.1102678671e+01   -2.0594785858e+01    3.9856143133e+00   -1.0987666232e+01    7.6908697481e-02    5.1200000000e+02    1.2730880127e-02    7.5933837891e-01
       123   -4.4987223499e+01    2.0251864013e+03   -7.9428672966e+01    3.4441449467e+01   -1.1514712108e+01   -5.1102678671e+01   -2.0562104608e+01    3.7508224211e+00   -1.1222876894e+01    7.6908697481e-02    5.1200000000e+02    1.2738924976e-02    7.5970458984e-01
       124   -4.4957136909e+01    2.0224041535e+03   -8.0169302304e+01    3.5212165395e+01   -1.1549709115e+01   -5.1102678671e+01   -2.0783522007e+01    3.2666074896e+00   -1.1261295553e+01    7.6908697481e-02    5.1200000000e+02    1.2682125051e-02    7.5299072266e-01
       125   -4.4985530222e+01    2.0250809766e+03   -7.9132142407e+01    3.4146612186e+01   -1.1587233703e+01   -5.1102678671e+01   -2.0125810840e+01    3.6835808065e+00   -1.1286289182e+01    7.6908697481e-02    5.1200000000e+02    1.2627237571e-02    7.5195312500e-01
       126   -4.5003123097e+01    2.0265577598e+03   -7.9453959552e+01    3.4450836455e+01   -1.1492859987e+01   -5.1102678671e+01   -2.0444302104e+01    3.5858812106e+00   -1.1185061292e+01    7.6908697481e-02    5.1200000000e+02    1.2672544592e-02    7.5939941406e-01
       127   -4.5056483181e+01    2.0312648941e+03   -7.9394297518e+01    3.4337814337e+01   -1.1482787535e+01   -5.1102678671e+01   -2.0715786600e+01    3.9069552875e+00   -1.1167798314e+01    7.6908697481e-02    5.1200000000e+02    1.2775545796e-02    7.5695800781e-01
       128   -4.4931123788e+01    2.0198944221e+03   -7.9107710895e+01    3.4176587107e+01   -1.1518394137e+01   -5.1102678671e+01   -2.0177749893e+01    3.6911118064e+00   -1.1213159615e+01    7.6908697481e-02    5.1200000000e+02    1.2752732366e-02    7.5744628906e-01
       129   -4.4921431321e+01    2.0192687260e+03   -7.9383551224e+01    3.4462119902e+01   -1.1354398410e+01   -5.1102678671e+01   -2.0672367828e+01    3.7458936854e+00   -1.1035550500e+01    7.6908697481e-02    5.1200000000e+02    1.2781122117e-02    7.5903320312e-01
       130   -4.4985449552e+01    2.0250221096e+03   -8.0131393856e+01    3.5145944304e+01   -1.1392221616e+01   -5.1102678671e+01   -2.1327404731e+01    3.6909111624e+00   -1.1083853886e+01    7.6908697481e-02    5.1200000000e+02    1.2741037275e-02    7.5219726562e-01
       131   -4.4894869175e+01    2.0167174010e+03   -7.9699151648e+01    3.4804282474e+01   -1.1534263146e+01   -5.1102678671e+01   -2.0877507331e+01    3.8152975001e+00   -1.1213864410e+01    7.6908697481e-02    5.1200000000e+02    1.2700473076e-02    7.5189208984e-01
       132   -4.4905580708e+01    2.0176871965e+03   -7.9393385369e+01    3.4487804661e+01   -1.1358722166e+01   -5.1102678671e+01   -2.0868352797e+01    3.9363682644e+00   -1.1032617259e+01    7.6908697481e-02    5.1200000000e+02    1.2678813201e-02    7.5537109375e-01
       133   -4.5025973643e+01    2.0287388069e+03   -7.9715666124e+01    3.4689692481e+01   -1.1371779817e+01   -5.1102678671e+01   -2.1459442543e+01    4.2182349076e+00   -1.1036830619e+01    7.6908697481e-02    5.1200000000e+02    1.2668370083e-02    7.5787353516e-01
       134   -4.4947109693e+01    2.0216720628e+03   -7.9579052122e+01    3.4631942429e+01   -1.1472616267e+01   -5.1102678671e+01   -2.1033555512e+01    4.0297983282e+00   -1.1165110328e+01    7.6908697481e-02    5.1200000000e+02    1.2712895913e-02    7.5250244141e-01
       135   -4.4998202381e+01    2.0262352435e+03   -7.9759922192e+01    3.4761719811e+01   -1.1441945019e+01   -5.1102678671e+01   -2.1320723998e+01    4.1054254954e+00   -1.1135821077e+01    7.6908697481e-02    5.1200000000e+02    1.2717689463e-02    7.6080322266e-01
       136   -4.5026497373e+01    2.0285167625e+03   -7.9343876292e+01    3.4317378919e+01   -1.1544747296e+01   -5.1102678671e+01   -2.0643793506e+01    3.9473431816e+00   -1.1240989141e+01    7.6908697481e-02    5.1200000000e+02    1.2684536812e-02    7.5689697266e-01
       137   -4.4890587785e+01    2.0164140320e+03   -7.9447076479e+01    3.4556488694e+01   -1.1621678086e+01   -5.1102678671e+01   -2.0348400370e+01    3.6256806478e+00   -1.1303366645e+01    7.6908697481e-02    5.1200000000e+02    1.2678429534e-02    7.5567626953e-01
       138   -4.4911089988e+01    2.0181554461e+03   -7.9490447648e+01    3.4579357660e+01   -1.1615607393e+01   -5.1102678671e+01   -2.0492263272e+01    3.7201016873e+00   -1.1280819722e+01    7.6908697481e-02    5.1200000000e+02    1.2732661978e-02    7.5622558594e-01
       139   -4.4905087637e+01    2.0178792983e+03   -7.8904442612e+01    3.3999354974e+01   -1.1538499301e+01   -5.1102678671e+01   -2.0430730043e+01    4.1674654035e+00   -1.1212934661e+01    7.6908697481e-02    5.1200000000e+02    1.2768563311e-02    7.5195312500e-01
       140   -4.4989463645e+01    2.0255225106e+03   -7.9225965427e+01    3.4236501782e+01   -1.1429331996e+01   -5.1102678671e+01   -2.0890011778e+01    4.1960570178e+00   -1.1124068446e+01    7.6908697481e-02    5.1200000000e+02    1.2728187324e-02    7.5817871094e-01
       141   -4.4968229479e+01    2.0232931132e+03   -7.8902757226e+01    3.3934527747e+01   -1.1410554028e+01   -5.1102678671e+01   -2.0274072579e+01    3.8845480525e+00   -1.1104197015e+01    7.6908697481e-02    5.1200000000e+02    1.2704913840e-02    7.5683593750e-01
       142   -4.4999136590e+01    2.0259752477e+03   -7.9579044023e+01    3.4579907433e+01   -1.1360881153e+01   -5.1102678671e+01   -2.1115411995e+01    3.9999277953e+00   -1.1056503476e+01    7.6908697481e-02    5.1200000000e+02    1.2729466880e-02    7.5451660156e-01
       143   -4.4977069435e+01    2.0243684670e+03   -7.9689285974e+01    3.4712216538e+01   -1.1422734792e+01   -5.1102678671e+01   -2.0759228516e+01    3.5953560053e+00   -1.1105656804e+01    7.6908697481e-02    5.1200000000e+02    1.2768576760e-02    7.5366210938e-01
       144   -4.5027095818e+01    2.0287354561e+03   -7.9739121020e+01    3.4712025201e+01   -1.1343100341e+01   -5.1102678671e+01   -2.1034497635e+01    3.7411556275e+00   -1.1017600502e+01    7.6908697481e-02    5.1200000000e+02    1.2743454624e-02    7.6098632812e-01
       145   -4.4959891357e+01    2.0226492590e+03   -7.9411119813e+01    3.4451228457e+01   -1.1297701748e+01   -5.1102678671e+01   -2.0832785360e+01    3.8220459664e+00   -1.0950926237e+01    7.6908697481e-02    5.1200000000e+02    1.2777252585e-02    7.6068115234e-01
       146   -4.4959049308e+01    2.0224899486e+03   -7.9304466827e+01    3.4345417519e+01   -1.1313770789e+01   -5.1102678671e+01   -2.0719484487e+01    3.8314671205e+00   -1.0985497226e+01    7.6908697481e-02    5.1200000000e+02    1.2797588911e-02    7.5976562500e-01
       147   -4.5134589456e+01    2.0387562282e+03   -7.9929529156e+01    3.4794939700e+01   -1.1457645562e+01   -5.1102678671e+01   -2.1268679952e+01    3.8994750290e+00   -1.1143261780e+01    7.6908697481e-02    5.1200000000e+02    1.2838712415e-02    7.5250244141e-01
       148   -4.5057401511e+01    2.0315945979e+03   -7.9624449942e+01    3.4567048431e+01   -1.1321033612e+01   -5.1102678671e+01   -2.1090828104e+01    3.8900904458e+00   -1.1007329215e+01    7.6908697481e-02    5.1200000000e+02    1.2866258101e-02    7.5714111328e-01
       149   -4.5103210240e+01    2.0355847528e+03   -7.9968153866e+01    3.4864943626e+01   -1.1569300271e+01   -5.1102678671e+01   -2.1538683868e+01    4.2425089444e+00   -1.1264393380e+01    7.6908697481e-02    5.1200000000e+02    1.2790990813e-02    7.5366210938e-01
       150   -4.5101595952e+01    2.0356062062e+03   -7.9720354650e+01    3.4618758697e+01   -1.1384835162e+01   -5.1102678671e+01   -2.1339464404e+01    4.1066235874e+00   -1.1086116383e+01    7.6908697481e-02    5.1200000000e+02    1.2792764919e-02    7.5946044922e-01
       151   -4.5040618742e+01    2.0300643657e+03   -7.9697222983e+01    3.4656604241e+01   -1.1427627981e+01   -5.1102678671e+01   -2.1312043435e+01    4.1451271040e+00   -1.1124939630e+01    7.6908697481e-02    5.1200000000e+02    1.2838414651e-02    7.5903320312e-01
       152   -4.5024790830e+01    2.0283452864e+03   -8.0011309614e+01    3.4986518783e+01   -1.1345640934e+01   -5.1102678671e+01   -2.1471679436e+01    3.9086894269e+00   -1.1035319510e+01    7.6908697481e-02    5.1200000000e+02    1.2787318401e-02    7.5714111328e-01
       153   -4.5069736280e+01    2.0325497070e+03   -8.0136702700e+01    3.5066966420e+01   -1.1322033318e+01   -5.1102678671e+01   -2.1796646377e+01    4.0846556657e+00   -1.1018970409e+01    7.6908697481e-02    5.1200000000e+02    1.2734212366e-02    7.5274658203e-01
       154   -4.5104484770e+01    2.0355791758e+03   -7.9146285545e+01    3.4041800775e+01   -1.1467161230e+01   -5.1102678671e+01   -2.0872074451e+01    4.2956288073e+00   -1.1167609469e+01    7.6908697481e-02    5.1200000000e+02    1.2789540686e-02    7.5659179688e-01
       155   -4.5061153044e+01    2.0316625640e+03   -7.9328422584e+01    3.4267269539e+01   -1.1529562509e+01   -5.1102678671e+01   -2.0977146260e+01    4.2809648572e+00   -1.1223810108e+01    7.6908697481e-02    5.1200000000e+02    1.2752690339e-02    7.5976562500e-01
       156   -4.5033725306e+01    2.0292125704e+03   -7.9694317324e+01    3.4660592018e+01   -1.1382437800e+01   -5.1102678671e+01   -2.1552342429e+01    4.3431415769e+00   -1.1079957935e+01    7.6908697481e-02    5.1200000000e+02    1.2766774839e-02    7.5640869141e-01
       157   -4.4998940937e+01    2.0259761358e+03   -8.0014662022e+01    3.5015721085e+01   -1.1463482669e+01   -5.1102678671e+01   -2.1258930283e+01    3.8104296008e+00   -1.1169880859e+01    7.6908697481e-02    5.1200000000e+02    1.2697080376e-02    7.5866699219e-01
       158   -4.4992901858e+01    2.0254867241e+03   -7.9602574391e+01    3.4609672533e+01   -1.1472506801e+01   -5.1102678671e+01   -2.0852550076e+01    3.8251611577e+00   -1.1163999322e+01    7.6908697481e-02    5.1200000000e+02    1.2754621453e-02    7.5781250000e-01
       159   -4.5005426988e+01    2.0267937511e+03   -7.9205530484e+01    3.4200103497e+01   -1.1544541686e+01   -5.1102678671e+01   -2.0661945381e+01    4.1036352541e+00   -1.1237297354e+01    7.6908697481e-02    5.1200000000e+02    1.2724019634e-02    7.5469970703e-01
       160   -4.4974885800e+01    2.0239512024e+03   -7.9502273867e+01    3.4527388067e+01   -1.1431543431e+01   -5.1102678671e+01   -2.0686157473e+01    3.7181057084e+00   -1.1112520057e+01    7.6908697481e-02    5.1200000000e+02    1.2732804226e-02    7.5744628906e-01
       161   -4.4946796475e+01    2.0216937438e+03   -7.9606880990e+01    3.4660084515e+01   -1.1363462209e+01   -5.1102678671e+01   -2.0879013802e+01    3.7382736922e+00   -1.1057598577e+01    7.6908697481e-02    5.1200000000e+02    1.2747999321e-02    7.5805664062e-01
       162   -4.5019566387e+01    2.0278534495e+03   -7.9447843411e+01    3.4428277023e+01   -1.1647391166e+01   -5.1102678671e+01   -2.0790030592e+01    4.0922570183e+00   -1.1338777062e+01    7.6908697481e-02    5.1200000000e+02    1.2776436921e-02    7.5732421875e-01
       163   -4.5002790674e+01    2.0263786937e+03   -7.9192503461e+01    3.4189712787e+01   -1.1584831616e+01   -5.1102678671e+01   -2.0744060701e+01    4.2390675272e+00   -1.1272782451e+01    7.6908697481e-02    5.1200000000e+02    1.2800014277e-02    7.5323486328e-01
       164   -4.4940791049e+01    2.0210204006e+03   -7.9359761260e+01    3.4418970211e+01   -1.1622196672e+01   -5.1102678671e+01   -2.0774044377e+01    4.1391584597e+00   -1.1309814723e+01    7.6908697481e-02    5.1200000000e+02    1.2718385076e-02    7.5683593750e-01
       165   -4.4934451778e+01    2.0204451195e+03   -7.9254189969e+01    3.4319738191e+01   -1.1579528933e+01   -5.1102678671e+01   -2.0573739761e+01    4.0017573968e+00   -1.1250339616e+01    7.6908697481e-02    5.1200000000e+02    1.2670066643e-02    7.5836181641e-01
       166   -4.4880946614e+01    2.0156170345e+03   -7.9130999844e+01    3.4250053230e+01   -1.1382009906e+01   -5.1102678671e+01   -2.0583867702e+01    3.9375564359e+00   -1.1046337716e+01    7.6908697481e-02    5.1200000000e+02    1.2699187107e-02    7.5122070312e-01
       167   -4.5042286325e+01    2.0301740884e+03   -7.9330962148e+01    3.4288675823e+01   -1.1353667969e+01   -5.1102678671e+01   -2.0979212382e+01    4.1045968742e+00   -1.1033551706e+01    7.6908697481e-02    5.1200000000e+02    1.2785805305e-02    7.5665283203e-01
       168   -4.4996738465e+01    2.0260321624e+03   -7.9703888732e+01    3.4707150267e+01   -1.1508558741e+01   -5.1102678671e+01   -2.1059595824e+01    3.9669445049e+00   -1.1190455755e+01    7.6908697481e-02    5.1200000000e+02    1.2757090293e-02    7.6330566406e-01
       169   -4.4936929773e+01    2.0206559613e+03   -7.9785558656e+01    3.4848628883e+01   -1.1381126736e+01   -5.1102678671e+01   -2.1107796341e+01    3.8060430928e+00   -1.1058325785e+01    7.6908697481e-02    5.1200000000e+02    1.2710086624e-02    7.5891113281e-01
       170   -4.5040750431e+01    2.0300076859e+03   -8.0064023775e+01    3.5023273344e+01   -1.1366434688e+01   -5.1102678671e+01   -2.1405051656e+01    3.8101412395e+00   -1.1041526065e+01    7.6908697481e-02    5.1200000000e+02    1.2719119375e-02    7.6000976562e-01
       171   -4.5009011536e+01    2.0270684132e+03   -7.9559369794e+01    3.4550358258e+01   -1.1170838404e+01   -5.1102678671e+01   -2.0951906284e+01    3.6660535654e+00   -1.0871938659e+01    7.6908697481e-02    5.1200000000e+02    1.2725753982e-02    7.5622558594e-01
       172   -4.5003469714e+01    2.0269247215e+03   -8.0363213812e+01    3.5359744098e+01   -1.1411770692e+01   -5.1102678671e+01   -2.1552044003e+01    3.7032795542e+00   -1.1099473946e+01    7.6908697481e-02    5.1200000000e+02    1.2751812302e-02    7.5213623047e-01
       173   -4.4942763741e+01    2.0212571981e+03   -8.0010739193e+01    3.5067975452e+01   -1.1413957157e+01   -5.1102678671e+01   -2.1579958362e+01    4.0858549968e+00   -1.1103241943e+01    7.6908697481e-02    5.1200000000e+02    1.2740658833e-02    7.5537109375e-01
       174   -4.4997565265e+01    2.0261876097e+03   -7.9835536103e+01    3.4837970838e+01   -1.1300977070e+01   -5.1102678671e+01   -2.1522551237e+01    4.0906708755e+00   -1.0997500473e+01    7.6908697481e-02    5.1200000000e+02    1.2746717859e-02    7.5305175781e-01
       175   -4.4983303027e+01    2.0248650143e+03   -7.9917139942e+01    3.4933836915e+01   -1.1417056049e+01   -5.1102678671e+01   -2.1476118720e+01    4.0787134980e+00   -1.1097872222e+01    7.6908697481e-02    5.1200000000e+02    1.2686197432e-02    7.5091552734e-01
       176   -4.4997462690e+01    2.0258965586e+03   -7.9694512321e+01    3.4697049631e+01   -1.1524267634e+01   -5.1102678671e+01   -2.0962399718e+01    3.8948337024e+00   -1.1237956133e+01    7.6908697481e-02    5.1200000000e+02    1.2703041401e-02    7.5469970703e-01
       177   -4.5042320691e+01    2.0301088557e+03   -7.9558680912e+01    3.4516360221e+01   -1.1442477758e+01   -5.1102678671e+01   -2.0784178596e+01    3.7706541137e+00   -1.1142507804e+01    7.6908697481e-02    5.1200000000e+02    1.2771852710e-02    7.5610351562e-01
       178   -4.4968371450e+01    2.0233362833e+03   -7.9507896521e+01    3.4539525071e+01   -1.1674869122e+01   -5.1102678671e+01   -2.0633393982e+01    3.9030452548e+00   -1.1366778624e+01    7.6908697481e-02    5.1200000000e+02    1.2674952471e-02    7.5164794922e-01
       179   -4.4967210904e+01    2.0232917261e+03   -7.9543253153e+01    3.4576042249e+01   -1.1548753597e+01   -5.1102678671e+01   -2.0784387360e+01    3.8925664756e+00   -1.1239856971e+01    7.6908697481e-02    5.1200000000e+02    1.2745136094e-02    7.5219726562e-01
       180   -4.4948055128e+01    2.0214844789e+03   -7.9409205327e+01    3.4461150199e+01   -1.1473006943e+01   -5.1102678671e+01   -2.0597646692e+01    3.7641269797e+00   -1.1134839129e+01    7.6908697481e-02    5.1200000000e+02    1.2710011001e-02    7.5408935547e-01
       181   -4.4891227683e+01    2.0164475154e+03   -7.9187899645e+01    3.4296671962e+01   -1.1474060287e+01   -5.1102678671e+01   -2.0493211589e+01    3.8820509016e+00   -1.1156632315e+01    7.6908697481e-02    5.1200000000e+02    1.2630857974e-02    7.5506591797e-01
       182   -4.4880554926e+01    2.0153819325e+03   -7.8653814099e+01    3.3773259173e+01   -1.1430376238e+01   -5.1102678671e+01   -2.0105562094e+01    3.9848029040e+00   -1.1104861736e+01    7.6908697481e-02    5.1200000000e+02    1.2675389700e-02    7.6037597656e-01
       183   -4.4963872399e+01    2.0230731639e+03   -7.8866801223e+01    3.3902928824e+01   -1.1440123505e+01   -5.1102678671e+01   -2.0002235224e+01    3.6782361770e+00   -1.1105903732e+01    7.6908697481e-02    5.1200000000e+02    1.2728969556e-02    7.5592041016e-01
       184   -4.4895821890e+01    2.0169151526e+03   -7.9144801219e+01    3.4248979329e+01   -1.1484499708e+01   -5.1102678671e+01   -2.0422053834e+01    3.8644309938e+00   -1.1168797542e+01    7.6908697481e-02    5.1200000000e+02    1.2700871743e-02    7.6269531250e-01
       185   -4.4870655628e+01    2.0146076941e+03   -7.9384080507e+01    3.4513424880e+01   -1.1547940921e+01   -5.1102678671e+01   -2.0599199705e+01    3.8657387901e+00   -1.1219220863e+01    7.6908697481e-02    5.1200000000e+02    1.2717327808e-02    7.5994873047e-01
       186   -4.4907448157e+01    2.0181231277e+03   -7.9481751321e+01    3.4574303164e+01   -1.1457915049e+01   -5.1102678671e+01   -2.0498441920e+01    3.5772843185e+00   -1.1123977608e+01    7.6908697481e-02    5.1200000000e+02    1.2678517915e-02    7.5488281250e-01
       187   -4.4924956530e+01    2.0197213104e+03   -7.9074482620e+01    3.4149526090e+01   -1.1483729747e+01   -5.1102678671e+01   -2.0576785526e+01    4.0887113238e+00   -1.1157724923e+01    7.6908697481e-02    5.1200000000e+02    1.2675563411e-02    7.5469970703e-01
       188   -4.4970495590e+01    2.0237670889e+03   -7.9266101039e+01    3.4295605449e+01   -1.1355577624e+01   -5.1102678671e+01   -2.0375449048e+01    3.5676043039e+00   -1.1024211629e+01    7.6908697481e-02    5.1200000000e+02    1.2713871306e-02    7.5927734375e-01
       189   -4.4929629258e+01    2.0202520309e+03   -7.9329908241e+01    3.4400278983e+01   -1.1515358050e+01   -5.1102678671e+01   -2.0556004283e+01    3.8441327631e+00   -1.1208513310e+01    7.6908697481e-02    5.1200000000e+02    1.2683267952e-02    7.6245117188e-01
       190   -4.4968554034e+01    2.0234417108e+03   -7.9616153709e+01    3.4647599674e+01   -1.1566645760e+01   -5.1102678671e+01   -2.0856754312e+01    3.9099250342e+00   -1.1254201296e+01    7.6908697481e-02    5.1200000000e+02    1.2731483711e-02    7.5500488281e-01
       191   -4.5012858980e+01    2.0275446435e+03   -7.9292362175e+01    3.4279503195e+01   -1.1481741616e+01   -5.1102678671e+01   -2.0491075766e+01    3.7831338772e+00   -1.1160049988e+01    7.6908697481e-02    5.1200000000e+02    1.2654271128e-02    7.5256347656e-01
       192   -4.4974996057e+01    2.0240717921e+03   -7.9729376747e+01    3.4754380691e+01   -1.1490493898e+01   -5.1102678671e+01   -2.0898307214e+01    3.7621030357e+00   -1.1167201895e+01    7.6908697481e-02    5.1200000000e+02    1.2635742097e-02    7.5347900391e-01
       193   -4.4911311064e+01    2.0183861787e+03   -7.9440926381e+01    3.4529615318e+01   -1.1545984821e+01   -5.1102678671e+01   -2.0351270453e+01    3.5590075629e+00   -1.1227420156e+01    7.6908697481e-02    5.1200000000e+02    1.2652569456e-02    7.5262451172e-01
       194   -4.4886561973e+01    2.0161197817e+03   -7.8755508950e+01    3.3868946976e+01   -1.1478544061e+01   -5.1102678671e+01   -2.0382056076e+01    4.2077698582e+00   -1.1166623077e+01    7.6908697481e-02    5.1200000000e+02    1.2697474277e-02    7.5744628906e-01
       195   -4.4975783374e+01    2.0241360996e+03   -7.9057090531e+01    3.4081307157e+01   -1.1404250104e+01   -5.1102678671e+01   -2.0443724608e+01    3.8935628529e+00   -1.1089563322e+01    7.6908697481e-02    5.1200000000e+02    1.2689545828e-02    7.6239013672e-01
       196   -4.4974891896e+01    2.0239569677e+03   -7.9806791177e+01    3.4831899281e+01   -1.1618117760e+01   -5.1102678671e+01   -2.0782539915e+01    3.6965451688e+00   -1.1324577014e+01    7.6908697481e-02    5.1200000000e+02    1.2702467344e-02    7.5354003906e-01
       197   -4.4903429946e+01    2.0177076317e+03   -8.0092815414e+01    3.5189385468e+01   -1.1417729895e+01   -5.1102678671e+01   -2.1063807144e+01    3.4914002965e+00   -1.1090395510e+01    7.6908697481e-02    5.1200000000e+02    1.2758182122e-02    7.6196289062e-01
       198   -4.4886253062e+01    2.0164705495e+03   -7.9845284368e+01    3.4959031307e+01   -1.1501742412e+01   -5.1102678671e+01   -2.1042843219e+01    3.8019799335e+00   -1.1182973498e+01    7.6908697481e-02    5.1200000000e+02    1.2682261011e-02    7.4859619141e-01
       199   -4.5027379307e+01    2.0289811895e+03   -8.0077159789e+01    3.5049780482e+01   -1.1487718218e+01   -5.1102678671e+01   -2.1521830780e+01    4.0350678803e+00   -1.1185061793e+01    7.6908697481e-02    5.1200000000e+02    1.2754607974e-02    7.5177001953e-01
