#   index    LocalEnergy         LocalEnergy_sq      LocalPotential      Kinetic             ElecElec            IonIon              LocalECP            NonLocalECP         MPC                 KEcorr              BlockWeight         BlockCPU            AcceptRatio         
         0   -4.4921708371e+01    2.0192834851e+03   -7.8699674311e+01    3.3777965939e+01   -1.1545880928e+01   -5.1102678671e+01   -2.0116878368e+01    4.0657636560e+00   -1.1239129340e+01    7.4254647792e-02    5.1200000000e+02    1.2736161211e-02    7.5640869141e-01
         1   -4.4870633072e+01    2.0147895959e+03   -7.9378414608e+01    3.4507781536e+01   -1.1590787613e+01   -5.1102678671e+01   -2.0347733384e+01    3.6627850598e+00   -1.1257272433e+01    7.4254647792e-02    5.1200000000e+02    1.2709789885e-02    7.5915527344e-01
         2   -4.4931942110e+01    2.0202836449e+03   -7.9100687561e+01    3.4168745451e+01   -1.1296986589e+01   -5.1102678671e+01   -2.0479826271e+01    3.7788039696e+00   -1.0979350021e+01    7.4254647792e-02    5.1200000000e+02    1.2699833567e-02    7.5323486328e-01
         3   -4.4846675933e+01    2.0126925608e+03   -7.9426456835e+01    3.4579780902e+01   -1.1615167982e+01   -5.1102678671e+01   -2.0281136062e+01    3.5725258807e+00   -1.1297528296e+01    7.4254647792e-02    5.1200000000e+02    1.2651040002e-02    7.5634765625e-01
         4   -4.4934789581e+01    2.0202446456e+03   -7.9899022564e+01    3.4964232982e+01   -1.1536941713e+01   -5.1102678671e+01   -2.0912125364e+01    3.6527231846e+00   -1.1227595738e+01    7.4254647792e-02    5.1200000000e+02    1.2677441655e-02    7.5811767578e-01
         5   -4.4890666250e+01    2.0166751171e+03   -7.9421895556e+01    3.4531229306e+01   -1.1478127789e+01   -5.1102678671e+01   -2.0830490693e+01    3.9894015973e+00   -1.1143045850e+01    7.4254647792e-02    5.1200000000e+02    1.2705501538e-02    7.5543212891e-01
         6   -4.4999826406e+01    2.0263848753e+03   -7.9233102114e+01    3.4233275708e+01   -1.1267858747e+01   -5.1102678671e+01   -2.1088683765e+01    4.2261190681e+00   -1.0949681413e+01    7.4254647792e-02    5.1200000000e+02    1.2761727668e-02    7.6049804688e-01
         7   -4.5001086086e+01    2.0265311592e+03   -7.9290968780e+01    3.4289882694e+01   -1.1609370208e+01   -5.1102678671e+01   -2.0669732635e+01    4.0908127339e+00   -1.1319297165e+01    7.4254647792e-02    5.1200000000e+02    1.2693298015e-02    7.5927734375e-01
         8   -4.4954178123e+01    2.0221449565e+03   -7.9771871433e+01    3.4817693310e+01   -1.1391886282e+01   -5.1102678671e+01   -2.1176657138e+01    3.8993506585e+00   -1.1087538489e+01    7.4254647792e-02    5.1200000000e+02    1.2713582383e-02    7.6104736328e-01
         9   -4.4996081343e+01    2.0262103472e+03   -7.9452187631e+01    3.4456106288e+01   -1.1443715721e+01   -5.1102678671e+01   -2.1004185490e+01    4.0983922507e+00   -1.1128937735e+01    7.4254647792e-02    5.1200000000e+02    1.2707572036e-02    7.5701904297e-01
        10   -4.4977201513e+01    2.0242672993e+03   -7.9153729999e+01    3.4176528486e+01   -1.1363175016e+01   -5.1102678671e+01   -2.0852378719e+01    4.1645024073e+00   -1.1047816251e+01    7.4254647792e-02    5.1200000000e+02    1.2725555210e-02    7.5592041016e-01
        11   -4.4967544972e+01    2.0234866936e+03   -7.9534326724e+01    3.4566781753e+01   -1.1591150379e+01   -5.1102678671e+01   -2.0573054030e+01    3.7325563559e+00   -1.1272353111e+01    7.4254647792e-02    5.1200000000e+02    1.2693703311e-02    7.5018310547e-01
        12   -4.4933959207e+01    2.0202888753e+03   -7.9789283503e+01    3.4855324297e+01   -1.1424235579e+01   -5.1102678671e+01   -2.0860101314e+01    3.5977320610e+00   -1.1102599080e+01    7.4254647792e-02    5.1200000000e+02    1.2697288271e-02    7.5787353516e-01
        13   -4.5002506825e+01    2.0265345972e+03   -7.9622147068e+01    3.4619640242e+01   -1.1483745501e+01   -5.1102678671e+01   -2.0636670748e+01    3.6009478523e+00   -1.1161908380e+01    7.4254647792e-02    5.1200000000e+02    1.2689564827e-02    7.5592041016e-01
        14   -4.4896623228e+01    2.0169346542e+03   -7.9314622789e+01    3.4417999561e+01   -1.1554722374e+01   -5.1102678671e+01   -2.0697528191e+01    4.0403064475e+00   -1.1237268060e+01    7.4254647792e-02    5.1200000000e+02    1.2711927556e-02    7.5915527344e-01
        15   -4.4919631530e+01    2.0196345546e+03   -7.9262214196e+01    3.4342582666e+01   -1.1572031554e+01   -5.1102678671e+01   -1.9990360265e+01    3.4028562941e+00   -1.1264309721e+01    7.4254647792e-02    5.1200000000e+02    1.2627522568e-02    7.6031494141e-01
        16   -4.4867921847e+01    2.0145241214e+03   -7.8245930623e+01    3.3378008777e+01   -1.1427758417e+01   -5.1102678671e+01   -1.9479782708e+01    3.7642891738e+00   -1.1101550413e+01    7.4254647792e-02    5.1200000000e+02    1.2647480256e-02    7.5445556641e-01
        17   -4.4851462018e+01    2.0128852912e+03   -7.8580225129e+01    3.3728763111e+01   -1.1586923501e+01   -5.1102678671e+01   -1.9610949753e+01    3.7203267965e+00   -1.1238560348e+01    7.4254647792e-02    5.1200000000e+02    1.2695205852e-02    7.5958251953e-01
        18   -4.4975885306e+01    2.0243479043e+03   -7.8922543244e+01    3.3946657939e+01   -1.1463702598e+01   -5.1102678671e+01   -2.0391111849e+01    4.0349498742e+00   -1.1133078558e+01    7.4254647792e-02    5.1200000000e+02    1.2691008376e-02    7.6306152344e-01
        19   -4.4994182137e+01    2.0259165336e+03   -7.8930509718e+01    3.3936327581e+01   -1.1530123401e+01   -5.1102678671e+01   -2.0249409814e+01    3.9517021680e+00   -1.1226287276e+01    7.4254647792e-02    5.1200000000e+02    1.2680954756e-02    7.5439453125e-01
        20   -4.4951741844e+01    2.0218922790e+03   -7.8949991472e+01    3.3998249628e+01   -1.1517403068e+01   -5.1102678671e+01   -2.0467404205e+01    4.1374944721e+00   -1.1196040763e+01    7.4254647792e-02    5.1200000000e+02    1.2663300908e-02    7.5561523438e-01
        21   -4.4898301745e+01    2.0171114848e+03   -7.8847768403e+01    3.3949466658e+01   -1.1619018248e+01   -5.1102678671e+01   -2.0067461756e+01    3.9413902725e+00   -1.1297643335e+01    7.4254647792e-02    5.1200000000e+02    1.2654564067e-02    7.5927734375e-01
        22   -4.4961804794e+01    2.0228248086e+03   -7.9051182108e+01    3.4089377314e+01   -1.1352266070e+01   -5.1102678671e+01   -2.0335005656e+01    3.7387682884e+00   -1.1029261361e+01    7.4254647792e-02    5.1200000000e+02    1.2721174236e-02    7.5506591797e-01
        23   -4.4976693709e+01    2.0241819657e+03   -7.8907440620e+01    3.3930746911e+01   -1.1430151782e+01   -5.1102678671e+01   -2.0306921400e+01    3.9323112326e+00   -1.1111227010e+01    7.4254647792e-02    5.1200000000e+02    1.2719159390e-02    7.6074218750e-01
        24   -4.4972108979e+01    2.0239039176e+03   -7.9384645395e+01    3.4412536416e+01   -1.1582829392e+01   -5.1102678671e+01   -2.0551310353e+01    3.8521730213e+00   -1.1266627537e+01    7.4254647792e-02    5.1200000000e+02    1.2749880063e-02    7.5964355469e-01
        25   -4.4942571733e+01    2.0213843748e+03   -7.9513349119e+01    3.4570777386e+01   -1.1621661602e+01   -5.1102678671e+01   -2.0157665216e+01    3.3686563707e+00   -1.1315269938e+01    7.4254647792e-02    5.1200000000e+02    1.2662096174e-02    7.5463867188e-01
        26   -4.4962010000e+01    2.0228442596e+03   -7.9060302275e+01    3.4098292275e+01   -1.1613543506e+01   -5.1102678671e+01   -2.0012830651e+01    3.6687505528e+00   -1.1317164448e+01    7.4254647792e-02    5.1200000000e+02    1.2722597256e-02    7.6422119141e-01
        27   -4.4958389470e+01    2.0225331761e+03   -7.8978336582e+01    3.4019947112e+01   -1.1641756411e+01   -5.1102678671e+01   -2.0328276349e+01    4.0943748490e+00   -1.1329961821e+01    7.4254647792e-02    5.1200000000e+02    1.2735764099e-02    7.5823974609e-01
        28   -4.4872371805e+01    2.0152111316e+03   -7.9768707704e+01    3.4896335899e+01   -1.1343149041e+01   -5.1102678671e+01   -2.1040284459e+01    3.7174044669e+00   -1.1033094191e+01    7.4254647792e-02    5.1200000000e+02    1.2684967480e-02    7.5860595703e-01
        29   -4.4849077612e+01    2.0126793152e+03   -7.9601136811e+01    3.4752059198e+01   -1.1309845576e+01   -5.1102678671e+01   -2.0725112975e+01    3.5365004119e+00   -1.0996802863e+01    7.4254647792e-02    5.1200000000e+02    1.2748127422e-02    7.5427246094e-01
        30   -4.4879441882e+01    2.0154555120e+03   -7.8762868103e+01    3.3883426222e+01   -1.1557037999e+01   -5.1102678671e+01   -1.9638903996e+01    3.5357525629e+00   -1.1222714404e+01    7.4254647792e-02    5.1200000000e+02    1.2729522551e-02    7.5305175781e-01
        31   -4.4941870013e+01    2.0211770098e+03   -7.9294925664e+01    3.4353055651e+01   -1.1382540284e+01   -5.1102678671e+01   -2.0344171176e+01    3.5344644681e+00   -1.1076379035e+01    7.4254647792e-02    5.1200000000e+02    1.2762538774e-02    7.6019287109e-01
        32   -4.4941053648e+01    2.0209422396e+03   -7.9146929885e+01    3.4205876237e+01   -1.1352765422e+01   -5.1102678671e+01   -2.0605636682e+01    3.9141508902e+00   -1.1043190090e+01    7.4254647792e-02    5.1200000000e+02    1.2732446338e-02    7.5201416016e-01
        33   -4.4948283311e+01    2.0216681487e+03   -7.9110541040e+01    3.4162257729e+01   -1.1484779757e+01   -5.1102678671e+01   -2.0285566177e+01    3.7624835643e+00   -1.1172020601e+01    7.4254647792e-02    5.1200000000e+02    1.2789277747e-02    7.6184082031e-01
        34   -4.4989605016e+01    2.0252499973e+03   -7.9131326490e+01    3.4141721474e+01   -1.1637297413e+01   -5.1102678671e+01   -2.0131041611e+01    3.7396912054e+00   -1.1321260130e+01    7.4254647792e-02    5.1200000000e+02    1.2751378750e-02    7.5891113281e-01
        35   -4.4979367570e+01    2.0243561471e+03   -7.8805072972e+01    3.3825705401e+01   -1.1337828985e+01   -5.1102678671e+01   -2.0327790242e+01    3.9632249266e+00   -1.1022810153e+01    7.4254647792e-02    5.1200000000e+02    1.2723033337e-02    7.5860595703e-01
        36   -4.4994954767e+01    2.0260260286e+03   -7.9368082634e+01    3.4373127866e+01   -1.1561595677e+01   -5.1102678671e+01   -2.0470512845e+01    3.7667045600e+00   -1.1242524992e+01    7.4254647792e-02    5.1200000000e+02    1.2695327102e-02    7.6129150391e-01
        37   -4.5094306790e+01    2.0348025661e+03   -8.0111855412e+01    3.5017548622e+01   -1.1512129015e+01   -5.1102678671e+01   -2.1298688932e+01    3.8016412060e+00   -1.1212913193e+01    7.4254647792e-02    5.1200000000e+02    1.2732758647e-02    7.5585937500e-01
        38   -4.4965767062e+01    2.0230137556e+03   -7.9717628208e+01    3.4751861147e+01   -1.1426369468e+01   -5.1102678671e+01   -2.0890213920e+01    3.7016338512e+00   -1.1127159171e+01    7.4254647792e-02    5.1200000000e+02    1.2703116902e-02    7.5921630859e-01
        39   -4.5032561791e+01    2.0293208302e+03   -7.9537755794e+01    3.4505194002e+01   -1.1581080040e+01   -5.1102678671e+01   -2.0429925471e+01    3.5759283880e+00   -1.1293321994e+01    7.4254647792e-02    5.1200000000e+02    1.2751479104e-02    7.5830078125e-01
        40   -4.4949073300e+01    2.0217871157e+03   -7.9794019800e+01    3.4844946499e+01   -1.1387399542e+01   -5.1102678671e+01   -2.0897804856e+01    3.5938632695e+00   -1.1084639413e+01    7.4254647792e-02    5.1200000000e+02    1.2747818411e-02    7.4890136719e-01
        41   -4.5015068380e+01    2.0277476804e+03   -7.9443074574e+01    3.4428006194e+01   -1.1586761942e+01   -5.1102678671e+01   -2.0463399105e+01    3.7097651439e+00   -1.1279669494e+01    7.4254647792e-02    5.1200000000e+02    1.2706733848e-02    7.5524902344e-01
        42   -4.4990905816e+01    2.0254805030e+03   -7.9688521379e+01    3.4697615563e+01   -1.1684925232e+01   -5.1102678671e+01   -2.0666639809e+01    3.7657223325e+00   -1.1373169033e+01    7.4254647792e-02    5.1200000000e+02    1.2669111831e-02    7.5726318359e-01
        43   -4.4868866283e+01    2.0145881754e+03   -7.8783994563e+01    3.3915128280e+01   -1.1471532237e+01   -5.1102678671e+01   -2.0117883236e+01    3.9080995805e+00   -1.1160880177e+01    7.4254647792e-02    5.1200000000e+02    1.2693218464e-02    7.5207519531e-01
        44   -4.4905467533e+01    2.0180544284e+03   -7.9095851526e+01    3.4190383993e+01   -1.1313788744e+01   -5.1102678671e+01   -2.0787326932e+01    4.1079428213e+00   -1.0988576587e+01    7.4254647792e-02    5.1200000000e+02    1.2673742261e-02    7.4963378906e-01
        45   -4.4854074796e+01    2.0133774716e+03   -7.9179879507e+01    3.4325804712e+01   -1.1453885759e+01   -5.1102678671e+01   -2.0358585979e+01    3.7352709020e+00   -1.1128146480e+01    7.4254647792e-02    5.1200000000e+02    1.2650922678e-02    7.5634765625e-01
        46   -4.4953615903e+01    2.0222874336e+03   -7.8946488792e+01    3.3992872889e+01   -1.1513470644e+01   -5.1102678671e+01   -2.0536974741e+01    4.2066352642e+00   -1.1196473040e+01    7.4254647792e-02    5.1200000000e+02    1.2676377922e-02    7.5848388672e-01
        47   -4.4908654893e+01    2.0180585283e+03   -7.9119113754e+01    3.4210458862e+01   -1.1545296767e+01   -5.1102678671e+01   -2.0349065644e+01    3.8779273282e+00   -1.1234367877e+01    7.4254647792e-02    5.1200000000e+02    1.2690299194e-02    7.5909423828e-01
        48   -4.4874362111e+01    2.0150857943e+03   -7.8729919718e+01    3.3855557607e+01   -1.1396328616e+01   -5.1102678671e+01   -2.0075011485e+01    3.8440990539e+00   -1.1086290993e+01    7.4254647792e-02    5.1200000000e+02    1.2683902793e-02    7.6019287109e-01
        49   -4.4926999278e+01    2.0197678978e+03   -7.8970629427e+01    3.4043630148e+01   -1.1629286975e+01   -5.1102678671e+01   -1.9744683198e+01    3.5060194171e+00   -1.1306294983e+01    7.4254647792e-02    5.1200000000e+02    1.2679113311e-02    7.5787353516e-01
        50   -4.4940848601e+01    2.0208274613e+03   -7.9005041682e+01    3.4064193082e+01   -1.1701332410e+01   -5.1102678671e+01   -1.9699886730e+01    3.4988561291e+00   -1.1379257368e+01    7.4254647792e-02    5.1200000000e+02    1.2592689763e-02    7.6123046875e-01
        51   -4.4868233409e+01    2.0144910848e+03   -7.8906356709e+01    3.4038123299e+01   -1.1498841654e+01   -5.1102678671e+01   -2.0096866422e+01    3.7920300388e+00   -1.1154531722e+01    7.4254647792e-02    5.1200000000e+02    1.2651358311e-02    7.6129150391e-01
        52   -4.4890283975e+01    2.0165408775e+03   -7.8985629593e+01    3.4095345618e+01   -1.1615910265e+01   -5.1102678671e+01   -2.0300766412e+01    4.0337257550e+00   -1.1308241291e+01    7.4254647792e-02    5.1200000000e+02    1.2617083562e-02    7.5805664062e-01
        53   -4.4912925585e+01    2.0184378490e+03   -7.9332364239e+01    3.4419438654e+01   -1.1354799000e+01   -5.1102678671e+01   -2.0755105761e+01    3.8802191936e+00   -1.1028812836e+01    7.4254647792e-02    5.1200000000e+02    1.2692314556e-02    7.5750732422e-01
        54   -4.4947045124e+01    2.0218619213e+03   -7.9500106700e+01    3.4553061575e+01   -1.1656654752e+01   -5.1102678671e+01   -1.9951498736e+01    3.2107254592e+00   -1.1357459489e+01    7.4254647792e-02    5.1200000000e+02    1.2726152585e-02    7.5805664062e-01
        55   -4.4894310248e+01    2.0172733554e+03   -7.9153718823e+01    3.4259408576e+01   -1.1464087267e+01   -5.1102678671e+01   -2.0074549736e+01    3.4875968512e+00   -1.1126768667e+01    7.4254647792e-02    5.1200000000e+02    1.2733009016e-02    7.5238037109e-01
        56   -4.4808589914e+01    2.0091034846e+03   -7.8708949494e+01    3.3900359580e+01   -1.1391887626e+01   -5.1102678671e+01   -1.9574448734e+01    3.3600655381e+00   -1.1054564988e+01    7.4254647792e-02    5.1200000000e+02    1.2622426025e-02    7.5939941406e-01
        57   -4.4884076875e+01    2.0161337051e+03   -7.9370288068e+01    3.4486211193e+01   -1.1446106372e+01   -5.1102678671e+01   -2.0490108400e+01    3.6686053750e+00   -1.1117595922e+01    7.4254647792e-02    5.1200000000e+02    1.2693570872e-02    7.5701904297e-01
        58   -4.4948462655e+01    2.0218009468e+03   -7.9453364532e+01    3.4504901877e+01   -1.1371441482e+01   -5.1102678671e+01   -2.0671664474e+01    3.6924200961e+00   -1.1047725589e+01    7.4254647792e-02    5.1200000000e+02    1.2712964460e-02    7.6440429688e-01
        59   -4.4987520716e+01    2.0252023035e+03   -7.9891892271e+01    3.4904371555e+01   -1.1448497483e+01   -5.1102678671e+01   -2.1137677639e+01    3.7969615219e+00   -1.1133917523e+01    7.4254647792e-02    5.1200000000e+02    1.2700859343e-02    7.5292968750e-01
        60   -4.4929993537e+01    2.0202251041e+03   -7.9944914331e+01    3.5014920794e+01   -1.1527800769e+01   -5.1102678671e+01   -2.0874805112e+01    3.5603702213e+00   -1.1223641488e+01    7.4254647792e-02    5.1200000000e+02    1.2715933540e-02    7.5927734375e-01
        61   -4.4900429926e+01    2.0175147548e+03   -7.9462576346e+01    3.4562146420e+01   -1.1575255879e+01   -5.1102678671e+01   -2.0363377344e+01    3.5787355483e+00   -1.1258982441e+01    7.4254647792e-02    5.1200000000e+02    1.2647033921e-02    7.5744628906e-01
        62   -4.4911053273e+01    2.0184502092e+03   -7.9253456182e+01    3.4342402909e+01   -1.1643790335e+01   -5.1102678671e+01   -1.9918274540e+01    3.4112873635e+00   -1.1342532153e+01    7.4254647792e-02    5.1200000000e+02    1.2610554021e-02    7.5347900391e-01
        63   -4.4832466403e+01    2.0114220657e+03   -7.9169761150e+01    3.4337294748e+01   -1.1547021268e+01   -5.1102678671e+01   -2.0136103208e+01    3.6160419972e+00   -1.1219329171e+01    7.4254647792e-02    5.1200000000e+02    1.2613827542e-02    7.6135253906e-01
        64   -4.4910405074e+01    2.0182938858e+03   -7.9132705298e+01    3.4222300224e+01   -1.1548005494e+01   -5.1102678671e+01   -2.0150487252e+01    3.6684661187e+00   -1.1225431646e+01    7.4254647792e-02    5.1200000000e+02    1.2665031677e-02    7.6190185547e-01
        65   -4.4953325494e+01    2.0220508502e+03   -7.8924072227e+01    3.3970746734e+01   -1.1522311765e+01   -5.1102678671e+01   -1.9928038111e+01    3.6289563195e+00   -1.1198906381e+01    7.4254647792e-02    5.1200000000e+02    1.2694865605e-02    7.5756835938e-01
        66   -4.4966293919e+01    2.0233611445e+03   -7.9314271496e+01    3.4347977578e+01   -1.1520374484e+01   -5.1102678671e+01   -2.0079842714e+01    3.3886243727e+00   -1.1192783235e+01    7.4254647792e-02    5.1200000000e+02    1.2677217910e-02    7.5701904297e-01
        67   -4.4959025042e+01    2.0226583750e+03   -7.9023613658e+01    3.4064588616e+01   -1.1455533355e+01   -5.1102678671e+01   -2.0033778050e+01    3.5683764177e+00   -1.1131921545e+01    7.4254647792e-02    5.1200000000e+02    1.2702637366e-02    7.6300048828e-01
        68   -4.4996274159e+01    2.0260684370e+03   -7.8855307228e+01    3.3859033069e+01   -1.1368396680e+01   -5.1102678671e+01   -2.0135303061e+01    3.7510711838e+00   -1.1079480343e+01    7.4254647792e-02    5.1200000000e+02    1.2711512021e-02    7.5927734375e-01
        69   -4.4982898931e+01    2.0249957737e+03   -7.8995079364e+01    3.4012180433e+01   -1.1612836350e+01   -5.1102678671e+01   -2.0182172160e+01    3.9026078170e+00   -1.1292780485e+01    7.4254647792e-02    5.1200000000e+02    1.2703831648e-02    7.5567626953e-01
        70   -4.5021833709e+01    2.0281892339e+03   -7.9149294484e+01    3.4127460775e+01   -1.1485683919e+01   -5.1102678671e+01   -2.0600965966e+01    4.0400340717e+00   -1.1158165099e+01    7.4254647792e-02    5.1200000000e+02    1.2677812407e-02    7.6135253906e-01
        71   -4.4918074503e+01    2.0191602646e+03   -7.9388379846e+01    3.4470305344e+01   -1.1363839232e+01   -5.1102678671e+01   -2.0554630623e+01    3.6327686795e+00   -1.1038256752e+01    7.4254647792e-02    5.1200000000e+02    1.2729403665e-02    7.4981689453e-01
        72   -4.4855006273e+01    2.0133168568e+03   -7.9213055112e+01    3.4358048839e+01   -1.1391809045e+01   -5.1102678671e+01   -2.0598927596e+01    3.8803601996e+00   -1.1075102547e+01    7.4254647792e-02    5.1200000000e+02    1.2728960857e-02    7.5219726562e-01
        73   -4.4901410884e+01    2.0176708703e+03   -7.9272089695e+01    3.4370678812e+01   -1.1515110603e+01   -5.1102678671e+01   -2.0458802361e+01    3.8045019398e+00   -1.1206360539e+01    7.4254647792e-02    5.1200000000e+02    1.2684250317e-02    7.5640869141e-01
        74   -4.4936151135e+01    2.0205060486e+03   -7.9322684303e+01    3.4386533169e+01   -1.1457055044e+01   -5.1102678671e+01   -2.0501027589e+01    3.7380770002e+00   -1.1154039169e+01    7.4254647792e-02    5.1200000000e+02    1.2616608604e-02    7.5793457031e-01
        75   -4.4961655337e+01    2.0228954788e+03   -7.9167206142e+01    3.4205550805e+01   -1.1647826299e+01   -5.1102678671e+01   -2.0366417995e+01    3.9497168239e+00   -1.1340537369e+01    7.4254647792e-02    5.1200000000e+02    1.2621891948e-02    7.5469970703e-01
        76   -4.4888421724e+01    2.0162538649e+03   -7.9654135903e+01    3.4765714179e+01   -1.1756294319e+01   -5.1102678671e+01   -2.0310327559e+01    3.5151646465e+00   -1.1440032837e+01    7.4254647792e-02    5.1200000000e+02    1.2656893169e-02    7.5219726562e-01
        77   -4.4994859577e+01    2.0258598200e+03   -7.9421147025e+01    3.4426287448e+01   -1.1497293845e+01   -5.1102678671e+01   -2.0817790657e+01    3.9966161478e+00   -1.1191206072e+01    7.4254647792e-02    5.1200000000e+02    1.2686513833e-02    7.5311279297e-01
        78   -4.4961106935e+01    2.0229766017e+03   -7.9275657645e+01    3.4314550710e+01   -1.1326931206e+01   -5.1102678671e+01   -2.0871000633e+01    4.0249528655e+00   -1.1023193691e+01    7.4254647792e-02    5.1200000000e+02    1.2635783193e-02    7.5622558594e-01
        79   -4.4983654233e+01    2.0246638288e+03   -7.9054548490e+01    3.4070894257e+01   -1.1456769062e+01   -5.1102678671e+01   -2.0226464810e+01    3.7313640527e+00   -1.1143252401e+01    7.4254647792e-02    5.1200000000e+02    1.2744704658e-02    7.5640869141e-01
        80   -4.4921578696e+01    2.0195043890e+03   -7.9599674349e+01    3.4678095652e+01   -1.1388095997e+01   -5.1102678671e+01   -2.1010400283e+01    3.9015006026e+00   -1.1055430286e+01    7.4254647792e-02    5.1200000000e+02    1.2783391235e-02    7.5402832031e-01
        81   -4.4991073668e+01    2.0256612920e+03   -7.9799037422e+01    3.4807963754e+01   -1.1294975186e+01   -5.1102678671e+01   -2.1332875352e+01    3.9314917869e+00   -1.0961065913e+01    7.4254647792e-02    5.1200000000e+02    1.2751021160e-02    7.5512695312e-01
        82   -4.4921429403e+01    2.0193430838e+03   -7.9663245179e+01    3.4741815776e+01   -1.1411683607e+01   -5.1102678671e+01   -2.1036734546e+01    3.8878516454e+00   -1.1093855264e+01    7.4254647792e-02    5.1200000000e+02    1.2747805439e-02    7.5390625000e-01
        83   -4.5069465134e+01    2.0327149948e+03   -8.0233280214e+01    3.5163815080e+01   -1.1442925148e+01   -5.1102678671e+01   -2.1386778976e+01    3.6991025815e+00   -1.1133461330e+01    7.4254647792e-02    5.1200000000e+02    1.2720556968e-02    7.5671386719e-01
        84   -4.5009940890e+01    2.0275418356e+03   -7.9676970770e+01    3.4667029880e+01   -1.1433834449e+01   -5.1102678671e+01   -2.1314108119e+01    4.1736504684e+00   -1.1113981556e+01    7.4254647792e-02    5.1200000000e+02    1.2716377795e-02    7.5598144531e-01
        85   -4.4946175870e+01    2.0215687738e+03   -7.9379947902e+01    3.4433772032e+01   -1.1470993822e+01   -5.1102678671e+01   -2.0708247243e+01    3.9019718340e+00   -1.1134190690e+01    7.4254647792e-02    5.1200000000e+02    1.2667745911e-02    7.5518798828e-01
        86   -4.4916873021e+01    2.0189312182e+03   -7.9313300917e+01    3.4396427896e+01   -1.1495539958e+01   -5.1102678671e+01   -2.0622436141e+01    3.9073538544e+00   -1.1160226331e+01    7.4254647792e-02    5.1200000000e+02    1.2735733816e-02    7.5225830078e-01
        87   -4.4902614471e+01    2.0177984111e+03   -7.9200411170e+01    3.4297796699e+01   -1.1403629141e+01   -5.1102678671e+01   -2.1157795681e+01    4.4636923228e+00   -1.1079549386e+01    7.4254647792e-02    5.1200000000e+02    1.2735495105e-02    7.5244140625e-01
        88   -4.4953658531e+01    2.0222245749e+03   -7.9044561420e+01    3.4090902889e+01   -1.1338771846e+01   -5.1102678671e+01   -2.0572415616e+01    3.9693047126e+00   -1.1028839791e+01    7.4254647792e-02    5.1200000000e+02    1.2689204949e-02    7.5128173828e-01
        89   -4.5058902806e+01    2.0314984805e+03   -7.8867216265e+01    3.3808313459e+01   -1.1361399418e+01   -5.1102678671e+01   -2.0430057969e+01    4.0269197931e+00   -1.1052287978e+01    7.4254647792e-02    5.1200000000e+02    1.2760446121e-02    7.5494384766e-01
        90   -4.4978467103e+01    2.0244048336e+03   -7.9079652373e+01    3.4101185269e+01   -1.1364280917e+01   -5.1102678671e+01   -2.0538192362e+01    3.9254995772e+00   -1.1036091959e+01    7.4254647792e-02    5.1200000000e+02    1.2760809219e-02    7.5848388672e-01
        91   -4.5051695855e+01    2.0311362497e+03   -7.9353198684e+01    3.4301502829e+01   -1.1555704724e+01   -5.1102678671e+01   -2.0526036043e+01    3.8312207534e+00   -1.1216653124e+01    7.4254647792e-02    5.1200000000e+02    1.2727989387e-02    7.5848388672e-01
        92   -4.4938259532e+01    2.0207994410e+03   -7.9432455237e+01    3.4494195704e+01   -1.1439827998e+01   -5.1102678671e+01   -2.1012926363e+01    4.1229777960e+00   -1.1094956956e+01    7.4254647792e-02    5.1200000000e+02    1.2744860835e-02    7.5915527344e-01
        93   -4.4945939684e+01    2.0214824407e+03   -7.9232231324e+01    3.4286291641e+01   -1.1285331817e+01   -5.1102678671e+01   -2.0865762818e+01    4.0215419819e+00   -1.0957887570e+01    7.4254647792e-02    5.1200000000e+02    1.2750941309e-02    7.5598144531e-01
        94   -4.4929336338e+01    2.0202066798e+03   -7.9493271091e+01    3.4563934753e+01   -1.1620468164e+01   -5.1102678671e+01   -2.0635465014e+01    3.8653407579e+00   -1.1311451820e+01    7.4254647792e-02    5.1200000000e+02    1.2695151777e-02    7.5677490234e-01
        95   -4.4998175297e+01    2.0263744306e+03   -7.8972007344e+01    3.3973832047e+01   -1.1482308908e+01   -5.1102678671e+01   -2.0725970199e+01    4.3389504343e+00   -1.1175383892e+01    7.4254647792e-02    5.1200000000e+02    1.2676622307e-02    7.5994873047e-01
        96   -4.4986236017e+01    2.0251538466e+03   -7.9734325357e+01    3.4748089340e+01   -1.1513070888e+01   -5.1102678671e+01   -2.0943966492e+01    3.8253906945e+00   -1.1185478117e+01    7.4254647792e-02    5.1200000000e+02    1.2687957041e-02    7.5683593750e-01
        97   -4.4900939651e+01    2.0174392161e+03   -7.9410445371e+01    3.4509505720e+01   -1.1533889191e+01   -5.1102678671e+01   -2.0634037134e+01    3.8601596247e+00   -1.1205246874e+01    7.4254647792e-02    5.1200000000e+02    1.2628181743e-02    7.5842285156e-01
        98   -4.5016667809e+01    2.0280643848e+03   -7.9706008809e+01    3.4689341001e+01   -1.1443400640e+01   -5.1102678671e+01   -2.1053687956e+01    3.8937584587e+00   -1.1141382524e+01    7.4254647792e-02    5.1200000000e+02    1.2692200149e-02    7.6226806641e-01
        99   -4.5003480886e+01    2.0265661675e+03   -7.9765172776e+01    3.4761691890e+01   -1.1567504092e+01   -5.1102678671e+01   -2.0808612990e+01    3.7136229765e+00   -1.1262997981e+01    7.4254647792e-02    5.1200000000e+02    1.2672645659e-02    7.5323486328e-01
       100   -4.5025425532e+01    2.0289336525e+03   -7.9998303595e+01    3.4972878063e+01   -1.1596850677e+01   -5.1102678671e+01   -2.1198955045e+01    3.9001807975e+00   -1.1293045405e+01    7.4254647792e-02    5.1200000000e+02    1.2700554709e-02    7.5573730469e-01
       101   -4.4940515375e+01    2.0210497463e+03   -7.9353068856e+01    3.4412553481e+01   -1.1416207163e+01   -5.1102678671e+01   -2.0685076442e+01    3.8508934195e+00   -1.1098569384e+01    7.4254647792e-02    5.1200000000e+02    1.2705620962e-02    7.6043701172e-01
       102   -4.4912254050e+01    2.0182920500e+03   -7.9374747452e+01    3.4462493403e+01   -1.1672240434e+01   -5.1102678671e+01   -2.0414766591e+01    3.8149382433e+00   -1.1367420407e+01    7.4254647792e-02    5.1200000000e+02    1.2681286443e-02    7.5097656250e-01
       103   -4.4990228846e+01    2.0253935223e+03   -7.9401925502e+01    3.4411696656e+01   -1.1571774248e+01   -5.1102678671e+01   -2.0448122987e+01    3.7206504046e+00   -1.1238789903e+01    7.4254647792e-02    5.1200000000e+02    1.2687895210e-02    7.5378417969e-01
       104   -4.4987597325e+01    2.0251252785e+03   -7.9820231002e+01    3.4832633676e+01   -1.1592781067e+01   -5.1102678671e+01   -2.1011332036e+01    3.8865607723e+00   -1.1266805284e+01    7.4254647792e-02    5.1200000000e+02    1.2702972126e-02    7.5347900391e-01
       105   -4.4993547055e+01    2.0256484108e+03   -7.9056815375e+01    3.4063268320e+01   -1.1608948457e+01   -5.1102678671e+01   -2.0290584018e+01    3.9453957710e+00   -1.1294138849e+01    7.4254647792e-02    5.1200000000e+02    1.2699080935e-02    7.5054931641e-01
       106   -4.4992653207e+01    2.0257204300e+03   -7.9628990299e+01    3.4636337092e+01   -1.1656492264e+01   -5.1102678671e+01   -2.0854833878e+01    3.9850145130e+00   -1.1356143223e+01    7.4254647792e-02    5.1200000000e+02    1.2707819207e-02    7.5811767578e-01
       107   -4.4955258000e+01    2.0225053201e+03   -7.9518181878e+01    3.4562923878e+01   -1.1479277456e+01   -5.1102678671e+01   -2.0561612530e+01    3.6253867794e+00   -1.1173728567e+01    7.4254647792e-02    5.1200000000e+02    1.2704587212e-02    7.5402832031e-01
       108   -4.5048667199e+01    2.0309144135e+03   -7.9683864824e+01    3.4635197625e+01   -1.1449411800e+01   -5.1102678671e+01   -2.0498356511e+01    3.3665821576e+00   -1.1153352562e+01    7.4254647792e-02    5.1200000000e+02    1.2675210708e-02    7.5561523438e-01
       109   -4.5003438276e+01    2.0269487443e+03   -7.9381929948e+01    3.4378491673e+01   -1.1412652770e+01   -5.1102678671e+01   -2.0717260458e+01    3.8506619514e+00   -1.1087431372e+01    7.4254647792e-02    5.1200000000e+02    1.2736720664e-02    7.5604248047e-01
       110   -4.5026474983e+01    2.0288860366e+03   -7.9548232717e+01    3.4521757734e+01   -1.1350191511e+01   -5.1102678671e+01   -2.0791894216e+01    3.6965316814e+00   -1.1038740532e+01    7.4254647792e-02    5.1200000000e+02    1.2733236331e-02    7.5756835938e-01
       111   -4.4953753330e+01    2.0220644743e+03   -7.9492712340e+01    3.4538959010e+01   -1.1608932607e+01   -5.1102678671e+01   -2.0532555570e+01    3.7514545086e+00   -1.1291357240e+01    7.4254647792e-02    5.1200000000e+02    1.2747687017e-02    7.5146484375e-01
       112   -4.4998726011e+01    2.0265189238e+03   -7.8983199937e+01    3.3984473926e+01   -1.1475681646e+01   -5.1102678671e+01   -1.9989307586e+01    3.5844679658e+00   -1.1171354727e+01    7.4254647792e-02    5.1200000000e+02    1.2677728450e-02    7.6208496094e-01
       113   -4.4897393747e+01    2.0171208341e+03   -7.9347089292e+01    3.4449695545e+01   -1.1480792078e+01   -5.1102678671e+01   -1.9875252167e+01    3.1116336249e+00   -1.1168183113e+01    7.4254647792e-02    5.1200000000e+02    1.2660271731e-02    7.5158691406e-01
       114   -4.4860672309e+01    2.0139104658e+03   -7.8801351727e+01    3.3940679419e+01   -1.1527083934e+01   -5.1102678671e+01   -1.9903345760e+01    3.7317566378e+00   -1.1208290626e+01    7.4254647792e-02    5.1200000000e+02    1.2691982256e-02    7.5756835938e-01
       115   -4.5016594363e+01    2.0277293038e+03   -7.8833245844e+01    3.3816651482e+01   -1.1451594971e+01   -5.1102678671e+01   -2.0474855855e+01    4.1958836537e+00   -1.1137390485e+01    7.4254647792e-02    5.1200000000e+02    1.2700766895e-02    7.5457763672e-01
       116   -4.4998995511e+01    2.0260811349e+03   -7.9496887397e+01    3.4497891886e+01   -1.1696592592e+01   -5.1102678671e+01   -2.0303928436e+01    3.6063123024e+00   -1.1393628154e+01    7.4254647792e-02    5.1200000000e+02    1.2714288462e-02    7.5915527344e-01
       117   -4.5058630290e+01    2.0316235986e+03   -7.9914808187e+01    3.4856177897e+01   -1.1574852617e+01   -5.1102678671e+01   -2.0887070857e+01    3.6497939578e+00   -1.1281187870e+01    7.4254647792e-02    5.1200000000e+02    1.2649438491e-02    7.5256347656e-01
       118   -4.4929548487e+01    2.0203936944e+03   -7.9325010075e+01    3.4395461587e+01   -1.1653669419e+01   -5.1102678671e+01   -2.0494481168e+01    3.9258191840e+00   -1.1348335291e+01    7.4254647792e-02    5.1200000000e+02    1.2699799998e-02    7.6116943359e-01
       119   -4.4957038567e+01    2.0224756709e+03   -7.9317919754e+01    3.4360881187e+01   -1.1626256012e+01   -5.1102678671e+01   -2.0450973186e+01    3.8619881152e+00   -1.1329481249e+01    7.4254647792e-02    5.1200000000e+02    1.2698749670e-02    7.5701904297e-01
       120   -4.4891464706e+01    2.0166598408e+03   -7.8932402572e+01    3.4040937866e+01   -1.1435361185e+01   -5.1102678671e+01   -2.0259610104e+01    3.8652473885e+00   -1.1116881153e+01    7.4254647792e-02    5.1200000000e+02    1.2697435818e-02    7.6068115234e-01
       121   -4.5000559110e+01    2.0263795903e+03   -7.9186163190e+01    3.4185604080e+01   -1.1558413510e+01   -5.1102678671e+01   -2.0360206082e+01    3.8351350729e+00   -1.1262345089e+01    7.4254647792e-02    5.1200000000e+02    1.2704834905e-02    7.5958251953e-01
       122   -4.5021777302e+01    2.0282868016e+03   -7.9539479462e+01    3.4517702160e+01   -1.1480050606e+01   -5.1102678671e+01   -2.0795868200e+01    3.8391180154e+00   -1.1181918788e+01    7.4254647792e-02    5.1200000000e+02    1.2735404009e-02    7.6000976562e-01
       123   -4.4868798187e+01    2.0144979668e+03   -7.9273498459e+01    3.4404700271e+01   -1.1457765835e+01   -5.1102678671e+01   -2.0524392617e+01    3.8113386649e+00   -1.1156517892e+01    7.4254647792e-02    5.1200000000e+02    1.2730675994e-02    7.5109863281e-01
       124   -4.4928037956e+01    2.0199674508e+03   -7.9817983475e+01    3.4889945519e+01   -1.1598257361e+01   -5.1102678671e+01   -2.0854012748e+01    3.7369653041e+00   -1.1277668864e+01    7.4254647792e-02    5.1200000000e+02    1.2648418672e-02    7.5512695312e-01
       125   -4.4940867432e+01    2.0211252307e+03   -7.9544210631e+01    3.4603343199e+01   -1.1452947693e+01   -5.1102678671e+01   -2.0734267283e+01    3.7456830153e+00   -1.1131672324e+01    7.4254647792e-02    5.1200000000e+02    1.2741554592e-02    7.5476074219e-01
       126   -4.5004448371e+01    2.0267940642e+03   -7.9391011804e+01    3.4386563434e+01   -1.1422594296e+01   -5.1102678671e+01   -2.0888188854e+01    4.0224500165e+00   -1.1108651478e+01    7.4254647792e-02    5.1200000000e+02    1.2750251597e-02    7.5469970703e-01
       127   -4.4896030889e+01    2.0168354588e+03   -7.9305090545e+01    3.4409059656e+01   -1.1541208735e+01   -5.1102678671e+01   -2.0482293142e+01    3.8210900040e+00   -1.1214606000e+01    7.4254647792e-02    5.1200000000e+02    1.2731829187e-02    7.5787353516e-01
       128   -4.4861290335e+01    2.0138102774e+03   -7.9775233739e+01    3.4913943404e+01   -1.1647260924e+01   -5.1102678671e+01   -2.0920611598e+01    3.8953174538e+00   -1.1318264186e+01    7.4254647792e-02    5.1200000000e+02    1.2700786892e-02    7.5146484375e-01
       129   -4.4911154095e+01    2.0183648229e+03   -7.9210279694e+01    3.4299125598e+01   -1.1460375210e+01   -5.1102678671e+01   -2.0705685306e+01    4.0584594934e+00   -1.1138981898e+01    7.4254647792e-02    5.1200000000e+02    1.2723526541e-02    7.5451660156e-01
       130   -4.4928415063e+01    2.0200094740e+03   -7.9384272562e+01    3.4455857499e+01   -1.1531617046e+01   -5.1102678671e+01   -2.0329380063e+01    3.5794032176e+00   -1.1211555037e+01    7.4254647792e-02    5.1200000000e+02    1.2694370730e-02    7.5616455078e-01
       131   -4.4965276689e+01    2.0233376200e+03   -7.9303435903e+01    3.4338159214e+01   -1.1187143069e+01   -5.1102678671e+01   -2.0936341834e+01    3.9227276708e+00   -1.0848449419e+01    7.4254647792e-02    5.1200000000e+02    1.2714648550e-02    7.5457763672e-01
       132   -4.5002698619e+01    2.0268014353e+03   -7.9778870038e+01    3.4776171419e+01   -1.1430894419e+01   -5.1102678671e+01   -2.1255310248e+01    4.0100132995e+00   -1.1113793386e+01    7.4254647792e-02    5.1200000000e+02    1.2663262117e-02    7.5280761719e-01
       133   -4.4993933406e+01    2.0258361534e+03   -7.9717776038e+01    3.4723842632e+01   -1.1484674314e+01   -5.1102678671e+01   -2.1451625167e+01    4.3212021149e+00   -1.1166331773e+01    7.4254647792e-02    5.1200000000e+02    1.2712893176e-02    7.5579833984e-01
       134   -4.5034031888e+01    2.0298193428e+03   -8.0068189553e+01    3.5034157665e+01   -1.1239781700e+01   -5.1102678671e+01   -2.1513431653e+01    3.7877024712e+00   -1.0917185747e+01    7.4254647792e-02    5.1200000000e+02    1.2697031560e-02    7.5677490234e-01
       135   -4.4979867974e+01    2.0246062796e+03   -7.9404227951e+01    3.4424359977e+01   -1.1591813646e+01   -5.1102678671e+01   -2.0582461136e+01    3.8727255022e+00   -1.1274014787e+01    7.4254647792e-02    5.1200000000e+02    1.2660167773e-02    7.5445556641e-01
       136   -4.4932581879e+01    2.0204444043e+03   -7.9342337644e+01    3.4409755765e+01   -1.1578929067e+01   -5.1102678671e+01   -2.0613988057e+01    3.9532581506e+00   -1.1263085651e+01    7.4254647792e-02    5.1200000000e+02    1.2700078459e-02    7.5726318359e-01
       137   -4.4898923293e+01    2.0172066622e+03   -7.9207019145e+01    3.4308095852e+01   -1.1628354586e+01   -5.1102678671e+01   -2.0177505836e+01    3.7015199484e+00   -1.1297505703e+01    7.4254647792e-02    5.1200000000e+02    1.2740329998e-02    7.5585937500e-01
       138   -4.5002887187e+01    2.0267735992e+03   -7.9016698632e+01    3.4013811445e+01   -1.1303782928e+01   -5.1102678671e+01   -2.0695277307e+01    4.0850402742e+00   -1.0974213822e+01    7.4254647792e-02    5.1200000000e+02    1.2684778889e-02    7.5994873047e-01
       139   -4.4963684759e+01    2.0230073490e+03   -7.9453453331e+01    3.4489768572e+01   -1.1445193553e+01   -5.1102678671e+01   -2.1044344532e+01    4.1387634252e+00   -1.1132307466e+01    7.4254647792e-02    5.1200000000e+02    1.2749714207e-02    7.5567626953e-01
       140   -4.4918567752e+01    2.0189074251e+03   -8.0131202204e+01    3.5212634452e+01   -1.1461930166e+01   -5.1102678671e+01   -2.1260633875e+01    3.6940405084e+00   -1.1134630454e+01    7.4254647792e-02    5.1200000000e+02    1.2697771980e-02    7.5610351562e-01
       141   -4.4852167209e+01    2.0131108209e+03   -7.9364089556e+01    3.4511922346e+01   -1.1473137604e+01   -5.1102678671e+01   -2.0467222554e+01    3.6789492735e+00   -1.1160116819e+01    7.4254647792e-02    5.1200000000e+02    1.2678919253e-02    7.5451660156e-01
       142   -4.4975311508e+01    2.0242251052e+03   -7.9226374854e+01    3.4251063345e+01   -1.1585551447e+01   -5.1102678671e+01   -2.0726084192e+01    4.1879394563e+00   -1.1274898631e+01    7.4254647792e-02    5.1200000000e+02    1.2706277793e-02    7.5469970703e-01
       143   -4.5037876371e+01    2.0297604681e+03   -7.9281551518e+01    3.4243675147e+01   -1.1617614563e+01   -5.1102678671e+01   -2.0279425967e+01    3.7181676837e+00   -1.1319589515e+01    7.4254647792e-02    5.1200000000e+02    1.2721082871e-02    7.6239013672e-01
       144   -4.4953775760e+01    2.0222144472e+03   -7.9273991994e+01    3.4320216233e+01   -1.1556728303e+01   -5.1102678671e+01   -2.0462919371e+01    3.8483343516e+00   -1.1260959197e+01    7.4254647792e-02    5.1200000000e+02    1.2667539680e-02    7.5347900391e-01
       145   -4.4995711308e+01    2.0260302731e+03   -7.9179917322e+01    3.4184206014e+01   -1.1556895215e+01   -5.1102678671e+01   -2.0533349884e+01    4.0130064481e+00   -1.1241523158e+01    7.4254647792e-02    5.1200000000e+02    1.2682339019e-02    7.4902343750e-01
       146   -4.4873469328e+01    2.0149965842e+03   -7.9347340501e+01    3.4473871173e+01   -1.1646690763e+01   -5.1102678671e+01   -2.0355245225e+01    3.7572741590e+00   -1.1340900472e+01    7.4254647792e-02    5.1200000000e+02    1.2673249373e-02    7.5366210938e-01
       147   -4.4915826997e+01    2.0186770206e+03   -7.8920518380e+01    3.4004691383e+01   -1.1369740892e+01   -5.1102678671e+01   -2.0184523595e+01    3.7364247777e+00   -1.1056988901e+01    7.4254647792e-02    5.1200000000e+02    1.2723431436e-02    7.5872802734e-01
       148   -4.4905438887e+01    2.0178794690e+03   -7.9973021082e+01    3.5067582195e+01   -1.1516195317e+01   -5.1102678671e+01   -2.1192543009e+01    3.8383959155e+00   -1.1198669147e+01    7.4254647792e-02    5.1200000000e+02    1.2703080491e-02    7.6049804688e-01
       149   -4.4974773010e+01    2.0240070852e+03   -7.9673434358e+01    3.4698661348e+01   -1.1475843026e+01   -5.1102678671e+01   -2.1013020335e+01    3.9181076741e+00   -1.1169634393e+01    7.4254647792e-02    5.1200000000e+02    1.2712459487e-02    7.5701904297e-01
       150   -4.4971318400e+01    2.0239042699e+03   -7.9311114103e+01    3.4339795703e+01   -1.1474312418e+01   -5.1102678671e+01   -2.0672058025e+01    3.9379350115e+00   -1.1177761217e+01    7.4254647792e-02    5.1200000000e+02    1.2756373013e-02    7.6336669922e-01
       151   -4.4945099349e+01    2.0212766082e+03   -7.9628672313e+01    3.4683572964e+01   -1.1632089730e+01   -5.1102678671e+01   -2.0693361330e+01    3.7994574172e+00   -1.1316753031e+01    7.4254647792e-02    5.1200000000e+02    1.2702476055e-02    7.5323486328e-01
       152   -4.4995028111e+01    2.0259590322e+03   -7.9558130898e+01    3.4563102787e+01   -1.1477158756e+01   -5.1102678671e+01   -2.0631663774e+01    3.6533703032e+00   -1.1158146706e+01    7.4254647792e-02    5.1200000000e+02    1.2760133813e-02    7.5659179688e-01
       153   -4.4939028252e+01    2.0208844955e+03   -7.8667773219e+01    3.3728744967e+01   -1.1251212668e+01   -5.1102678671e+01   -2.0188832461e+01    3.8749505821e+00   -1.0924864584e+01    7.4254647792e-02    5.1200000000e+02    1.2760349705e-02    7.5604248047e-01
       154   -4.4959742354e+01    2.0226615141e+03   -7.9253695475e+01    3.4293953122e+01   -1.1490419913e+01   -5.1102678671e+01   -2.0902711230e+01    4.2421143395e+00   -1.1152424388e+01    7.4254647792e-02    5.1200000000e+02    1.3222794014e-02    7.5640869141e-01
       155   -4.4863608098e+01    2.0140628173e+03   -7.9547445200e+01    3.4683837102e+01   -1.1565046618e+01   -5.1102678671e+01   -2.0695937383e+01    3.8162174723e+00   -1.1235369587e+01    7.4254647792e-02    5.1200000000e+02    1.2660357795e-02    7.5238037109e-01
       156   -4.4944176889e+01    2.0212484668e+03   -7.9804100717e+01    3.4859923827e+01   -1.1557604521e+01   -5.1102678671e+01   -2.0971874015e+01    3.8280564911e+00   -1.1239182496e+01    7.4254647792e-02    5.1200000000e+02    1.2688216746e-02    7.5610351562e-01
       157   -4.4888917875e+01    2.0162424435e+03   -7.9638971215e+01    3.4750053340e+01   -1.1589969922e+01   -5.1102678671e+01   -2.0565716484e+01    3.6193938618e+00   -1.1278694958e+01    7.4254647792e-02    5.1200000000e+02    1.2740054646e-02    7.5701904297e-01
       158   -4.4933460159e+01    2.0207756854e+03   -7.9513629853e+01    3.4580169694e+01   -1.1638760622e+01   -5.1102678671e+01   -2.0449418002e+01    3.6772274428e+00   -1.1320611735e+01    7.4254647792e-02    5.1200000000e+02    1.2748676953e-02    7.6159667969e-01
       159   -4.4996869236e+01    2.0261437014e+03   -7.9409129990e+01    3.4412260754e+01   -1.1369382885e+01   -5.1102678671e+01   -2.0617078447e+01    3.6800100131e+00   -1.1064342459e+01    7.4254647792e-02    5.1200000000e+02    1.2769372012e-02    7.5665283203e-01
       160   -4.4933076486e+01    2.0206034319e+03   -7.8913490253e+01    3.3980413768e+01   -1.1586664106e+01   -5.1102678671e+01   -2.0004963559e+01    3.7808160820e+00   -1.1278930191e+01    7.4254647792e-02    5.1200000000e+02    1.2720137166e-02    7.5927734375e-01
       161   -4.4891180766e+01    2.0166954729e+03   -7.9148601714e+01    3.4257420948e+01   -1.1314391418e+01   -5.1102678671e+01   -2.0416132100e+01    3.6846004759e+00   -1.1001882605e+01    7.4254647792e-02    5.1200000000e+02    1.2730478569e-02    7.5830078125e-01
       162   -4.5064893070e+01    2.0324466536e+03   -7.9622371545e+01    3.4557478475e+01   -1.1358444630e+01   -5.1102678671e+01   -2.1236589759e+01    4.0753415148e+00   -1.1020616431e+01    7.4254647792e-02    5.1200000000e+02    1.2723158389e-02    7.5781250000e-01
       163   -4.4932380919e+01    2.0202027721e+03   -7.9276182848e+01    3.4343801929e+01   -1.1393727730e+01   -5.1102678671e+01   -2.0315784232e+01    3.5360077843e+00   -1.1075758089e+01    7.4254647792e-02    5.1200000000e+02    1.2678678936e-02    7.6141357422e-01
       164   -4.4924222068e+01    2.0197922618e+03   -7.9660738095e+01    3.4736516027e+01   -1.1619134032e+01   -5.1102678671e+01   -2.0616635771e+01    3.6777103794e+00   -1.1300087642e+01    7.4254647792e-02    5.1200000000e+02    1.2683810022e-02    7.5592041016e-01
       165   -4.4923548904e+01    2.0194940752e+03   -7.9404444550e+01    3.4480895647e+01   -1.1415421001e+01   -5.1102678671e+01   -2.0305521358e+01    3.4191764799e+00   -1.1103436648e+01    7.4254647792e-02    5.1200000000e+02    1.2703441721e-02    7.5561523438e-01
       166   -4.4927868209e+01    2.0201056438e+03   -7.9420200617e+01    3.4492332408e+01   -1.1404358455e+01   -5.1102678671e+01   -2.0535828845e+01    3.6226653545e+00   -1.1079774751e+01    7.4254647792e-02    5.1200000000e+02    1.2696290671e-02    7.6086425781e-01
       167   -4.5028677965e+01    2.0293546807e+03   -7.9418461725e+01    3.4389783760e+01   -1.1377059757e+01   -5.1102678671e+01   -2.0879174772e+01    3.9404514749e+00   -1.1057250808e+01    7.4254647792e-02    5.1200000000e+02    1.2672419629e-02    7.5988769531e-01
       168   -4.4900369632e+01    2.0172958273e+03   -7.9688443932e+01    3.4788074300e+01   -1.1570904846e+01   -5.1102678671e+01   -2.0525596294e+01    3.5107358791e+00   -1.1255320011e+01    7.4254647792e-02    5.1200000000e+02    1.2744626074e-02    7.5714111328e-01
       169   -4.4917862727e+01    2.0190001513e+03   -7.9116716495e+01    3.4198853768e+01   -1.1480376846e+01   -5.1102678671e+01   -2.0374578499e+01    3.8409175206e+00   -1.1160652958e+01    7.4254647792e-02    5.1200000000e+02    1.2680248396e-02    7.5518798828e-01
       170   -4.4837586692e+01    2.0117793322e+03   -7.9001717216e+01    3.4164130523e+01   -1.1406997039e+01   -5.1102678671e+01   -2.0094106902e+01    3.6020653959e+00   -1.1089511106e+01    7.4254647792e-02    5.1200000000e+02    1.2676482458e-02    7.5183105469e-01
       171   -4.4937814738e+01    2.0207760760e+03   -7.8896898805e+01    3.3959084067e+01   -1.1507333715e+01   -5.1102678671e+01   -2.0234699496e+01    3.9478130769e+00   -1.1191959159e+01    7.4254647792e-02    5.1200000000e+02    1.2663141389e-02    7.5408935547e-01
       172   -4.4918252628e+01    2.0188435474e+03   -7.8765383688e+01    3.3847131060e+01   -1.1492175958e+01   -5.1102678671e+01   -2.0252777848e+01    4.0822487891e+00   -1.1173071086e+01    7.4254647792e-02    5.1200000000e+02    1.2732871306e-02    7.5787353516e-01
       173   -4.4994743739e+01    2.0258465273e+03   -7.9367181738e+01    3.4372437999e+01   -1.1507656257e+01   -5.1102678671e+01   -2.0456027732e+01    3.6991809215e+00   -1.1202667767e+01    7.4254647792e-02    5.1200000000e+02    1.2670481602e-02    7.5732421875e-01
       174   -4.4944053526e+01    2.0213112298e+03   -7.9512433381e+01    3.4568379855e+01   -1.1677565931e+01   -5.1102678671e+01   -2.0616055031e+01    3.8838662523e+00   -1.1368723955e+01    7.4254647792e-02    5.1200000000e+02    1.2716114092e-02    7.5671386719e-01
       175   -4.4883654955e+01    2.0159086981e+03   -7.9628263951e+01    3.4744608996e+01   -1.1580938003e+01   -5.1102678671e+01   -2.0857834327e+01    3.9131870505e+00   -1.1237543313e+01    7.4254647792e-02    5.1200000000e+02    1.2707093213e-02    7.5164794922e-01
       176   -4.4882788945e+01    2.0158568883e+03   -7.8995384764e+01    3.4112595818e+01   -1.1567449837e+01   -5.1102678671e+01   -2.0282424738e+01    3.9571684819e+00   -1.1246959929e+01    7.4254647792e-02    5.1200000000e+02    1.2723208950e-02    7.5708007812e-01
       177   -4.4967181375e+01    2.0236878290e+03   -7.8499134386e+01    3.3531953011e+01   -1.1549694010e+01   -5.1102678671e+01   -1.9803053273e+01    3.9562915676e+00   -1.1233885826e+01    7.4254647792e-02    5.1200000000e+02    1.2683640115e-02    7.6306152344e-01
       178   -4.4991273099e+01    2.0254515384e+03   -7.9024487341e+01    3.4033214241e+01   -1.1663765999e+01   -5.1102678671e+01   -2.0015864794e+01    3.7578221240e+00   -1.1342657188e+01    7.4254647792e-02    5.1200000000e+02    1.2745839644e-02    7.6074218750e-01
       179   -4.4908297556e+01    2.0179848710e+03   -7.9058505820e+01    3.4150208264e+01   -1.1594733994e+01   -5.1102678671e+01   -2.0232956942e+01    3.8718637872e+00   -1.1291564531e+01    7.4254647792e-02    5.1200000000e+02    1.2655460183e-02    7.6068115234e-01
       180   -4.4914705154e+01    2.0186668573e+03   -7.9287712288e+01    3.4373007134e+01   -1.1636702160e+01   -5.1102678671e+01   -2.0464037853e+01    3.9157063957e+00   -1.1325342622e+01    7.4254647792e-02    5.1200000000e+02    1.2646429622e-02    7.5830078125e-01
       181   -4.4944795523e+01    2.0213111721e+03   -7.9044352120e+01    3.4099556597e+01   -1.1590276240e+01   -5.1102678671e+01   -2.0358194145e+01    4.0067969366e+00   -1.1287110287e+01    7.4254647792e-02    5.1200000000e+02    1.2706013955e-02    7.6086425781e-01
       182   -4.4994825923e+01    2.0255766826e+03   -7.9474454480e+01    3.4479628558e+01   -1.1690082070e+01   -5.1102678671e+01   -2.0703174034e+01    4.0214802955e+00   -1.1389534990e+01    7.4254647792e-02    5.1200000000e+02    1.2680598933e-02    7.5122070312e-01
       183   -4.4999059670e+01    2.0263954453e+03   -7.9254662315e+01    3.4255602645e+01   -1.1607226789e+01   -5.1102678671e+01   -2.0711102016e+01    4.1663451612e+00   -1.1303438334e+01    7.4254647792e-02    5.1200000000e+02    1.2732927402e-02    7.5781250000e-01
       184   -4.4878144555e+01    2.0153777128e+03   -7.8959408794e+01    3.4081264239e+01   -1.1547562236e+01   -5.1102678671e+01   -2.0323043345e+01    4.0138754577e+00   -1.1234870154e+01    7.4254647792e-02    5.1200000000e+02    1.2682848140e-02    7.6336669922e-01
       185   -4.4866491099e+01    2.0144222728e+03   -7.9603809956e+01    3.4737318857e+01   -1.1516228897e+01   -5.1102678671e+01   -2.0670251517e+01    3.6853491293e+00   -1.1197050777e+01    7.4254647792e-02    5.1200000000e+02    1.2688555747e-02    7.5646972656e-01
       186   -4.4927219011e+01    2.0199931835e+03   -7.9221364499e+01    3.4294145488e+01   -1.1413164886e+01   -5.1102678671e+01   -2.0913221876e+01    4.2077009338e+00   -1.1090955253e+01    7.4254647792e-02    5.1200000000e+02    1.2803966626e-02    7.5610351562e-01
       187   -4.4922762297e+01    2.0198889988e+03   -7.9231060097e+01    3.4308297799e+01   -1.1426272319e+01   -5.1102678671e+01   -2.0789292981e+01    4.0871838744e+00   -1.1082686742e+01    7.4254647792e-02    5.1200000000e+02    1.2706878867e-02    7.5524902344e-01
       188   -4.4997778533e+01    2.0261377935e+03   -7.9484496926e+01    3.4486718393e+01   -1.1577225642e+01   -5.1102678671e+01   -2.0724028092e+01    3.9194354790e+00   -1.1258966621e+01    7.4254647792e-02    5.1200000000e+02    1.2648363408e-02    7.5366210938e-01
       189   -4.5047993339e+01    2.0307095831e+03   -7.9561866608e+01    3.4513873269e+01   -1.1593039916e+01   -5.1102678671e+01   -2.0798275513e+01    3.9321274918e+00   -1.1303151951e+01    7.4254647792e-02    5.1200000000e+02    1.2618067656e-02    7.5933837891e-01
       190   -4.4933384895e+01    2.0204798141e+03   -7.9454676344e+01    3.4521291449e+01   -1.1700586819e+01   -5.1102678671e+01   -2.0313697651e+01    3.6622867966e+00   -1.1381798087e+01    7.4254647792e-02    5.1200000000e+02    1.2681481899e-02    7.6019287109e-01
       191   -4.4947737812e+01    2.0216927476e+03   -7.8874264508e+01    3.3926526696e+01   -1.1464553737e+01   -5.1102678671e+01   -2.0406596697e+01    4.0995645978e+00   -1.1153031264e+01    7.4254647792e-02    5.1200000000e+02    1.2674479922e-02    7.5823974609e-01
       192   -4.4847672437e+01    2.0127353639e+03   -7.9343105055e+01    3.4495432617e+01   -1.1628901793e+01   -5.1102678671e+01   -2.0201938270e+01    3.5904136794e+00   -1.1305191553e+01    7.4254647792e-02    5.1200000000e+02    1.2680426631e-02    7.5207519531e-01
       193   -4.4886350182e+01    2.0160256442e+03   -7.9233562503e+01    3.4347212322e+01   -1.1497882478e+01   -5.1102678671e+01   -2.0368356469e+01    3.7353551144e+00   -1.1192039624e+01    7.4254647792e-02    5.1200000000e+02    1.2659345132e-02    7.5848388672e-01
       194   -4.4924790988e+01    2.0196545826e+03   -7.9479348306e+01    3.4554557318e+01   -1.1569382036e+01   -5.1102678671e+01   -2.0740106220e+01    3.9328186215e+00   -1.1242426733e+01    7.4254647792e-02    5.1200000000e+02    1.2699083657e-02    7.6153564453e-01
       195   -4.4970997065e+01    2.0238187250e+03   -7.9796929150e+01    3.4825932085e+01   -1.1693893462e+01   -5.1102678671e+01   -2.0731826479e+01    3.7314694622e+00   -1.1383200445e+01    7.4254647792e-02    5.1200000000e+02    1.2688278716e-02    7.5927734375e-01
       196   -4.5001453660e+01    2.0264649760e+03   -7.9918361543e+01    3.4916907883e+01   -1.1519251433e+01   -5.1102678671e+01   -2.1082930801e+01    3.7864993623e+00   -1.1198443218e+01    7.4254647792e-02    5.1200000000e+02    1.2706356895e-02    7.5280761719e-01
       197   -4.5003126641e+01    2.0266851553e+03   -7.9582217363e+01    3.4579090722e+01   -1.1464455542e+01   -5.1102678671e+01   -2.0906603899e+01    3.8915207501e+00   -1.1156307774e+01    7.4254647792e-02    5.1200000000e+02    1.2759544907e-02    7.5329589844e-01
       198   -4.4939295960e+01    2.0216406916e+03   -7.9810297445e+01    3.4871001485e+01   -1.1536559669e+01   -5.1102678671e+01   -2.1169920958e+01    3.9988618527e+00   -1.1218967355e+01    7.4254647792e-02    5.1200000000e+02    1.2684713330e-02    7.5982666016e-01
       199   -4.4866931319e+01    2.0145491998e+03   -7.9357168190e+01    3.4490236872e+01   -1.1431466792e+01   -5.1102678671e+01   -2.0760412844e+01    3.9373901161e+00   -1.1086898310e+01    7.4254647792e-02    5.1200000000e+02    1.2695636489e-02    7.5811767578e-01
