#   index    LocalEnergy         LocalEnergy_sq      LocalPotential      Kinetic             ElecElec            IonIon              LocalECP            NonLocalECP         MPC                 KEcorr              BlockWeight         BlockCPU            AcceptRatio         
         0   -4.5092287810e+01    2.0343451949e+03   -8.0389422968e+01    3.5297135158e+01   -1.1518215606e+01   -5.1102678671e+01   -2.1500201798e+01    3.7316731077e+00   -1.1212462126e+01    8.6556426981e-02    5.1200000000e+02    1.2712291489e-02    7.4835205078e-01
         1   -4.5184192141e+01    2.0455575670e+03   -8.0335467581e+01    3.5151275440e+01   -1.1482575245e+01   -5.1102678671e+01   -2.1564774920e+01    3.8145612545e+00   -1.1159862608e+01    8.6556426981e-02    5.1200000000e+02    1.2751010073e-02    7.5726318359e-01
         2   -4.5164376969e+01    2.0408646518e+03   -7.9601503476e+01    3.4437126507e+01   -1.1368219580e+01   -5.1102678671e+01   -2.0839723783e+01    3.7091185584e+00   -1.1078516337e+01    8.6556426981e-02    5.1200000000e+02    1.2747839709e-02    7.5213623047e-01
         3   -4.5226733138e+01    2.0466550128e+03   -7.9618893321e+01    3.4392160183e+01   -1.1364487288e+01   -5.1102678671e+01   -2.1225508245e+01    4.0737808828e+00   -1.1073211516e+01    8.6556426981e-02    5.1200000000e+02    1.2829067952e-02    7.5561523438e-01
         4   -4.5200290831e+01    2.0441999029e+03   -7.9755108403e+01    3.4554817572e+01   -1.1319460529e+01   -5.1102678671e+01   -2.1642193881e+01    4.3092246788e+00   -1.1013326427e+01    8.6556426981e-02    5.1200000000e+02    1.2818995181e-02    7.5305175781e-01
         5   -4.5156963988e+01    2.0402539221e+03   -7.9794169200e+01    3.4637205212e+01   -1.1496638116e+01   -5.1102678671e+01   -2.1208845938e+01    4.0139935256e+00   -1.1176966570e+01    8.6556426981e-02    5.1200000000e+02    1.2799260989e-02    7.6080322266e-01
         6   -4.5193539199e+01    2.0435260159e+03   -8.0047443893e+01    3.4853904694e+01   -1.1392544242e+01   -5.1102678671e+01   -2.1738728805e+01    4.1865078245e+00   -1.1091141713e+01    8.6556426981e-02    5.1200000000e+02    1.2784337424e-02    7.5708007812e-01
         7   -4.5135126806e+01    2.0382655764e+03   -8.0165784105e+01    3.5030657299e+01   -1.1551989972e+01   -5.1102678671e+01   -2.1620594377e+01    4.1094789152e+00   -1.1249683281e+01    8.6556426981e-02    5.1200000000e+02    1.2793669133e-02    7.5207519531e-01
         8   -4.5164800370e+01    2.0410330810e+03   -8.0012943100e+01    3.4848142730e+01   -1.1451422635e+01   -5.1102678671e+01   -2.1315888143e+01    3.8570463494e+00   -1.1148831174e+01    8.6556426981e-02    5.1200000000e+02    1.2774322451e-02    7.5079345703e-01
         9   -4.5135439979e+01    2.0383976765e+03   -8.0278535085e+01    3.5143095106e+01   -1.1450539630e+01   -5.1102678671e+01   -2.1736876031e+01    4.0115592475e+00   -1.1162859094e+01    8.6556426981e-02    5.1200000000e+02    1.2764620920e-02    7.5494384766e-01
        10   -4.5121138756e+01    2.0370239585e+03   -7.9451570615e+01    3.4330431859e+01   -1.1268959164e+01   -5.1102678671e+01   -2.1100775568e+01    4.0208427876e+00   -1.0981807405e+01    8.6556426981e-02    5.1200000000e+02    1.2738182686e-02    7.5177001953e-01
        11   -4.5110072897e+01    2.0360864925e+03   -7.9823335375e+01    3.4713262477e+01   -1.1146903357e+01   -5.1102678671e+01   -2.1517404476e+01    3.9436511290e+00   -1.0829960460e+01    8.6556426981e-02    5.1200000000e+02    1.2776426609e-02    7.5109863281e-01
        12   -4.5218678435e+01    2.0459611823e+03   -7.9548531145e+01    3.4329852710e+01   -1.1317330765e+01   -5.1102678671e+01   -2.1479807221e+01    4.3512855117e+00   -1.1028215356e+01    8.6556426981e-02    5.1200000000e+02    1.2774343816e-02    7.5140380859e-01
        13   -4.5228585581e+01    2.0468391788e+03   -8.0113160295e+01    3.4884574714e+01   -1.1359811833e+01   -5.1102678671e+01   -2.1835044932e+01    4.1843751411e+00   -1.1056813537e+01    8.6556426981e-02    5.1200000000e+02    1.2744268286e-02    7.5329589844e-01
        14   -4.5227897208e+01    2.0466124156e+03   -8.0397215879e+01    3.5169318671e+01   -1.1278928229e+01   -5.1102678671e+01   -2.2252200565e+01    4.2365915855e+00   -1.0983465667e+01    8.6556426981e-02    5.1200000000e+02    1.2785696626e-02    7.5189208984e-01
        15   -4.5224422779e+01    2.0464481089e+03   -8.0613708949e+01    3.5389286170e+01   -1.1440848790e+01   -5.1102678671e+01   -2.2220028513e+01    4.1498470249e+00   -1.1153232878e+01    8.6556426981e-02    5.1200000000e+02    1.2773950076e-02    7.4822998047e-01
        16   -4.5259504019e+01    2.0496188670e+03   -8.0507359779e+01    3.5247855760e+01   -1.1397244899e+01   -5.1102678671e+01   -2.1974225478e+01    3.9667892686e+00   -1.1125156201e+01    8.6556426981e-02    5.1200000000e+02    1.2772329460e-02    7.5219726562e-01
        17   -4.5151483510e+01    2.0397981662e+03   -8.0152063991e+01    3.5000580481e+01   -1.1348729626e+01   -5.1102678671e+01   -2.1385808545e+01    3.6851528513e+00   -1.1049394305e+01    8.6556426981e-02    5.1200000000e+02    1.2751086497e-02    7.4822998047e-01
        18   -4.5137426388e+01    2.0386017691e+03   -8.0463799579e+01    3.5326373191e+01   -1.1376470384e+01   -5.1102678671e+01   -2.1814890353e+01    3.8302398293e+00   -1.1075902243e+01    8.6556426981e-02    5.1200000000e+02    1.2764559299e-02    7.4542236328e-01
        19   -4.5149407975e+01    2.0394689485e+03   -8.0277211052e+01    3.5127803077e+01   -1.1370405922e+01   -5.1102678671e+01   -2.1672881449e+01    3.8687549906e+00   -1.1067682888e+01    8.6556426981e-02    5.1200000000e+02    1.2787062017e-02    7.5085449219e-01
        20   -4.5176497848e+01    2.0420704667e+03   -8.0294519170e+01    3.5118021322e+01   -1.1255230978e+01   -5.1102678671e+01   -2.1568066719e+01    3.6314571988e+00   -1.0954510089e+01    8.6556426981e-02    5.1200000000e+02    1.2827589419e-02    7.5054931641e-01
        21   -4.5177422014e+01    2.0421110414e+03   -8.0070282679e+01    3.4892860665e+01   -1.1328266654e+01   -5.1102678671e+01   -2.1865159509e+01    4.2258221549e+00   -1.1007658701e+01    8.6556426981e-02    5.1200000000e+02    1.2786623984e-02    7.5415039062e-01
        22   -4.5223507092e+01    2.0463841257e+03   -8.0323530635e+01    3.5100023543e+01   -1.1223302677e+01   -5.1102678671e+01   -2.2022535625e+01    4.0249863375e+00   -1.0926789611e+01    8.6556426981e-02    5.1200000000e+02    1.2776637622e-02    7.5231933594e-01
        23   -4.5134992295e+01    2.0382930691e+03   -8.0087197886e+01    3.4952205590e+01   -1.1290133677e+01   -5.1102678671e+01   -2.1709071614e+01    4.0146860761e+00   -1.0990947011e+01    8.6556426981e-02    5.1200000000e+02    1.2718507693e-02    7.4694824219e-01
        24   -4.5107943161e+01    2.0370256821e+03   -7.9742067278e+01    3.4634124116e+01   -1.1167824207e+01   -5.1102678671e+01   -2.1739837592e+01    4.2682731920e+00   -1.0865926749e+01    8.6556426981e-02    5.1200000000e+02    1.2745312214e-02    7.4743652344e-01
        25   -4.5197023687e+01    2.0438004317e+03   -7.9825514867e+01    3.4628491180e+01   -1.1452410193e+01   -5.1102678671e+01   -2.1150447348e+01    3.8800213453e+00   -1.1150124668e+01    8.6556426981e-02    5.1200000000e+02    1.2732374619e-02    7.5384521484e-01
        26   -4.5163873793e+01    2.0409414982e+03   -7.9344462949e+01    3.4180589156e+01   -1.1443598058e+01   -5.1102678671e+01   -2.0804896942e+01    4.0067107218e+00   -1.1143008446e+01    8.6556426981e-02    5.1200000000e+02    1.2739039910e-02    7.5408935547e-01
        27   -4.5118426253e+01    2.0371272174e+03   -7.9780103009e+01    3.4661676757e+01   -1.1506422345e+01   -5.1102678671e+01   -2.0715247247e+01    3.5442452544e+00   -1.1202023427e+01    8.6556426981e-02    5.1200000000e+02    1.2780095791e-02    7.5701904297e-01
        28   -4.5189025488e+01    2.0432191656e+03   -7.9796259902e+01    3.4607234415e+01   -1.1368856673e+01   -5.1102678671e+01   -2.1572656651e+01    4.2479320930e+00   -1.1048574605e+01    8.6556426981e-02    5.1200000000e+02    1.2747514612e-02    7.5543212891e-01
        29   -4.5167507283e+01    2.0412572707e+03   -7.9546018703e+01    3.4378511420e+01   -1.1380688020e+01   -5.1102678671e+01   -2.1364455767e+01    4.3018037557e+00   -1.1078200778e+01    8.6556426981e-02    5.1200000000e+02    1.2747325879e-02    7.5781250000e-01
        30   -4.5222217233e+01    2.0461280792e+03   -8.0151530403e+01    3.4929313170e+01   -1.1331883604e+01   -5.1102678671e+01   -2.1723628317e+01    4.0066601882e+00   -1.1040372450e+01    8.6556426981e-02    5.1200000000e+02    1.2758794314e-02    7.4664306641e-01
        31   -4.5135803288e+01    2.0384445951e+03   -8.0107313417e+01    3.4971510129e+01   -1.1295774626e+01   -5.1102678671e+01   -2.1822897916e+01    4.1140377959e+00   -1.0984682622e+01    8.6556426981e-02    5.1200000000e+02    1.2766462407e-02    7.5451660156e-01
        32   -4.5218644437e+01    2.0459085866e+03   -8.0835739640e+01    3.5617095202e+01   -1.1262586490e+01   -5.1102678671e+01   -2.2456856178e+01    3.9863816995e+00   -1.0947389630e+01    8.6556426981e-02    5.1200000000e+02    1.2861202173e-02    7.5408935547e-01
        33   -4.5196718128e+01    2.0440091375e+03   -8.0503289745e+01    3.5306571617e+01   -1.1392653826e+01   -5.1102678671e+01   -2.2173543913e+01    4.1655866639e+00   -1.1091522080e+01    8.6556426981e-02    5.1200000000e+02    1.2773590464e-02    7.5122070312e-01
        34   -4.5224064642e+01    2.0463213645e+03   -8.0633086609e+01    3.5409021967e+01   -1.1236695083e+01   -5.1102678671e+01   -2.2437301504e+01    4.1435886490e+00   -1.0920054449e+01    8.6556426981e-02    5.1200000000e+02    1.2820282817e-02    7.5274658203e-01
        35   -4.5185751668e+01    2.0430656758e+03   -8.0373172270e+01    3.5187420602e+01   -1.1299763254e+01   -5.1102678671e+01   -2.2325193382e+01    4.3544630360e+00   -1.0991945542e+01    8.6556426981e-02    5.1200000000e+02    1.2800387500e-02    7.5122070312e-01
        36   -4.5185008718e+01    2.0429772971e+03   -8.0373348381e+01    3.5188339663e+01   -1.1287794705e+01   -5.1102678671e+01   -2.1993645526e+01    4.0107705212e+00   -1.0972838343e+01    8.6556426981e-02    5.1200000000e+02    1.2761017942e-02    7.5000000000e-01
        37   -4.5152971481e+01    2.0396600149e+03   -7.9902797177e+01    3.4749825696e+01   -1.1382381772e+01   -5.1102678671e+01   -2.1121263725e+01    3.7035269909e+00   -1.1085944612e+01    8.6556426981e-02    5.1200000000e+02    1.2747859001e-02    7.4987792969e-01
        38   -4.5215328994e+01    2.0457137548e+03   -7.9801025528e+01    3.4585696534e+01   -1.1491708732e+01   -5.1102678671e+01   -2.1076712564e+01    3.8700744398e+00   -1.1186324713e+01    8.6556426981e-02    5.1200000000e+02    1.2802482297e-02    7.5402832031e-01
        39   -4.5214569912e+01    2.0455646057e+03   -7.9324248345e+01    3.4109678433e+01   -1.1315918274e+01   -5.1102678671e+01   -2.0889971973e+01    3.9843205732e+00   -1.1028029958e+01    8.6556426981e-02    5.1200000000e+02    1.2825365989e-02    7.4963378906e-01
        40   -4.5158935777e+01    2.0403414439e+03   -7.9974989466e+01    3.4816053689e+01   -1.1538991610e+01   -5.1102678671e+01   -2.1295517605e+01    3.9621984203e+00   -1.1246303812e+01    8.6556426981e-02    5.1200000000e+02    1.2807111694e-02    7.5433349609e-01
        41   -4.5125991437e+01    2.0372808384e+03   -7.9838592399e+01    3.4712600962e+01   -1.1491439156e+01   -5.1102678671e+01   -2.1343492417e+01    4.0990178447e+00   -1.1201455695e+01    8.6556426981e-02    5.1200000000e+02    1.2682624580e-02    7.5390625000e-01
        42   -4.5211274342e+01    2.0450935252e+03   -8.0317183106e+01    3.5105908764e+01   -1.1590834301e+01   -5.1102678671e+01   -2.1743017788e+01    4.1193476542e+00   -1.1303050360e+01    8.6556426981e-02    5.1200000000e+02    1.2684526748e-02    7.5518798828e-01
        43   -4.5125365201e+01    2.0374831883e+03   -8.0068683430e+01    3.4943318230e+01   -1.1453989308e+01   -5.1102678671e+01   -2.1335747011e+01    3.8237315589e+00   -1.1151864444e+01    8.6556426981e-02    5.1200000000e+02    1.2753232312e-02    7.5573730469e-01
        44   -4.5156617152e+01    2.0403507316e+03   -8.0409382919e+01    3.5252765768e+01   -1.1316240029e+01   -5.1102678671e+01   -2.1714613594e+01    3.7241493749e+00   -1.1011194646e+01    8.6556426981e-02    5.1200000000e+02    1.2773535466e-02    7.4835205078e-01
        45   -4.5216450952e+01    2.0456354222e+03   -7.9805293847e+01    3.4588842895e+01   -1.1265318955e+01   -5.1102678671e+01   -2.1713361072e+01    4.2760648508e+00   -1.0960176485e+01    8.6556426981e-02    5.1200000000e+02    1.2765635242e-02    7.5598144531e-01
        46   -4.5191142311e+01    2.0435232624e+03   -7.9838657204e+01    3.4647514893e+01   -1.1375228753e+01   -5.1102678671e+01   -2.1486255666e+01    4.1255058862e+00   -1.1042221261e+01    8.6556426981e-02    5.1200000000e+02    1.2825685876e-02    7.5531005859e-01
        47   -4.5162727811e+01    2.0408191022e+03   -8.0016396240e+01    3.4853668429e+01   -1.1424663603e+01   -5.1102678671e+01   -2.1337091659e+01    3.8480376928e+00   -1.1122190506e+01    8.6556426981e-02    5.1200000000e+02    1.2726401709e-02    7.4865722656e-01
        48   -4.5244735310e+01    2.0483478530e+03   -8.0075434017e+01    3.4830698707e+01   -1.1449832569e+01   -5.1102678671e+01   -2.1384228541e+01    3.8613057634e+00   -1.1154075771e+01    8.6556426981e-02    5.1200000000e+02    1.2793762244e-02    7.5152587891e-01
        49   -4.5247633520e+01    2.0485382094e+03   -7.9602621658e+01    3.4354988138e+01   -1.1213920507e+01   -5.1102678671e+01   -2.1549242296e+01    4.2632198154e+00   -1.0937305770e+01    8.6556426981e-02    5.1200000000e+02    1.2827277461e-02    7.5073242188e-01
        50   -4.5188260149e+01    2.0431519634e+03   -7.9654283557e+01    3.4466023408e+01   -1.1354059253e+01   -5.1102678671e+01   -2.0996595101e+01    3.7990494685e+00   -1.1056122953e+01    8.6556426981e-02    5.1200000000e+02    1.2831565229e-02    7.5122070312e-01
        51   -4.5209245864e+01    2.0450847943e+03   -8.0022447308e+01    3.4813201445e+01   -1.1364644732e+01   -5.1102678671e+01   -2.1237447800e+01    3.6823238954e+00   -1.1073253278e+01    8.6556426981e-02    5.1200000000e+02    1.2774056316e-02    7.5622558594e-01
        52   -4.5226689097e+01    2.0464699827e+03   -8.0457989532e+01    3.5231300435e+01   -1.1398818681e+01   -5.1102678671e+01   -2.2083251759e+01    4.1267595790e+00   -1.1094428048e+01    8.6556426981e-02    5.1200000000e+02    1.2792794868e-02    7.5335693359e-01
        53   -4.5152806570e+01    2.0402341331e+03   -8.0538583158e+01    3.5385776587e+01   -1.1362527332e+01   -5.1102678671e+01   -2.1718061607e+01    3.6446844526e+00   -1.1048946177e+01    8.6556426981e-02    5.1200000000e+02    1.2826758342e-02    7.5531005859e-01
        54   -4.5135040782e+01    2.0382810846e+03   -8.0364966396e+01    3.5229925615e+01   -1.1581716206e+01   -5.1102678671e+01   -2.1349268252e+01    3.6686967325e+00   -1.1280792544e+01    8.6556426981e-02    5.1200000000e+02    1.2798976125e-02    7.5756835938e-01
        55   -4.5081118217e+01    2.0334218196e+03   -7.9704778299e+01    3.4623660082e+01   -1.1694469987e+01   -5.1102678671e+01   -2.0876984741e+01    3.9693551001e+00   -1.1366618843e+01    8.6556426981e-02    5.1200000000e+02    1.2700387144e-02    7.4963378906e-01
        56   -4.5189614137e+01    2.0430834900e+03   -8.0068979076e+01    3.4879364938e+01   -1.1321558112e+01   -5.1102678671e+01   -2.1806887404e+01    4.1621451116e+00   -1.1016742660e+01    8.6556426981e-02    5.1200000000e+02    1.2726639280e-02    7.5415039062e-01
        57   -4.5135145319e+01    2.0383268396e+03   -8.0265347355e+01    3.5130202036e+01   -1.1368043340e+01   -5.1102678671e+01   -2.1652527260e+01    3.8579019155e+00   -1.1090652228e+01    8.6556426981e-02    5.1200000000e+02    1.2837866865e-02    7.4859619141e-01
        58   -4.5162265966e+01    2.0407405392e+03   -7.9796051883e+01    3.4633785917e+01   -1.1379248659e+01   -5.1102678671e+01   -2.1289670261e+01    3.9755457078e+00   -1.1102089578e+01    8.6556426981e-02    5.1200000000e+02    1.2783364001e-02    7.5000000000e-01
        59   -4.5130907032e+01    2.0380755500e+03   -7.9981447546e+01    3.4850540514e+01   -1.1406469591e+01   -5.1102678671e+01   -2.1406789543e+01    3.9344902588e+00   -1.1103977917e+01    8.6556426981e-02    5.1200000000e+02    1.2809400884e-02    7.5073242188e-01
        60   -4.5188446557e+01    2.0431217311e+03   -8.0119971877e+01    3.4931525320e+01   -1.1461613698e+01   -5.1102678671e+01   -2.1604873983e+01    4.0491944749e+00   -1.1178625036e+01    8.6556426981e-02    5.1200000000e+02    1.2798484656e-02    7.4835205078e-01
        61   -4.5205758813e+01    2.0446461182e+03   -7.9899711023e+01    3.4693952210e+01   -1.1532470477e+01   -5.1102678671e+01   -2.1770251097e+01    4.5056892232e+00   -1.1228221542e+01    8.6556426981e-02    5.1200000000e+02    1.2725018611e-02    7.5543212891e-01
        62   -4.5184914620e+01    2.0427945145e+03   -7.9930563213e+01    3.4745648593e+01   -1.1395591551e+01   -5.1102678671e+01   -2.1541173807e+01    4.1088808160e+00   -1.1103305480e+01    8.6556426981e-02    5.1200000000e+02    1.2759789058e-02    7.5854492188e-01
        63   -4.5191419175e+01    2.0433222248e+03   -7.9781532346e+01    3.4590113170e+01   -1.1447408909e+01   -5.1102678671e+01   -2.1096984405e+01    3.8655396397e+00   -1.1152062480e+01    8.6556426981e-02    5.1200000000e+02    1.2723380679e-02    7.5073242188e-01
        64   -4.5178659737e+01    2.0423002329e+03   -7.9455993168e+01    3.4277333431e+01   -1.1363194625e+01   -5.1102678671e+01   -2.0928189405e+01    3.9380695329e+00   -1.1053539457e+01    8.6556426981e-02    5.1200000000e+02    1.2689001296e-02    7.5469970703e-01
        65   -4.5208029445e+01    2.0450422849e+03   -7.9509756292e+01    3.4301726848e+01   -1.1396413952e+01   -5.1102678671e+01   -2.1233190657e+01    4.2225269877e+00   -1.1098177000e+01    8.6556426981e-02    5.1200000000e+02    1.2717117231e-02    7.5329589844e-01
        66   -4.5180548423e+01    2.0424610795e+03   -7.9949801277e+01    3.4769252854e+01   -1.1224011292e+01   -5.1102678671e+01   -2.1305770880e+01    3.6826595652e+00   -1.0922550751e+01    8.6556426981e-02    5.1200000000e+02    1.2753091914e-02    7.5195312500e-01
        67   -4.5181430285e+01    2.0425776548e+03   -8.0251189472e+01    3.5069759187e+01   -1.1360568635e+01   -5.1102678671e+01   -2.1661537491e+01    3.8735953257e+00   -1.1059348236e+01    8.6556426981e-02    5.1200000000e+02    1.2750683105e-02    7.5500488281e-01
        68   -4.5153691742e+01    2.0399507454e+03   -8.0013740595e+01    3.4860048853e+01   -1.1452953576e+01   -5.1102678671e+01   -2.1145253575e+01    3.6871452272e+00   -1.1140492993e+01    8.6556426981e-02    5.1200000000e+02    1.2777466638e-02    7.5292968750e-01
        69   -4.5156617963e+01    2.0401571086e+03   -8.0250792618e+01    3.5094174655e+01   -1.1559488496e+01   -5.1102678671e+01   -2.1453002374e+01    3.8643769234e+00   -1.1260014359e+01    8.6556426981e-02    5.1200000000e+02    1.2744594956e-02    7.4847412109e-01
        70   -4.5149067554e+01    2.0396342718e+03   -8.0130159931e+01    3.4981092377e+01   -1.1592738928e+01   -5.1102678671e+01   -2.1502217978e+01    4.0674756464e+00   -1.1287942930e+01    8.6556426981e-02    5.1200000000e+02    1.2738286772e-02    7.5018310547e-01
        71   -4.5132317231e+01    2.0381708096e+03   -7.9470892025e+01    3.4338574794e+01   -1.1380691909e+01   -5.1102678671e+01   -2.1023192691e+01    4.0356712460e+00   -1.1083758367e+01    8.6556426981e-02    5.1200000000e+02    1.2735078003e-02    7.5262451172e-01
        72   -4.5159457086e+01    2.0404219902e+03   -7.9856748204e+01    3.4697291118e+01   -1.1186560110e+01   -5.1102678671e+01   -2.1787594506e+01    4.2200850840e+00   -1.0896679389e+01    8.6556426981e-02    5.1200000000e+02    1.2773492871e-02    7.5012207031e-01
        73   -4.5161224200e+01    2.0405175764e+03   -8.0194987064e+01    3.5033762864e+01   -1.1301329733e+01   -5.1102678671e+01   -2.1733237780e+01    3.9422591208e+00   -1.1004234206e+01    8.6556426981e-02    5.1200000000e+02    1.2805075471e-02    7.5817871094e-01
        74   -4.5170504968e+01    2.0415580936e+03   -7.9667469943e+01    3.4496964975e+01   -1.1375617573e+01   -5.1102678671e+01   -2.1120815663e+01    3.9316419643e+00   -1.1066715725e+01    8.6556426981e-02    5.1200000000e+02    1.2807847896e-02    7.5189208984e-01
        75   -4.5117615180e+01    2.0368187021e+03   -7.9940704263e+01    3.4823089082e+01   -1.1262452364e+01   -5.1102678671e+01   -2.1796770278e+01    4.2211970508e+00   -1.0949045555e+01    8.6556426981e-02    5.1200000000e+02    1.2813633076e-02    7.5390625000e-01
        76   -4.5212647459e+01    2.0453157792e+03   -8.0846266332e+01    3.5633618873e+01   -1.1367851902e+01   -5.1102678671e+01   -2.2432262324e+01    4.0565265654e+00   -1.1057025786e+01    8.6556426981e-02    5.1200000000e+02    1.2845491941e-02    7.5164794922e-01
        77   -4.5188168383e+01    2.0431566218e+03   -8.0639412225e+01    3.5451243842e+01   -1.1261261915e+01   -5.1102678671e+01   -2.2333927611e+01    4.0584559721e+00   -1.0960428623e+01    8.6556426981e-02    5.1200000000e+02    1.2800277583e-02    7.5311279297e-01
        78   -4.5110303877e+01    2.0361102914e+03   -8.0432544593e+01    3.5322240716e+01   -1.1236323548e+01   -5.1102678671e+01   -2.1862463140e+01    3.7689207663e+00   -1.0927721987e+01    8.6556426981e-02    5.1200000000e+02    1.2739589207e-02    7.5091552734e-01
        79   -4.5151548037e+01    2.0397526786e+03   -8.0681543920e+01    3.5529995883e+01   -1.1385163875e+01   -5.1102678671e+01   -2.1938619157e+01    3.7449177835e+00   -1.1076880738e+01    8.6556426981e-02    5.1200000000e+02    1.2758872393e-02    7.4822998047e-01
        80   -4.5170103145e+01    2.0416425941e+03   -8.0171800080e+01    3.5001696934e+01   -1.1411277614e+01   -5.1102678671e+01   -2.1449981262e+01    3.7921374679e+00   -1.1115607050e+01    8.6556426981e-02    5.1200000000e+02    1.2708067039e-02    7.5604248047e-01
        81   -4.5174271851e+01    2.0419756566e+03   -7.9750845356e+01    3.4576573505e+01   -1.1418107322e+01   -5.1102678671e+01   -2.1254668239e+01    4.0246088772e+00   -1.1102645007e+01    8.6556426981e-02    5.1200000000e+02    1.2791601650e-02    7.5256347656e-01
        82   -4.5125400790e+01    2.0375373603e+03   -8.0080079717e+01    3.4954678927e+01   -1.1189415766e+01   -5.1102678671e+01   -2.1775470171e+01    3.9874848909e+00   -1.0865239005e+01    8.6556426981e-02    5.1200000000e+02    1.2744921243e-02    7.5036621094e-01
        83   -4.5150219695e+01    2.0395837573e+03   -8.0387533352e+01    3.5237313657e+01   -1.1342466067e+01   -5.1102678671e+01   -2.1915271985e+01    3.9728833709e+00   -1.1036232817e+01    8.6556426981e-02    5.1200000000e+02    1.2778659292e-02    7.5146484375e-01
        84   -4.5121783752e+01    2.0369733145e+03   -7.9845875862e+01    3.4724092110e+01   -1.1215935930e+01   -5.1102678671e+01   -2.1147268112e+01    3.6200068514e+00   -1.0916094970e+01    8.6556426981e-02    5.1200000000e+02    1.2781481914e-02    7.4957275391e-01
        85   -4.5107895698e+01    2.0359177792e+03   -7.9838397926e+01    3.4730502228e+01   -1.1245524634e+01   -5.1102678671e+01   -2.1583640787e+01    4.0934461648e+00   -1.0947986479e+01    8.6556426981e-02    5.1200000000e+02    1.2787161050e-02    7.5915527344e-01
        86   -4.5132283443e+01    2.0381586831e+03   -7.9817113313e+01    3.4684829870e+01   -1.1529912972e+01   -5.1102678671e+01   -2.1319346821e+01    4.1348251502e+00   -1.1243543909e+01    8.6556426981e-02    5.1200000000e+02    1.2737299424e-02    7.4847412109e-01
        87   -4.5196853587e+01    2.0438637650e+03   -7.9149046930e+01    3.3952193342e+01   -1.1346837986e+01   -5.1102678671e+01   -2.1147077586e+01    4.4475473135e+00   -1.1057821230e+01    8.6556426981e-02    5.1200000000e+02    1.2758757095e-02    7.5561523438e-01
        88   -4.5133508507e+01    2.0381189814e+03   -7.9889510785e+01    3.4756002278e+01   -1.1452978415e+01   -5.1102678671e+01   -2.1186636109e+01    3.8527824102e+00   -1.1155169609e+01    8.6556426981e-02    5.1200000000e+02    1.2746782622e-02    7.5531005859e-01
        89   -4.5210473813e+01    2.0451906390e+03   -7.9656751537e+01    3.4446277724e+01   -1.1284293452e+01   -5.1102678671e+01   -2.1344938863e+01    4.0751594485e+00   -1.1004473464e+01    8.6556426981e-02    5.1200000000e+02    1.2786106814e-02    7.5708007812e-01
        90   -4.5123933171e+01    2.0372423704e+03   -7.9842003818e+01    3.4718070647e+01   -1.1233201244e+01   -5.1102678671e+01   -2.1615003387e+01    4.1088794839e+00   -1.0906656981e+01    8.6556426981e-02    5.1200000000e+02    1.2796189377e-02    7.4731445312e-01
        91   -4.5143250608e+01    2.0389328062e+03   -7.9849033482e+01    3.4705782874e+01   -1.1340359692e+01   -5.1102678671e+01   -2.1225380047e+01    3.8193849279e+00   -1.1028759649e+01    8.6556426981e-02    5.1200000000e+02    1.2813663296e-02    7.5695800781e-01
        92   -4.5225325970e+01    2.0463694285e+03   -7.9814152506e+01    3.4588826536e+01   -1.1465981793e+01   -5.1102678671e+01   -2.1479278957e+01    4.2337869156e+00   -1.1153826514e+01    8.6556426981e-02    5.1200000000e+02    1.2816783845e-02    7.5494384766e-01
        93   -4.5166041184e+01    2.0409766436e+03   -8.0187346545e+01    3.5021305362e+01   -1.1374557342e+01   -5.1102678671e+01   -2.1551930183e+01    3.8418196509e+00   -1.1070528600e+01    8.6556426981e-02    5.1200000000e+02    1.2788827888e-02    7.5054931641e-01
        94   -4.5187939808e+01    2.0432313245e+03   -8.0115728147e+01    3.4927788339e+01   -1.1410448405e+01   -5.1102678671e+01   -2.1291404476e+01    3.6888034049e+00   -1.1109038252e+01    8.6556426981e-02    5.1200000000e+02    1.2803599272e-02    7.4816894531e-01
        95   -4.5229581632e+01    2.0467417577e+03   -8.0365234591e+01    3.5135652960e+01   -1.1456858382e+01   -5.1102678671e+01   -2.1782616929e+01    3.9769193907e+00   -1.1173059496e+01    8.6556426981e-02    5.1200000000e+02    1.2738499121e-02    7.5518798828e-01
        96   -4.5270603150e+01    2.0509332492e+03   -8.0687694459e+01    3.5417091310e+01   -1.1552611512e+01   -5.1102678671e+01   -2.1602304249e+01    3.5698999733e+00   -1.1260949667e+01    8.6556426981e-02    5.1200000000e+02    1.2710562419e-02    7.5073242188e-01
        97   -4.5141126476e+01    2.0388513103e+03   -8.0217536705e+01    3.5076410229e+01   -1.1568167380e+01   -5.1102678671e+01   -2.1499890575e+01    3.9531999218e+00   -1.1285891756e+01    8.6556426981e-02    5.1200000000e+02    1.2698866987e-02    7.5109863281e-01
        98   -4.5184567494e+01    2.0425761634e+03   -8.0195057911e+01    3.5010490417e+01   -1.1368884766e+01   -5.1102678671e+01   -2.1632872294e+01    3.9093778204e+00   -1.1086100953e+01    8.6556426981e-02    5.1200000000e+02    1.2833720425e-02    7.5616455078e-01
        99   -4.5231468838e+01    2.0469905699e+03   -8.0315414050e+01    3.5083945213e+01   -1.1457132282e+01   -5.1102678671e+01   -2.1586685236e+01    3.8310821389e+00   -1.1157784566e+01    8.6556426981e-02    5.1200000000e+02    1.2839319045e-02    7.5030517578e-01
       100   -4.5134446880e+01    2.0381320270e+03   -7.9977799280e+01    3.4843352401e+01   -1.1322169451e+01   -5.1102678671e+01   -2.1561080074e+01    4.0081289156e+00   -1.1022007765e+01    8.6556426981e-02    5.1200000000e+02    1.2751539604e-02    7.5109863281e-01
       101   -4.5202433380e+01    2.0443906137e+03   -8.0532337502e+01    3.5329904122e+01   -1.1240057012e+01   -5.1102678671e+01   -2.2541464066e+01    4.3518622477e+00   -1.0942273875e+01    8.6556426981e-02    5.1200000000e+02    1.2792795698e-02    7.4554443359e-01
       102   -4.5227956225e+01    2.0466620303e+03   -8.0453833355e+01    3.5225877131e+01   -1.1307754990e+01   -5.1102678671e+01   -2.2236423964e+01    4.1930242692e+00   -1.1027743426e+01    8.6556426981e-02    5.1200000000e+02    1.2805647688e-02    7.5268554688e-01
       103   -4.5235360111e+01    2.0473819898e+03   -8.0227337795e+01    3.4991977684e+01   -1.1219229763e+01   -5.1102678671e+01   -2.1893616959e+01    3.9881875975e+00   -1.0910504697e+01    8.6556426981e-02    5.1200000000e+02    1.2786847031e-02    7.5329589844e-01
       104   -4.5238875018e+01    2.0477486276e+03   -8.0228800574e+01    3.4989925555e+01   -1.1262360799e+01   -5.1102678671e+01   -2.2004373216e+01    4.1406121126e+00   -1.0966459871e+01    8.6556426981e-02    5.1200000000e+02    1.2796149341e-02    7.5146484375e-01
       105   -4.5153858018e+01    2.0401282865e+03   -7.9634201383e+01    3.4480343365e+01   -1.1264476380e+01   -5.1102678671e+01   -2.1555216714e+01    4.2881703819e+00   -1.0954648357e+01    8.6556426981e-02    5.1200000000e+02    1.2813892295e-02    7.5000000000e-01
       106   -4.5161296307e+01    2.0407695857e+03   -8.0266398705e+01    3.5105102398e+01   -1.1221620045e+01   -5.1102678671e+01   -2.2104779124e+01    4.1626791350e+00   -1.0927149367e+01    8.6556426981e-02    5.1200000000e+02    1.2851294858e-02    7.4938964844e-01
       107   -4.5264723672e+01    2.0499818824e+03   -7.9973695509e+01    3.4708971836e+01   -1.1252567235e+01   -5.1102678671e+01   -2.1816228830e+01    4.1977792277e+00   -1.0948424162e+01    8.6556426981e-02    5.1200000000e+02    1.2833423240e-02    7.5177001953e-01
       108   -4.5179076699e+01    2.0423649581e+03   -8.0159130262e+01    3.4980053563e+01   -1.1313366910e+01   -5.1102678671e+01   -2.1371298647e+01    3.6282139663e+00   -1.0989075366e+01    8.6556426981e-02    5.1200000000e+02    1.2760242217e-02    7.5354003906e-01
       109   -4.5085314358e+01    2.0341687379e+03   -8.0488181455e+01    3.5402867097e+01   -1.1416825086e+01   -5.1102678671e+01   -2.1917968153e+01    3.9492904552e+00   -1.1116359394e+01    8.6556426981e-02    5.1200000000e+02    1.2764228723e-02    7.5323486328e-01
       110   -4.5175245284e+01    2.0418829436e+03   -8.0031612869e+01    3.4856367585e+01   -1.1606738608e+01   -5.1102678671e+01   -2.1416665884e+01    4.0944702938e+00   -1.1321089995e+01    8.6556426981e-02    5.1200000000e+02    1.2752929668e-02    7.4414062500e-01
       111   -4.5154171078e+01    2.0400852916e+03   -7.9884251374e+01    3.4730080297e+01   -1.1337977230e+01   -5.1102678671e+01   -2.1851599841e+01    4.4080043679e+00   -1.1037563665e+01    8.6556426981e-02    5.1200000000e+02    1.2741191018e-02    7.5140380859e-01
       112   -4.5190477136e+01    2.0431949540e+03   -7.9978256697e+01    3.4787779561e+01   -1.1615431685e+01   -5.1102678671e+01   -2.1371727950e+01    4.1115816093e+00   -1.1316879421e+01    8.6556426981e-02    5.1200000000e+02    1.2681624468e-02    7.5329589844e-01
       113   -4.5205730588e+01    2.0446823105e+03   -8.0023886928e+01    3.4818156340e+01   -1.1427085406e+01   -5.1102678671e+01   -2.1658046760e+01    4.1639239093e+00   -1.1132203904e+01    8.6556426981e-02    5.1200000000e+02    1.2737953396e-02    7.4786376953e-01
       114   -4.5239756446e+01    2.0477417028e+03   -8.0634253550e+01    3.5394497103e+01   -1.1306357059e+01   -5.1102678671e+01   -2.2251851107e+01    4.0266332872e+00   -1.1019385664e+01    8.6556426981e-02    5.1200000000e+02    1.2805638459e-02    7.5421142578e-01
       115   -4.5309384269e+01    2.0542413895e+03   -8.0498134622e+01    3.5188750354e+01   -1.1327004833e+01   -5.1102678671e+01   -2.2460928783e+01    4.3924776651e+00   -1.1042891773e+01    8.6556426981e-02    5.1200000000e+02    1.2742324165e-02    7.5451660156e-01
       116   -4.5128952543e+01    2.0376432907e+03   -8.0040202269e+01    3.4911249726e+01   -1.1401095921e+01   -5.1102678671e+01   -2.1771022063e+01    4.2345943864e+00   -1.1117373582e+01    8.6556426981e-02    5.1200000000e+02    1.2708830935e-02    7.4920654297e-01
       117   -4.5211478480e+01    2.0458882740e+03   -8.0123800811e+01    3.4912322331e+01   -1.1454257697e+01   -5.1102678671e+01   -2.1497953762e+01    3.9310893191e+00   -1.1148209259e+01    8.6556426981e-02    5.1200000000e+02    1.2780784099e-02    7.4816894531e-01
       118   -4.5221397441e+01    2.0460964782e+03   -8.0451832954e+01    3.5230435512e+01   -1.1227880284e+01   -5.1102678671e+01   -2.2085896414e+01    3.9646224149e+00   -1.0930009863e+01    8.6556426981e-02    5.1200000000e+02    1.2810574548e-02    7.4969482422e-01
       119   -4.5214064167e+01    2.0453218728e+03   -8.0184617696e+01    3.4970553530e+01   -1.1331477643e+01   -5.1102678671e+01   -2.1825470298e+01    4.0750089164e+00   -1.1039655860e+01    8.6556426981e-02    5.1200000000e+02    1.2818775833e-02    7.5366210938e-01
       120   -4.5198006328e+01    2.0441076517e+03   -7.9904799140e+01    3.4706792813e+01   -1.1341645936e+01   -5.1102678671e+01   -2.1508109267e+01    4.0476347338e+00   -1.1050469756e+01    8.6556426981e-02    5.1200000000e+02    1.2767831372e-02    7.5012207031e-01
       121   -4.5296620897e+01    2.0530613775e+03   -8.0259422387e+01    3.4962801491e+01   -1.1551750404e+01   -5.1102678671e+01   -2.2158769667e+01    4.5537763547e+00   -1.1252463747e+01    8.6556426981e-02    5.1200000000e+02    1.2787126389e-02    7.5134277344e-01
       122   -4.5200199031e+01    2.0443045979e+03   -8.0220899149e+01    3.5020700118e+01   -1.1544928272e+01   -5.1102678671e+01   -2.1362914033e+01    3.7896218271e+00   -1.1248212639e+01    8.6556426981e-02    5.1200000000e+02    1.2715411299e-02    7.4890136719e-01
       123   -4.5227103564e+01    2.0465516211e+03   -8.0058929208e+01    3.4831825644e+01   -1.1498180249e+01   -5.1102678671e+01   -2.1418951212e+01    3.9608809243e+00   -1.1209179069e+01    8.6556426981e-02    5.1200000000e+02    1.2748617615e-02    7.5659179688e-01
       124   -4.5224527574e+01    2.0464173978e+03   -7.9742266872e+01    3.4517739298e+01   -1.1409856445e+01   -5.1102678671e+01   -2.1338064862e+01    4.1083331062e+00   -1.1124269205e+01    8.6556426981e-02    5.1200000000e+02    1.2709570522e-02    7.5292968750e-01
       125   -4.5212717758e+01    2.0453468934e+03   -8.0245203570e+01    3.5032485811e+01   -1.1476341524e+01   -5.1102678671e+01   -2.1205468354e+01    3.5392849790e+00   -1.1203369051e+01    8.6556426981e-02    5.1200000000e+02    1.2781032183e-02    7.4969482422e-01
       126   -4.5246737082e+01    2.0482450619e+03   -7.9622758216e+01    3.4376021134e+01   -1.1466427906e+01   -5.1102678671e+01   -2.1030176753e+01    3.9765251139e+00   -1.1203367792e+01    8.6556426981e-02    5.1200000000e+02    1.2793546094e-02    7.5000000000e-01
       127   -4.5213951173e+01    2.0455968622e+03   -8.0401595007e+01    3.5187643834e+01   -1.1526291751e+01   -5.1102678671e+01   -2.1941708112e+01    4.1690835274e+00   -1.1248888434e+01    8.6556426981e-02    5.1200000000e+02    1.2766301238e-02    7.5244140625e-01
       128   -4.5218576909e+01    2.0460258758e+03   -7.9903776213e+01    3.4685199304e+01   -1.1322912652e+01   -5.1102678671e+01   -2.1685203438e+01    4.2070185475e+00   -1.1024395455e+01    8.6556426981e-02    5.1200000000e+02    1.2775919956e-02    7.5170898438e-01
       129   -4.5227123128e+01    2.0468244590e+03   -8.0140974162e+01    3.4913851034e+01   -1.1422826579e+01   -5.1102678671e+01   -2.1782136446e+01    4.1666675349e+00   -1.1132423240e+01    8.6556426981e-02    5.1200000000e+02    1.2820534937e-02    7.5305175781e-01
       130   -4.5235298047e+01    2.0475344437e+03   -8.0180833625e+01    3.4945535578e+01   -1.1268275373e+01   -5.1102678671e+01   -2.2150562089e+01    4.3406825082e+00   -1.0982124809e+01    8.6556426981e-02    5.1200000000e+02    1.2814149404e-02    7.4938964844e-01
       131   -4.5257619179e+01    2.0491904805e+03   -8.0693859866e+01    3.5436240687e+01   -1.1326582980e+01   -5.1102678671e+01   -2.2113920838e+01    3.8493226228e+00   -1.1022419503e+01    8.6556426981e-02    5.1200000000e+02    1.2823351238e-02    7.5152587891e-01
       132   -4.5175715169e+01    2.0419541028e+03   -8.0479384103e+01    3.5303668934e+01   -1.1362492182e+01   -5.1102678671e+01   -2.1727226048e+01    3.7130127980e+00   -1.1043655481e+01    8.6556426981e-02    5.1200000000e+02    1.2796100278e-02    7.5604248047e-01
       133   -4.5169342549e+01    2.0415035470e+03   -7.9528904372e+01    3.4359561823e+01   -1.1453640945e+01   -5.1102678671e+01   -2.1070892868e+01    4.0983081117e+00   -1.1143589736e+01    8.6556426981e-02    5.1200000000e+02    1.2729428010e-02    7.4822998047e-01
       134   -4.5183589165e+01    2.0426894004e+03   -7.9977720660e+01    3.4794131495e+01   -1.1531177320e+01   -5.1102678671e+01   -2.1237288603e+01    3.8934239346e+00   -1.1227553495e+01    8.6556426981e-02    5.1200000000e+02    1.2748199131e-02    7.5122070312e-01
       135   -4.5186971778e+01    2.0429417248e+03   -7.9511832226e+01    3.4324860448e+01   -1.1529206619e+01   -5.1102678671e+01   -2.1190635352e+01    4.3106884160e+00   -1.1236981321e+01    8.6556426981e-02    5.1200000000e+02    1.2711809316e-02    7.5848388672e-01
       136   -4.5142518141e+01    2.0389136569e+03   -8.0146480420e+01    3.5003962279e+01   -1.1415699634e+01   -5.1102678671e+01   -2.1542383250e+01    3.9142811347e+00   -1.1114449667e+01    8.6556426981e-02    5.1200000000e+02    1.2779709404e-02    7.5555419922e-01
       137   -4.5205128783e+01    2.0446621560e+03   -8.0159855401e+01    3.4954726618e+01   -1.1415266559e+01   -5.1102678671e+01   -2.1252916267e+01    3.6110060968e+00   -1.1113676856e+01    8.6556426981e-02    5.1200000000e+02    1.2733816506e-02    7.5408935547e-01
       138   -4.5013331835e+01    2.0273667372e+03   -7.9453182157e+01    3.4439850322e+01   -1.1448288777e+01   -5.1102678671e+01   -2.0861583819e+01    3.9593691108e+00   -1.1158966508e+01    8.6556426981e-02    5.1200000000e+02    1.2777555303e-02    7.5415039062e-01
       139   -4.5118890689e+01    2.0368962271e+03   -8.0332372902e+01    3.5213482213e+01   -1.1321053230e+01   -5.1102678671e+01   -2.1666635801e+01    3.7579948007e+00   -1.1016602144e+01    8.6556426981e-02    5.1200000000e+02    1.2732707397e-02    7.5427246094e-01
       140   -4.5120915269e+01    2.0377274767e+03   -7.9803954303e+01    3.4683039034e+01   -1.1537016947e+01   -5.1102678671e+01   -2.1070065027e+01    3.9058063419e+00   -1.1228466505e+01    8.6556426981e-02    5.1200000000e+02    1.2731847336e-02    7.4890136719e-01
       141   -4.5107835101e+01    2.0368241279e+03   -7.9772989172e+01    3.4665154071e+01   -1.1461255900e+01   -5.1102678671e+01   -2.1281978847e+01    4.0729242467e+00   -1.1157419411e+01    8.6556426981e-02    5.1200000000e+02    1.2743536968e-02    7.5177001953e-01
       142   -4.5134155351e+01    2.0382333128e+03   -8.0417137651e+01    3.5282982300e+01   -1.1301156496e+01   -5.1102678671e+01   -2.2132588629e+01    4.1192861451e+00   -1.0984330696e+01    8.6556426981e-02    5.1200000000e+02    1.2743457209e-02    7.5451660156e-01
       143   -4.5229307444e+01    2.0469035037e+03   -8.0225194084e+01    3.4995886640e+01   -1.1285317526e+01   -5.1102678671e+01   -2.1868301279e+01    4.0311033913e+00   -1.0971672463e+01    8.6556426981e-02    5.1200000000e+02    1.2739441926e-02    7.5964355469e-01
       144   -4.5211986305e+01    2.0450658788e+03   -8.0218041546e+01    3.5006055241e+01   -1.1415649065e+01   -5.1102678671e+01   -2.1769111592e+01    4.0693977828e+00   -1.1098322916e+01    8.6556426981e-02    5.1200000000e+02    1.2797085459e-02    7.5268554688e-01
       145   -4.5166944487e+01    2.0411746196e+03   -8.0525520690e+01    3.5358576203e+01   -1.1508832650e+01   -5.1102678671e+01   -2.1893994872e+01    3.9799855040e+00   -1.1223174398e+01    8.6556426981e-02    5.1200000000e+02    1.2759929124e-02    7.5402832031e-01
       146   -4.5054835757e+01    2.0310801351e+03   -8.0664125931e+01    3.5609290173e+01   -1.1395856607e+01   -5.1102678671e+01   -2.1894003799e+01    3.7284131464e+00   -1.1090723627e+01    8.6556426981e-02    5.1200000000e+02    1.2747344651e-02    7.4871826172e-01
       147   -4.5076548199e+01    2.0332259142e+03   -8.0532783026e+01    3.5456234827e+01   -1.1347172449e+01   -5.1102678671e+01   -2.1699004226e+01    3.6160723209e+00   -1.1030850931e+01    8.6556426981e-02    5.1200000000e+02    1.2720116606e-02    7.4798583984e-01
       148   -4.5168838713e+01    2.0415086428e+03   -8.0528194839e+01    3.5359356126e+01   -1.1328825897e+01   -5.1102678671e+01   -2.1834536901e+01    3.7378466302e+00   -1.1024049331e+01    8.6556426981e-02    5.1200000000e+02    1.2750708689e-02    7.5482177734e-01
       149   -4.5136534388e+01    2.0382886148e+03   -8.0410918832e+01    3.5274384444e+01   -1.1575125470e+01   -5.1102678671e+01   -2.2038504766e+01    4.3053900749e+00   -1.1299899035e+01    8.6556426981e-02    5.1200000000e+02    1.2744662710e-02    7.5048828125e-01
       150   -4.5119401283e+01    2.0368999505e+03   -8.0321906813e+01    3.5202505530e+01   -1.1452638545e+01   -5.1102678671e+01   -2.1892969683e+01    4.1263800857e+00   -1.1163873760e+01    8.6556426981e-02    5.1200000000e+02    1.2752836216e-02    7.5421142578e-01
       151   -4.5172398324e+01    2.0416651320e+03   -8.0398048230e+01    3.5225649906e+01   -1.1260898821e+01   -5.1102678671e+01   -2.2171782703e+01    4.1373119643e+00   -1.0950745868e+01    8.6556426981e-02    5.1200000000e+02    1.2772354456e-02    7.5213623047e-01
       152   -4.5091370781e+01    2.0342514120e+03   -7.9518982828e+01    3.4427612048e+01   -1.1208381963e+01   -5.1102678671e+01   -2.1328960779e+01    4.1210385846e+00   -1.0927412431e+01    8.6556426981e-02    5.1200000000e+02    1.2753181526e-02    7.5335693359e-01
       153   -4.5174799647e+01    2.0419757052e+03   -8.0002878372e+01    3.4828078726e+01   -1.1245794948e+01   -5.1102678671e+01   -2.1664682897e+01    4.0102781440e+00   -1.0943015973e+01    8.6556426981e-02    5.1200000000e+02    1.2794000845e-02    7.5469970703e-01
       154   -4.5124246158e+01    2.0374943120e+03   -8.0937519056e+01    3.5813272897e+01   -1.1315630845e+01   -5.1102678671e+01   -2.2218351033e+01    3.6991414937e+00   -1.1032048644e+01    8.6556426981e-02    5.1200000000e+02    1.2798322107e-02    7.5024414062e-01
       155   -4.5188491650e+01    2.0430221337e+03   -8.0344766013e+01    3.5156274363e+01   -1.1443381046e+01   -5.1102678671e+01   -2.1946808715e+01    4.1481024192e+00   -1.1151719698e+01    8.6556426981e-02    5.1200000000e+02    1.2785526726e-02    7.4822998047e-01
       156   -4.5247479457e+01    2.0486046486e+03   -8.0251421759e+01    3.5003942301e+01   -1.1525345093e+01   -5.1102678671e+01   -2.1755915944e+01    4.1325179491e+00   -1.1234427026e+01    8.6556426981e-02    5.1200000000e+02    1.2771632966e-02    7.5341796875e-01
       157   -4.5210990398e+01    2.0450805818e+03   -8.0093059724e+01    3.4882069327e+01   -1.1369581276e+01   -5.1102678671e+01   -2.1638234983e+01    4.0174352053e+00   -1.1083343212e+01    8.6556426981e-02    5.1200000000e+02    1.2762118862e-02    7.5781250000e-01
       158   -4.5262137500e+01    2.0496725034e+03   -8.0090919261e+01    3.4828781761e+01   -1.1329842664e+01   -5.1102678671e+01   -2.1660885940e+01    4.0024880134e+00   -1.1053792984e+01    8.6556426981e-02    5.1200000000e+02    1.2790097507e-02    7.5054931641e-01
       159   -4.5242508375e+01    2.0481649175e+03   -8.0480240210e+01    3.5237731835e+01   -1.1526418090e+01   -5.1102678671e+01   -2.1896958947e+01    4.0458154982e+00   -1.1240775312e+01    8.6556426981e-02    5.1200000000e+02    1.2804909138e-02    7.4780273438e-01
       160   -4.5182064841e+01    2.0424791113e+03   -8.0386228068e+01    3.5204163227e+01   -1.1510398865e+01   -5.1102678671e+01   -2.1855169909e+01    4.0820193771e+00   -1.1212669231e+01    8.6556426981e-02    5.1200000000e+02    1.2729187122e-02    7.5433349609e-01
       161   -4.5148846610e+01    2.0395683716e+03   -7.9671208341e+01    3.4522361731e+01   -1.1536985260e+01   -5.1102678671e+01   -2.1270715977e+01    4.2391715676e+00   -1.1245837910e+01    8.6556426981e-02    5.1200000000e+02    1.2706227305e-02    7.4682617188e-01
       162   -4.5157265561e+01    2.0403266872e+03   -7.9795055048e+01    3.4637789487e+01   -1.1597336428e+01   -5.1102678671e+01   -2.0993182190e+01    3.8981422410e+00   -1.1299771679e+01    8.6556426981e-02    5.1200000000e+02    1.2726243330e-02    7.5787353516e-01
       163   -4.5139030612e+01    2.0387112413e+03   -8.0045804925e+01    3.4906774313e+01   -1.1499964569e+01   -5.1102678671e+01   -2.1385524851e+01    3.9423631656e+00   -1.1187629599e+01    8.6556426981e-02    5.1200000000e+02    1.2737685808e-02    7.5170898438e-01
       164   -4.5091457820e+01    2.0342535819e+03   -7.9958580594e+01    3.4867122774e+01   -1.1382691206e+01   -5.1102678671e+01   -2.1320592740e+01    3.8473820221e+00   -1.1077411140e+01    8.6556426981e-02    5.1200000000e+02    1.2806581113e-02    7.5103759766e-01
       165   -4.5138110250e+01    2.0387705299e+03   -7.9685340691e+01    3.4547230441e+01   -1.1433745877e+01   -5.1102678671e+01   -2.1083977633e+01    3.9350614896e+00   -1.1146225607e+01    8.6556426981e-02    5.1200000000e+02    1.2781390833e-02    7.5701904297e-01
       166   -4.5126159202e+01    2.0376731106e+03   -8.0128322128e+01    3.5002162926e+01   -1.1392033709e+01   -5.1102678671e+01   -2.1659240250e+01    4.0256305023e+00   -1.1091643884e+01    8.6556426981e-02    5.1200000000e+02    1.2770930042e-02    7.5579833984e-01
       167   -4.5210547605e+01    2.0450987078e+03   -7.9835649064e+01    3.4625101459e+01   -1.1453120574e+01   -5.1102678671e+01   -2.1507070451e+01    4.2272206310e+00   -1.1160921285e+01    8.6556426981e-02    5.1200000000e+02    1.2797588110e-02    7.5646972656e-01
       168   -4.5214977426e+01    2.0455753704e+03   -7.9409067102e+01    3.4194089676e+01   -1.1347732859e+01   -5.1102678671e+01   -2.1038717113e+01    4.0800615415e+00   -1.1053107992e+01    8.6556426981e-02    5.1200000000e+02    1.2759941343e-02    7.5250244141e-01
       169   -4.5205002516e+01    2.0444829816e+03   -7.9556814842e+01    3.4351812326e+01   -1.1505305339e+01   -5.1102678671e+01   -2.1220628607e+01    4.2717977751e+00   -1.1214433869e+01    8.6556426981e-02    5.1200000000e+02    1.2732857534e-02    7.5323486328e-01
       170   -4.5183970576e+01    2.0428735576e+03   -7.9494062474e+01    3.4310091899e+01   -1.1566512138e+01   -5.1102678671e+01   -2.0767203858e+01    3.9423321931e+00   -1.1268651145e+01    8.6556426981e-02    5.1200000000e+02    1.2781828855e-02    7.5067138672e-01
       171   -4.5192393691e+01    2.0435578368e+03   -7.9334398495e+01    3.4142004804e+01   -1.1444267488e+01   -5.1102678671e+01   -2.1080922260e+01    4.2934699248e+00   -1.1129536354e+01    8.6556426981e-02    5.1200000000e+02    1.2753414868e-02    7.5469970703e-01
       172   -4.5205813413e+01    2.0446052666e+03   -8.0511561347e+01    3.5305747935e+01   -1.1368342558e+01   -5.1102678671e+01   -2.1464410810e+01    3.4238706919e+00   -1.1068353476e+01    8.6556426981e-02    5.1200000000e+02    1.2825631172e-02    7.5250244141e-01
       173   -4.5160509555e+01    2.0404817439e+03   -8.0383100555e+01    3.5222591000e+01   -1.1417314824e+01   -5.1102678671e+01   -2.1661051019e+01    3.7979439596e+00   -1.1124673026e+01    8.6556426981e-02    5.1200000000e+02    1.2781921843e-02    7.5030517578e-01
       174   -4.5201349377e+01    2.0441977374e+03   -8.0198638876e+01    3.4997289499e+01   -1.1313181413e+01   -5.1102678671e+01   -2.1779520372e+01    3.9967415802e+00   -1.1007372410e+01    8.6556426981e-02    5.1200000000e+02    1.2752159768e-02    7.5152587891e-01
       175   -4.5173420669e+01    2.0418095431e+03   -8.0067597342e+01    3.4894176673e+01   -1.1513287582e+01   -5.1102678671e+01   -2.1400700588e+01    3.9490694995e+00   -1.1200704858e+01    8.6556426981e-02    5.1200000000e+02    1.2790795129e-02    7.5653076172e-01
       176   -4.5221650792e+01    2.0461978532e+03   -8.0022264869e+01    3.4800614077e+01   -1.1308860157e+01   -5.1102678671e+01   -2.1442057212e+01    3.8313311713e+00   -1.1008815760e+01    8.6556426981e-02    5.1200000000e+02    1.2842347385e-02    7.5115966797e-01
       177   -4.5207906000e+01    2.0448608866e+03   -7.9759060394e+01    3.4551154393e+01   -1.1372303698e+01   -5.1102678671e+01   -2.1256177537e+01    3.9720995127e+00   -1.1037751195e+01    8.6556426981e-02    5.1200000000e+02    1.2732466650e-02    7.4871826172e-01
       178   -4.5131886298e+01    2.0383983144e+03   -7.9804010733e+01    3.4672124436e+01   -1.1274831766e+01   -5.1102678671e+01   -2.1612253131e+01    4.1857528340e+00   -1.0982723836e+01    8.6556426981e-02    5.1200000000e+02    1.2700177085e-02    7.4578857422e-01
       179   -4.5205939374e+01    2.0446483290e+03   -7.9361800782e+01    3.4155861408e+01   -1.1579590119e+01   -5.1102678671e+01   -2.0776207863e+01    4.0966758710e+00   -1.1289588980e+01    8.6556426981e-02    5.1200000000e+02    1.2765730632e-02    7.5140380859e-01
       180   -4.5149667950e+01    2.0396492103e+03   -7.9248137969e+01    3.4098470019e+01   -1.1621383138e+01   -5.1102678671e+01   -2.0658008874e+01    4.1339327143e+00   -1.1317916455e+01    8.6556426981e-02    5.1200000000e+02    1.2734990146e-02    7.5744628906e-01
       181   -4.5144492358e+01    2.0391872438e+03   -7.9429882767e+01    3.4285390408e+01   -1.1402162969e+01   -5.1102678671e+01   -2.0757889480e+01    3.8328483534e+00   -1.1105328418e+01    8.6556426981e-02    5.1200000000e+02    1.2738315623e-02    7.5775146484e-01
       182   -4.5163970571e+01    2.0409017537e+03   -7.9608358531e+01    3.4444387960e+01   -1.1512259011e+01   -5.1102678671e+01   -2.0902511532e+01    3.9090906830e+00   -1.1196527558e+01    8.6556426981e-02    5.1200000000e+02    1.2786208022e-02    7.5384521484e-01
       183   -4.5209941253e+01    2.0450239385e+03   -8.0319297349e+01    3.5109356096e+01   -1.1532285662e+01   -5.1102678671e+01   -2.1373152191e+01    3.6888191754e+00   -1.1234019096e+01    8.6556426981e-02    5.1200000000e+02    1.2787213696e-02    7.6202392578e-01
       184   -4.5145427040e+01    2.0391879468e+03   -8.0410561930e+01    3.5265134890e+01   -1.1570661869e+01   -5.1102678671e+01   -2.1641844651e+01    3.9046232619e+00   -1.1261543760e+01    8.6556426981e-02    5.1200000000e+02    1.3187275845e-02    7.5677490234e-01
       185   -4.5266601649e+01    2.0501065418e+03   -8.1082562781e+01    3.5815961132e+01   -1.1500712143e+01   -5.1102678671e+01   -2.2403175371e+01    3.9240034046e+00   -1.1225901074e+01    8.6556426981e-02    5.1200000000e+02    1.2869220227e-02    7.5415039062e-01
       186   -4.5159070862e+01    2.0405946762e+03   -8.0548487568e+01    3.5389416706e+01   -1.1500578272e+01   -5.1102678671e+01   -2.1831775233e+01    3.8865446074e+00   -1.1185933552e+01    8.6556426981e-02    5.1200000000e+02    1.2801659226e-02    7.5476074219e-01
       187   -4.5214197112e+01    2.0454002084e+03   -8.0262812781e+01    3.5048615669e+01   -1.1368872060e+01   -5.1102678671e+01   -2.1638873496e+01    3.8476114467e+00   -1.1076266344e+01    8.6556426981e-02    5.1200000000e+02    1.2796113948e-02    7.5244140625e-01
       188   -4.5125457865e+01    2.0374915428e+03   -8.0383400078e+01    3.5257942213e+01   -1.1422453364e+01   -5.1102678671e+01   -2.1638637582e+01    3.7803695387e+00   -1.1112161758e+01    8.6556426981e-02    5.1200000000e+02    1.2790147461e-02    7.5354003906e-01
       189   -4.5221390779e+01    2.0460404187e+03   -8.0171581331e+01    3.4950190552e+01   -1.1292558919e+01   -5.1102678671e+01   -2.1735271616e+01    3.9589278749e+00   -1.0991554563e+01    8.6556426981e-02    5.1200000000e+02    1.2814244863e-02    7.5170898438e-01
       190   -4.5186109132e+01    2.0426591358e+03   -7.9940338438e+01    3.4754229305e+01   -1.1452290642e+01   -5.1102678671e+01   -2.1329466276e+01    3.9440971507e+00   -1.1155940756e+01    8.6556426981e-02    5.1200000000e+02    1.2807710791e-02    7.5115966797e-01
       191   -4.5150625284e+01    2.0396491471e+03   -8.0952091823e+01    3.5801466539e+01   -1.1466129358e+01   -5.1102678671e+01   -2.2395170406e+01    4.0118866130e+00   -1.1167687639e+01    8.6556426981e-02    5.1200000000e+02    1.2751840891e-02    7.4981689453e-01
       192   -4.5236109069e+01    2.0472629980e+03   -8.0782863987e+01    3.5546754918e+01   -1.1431816508e+01   -5.1102678671e+01   -2.2258565462e+01    4.0101966537e+00   -1.1141477342e+01    8.6556426981e-02    5.1200000000e+02    1.2733412688e-02    7.5415039062e-01
       193   -4.5128011625e+01    2.0376572352e+03   -8.0149181075e+01    3.5021169450e+01   -1.1642696128e+01   -5.1102678671e+01   -2.1499863509e+01    4.0960572326e+00   -1.1364724352e+01    8.6556426981e-02    5.1200000000e+02    1.2722755359e-02    7.5421142578e-01
       194   -4.5193121406e+01    2.0434642491e+03   -8.0315509985e+01    3.5122388579e+01   -1.1509869083e+01   -5.1102678671e+01   -2.1381026236e+01    3.6780640042e+00   -1.1224521165e+01    8.6556426981e-02    5.1200000000e+02    1.2770658137e-02    7.4865722656e-01
       195   -4.5237747456e+01    2.0477099874e+03   -7.9400025817e+01    3.4162278361e+01   -1.1294183334e+01   -5.1102678671e+01   -2.1155950167e+01    4.1527863549e+00   -1.0984544619e+01    8.6556426981e-02    5.1200000000e+02    1.2778425977e-02    7.5872802734e-01
       196   -4.5206592561e+01    2.0446894995e+03   -7.9544023213e+01    3.4337430651e+01   -1.1344483496e+01   -5.1102678671e+01   -2.1102249850e+01    4.0053888046e+00   -1.1059187105e+01    8.6556426981e-02    5.1200000000e+02    1.2757722761e-02    7.4804687500e-01
       197   -4.5196369730e+01    2.0440428078e+03   -7.9828324826e+01    3.4631955096e+01   -1.1565498861e+01   -5.1102678671e+01   -2.1082596151e+01    3.9224488571e+00   -1.1282237585e+01    8.6556426981e-02    5.1200000000e+02    1.2765131240e-02    7.5866699219e-01
       198   -4.5125901974e+01    2.0374327425e+03   -7.9678063231e+01    3.4552161257e+01   -1.1546466689e+01   -5.1102678671e+01   -2.1248518966e+01    4.2196010954e+00   -1.1246158027e+01    8.6556426981e-02    5.1200000000e+02    1.2766916353e-02    7.5494384766e-01
       199   -4.5088704942e+01    2.0340741171e+03   -8.0099827292e+01    3.5011122350e+01   -1.1615398648e+01   -5.1102678671e+01   -2.1467129290e+01    4.0853793175e+00   -1.1310838337e+01    8.6556426981e-02    5.1200000000e+02    1.2769009514e-02    7.5109863281e-01
