#   index    LocalEnergy         LocalEnergy_sq      LocalPotential      Kinetic             ElecElec            IonIon              LocalECP            NonLocalECP         MPC                 KEcorr              BlockWeight         BlockCPU            AcceptRatio         
         0   -4.5073524893e+01    2.0328248483e+03   -8.0119355169e+01    3.5045830276e+01   -1.1420548715e+01   -5.1102678671e+01   -2.1686272941e+01    4.0901451587e+00   -1.1101686684e+01    7.9600901357e-02    5.1200000000e+02    1.2778765005e-02    7.5512695312e-01
         1   -4.5007362787e+01    2.0268852730e+03   -7.9842640797e+01    3.4835278009e+01   -1.1230798139e+01   -5.1102678671e+01   -2.1134702850e+01    3.6255388629e+00   -1.0903711151e+01    7.9600901357e-02    5.1200000000e+02    1.2719533210e-02    7.4725341797e-01
         2   -4.5059463986e+01    2.0317561566e+03   -7.9075497942e+01    3.4016033956e+01   -1.1335665047e+01   -5.1102678671e+01   -2.0687084807e+01    4.0499305832e+00   -1.1039027288e+01    7.9600901357e-02    5.1200000000e+02    1.2765094497e-02    7.5292968750e-01
         3   -4.5035823083e+01    2.0293610976e+03   -7.9015330898e+01    3.3979507815e+01   -1.1291911914e+01   -5.1102678671e+01   -2.0874484101e+01    4.2537437890e+00   -1.0996054297e+01    7.9600901357e-02    5.1200000000e+02    1.2720528545e-02    7.5897216797e-01
         4   -4.5061547001e+01    2.0317838610e+03   -7.9518938478e+01    3.4457391476e+01   -1.1296298628e+01   -5.1102678671e+01   -2.1034691485e+01    3.9147303060e+00   -1.0977062763e+01    7.9600901357e-02    5.1200000000e+02    1.2787231338e-02    7.5262451172e-01
         5   -4.5062520760e+01    2.0318655011e+03   -7.9663068452e+01    3.4600547692e+01   -1.1353507399e+01   -5.1102678671e+01   -2.1327439644e+01    4.1205572623e+00   -1.1043945821e+01    7.9600901357e-02    5.1200000000e+02    1.2796782268e-02    7.5244140625e-01
         6   -4.5121162290e+01    2.0373146546e+03   -7.9916288800e+01    3.4795126510e+01   -1.1527610395e+01   -5.1102678671e+01   -2.1368671167e+01    4.0826714318e+00   -1.1223813225e+01    7.9600901357e-02    5.1200000000e+02    1.2772395498e-02    7.5158691406e-01
         7   -4.5017572162e+01    2.0278439134e+03   -7.9846332795e+01    3.4828760634e+01   -1.1571603670e+01   -5.1102678671e+01   -2.0928486800e+01    3.7564363457e+00   -1.1270387703e+01    7.9600901357e-02    5.1200000000e+02    1.2817419631e-02    7.5897216797e-01
         8   -4.5115453594e+01    2.0366851251e+03   -7.9328877603e+01    3.4213424009e+01   -1.1426540318e+01   -5.1102678671e+01   -2.0949996563e+01    4.1503379485e+00   -1.1134299282e+01    7.9600901357e-02    5.1200000000e+02    1.2786244094e-02    7.5146484375e-01
         9   -4.5046873189e+01    2.0306178081e+03   -8.0102315648e+01    3.5055442458e+01   -1.1352438022e+01   -5.1102678671e+01   -2.1057999453e+01    3.4108004979e+00   -1.1048111459e+01    7.9600901357e-02    5.1200000000e+02    1.2701671194e-02    7.5390625000e-01
        10   -4.5028864908e+01    2.0287587067e+03   -8.0302722959e+01    3.5273858052e+01   -1.1546369230e+01   -5.1102678671e+01   -2.1268296622e+01    3.6146215639e+00   -1.1234732707e+01    7.9600901357e-02    5.1200000000e+02    1.2724541140e-02    7.5378417969e-01
        11   -4.5026030092e+01    2.0283392004e+03   -7.9437938657e+01    3.4411908565e+01   -1.1664533206e+01   -5.1102678671e+01   -2.0749536574e+01    4.0788097944e+00   -1.1358870672e+01    7.9600901357e-02    5.1200000000e+02    1.2716112920e-02    7.5274658203e-01
        12   -4.4971957884e+01    2.0235777470e+03   -7.9907767467e+01    3.4935809583e+01   -1.1543554476e+01   -5.1102678671e+01   -2.1250949016e+01    3.9894146966e+00   -1.1247197945e+01    7.9600901357e-02    5.1200000000e+02    1.2698680503e-02    7.5354003906e-01
        13   -4.5001578916e+01    2.0266004777e+03   -7.9233841210e+01    3.4232262294e+01   -1.1454573381e+01   -5.1102678671e+01   -2.0565065741e+01    3.8884765833e+00   -1.1159231804e+01    7.9600901357e-02    5.1200000000e+02    1.2679786235e-02    7.5665283203e-01
        14   -4.5000835401e+01    2.0262814192e+03   -7.9678957633e+01    3.4678122232e+01   -1.1646283388e+01   -5.1102678671e+01   -2.0503801854e+01    3.5738062803e+00   -1.1341657716e+01    7.9600901357e-02    5.1200000000e+02    1.2718171355e-02    7.5323486328e-01
        15   -4.5044662927e+01    2.0303171598e+03   -7.9301648794e+01    3.4256985867e+01   -1.1623349160e+01   -5.1102678671e+01   -2.0427272084e+01    3.8516511206e+00   -1.1303324679e+01    7.9600901357e-02    5.1200000000e+02    1.2703663789e-02    7.5549316406e-01
        16   -4.5041694969e+01    2.0299968530e+03   -7.9624512674e+01    3.4582817705e+01   -1.1414566078e+01   -5.1102678671e+01   -2.1475260738e+01    4.3679928134e+00   -1.1110453328e+01    7.9600901357e-02    5.1200000000e+02    1.2745064915e-02    7.5921630859e-01
        17   -4.4986548239e+01    2.0251830382e+03   -8.0383645970e+01    3.5397097732e+01   -1.1491289822e+01   -5.1102678671e+01   -2.1404859088e+01    3.6151816100e+00   -1.1203041330e+01    7.9600901357e-02    5.1200000000e+02    1.2738405361e-02    7.5347900391e-01
        18   -4.5136697181e+01    2.0385823311e+03   -7.9851060620e+01    3.4714363439e+01   -1.1393260437e+01   -5.1102678671e+01   -2.1252202927e+01    3.8970814151e+00   -1.1089495754e+01    7.9600901357e-02    5.1200000000e+02    1.2731291182e-02    7.5109863281e-01
        19   -4.5021748505e+01    2.0283443040e+03   -8.0108117973e+01    3.5086369467e+01   -1.1527903783e+01   -5.1102678671e+01   -2.1142938956e+01    3.6654034375e+00   -1.1223685233e+01    7.9600901357e-02    5.1200000000e+02    1.2760463916e-02    7.6049804688e-01
        20   -4.5027501680e+01    2.0287772753e+03   -7.9835895578e+01    3.4808393898e+01   -1.1391105750e+01   -5.1102678671e+01   -2.1025287913e+01    3.6831767558e+00   -1.1098611904e+01    7.9600901357e-02    5.1200000000e+02    1.2744373723e-02    7.5628662109e-01
        21   -4.5046483903e+01    2.0304149919e+03   -7.9915340846e+01    3.4868856942e+01   -1.1411640097e+01   -5.1102678671e+01   -2.0875507340e+01    3.4744852623e+00   -1.1121462941e+01    7.9600901357e-02    5.1200000000e+02    1.2765517344e-02    7.5451660156e-01
        22   -4.5086633423e+01    2.0341448816e+03   -8.0034101739e+01    3.4947468316e+01   -1.1434888269e+01   -5.1102678671e+01   -2.1465940108e+01    3.9694053088e+00   -1.1131271610e+01    7.9600901357e-02    5.1200000000e+02    1.2786587964e-02    7.5286865234e-01
        23   -4.5003006311e+01    2.0263559608e+03   -8.0552355769e+01    3.5549349459e+01   -1.0987224271e+01   -5.1102678671e+01   -2.2346303833e+01    3.8838510051e+00   -1.0658678779e+01    7.9600901357e-02    5.1200000000e+02    1.2760876357e-02    7.5140380859e-01
        24   -4.5074030259e+01    2.0333376408e+03   -8.0353794429e+01    3.5279764170e+01   -1.1198961981e+01   -5.1102678671e+01   -2.1910473988e+01    3.8583202107e+00   -1.0882724188e+01    7.9600901357e-02    5.1200000000e+02    1.2813284941e-02    7.5451660156e-01
        25   -4.5033660430e+01    2.0294037544e+03   -8.0150606057e+01    3.5116945628e+01   -1.1397073445e+01   -5.1102678671e+01   -2.1546702843e+01    3.8958489019e+00   -1.1099983486e+01    7.9600901357e-02    5.1200000000e+02    1.2743573093e-02    7.5292968750e-01
        26   -4.5004606951e+01    2.0266651985e+03   -7.9782740903e+01    3.4778133952e+01   -1.1332599202e+01   -5.1102678671e+01   -2.1202646788e+01    3.8551837578e+00   -1.1025435586e+01    7.9600901357e-02    5.1200000000e+02    1.2686883813e-02    7.5781250000e-01
        27   -4.5093566325e+01    2.0348297641e+03   -8.0013719993e+01    3.4920153668e+01   -1.1393734697e+01   -5.1102678671e+01   -2.1750289671e+01    4.2329830462e+00   -1.1108553487e+01    7.9600901357e-02    5.1200000000e+02    1.2712084644e-02    7.5421142578e-01
        28   -4.5088474097e+01    2.0341577989e+03   -7.9733927290e+01    3.4645453193e+01   -1.1597276855e+01   -5.1102678671e+01   -2.0766907759e+01    3.7329359949e+00   -1.1296296060e+01    7.9600901357e-02    5.1200000000e+02    1.2738861355e-02    7.6019287109e-01
        29   -4.5048532233e+01    2.0308227764e+03   -7.9971611304e+01    3.4923079071e+01   -1.1384205784e+01   -5.1102678671e+01   -2.1677895859e+01    4.1931690095e+00   -1.1054275406e+01    7.9600901357e-02    5.1200000000e+02    1.2773303391e-02    7.5634765625e-01
        30   -4.5040179962e+01    2.0299398375e+03   -7.9573718056e+01    3.4533538094e+01   -1.1375791917e+01   -5.1102678671e+01   -2.0910392053e+01    3.8151445852e+00   -1.1042697793e+01    7.9600901357e-02    5.1200000000e+02    1.2724546726e-02    7.5616455078e-01
        31   -4.5031707251e+01    2.0290842825e+03   -7.9550045522e+01    3.4518338271e+01   -1.1416479367e+01   -5.1102678671e+01   -2.1199001139e+01    4.1681136548e+00   -1.1094922839e+01    7.9600901357e-02    5.1200000000e+02    1.2769752502e-02    7.5360107422e-01
        32   -4.5138861208e+01    2.0385726954e+03   -7.9552444900e+01    3.4413583692e+01   -1.1462983336e+01   -5.1102678671e+01   -2.0921464865e+01    3.9346819725e+00   -1.1160042940e+01    7.9600901357e-02    5.1200000000e+02    1.2714333665e-02    7.5421142578e-01
        33   -4.5037799707e+01    2.0297658700e+03   -7.9662317047e+01    3.4624517340e+01   -1.1381800566e+01   -5.1102678671e+01   -2.1057221789e+01    3.8793839786e+00   -1.1086139043e+01    7.9600901357e-02    5.1200000000e+02    1.2722633616e-02    7.5079345703e-01
        34   -4.5101501092e+01    2.0353973828e+03   -8.0000165342e+01    3.4898664250e+01   -1.1445872232e+01   -5.1102678671e+01   -2.0812678275e+01    3.3610638361e+00   -1.1159867823e+01    7.9600901357e-02    5.1200000000e+02    1.2775138521e-02    7.5842285156e-01
        35   -4.5046071399e+01    2.0303069851e+03   -7.9404039085e+01    3.4357967686e+01   -1.1490746098e+01   -5.1102678671e+01   -2.0638166885e+01    3.8275525691e+00   -1.1196200595e+01    7.9600901357e-02    5.1200000000e+02    1.2727984199e-02    7.5140380859e-01
        36   -4.4933819886e+01    2.0203951064e+03   -7.9778948301e+01    3.4845128415e+01   -1.1537899306e+01   -5.1102678671e+01   -2.1046702672e+01    3.9083323484e+00   -1.1218323961e+01    7.9600901357e-02    5.1200000000e+02    1.2713214216e-02    7.5482177734e-01
        37   -4.5004478165e+01    2.0267455825e+03   -7.9763356531e+01    3.4758878366e+01   -1.1437985495e+01   -5.1102678671e+01   -2.1424710081e+01    4.2020177162e+00   -1.1115211744e+01    7.9600901357e-02    5.1200000000e+02    1.2723132048e-02    7.5769042969e-01
        38   -4.5016873363e+01    2.0278969909e+03   -7.9619455124e+01    3.4602581761e+01   -1.1457269293e+01   -5.1102678671e+01   -2.1094386028e+01    4.0348788678e+00   -1.1130772792e+01    7.9600901357e-02    5.1200000000e+02    1.2752024902e-02    7.4951171875e-01
        39   -4.5076301891e+01    2.0329388595e+03   -8.0122765500e+01    3.5046463609e+01   -1.1315221665e+01   -5.1102678671e+01   -2.1597526595e+01    3.8926614318e+00   -1.1019962188e+01    7.9600901357e-02    5.1200000000e+02    1.2734476865e-02    7.5891113281e-01
        40   -4.5114992495e+01    2.0365677869e+03   -8.0080796273e+01    3.4965803778e+01   -1.1268720907e+01   -5.1102678671e+01   -2.1767976951e+01    4.0585802551e+00   -1.0980772629e+01    7.9600901357e-02    5.1200000000e+02    1.2796243394e-02    7.5653076172e-01
        41   -4.5044953190e+01    2.0302404919e+03   -8.0584407693e+01    3.5539454503e+01   -1.1425545096e+01   -5.1102678671e+01   -2.2094322025e+01    4.0381381000e+00   -1.1125582036e+01    7.9600901357e-02    5.1200000000e+02    1.2778439275e-02    7.5256347656e-01
        42   -4.5087624946e+01    2.0340327214e+03   -7.9686022787e+01    3.4598397841e+01   -1.1172873317e+01   -5.1102678671e+01   -2.1930578647e+01    4.5201078474e+00   -1.0844805054e+01    7.9600901357e-02    5.1200000000e+02    1.2771616128e-02    7.6000976562e-01
        43   -4.5082760906e+01    2.0338117577e+03   -7.9688048324e+01    3.4605287419e+01   -1.1341908565e+01   -5.1102678671e+01   -2.1400466530e+01    4.1570054415e+00   -1.1036913538e+01    7.9600901357e-02    5.1200000000e+02    1.2788737607e-02    7.6141357422e-01
        44   -4.5016676633e+01    2.0277674128e+03   -7.9793912143e+01    3.4777235509e+01   -1.1177442978e+01   -5.1102678671e+01   -2.1277243899e+01    3.7634534049e+00   -1.0862254026e+01    7.9600901357e-02    5.1200000000e+02    1.2755761611e-02    7.5561523438e-01
        45   -4.5025077796e+01    2.0285522274e+03   -7.9545501356e+01    3.4520423560e+01   -1.1497481036e+01   -5.1102678671e+01   -2.1202551173e+01    4.2572095240e+00   -1.1173189750e+01    7.9600901357e-02    5.1200000000e+02    1.2671379319e-02    7.5347900391e-01
        46   -4.5041565144e+01    2.0298518713e+03   -7.9571401054e+01    3.4529835911e+01   -1.1384745691e+01   -5.1102678671e+01   -2.0958975212e+01    3.8749985203e+00   -1.1060188557e+01    7.9600901357e-02    5.1200000000e+02    1.2740252209e-02    7.5976562500e-01
        47   -4.5061828298e+01    2.0317690432e+03   -7.9752603243e+01    3.4690774945e+01   -1.1455241583e+01   -5.1102678671e+01   -2.1437071360e+01    4.2423883708e+00   -1.1150346629e+01    7.9600901357e-02    5.1200000000e+02    1.2779381458e-02    7.5579833984e-01
        48   -4.5034011872e+01    2.0291495002e+03   -7.9342851942e+01    3.4308840070e+01   -1.1462507352e+01   -5.1102678671e+01   -2.0604522536e+01    3.8268566166e+00   -1.1146743700e+01    7.9600901357e-02    5.1200000000e+02    1.2751265334e-02    7.6336669922e-01
        49   -4.5005721130e+01    2.0266741778e+03   -7.9654979661e+01    3.4649258531e+01   -1.1472269827e+01   -5.1102678671e+01   -2.1322992053e+01    4.2429608894e+00   -1.1153608272e+01    7.9600901357e-02    5.1200000000e+02    1.2728503420e-02    7.5500488281e-01
        50   -4.4899897745e+01    2.0170849576e+03   -7.9956655670e+01    3.5056757925e+01   -1.1383049285e+01   -5.1102678671e+01   -2.1685941717e+01    4.2150140039e+00   -1.1053922987e+01    7.9600901357e-02    5.1200000000e+02    1.2705955559e-02    7.4926757812e-01
        51   -4.4970749929e+01    2.0234991535e+03   -7.9482207636e+01    3.4511457708e+01   -1.1698248499e+01   -5.1102678671e+01   -2.0578080423e+01    3.8967999567e+00   -1.1390660257e+01    7.9600901357e-02    5.1200000000e+02    1.2712533079e-02    7.5445556641e-01
        52   -4.5066521044e+01    2.0321315355e+03   -7.9799923871e+01    3.4733402827e+01   -1.1459304694e+01   -5.1102678671e+01   -2.0704778224e+01    3.4668377181e+00   -1.1167352676e+01    7.9600901357e-02    5.1200000000e+02    1.2744644126e-02    7.6092529297e-01
        53   -4.4995954148e+01    2.0261644885e+03   -7.9122530863e+01    3.4126576715e+01   -1.1478449059e+01   -5.1102678671e+01   -2.0752519716e+01    4.2111165827e+00   -1.1181769348e+01    7.9600901357e-02    5.1200000000e+02    1.2730268992e-02    7.4987792969e-01
        54   -4.5026734516e+01    2.0289528084e+03   -7.9656543469e+01    3.4629808954e+01   -1.1426201816e+01   -5.1102678671e+01   -2.1172059162e+01    4.0443961803e+00   -1.1113263086e+01    7.9600901357e-02    5.1200000000e+02    1.2812674644e-02    7.5891113281e-01
        55   -4.5003303003e+01    2.0264852089e+03   -7.9313443931e+01    3.4310140928e+01   -1.1546806909e+01   -5.1102678671e+01   -2.0525199859e+01    3.8612415079e+00   -1.1256599763e+01    7.9600901357e-02    5.1200000000e+02    1.2723544287e-02    7.5018310547e-01
        56   -4.5113532568e+01    2.0365486640e+03   -7.9437340612e+01    3.4323808044e+01   -1.1495744444e+01   -5.1102678671e+01   -2.1135929226e+01    4.2970117290e+00   -1.1195100920e+01    7.9600901357e-02    5.1200000000e+02    1.2743171907e-02    7.5445556641e-01
        57   -4.5001869347e+01    2.0264739177e+03   -7.9473694595e+01    3.4471825249e+01   -1.1532608945e+01   -5.1102678671e+01   -2.0426816759e+01    3.5884097799e+00   -1.1225728968e+01    7.9600901357e-02    5.1200000000e+02    1.2663455020e-02    7.5549316406e-01
        58   -4.4974462057e+01    2.0238204163e+03   -7.9100949936e+01    3.4126487879e+01   -1.1594991580e+01   -5.1102678671e+01   -2.0005201393e+01    3.6019217078e+00   -1.1301628100e+01    7.9600901357e-02    5.1200000000e+02    1.2668742019e-02    7.5573730469e-01
        59   -4.4961288320e+01    2.0230224784e+03   -7.9654441561e+01    3.4693153241e+01   -1.1601178571e+01   -5.1102678671e+01   -2.0428255100e+01    3.4776707811e+00   -1.1286596310e+01    7.9600901357e-02    5.1200000000e+02    1.2710394937e-02    7.5604248047e-01
        60   -4.5047916187e+01    2.0305790006e+03   -7.9539471673e+01    3.4491555486e+01   -1.1513592674e+01   -5.1102678671e+01   -2.0650807161e+01    3.7276068338e+00   -1.1202407929e+01    7.9600901357e-02    5.1200000000e+02    1.2686451570e-02    7.5866699219e-01
        61   -4.4959029553e+01    2.0224202568e+03   -7.8967407263e+01    3.4008377710e+01   -1.1704675315e+01   -5.1102678671e+01   -2.0045133417e+01    3.8850801400e+00   -1.1397586973e+01    7.9600901357e-02    5.1200000000e+02    1.2673164321e-02    7.5683593750e-01
        62   -4.5034872527e+01    2.0293401584e+03   -7.9342114354e+01    3.4307241827e+01   -1.1500817199e+01   -5.1102678671e+01   -2.0439850917e+01    3.7012324327e+00   -1.1210119324e+01    7.9600901357e-02    5.1200000000e+02    1.2668448975e-02    7.5592041016e-01
        63   -4.5065799498e+01    2.0324507715e+03   -7.9308553777e+01    3.4242754278e+01   -1.1499689057e+01   -5.1102678671e+01   -2.0756258264e+01    4.0500722154e+00   -1.1190909781e+01    7.9600901357e-02    5.1200000000e+02    1.2737471282e-02    7.5720214844e-01
        64   -4.5024912096e+01    2.0284885482e+03   -7.9233689321e+01    3.4208777225e+01   -1.1374632926e+01   -5.1102678671e+01   -2.0599690144e+01    3.8433124197e+00   -1.1077195688e+01    7.9600901357e-02    5.1200000000e+02    1.2725851833e-02    7.5549316406e-01
        65   -4.4988251864e+01    2.0250282117e+03   -7.9295034799e+01    3.4306782936e+01   -1.1502542765e+01   -5.1102678671e+01   -2.0599470595e+01    3.9096572319e+00   -1.1212751877e+01    7.9600901357e-02    5.1200000000e+02    1.2727665725e-02    7.5347900391e-01
        66   -4.5107893556e+01    2.0358802196e+03   -8.0021100895e+01    3.4913207340e+01   -1.1388033944e+01   -5.1102678671e+01   -2.1301612254e+01    3.7712239741e+00   -1.1100014133e+01    7.9600901357e-02    5.1200000000e+02    1.2753752288e-02    7.5817871094e-01
        67   -4.4992884030e+01    2.0255532818e+03   -7.9493271654e+01    3.4500387624e+01   -1.1519594765e+01   -5.1102678671e+01   -2.0724990073e+01    3.8539918551e+00   -1.1204615727e+01    7.9600901357e-02    5.1200000000e+02    1.2755630479e-02    7.5262451172e-01
        68   -4.5043705149e+01    2.0306264986e+03   -7.9537219471e+01    3.4493514322e+01   -1.1621423795e+01   -5.1102678671e+01   -2.0506311143e+01    3.6931941378e+00   -1.1306671705e+01    7.9600901357e-02    5.1200000000e+02    1.2713043293e-02    7.5598144531e-01
        69   -4.5079306060e+01    2.0335293607e+03   -7.9591228669e+01    3.4511922610e+01   -1.1410263765e+01   -5.1102678671e+01   -2.0542425562e+01    3.4641393287e+00   -1.1109434668e+01    7.9600901357e-02    5.1200000000e+02    1.2764728142e-02    7.5872802734e-01
        70   -4.5047360242e+01    2.0305161986e+03   -7.9520029360e+01    3.4472669117e+01   -1.1450693867e+01   -5.1102678671e+01   -2.0757234251e+01    3.7905774299e+00   -1.1150385285e+01    7.9600901357e-02    5.1200000000e+02    1.2736490413e-02    7.5836181641e-01
        71   -4.5018929656e+01    2.0278779612e+03   -7.9343277299e+01    3.4324347643e+01   -1.1416959965e+01   -5.1102678671e+01   -2.0757943092e+01    3.9343044289e+00   -1.1113189422e+01    7.9600901357e-02    5.1200000000e+02    1.2780079575e-02    7.6062011719e-01
        72   -4.4899922300e+01    2.0170708144e+03   -7.9477168806e+01    3.4577246505e+01   -1.1529359821e+01   -5.1102678671e+01   -2.0699392120e+01    3.8542618062e+00   -1.1237650224e+01    7.9600901357e-02    5.1200000000e+02    1.2698390229e-02    7.5415039062e-01
        73   -4.4981037166e+01    2.0243802241e+03   -7.9726397409e+01    3.4745360244e+01   -1.1583222272e+01   -5.1102678671e+01   -2.0997045695e+01    3.9565492296e+00   -1.1273843641e+01    7.9600901357e-02    5.1200000000e+02    1.2773225259e-02    7.5891113281e-01
        74   -4.4997835107e+01    2.0260198391e+03   -7.9468678238e+01    3.4470843131e+01   -1.1458474512e+01   -5.1102678671e+01   -2.0982009811e+01    4.0744847556e+00   -1.1158702284e+01    7.9600901357e-02    5.1200000000e+02    1.2724593977e-02    7.5457763672e-01
        75   -4.5013351646e+01    2.0272574100e+03   -7.9328696766e+01    3.4315345119e+01   -1.1640709807e+01   -5.1102678671e+01   -2.0488508636e+01    3.9032003487e+00   -1.1334372311e+01    7.9600901357e-02    5.1200000000e+02    1.2715701667e-02    7.6318359375e-01
        76   -4.5060828158e+01    2.0317641602e+03   -7.9207684463e+01    3.4146856305e+01   -1.1474913361e+01   -5.1102678671e+01   -2.0514740388e+01    3.8846479573e+00   -1.1175153944e+01    7.9600901357e-02    5.1200000000e+02    1.2740129976e-02    7.5329589844e-01
        77   -4.5061539917e+01    2.0317115477e+03   -7.9038497105e+01    3.3976957188e+01   -1.1386000403e+01   -5.1102678671e+01   -2.0342383018e+01    3.7925649873e+00   -1.1098323913e+01    7.9600901357e-02    5.1200000000e+02    1.2690810476e-02    7.5518798828e-01
        78   -4.5029830640e+01    2.0290999397e+03   -7.9627294845e+01    3.4597464205e+01   -1.1570392408e+01   -5.1102678671e+01   -2.0641975814e+01    3.6877520484e+00   -1.1270019586e+01    7.9600901357e-02    5.1200000000e+02    1.2651132788e-02    7.5762939453e-01
        79   -4.5007587614e+01    2.0269809935e+03   -7.9531775124e+01    3.4524187510e+01   -1.1475809168e+01   -5.1102678671e+01   -2.0440587396e+01    3.4873001110e+00   -1.1203507196e+01    7.9600901357e-02    5.1200000000e+02    1.2698594131e-02    7.5524902344e-01
        80   -4.4990344809e+01    2.0253078275e+03   -7.9494005326e+01    3.4503660517e+01   -1.1565058065e+01   -5.1102678671e+01   -2.0437500276e+01    3.6112316859e+00   -1.1276635756e+01    7.9600901357e-02    5.1200000000e+02    1.2641902017e-02    7.6019287109e-01
        81   -4.5021806652e+01    2.0283217043e+03   -7.9288986797e+01    3.4267180145e+01   -1.1580465747e+01   -5.1102678671e+01   -2.0662333330e+01    4.0564909521e+00   -1.1278589400e+01    7.9600901357e-02    5.1200000000e+02    1.2692452942e-02    7.5805664062e-01
        82   -4.5056984294e+01    2.0312478974e+03   -7.9749082194e+01    3.4692097901e+01   -1.1537190516e+01   -5.1102678671e+01   -2.0779010278e+01    3.6697972704e+00   -1.1244118684e+01    7.9600901357e-02    5.1200000000e+02    1.2716624641e-02    7.5653076172e-01
        83   -4.4995259377e+01    2.0257621609e+03   -8.0130334737e+01    3.5135075360e+01   -1.1547890129e+01   -5.1102678671e+01   -2.1152493343e+01    3.6727274057e+00   -1.1234829762e+01    7.9600901357e-02    5.1200000000e+02    1.2664535774e-02    7.5079345703e-01
        84   -4.4999625801e+01    2.0261934154e+03   -8.0063572984e+01    3.5063947182e+01   -1.1624742083e+01   -5.1102678671e+01   -2.1131091838e+01    3.7949396075e+00   -1.1309298568e+01    7.9600901357e-02    5.1200000000e+02    1.2706239565e-02    7.5427246094e-01
        85   -4.4980496380e+01    2.0243467528e+03   -7.9663156245e+01    3.4682659865e+01   -1.1524259084e+01   -5.1102678671e+01   -2.0570323534e+01    3.5341050447e+00   -1.1217919613e+01    7.9600901357e-02    5.1200000000e+02    1.2677481914e-02    7.5646972656e-01
        86   -4.4986102593e+01    2.0253828568e+03   -7.9499485194e+01    3.4513382600e+01   -1.1459565513e+01   -5.1102678671e+01   -2.0874862218e+01    3.9376212081e+00   -1.1132592444e+01    7.9600901357e-02    5.1200000000e+02    1.2676090378e-02    7.5469970703e-01
        87   -4.4956365992e+01    2.0224144328e+03   -8.0180492920e+01    3.5224126928e+01   -1.1526881301e+01   -5.1102678671e+01   -2.1174614676e+01    3.6236817281e+00   -1.1211275032e+01    7.9600901357e-02    5.1200000000e+02    1.2678538625e-02    7.5305175781e-01
        88   -4.4911845525e+01    2.0183057974e+03   -7.9739736991e+01    3.4827891466e+01   -1.1489063610e+01   -5.1102678671e+01   -2.0707908060e+01    3.5599133502e+00   -1.1171298406e+01    7.9600901357e-02    5.1200000000e+02    1.2657843887e-02    7.5311279297e-01
        89   -4.5012482519e+01    2.0272658110e+03   -7.9763072644e+01    3.4750590125e+01   -1.1460648932e+01   -5.1102678671e+01   -2.0987722583e+01    3.7879775429e+00   -1.1136470397e+01    7.9600901357e-02    5.1200000000e+02    1.2686033511e-02    7.5891113281e-01
        90   -4.5045871258e+01    2.0304303782e+03   -8.0333089394e+01    3.5287218136e+01   -1.1416849347e+01   -5.1102678671e+01   -2.1431799383e+01    3.6182380062e+00   -1.1112005350e+01    7.9600901357e-02    5.1200000000e+02    1.2721494617e-02    7.5250244141e-01
        91   -4.5115877020e+01    2.0367878516e+03   -7.9983879389e+01    3.4868002369e+01   -1.1520990696e+01   -5.1102678671e+01   -2.1034532373e+01    3.6743223512e+00   -1.1221284312e+01    7.9600901357e-02    5.1200000000e+02    1.2766053391e-02    7.5805664062e-01
        92   -4.5026762331e+01    2.0284220488e+03   -7.9648211969e+01    3.4621449638e+01   -1.1643650609e+01   -5.1102678671e+01   -2.0400311886e+01    3.4984291976e+00   -1.1339525503e+01    7.9600901357e-02    5.1200000000e+02    1.2761025337e-02    7.5006103516e-01
        93   -4.4968288203e+01    2.0234962906e+03   -7.9665891204e+01    3.4697603002e+01   -1.1455962773e+01   -5.1102678671e+01   -2.0621627539e+01    3.5143777794e+00   -1.1130016138e+01    7.9600901357e-02    5.1200000000e+02    1.2635888438e-02    7.5457763672e-01
        94   -4.5041353444e+01    2.0299320271e+03   -7.9264949108e+01    3.4223595664e+01   -1.1445032853e+01   -5.1102678671e+01   -2.0785532332e+01    4.0682947488e+00   -1.1146234620e+01    7.9600901357e-02    5.1200000000e+02    1.2723243027e-02    7.6147460938e-01
        95   -4.4974693724e+01    2.0240105657e+03   -7.9325649093e+01    3.4350955368e+01   -1.1465329177e+01   -5.1102678671e+01   -2.0422216033e+01    3.6645747881e+00   -1.1140889297e+01    7.9600901357e-02    5.1200000000e+02    1.2682531462e-02    7.5848388672e-01
        96   -4.5043544440e+01    2.0299172751e+03   -7.9296475435e+01    3.4252930995e+01   -1.1402916092e+01   -5.1102678671e+01   -2.1102018070e+01    4.3111373982e+00   -1.1087774434e+01    7.9600901357e-02    5.1200000000e+02    1.2741225308e-02    7.5610351562e-01
        97   -4.5061858343e+01    2.0317089247e+03   -7.9508461224e+01    3.4446602881e+01   -1.1324140857e+01   -5.1102678671e+01   -2.0928133682e+01    3.8464919866e+00   -1.1026740403e+01    7.9600901357e-02    5.1200000000e+02    1.2709149482e-02    7.5500488281e-01
        98   -4.5084416822e+01    2.0338182917e+03   -7.9639090978e+01    3.4554674156e+01   -1.1546811819e+01   -5.1102678671e+01   -2.0770467809e+01    3.7808673209e+00   -1.1240371525e+01    7.9600901357e-02    5.1200000000e+02    1.2749460635e-02    7.5683593750e-01
        99   -4.4999971142e+01    2.0262401928e+03   -7.9564405953e+01    3.4564434811e+01   -1.1288477205e+01   -5.1102678671e+01   -2.1156980742e+01    3.9837306656e+00   -1.0984583362e+01    7.9600901357e-02    5.1200000000e+02    1.2706866553e-02    7.5524902344e-01
       100   -4.4998483111e+01    2.0262748641e+03   -7.9790918098e+01    3.4792434987e+01   -1.1502721874e+01   -5.1102678671e+01   -2.0800659429e+01    3.6151418752e+00   -1.1176225366e+01    7.9600901357e-02    5.1200000000e+02    1.2666826013e-02    7.5360107422e-01
       101   -4.5023520522e+01    2.0283700117e+03   -7.9588240413e+01    3.4564719891e+01   -1.1359870061e+01   -5.1102678671e+01   -2.1084362638e+01    3.9586709577e+00   -1.1039757522e+01    7.9600901357e-02    5.1200000000e+02    1.2783275830e-02    7.5250244141e-01
       102   -4.5135298025e+01    2.0384913807e+03   -7.9569564503e+01    3.4434266478e+01   -1.1414077696e+01   -5.1102678671e+01   -2.1448140901e+01    4.3953327652e+00   -1.1098039698e+01    7.9600901357e-02    5.1200000000e+02    1.2809163384e-02    7.5817871094e-01
       103   -4.5015277802e+01    2.0276647271e+03   -7.9091165238e+01    3.4075887436e+01   -1.1499999152e+01   -5.1102678671e+01   -2.0492756502e+01    4.0042690865e+00   -1.1185553985e+01    7.9600901357e-02    5.1200000000e+02    1.2771369282e-02    7.5799560547e-01
       104   -4.5044598162e+01    2.0303352955e+03   -7.9154575716e+01    3.4109977554e+01   -1.1364421999e+01   -5.1102678671e+01   -2.0495569078e+01    3.8080940322e+00   -1.1041389809e+01    7.9600901357e-02    5.1200000000e+02    1.2751919954e-02    7.5726318359e-01
       105   -4.5027868397e+01    2.0286466694e+03   -7.9143654698e+01    3.4115786301e+01   -1.1513762212e+01   -5.1102678671e+01   -2.0144883212e+01    3.6176693966e+00   -1.1201298177e+01    7.9600901357e-02    5.1200000000e+02    1.2738271809e-02    7.5897216797e-01
       106   -4.5032971939e+01    2.0292597103e+03   -7.8954964374e+01    3.3921992435e+01   -1.1338755997e+01   -5.1102678671e+01   -2.0154973499e+01    3.6414437934e+00   -1.1011433008e+01    7.9600901357e-02    5.1200000000e+02    1.2764908540e-02    7.5817871094e-01
       107   -4.4966972881e+01    2.0232123142e+03   -7.9521689087e+01    3.4554716206e+01   -1.1445746946e+01   -5.1102678671e+01   -2.0539644513e+01    3.5663810434e+00   -1.1124927701e+01    7.9600901357e-02    5.1200000000e+02    1.2743245474e-02    7.5720214844e-01
       108   -4.4996431656e+01    2.0258511452e+03   -7.9620647604e+01    3.4624215948e+01   -1.1565547946e+01   -5.1102678671e+01   -2.0987822384e+01    4.0354013969e+00   -1.1265385385e+01    7.9600901357e-02    5.1200000000e+02    1.2757044368e-02    7.5549316406e-01
       109   -4.5050992490e+01    2.0307728717e+03   -7.9312941481e+01    3.4261948991e+01   -1.1353861657e+01   -5.1102678671e+01   -2.0787249791e+01    3.9308486382e+00   -1.1044972263e+01    7.9600901357e-02    5.1200000000e+02    1.2763422202e-02    7.5799560547e-01
       110   -4.5071208102e+01    2.0330238553e+03   -7.9976392351e+01    3.4905184248e+01   -1.1505710297e+01   -5.1102678671e+01   -2.1348212174e+01    3.9802087911e+00   -1.1209078528e+01    7.9600901357e-02    5.1200000000e+02    1.2751550276e-02    7.5494384766e-01
       111   -4.5050164722e+01    2.0306403165e+03   -7.9780857906e+01    3.4730693183e+01   -1.1487374484e+01   -5.1102678671e+01   -2.1159672836e+01    3.9688680860e+00   -1.1207236100e+01    7.9600901357e-02    5.1200000000e+02    1.2747086531e-02    7.5622558594e-01
       112   -4.5029681897e+01    2.0289807618e+03   -7.9699438387e+01    3.4669756490e+01   -1.1293486172e+01   -5.1102678671e+01   -2.1370272254e+01    4.0669987098e+00   -1.0983728101e+01    7.9600901357e-02    5.1200000000e+02    1.2795037986e-02    7.5512695312e-01
       113   -4.5162660890e+01    2.0411956513e+03   -7.9844625068e+01    3.4681964178e+01   -1.1341239606e+01   -5.1102678671e+01   -2.1538946642e+01    4.1382398504e+00   -1.1036679401e+01    7.9600901357e-02    5.1200000000e+02    1.2798253054e-02    7.5299072266e-01
       114   -4.5050365926e+01    2.0307785328e+03   -8.0370681400e+01    3.5320315474e+01   -1.1484045128e+01   -5.1102678671e+01   -2.1363348380e+01    3.5793907786e+00   -1.1191662845e+01    7.9600901357e-02    5.1200000000e+02    1.2729740271e-02    7.5408935547e-01
       115   -4.4985791594e+01    2.0248530411e+03   -8.0005692036e+01    3.5019900441e+01   -1.1398730382e+01   -5.1102678671e+01   -2.0915191926e+01    3.4109089433e+00   -1.1094556570e+01    7.9600901357e-02    5.1200000000e+02    1.3149381189e-02    7.5622558594e-01
       116   -4.5065800934e+01    2.0323409163e+03   -7.9577138845e+01    3.4511337911e+01   -1.1351365908e+01   -5.1102678671e+01   -2.1018872520e+01    3.8957782543e+00   -1.1043878691e+01    7.9600901357e-02    5.1200000000e+02    1.2743897075e-02    7.5506591797e-01
       117   -4.5069922519e+01    2.0324884131e+03   -7.9261979850e+01    3.4192057332e+01   -1.1368555744e+01   -5.1102678671e+01   -2.1197271000e+01    4.4065255653e+00   -1.1061364274e+01    7.9600901357e-02    5.1200000000e+02    1.2778899116e-02    7.5952148438e-01
       118   -4.4917857557e+01    2.0189416799e+03   -7.9531120313e+01    3.4613262756e+01   -1.1362530724e+01   -5.1102678671e+01   -2.0735128814e+01    3.6692178958e+00   -1.1040790244e+01    7.9600901357e-02    5.1200000000e+02    1.2683441707e-02    7.5952148438e-01
       119   -4.4978650951e+01    2.0243182900e+03   -7.9792179278e+01    3.4813528327e+01   -1.1488200240e+01   -5.1102678671e+01   -2.0701155287e+01    3.4998549205e+00   -1.1167021776e+01    7.9600901357e-02    5.1200000000e+02    1.2752455581e-02    7.5732421875e-01
       120   -4.5065573760e+01    2.0322243294e+03   -7.9562988504e+01    3.4497414744e+01   -1.1550336715e+01   -5.1102678671e+01   -2.0615290873e+01    3.7053177560e+00   -1.1247264695e+01    7.9600901357e-02    5.1200000000e+02    1.2701630850e-02    7.5659179688e-01
       121   -4.5027125857e+01    2.0286954693e+03   -7.9386456633e+01    3.4359330775e+01   -1.1475907420e+01   -5.1102678671e+01   -2.0515833752e+01    3.7079632112e+00   -1.1173914921e+01    7.9600901357e-02    5.1200000000e+02    1.2664837458e-02    7.4853515625e-01
       122   -4.5068013752e+01    2.0323393335e+03   -7.8987852664e+01    3.3919838912e+01   -1.1487264047e+01   -5.1102678671e+01   -2.0469107711e+01    4.0711977654e+00   -1.1186397481e+01    7.9600901357e-02    5.1200000000e+02    1.2768273032e-02    7.5152587891e-01
       123   -4.4999375527e+01    2.0263927999e+03   -7.9386470722e+01    3.4387095195e+01   -1.1476821998e+01   -5.1102678671e+01   -2.0656799352e+01    3.8498292993e+00   -1.1167347859e+01    7.9600901357e-02    5.1200000000e+02    1.2718437678e-02    7.5793457031e-01
       124   -4.4946269118e+01    2.0214027942e+03   -7.9679599014e+01    3.4733329897e+01   -1.1468571461e+01   -5.1102678671e+01   -2.0830061779e+01    3.7217128963e+00   -1.1163112561e+01    7.9600901357e-02    5.1200000000e+02    1.2748001389e-02    7.5445556641e-01
       125   -4.5070371409e+01    2.0331407367e+03   -7.9377715276e+01    3.4307343868e+01   -1.1503305438e+01   -5.1102678671e+01   -2.0506788811e+01    3.7350576436e+00   -1.1212023600e+01    7.9600901357e-02    5.1200000000e+02    1.2762586416e-02    7.5488281250e-01
       126   -4.5003946915e+01    2.0268354977e+03   -7.9580436569e+01    3.4576489654e+01   -1.1209554359e+01   -5.1102678671e+01   -2.1288608623e+01    4.0204050844e+00   -1.0899534564e+01    7.9600901357e-02    5.1200000000e+02    1.2774012617e-02    7.5134277344e-01
       127   -4.5057212211e+01    2.0314625032e+03   -7.9763247752e+01    3.4706035541e+01   -1.1266772747e+01   -5.1102678671e+01   -2.1385624236e+01    3.9918279024e+00   -1.0944664742e+01    7.9600901357e-02    5.1200000000e+02    1.2773924568e-02    7.4908447266e-01
       128   -4.5097597859e+01    2.0353331241e+03   -7.9796465109e+01    3.4698867251e+01   -1.1287502833e+01   -5.1102678671e+01   -2.1507948830e+01    4.1016652241e+00   -1.0965694589e+01    7.9600901357e-02    5.1200000000e+02    1.2772563125e-02    7.5555419922e-01
       129   -4.5094689584e+01    2.0347817685e+03   -8.0043348599e+01    3.4948659015e+01   -1.1375962807e+01   -5.1102678671e+01   -2.1564979080e+01    4.0002719595e+00   -1.1080288851e+01    7.9600901357e-02    5.1200000000e+02    1.2786192664e-02    7.5347900391e-01
       130   -4.5028399764e+01    2.0289151933e+03   -8.0180299945e+01    3.5151900180e+01   -1.1426585555e+01   -5.1102678671e+01   -2.1444093283e+01    3.7930575643e+00   -1.1116503100e+01    7.9600901357e-02    5.1200000000e+02    1.2736529531e-02    7.5354003906e-01
       131   -4.4946175313e+01    2.0213426283e+03   -7.9784726218e+01    3.4838550905e+01   -1.1553878948e+01   -5.1102678671e+01   -2.0954643763e+01    3.8264751649e+00   -1.1236908979e+01    7.9600901357e-02    5.1200000000e+02    1.2748885515e-02    7.5036621094e-01
       132   -4.5036083507e+01    2.0296857003e+03   -7.9572168119e+01    3.4536084611e+01   -1.1307534307e+01   -5.1102678671e+01   -2.1317433082e+01    4.1554779418e+00   -1.0985952051e+01    7.9600901357e-02    5.1200000000e+02    1.2740785569e-02    7.5671386719e-01
       133   -4.4947094217e+01    2.0215655448e+03   -7.9919121958e+01    3.4972027741e+01   -1.1645478779e+01   -5.1102678671e+01   -2.0929682398e+01    3.7587178905e+00   -1.1331335109e+01    7.9600901357e-02    5.1200000000e+02    1.2724348687e-02    7.5762939453e-01
       134   -4.5029818574e+01    2.0292841219e+03   -7.9694826675e+01    3.4665008100e+01   -1.1513710804e+01   -5.1102678671e+01   -2.1291930918e+01    4.2134937180e+00   -1.1226390872e+01    7.9600901357e-02    5.1200000000e+02    1.2720806130e-02    7.5714111328e-01
       135   -4.4954534608e+01    2.0222339266e+03   -7.9873780402e+01    3.4919245794e+01   -1.1541945316e+01   -5.1102678671e+01   -2.1233647491e+01    4.0044910774e+00   -1.1232298965e+01    7.9600901357e-02    5.1200000000e+02    1.2704537971e-02    7.5671386719e-01
       136   -4.4971719001e+01    2.0236383759e+03   -7.9811164471e+01    3.4839445470e+01   -1.1469708942e+01   -5.1102678671e+01   -2.0710357371e+01    3.4715805121e+00   -1.1177881942e+01    7.9600901357e-02    5.1200000000e+02    1.2718091384e-02    7.5451660156e-01
       137   -4.5000655020e+01    2.0269352980e+03   -7.9594653112e+01    3.4593998092e+01   -1.1322279036e+01   -5.1102678671e+01   -2.0510879442e+01    3.3411840381e+00   -1.1022151011e+01    7.9600901357e-02    5.1200000000e+02    1.2764278689e-02    7.5952148438e-01
       138   -4.5020950279e+01    2.0280640748e+03   -7.9443886910e+01    3.4422936631e+01   -1.1523017552e+01   -5.1102678671e+01   -2.0977776176e+01    4.1595854888e+00   -1.1223688316e+01    7.9600901357e-02    5.1200000000e+02    1.2782145271e-02    7.5463867188e-01
       139   -4.5036694429e+01    2.0295345760e+03   -7.9548057705e+01    3.4511363276e+01   -1.1433960262e+01   -5.1102678671e+01   -2.0700384451e+01    3.6889656796e+00   -1.1131715551e+01    7.9600901357e-02    5.1200000000e+02    1.2750039629e-02    7.5659179688e-01
       140   -4.5070376725e+01    2.0325123321e+03   -7.9393895986e+01    3.4323519261e+01   -1.1529726105e+01   -5.1102678671e+01   -2.0676838144e+01    3.9153469343e+00   -1.1235424941e+01    7.9600901357e-02    5.1200000000e+02    1.2694586794e-02    7.5604248047e-01
       141   -4.5032893645e+01    2.0293630872e+03   -7.9351165380e+01    3.4318271735e+01   -1.1383981559e+01   -5.1102678671e+01   -2.0522918430e+01    3.6584132801e+00   -1.1080983960e+01    7.9600901357e-02    5.1200000000e+02    1.2701443013e-02    7.5585937500e-01
       142   -4.4958553588e+01    2.0223747787e+03   -7.8670480042e+01    3.3711926453e+01   -1.1544157951e+01   -5.1102678671e+01   -2.0027577490e+01    4.0039340711e+00   -1.1210587630e+01    7.9600901357e-02    5.1200000000e+02    1.2726234514e-02    7.5726318359e-01
       143   -4.5003056594e+01    2.0264709564e+03   -7.9220678659e+01    3.4217622065e+01   -1.1478217473e+01   -5.1102678671e+01   -2.0737021839e+01    4.0972393249e+00   -1.1188904193e+01    7.9600901357e-02    5.1200000000e+02    1.2764901777e-02    7.5903320312e-01
       144   -4.5071570709e+01    2.0328603910e+03   -7.9408582693e+01    3.4337011984e+01   -1.1388293047e+01   -5.1102678671e+01   -2.0925416096e+01    4.0078051211e+00   -1.1086577632e+01    7.9600901357e-02    5.1200000000e+02    1.2722559009e-02    7.5854492188e-01
       145   -4.5002155393e+01    2.0262828284e+03   -7.9680250937e+01    3.4678095544e+01   -1.1395570639e+01   -5.1102678671e+01   -2.1076091977e+01    3.8940903503e+00   -1.1093558205e+01    7.9600901357e-02    5.1200000000e+02    1.2749283274e-02    7.5085449219e-01
       146   -4.5055626356e+01    2.0313247019e+03   -7.9648396625e+01    3.4592770269e+01   -1.1436089309e+01   -5.1102678671e+01   -2.1045760740e+01    3.9361320948e+00   -1.1131275894e+01    7.9600901357e-02    5.1200000000e+02    1.2775796772e-02    7.5378417969e-01
       147   -4.5024720069e+01    2.0283796895e+03   -7.9192975475e+01    3.4168255406e+01   -1.1077998556e+01   -5.1102678671e+01   -2.0480615063e+01    3.4683168152e+00   -1.0775107355e+01    7.9600901357e-02    5.1200000000e+02    1.2766492549e-02    7.5207519531e-01
       148   -4.5065859863e+01    2.0321635141e+03   -7.9488334992e+01    3.4422475129e+01   -1.1444681098e+01   -5.1102678671e+01   -2.0538643739e+01    3.5976685166e+00   -1.1137228607e+01    7.9600901357e-02    5.1200000000e+02    1.2734204976e-02    7.5634765625e-01
       149   -4.4967432666e+01    2.0231570486e+03   -7.9222227928e+01    3.4254795263e+01   -1.1517081892e+01   -5.1102678671e+01   -2.0517484878e+01    3.9150175121e+00   -1.1201472093e+01    7.9600901357e-02    5.1200000000e+02    1.2696039670e-02    7.5683593750e-01
       150   -4.5053164148e+01    2.0309471337e+03   -7.9067028402e+01    3.4013864254e+01   -1.1539281513e+01   -5.1102678671e+01   -2.0464098295e+01    4.0390300770e+00   -1.1239634368e+01    7.9600901357e-02    5.1200000000e+02    1.2736744880e-02    7.5286865234e-01
       151   -4.5066135155e+01    2.0321648395e+03   -7.9898506608e+01    3.4832371453e+01   -1.1555975832e+01   -5.1102678671e+01   -2.1091806096e+01    3.8519539915e+00   -1.1247492207e+01    7.9600901357e-02    5.1200000000e+02    1.2682409502e-02    7.5457763672e-01
       152   -4.4986583706e+01    2.0250127387e+03   -7.9642257775e+01    3.4655674069e+01   -1.1484765158e+01   -5.1102678671e+01   -2.0939340835e+01    3.8845268886e+00   -1.1166473187e+01    7.9600901357e-02    5.1200000000e+02    1.2756700388e-02    7.5891113281e-01
       153   -4.5019351368e+01    2.0279301751e+03   -7.9578040569e+01    3.4558689201e+01   -1.1465766782e+01   -5.1102678671e+01   -2.0858140275e+01    3.8485451587e+00   -1.1141512008e+01    7.9600901357e-02    5.1200000000e+02    1.2728037966e-02    7.5646972656e-01
       154   -4.5125737908e+01    2.0380701562e+03   -8.0164830210e+01    3.5039092302e+01   -1.1492436606e+01   -5.1102678671e+01   -2.1507038145e+01    3.9373232118e+00   -1.1176571797e+01    7.9600901357e-02    5.1200000000e+02    1.2793598625e-02    7.5915527344e-01
       155   -4.5154350317e+01    2.0401877447e+03   -7.9954731350e+01    3.4800381033e+01   -1.1288291346e+01   -5.1102678671e+01   -2.1717235194e+01    4.1534738611e+00   -1.0964717619e+01    7.9600901357e-02    5.1200000000e+02    1.2728814385e-02    7.4835205078e-01
       156   -4.5050046285e+01    2.0306961684e+03   -7.9867914927e+01    3.4817868642e+01   -1.1438739578e+01   -5.1102678671e+01   -2.1146822732e+01    3.8203260540e+00   -1.1132666218e+01    7.9600901357e-02    5.1200000000e+02    1.2742035071e-02    7.5848388672e-01
       157   -4.5098347913e+01    2.0353574578e+03   -7.9443299258e+01    3.4344951345e+01   -1.1528351135e+01   -5.1102678671e+01   -2.0924511317e+01    4.1122418651e+00   -1.1217509868e+01    7.9600901357e-02    5.1200000000e+02    1.2682328191e-02    7.5415039062e-01
       158   -4.4974257279e+01    2.0238036585e+03   -7.9535196538e+01    3.4560939259e+01   -1.1563866364e+01   -5.1102678671e+01   -2.0639838797e+01    3.7711872948e+00   -1.1261041636e+01    7.9600901357e-02    5.1200000000e+02    1.2680703254e-02    7.4877929688e-01
       159   -4.5040320444e+01    2.0299048821e+03   -8.0096860231e+01    3.5056539786e+01   -1.1463379190e+01   -5.1102678671e+01   -2.1180715117e+01    3.6499127476e+00   -1.1165928291e+01    7.9600901357e-02    5.1200000000e+02    1.2736814583e-02    7.5445556641e-01
       160   -4.5019556527e+01    2.0280835942e+03   -7.9497935095e+01    3.4478378568e+01   -1.1324135499e+01   -5.1102678671e+01   -2.1195876818e+01    4.1247558928e+00   -1.1019131558e+01    7.9600901357e-02    5.1200000000e+02    1.2711685708e-02    7.5427246094e-01
       161   -4.4980238011e+01    2.0243425347e+03   -7.9888321053e+01    3.4908083042e+01   -1.1496507840e+01   -5.1102678671e+01   -2.1324850759e+01    4.0357162169e+00   -1.1176124780e+01    7.9600901357e-02    5.1200000000e+02    1.2732895051e-02    7.5231933594e-01
       162   -4.5047365643e+01    2.0305265746e+03   -8.0005160321e+01    3.4957794678e+01   -1.1329260406e+01   -5.1102678671e+01   -2.1768514606e+01    4.1952933622e+00   -1.1033542628e+01    7.9600901357e-02    5.1200000000e+02    1.2800340767e-02    7.5292968750e-01
       163   -4.5070321327e+01    2.0325368832e+03   -7.9908588801e+01    3.4838267474e+01   -1.1547061613e+01   -5.1102678671e+01   -2.1339835061e+01    4.0809865440e+00   -1.1248576827e+01    7.9600901357e-02    5.1200000000e+02    1.2733957651e-02    7.5488281250e-01
       164   -4.5113544666e+01    2.0365262119e+03   -8.0469764170e+01    3.5356219504e+01   -1.1340371645e+01   -5.1102678671e+01   -2.1665519346e+01    3.6388054917e+00   -1.1042729877e+01    7.9600901357e-02    5.1200000000e+02    1.2785868074e-02    7.5543212891e-01
       165   -4.5125584057e+01    2.0374698624e+03   -7.9946778307e+01    3.4821194251e+01   -1.1294842345e+01   -5.1102678671e+01   -2.1606161994e+01    4.0569047027e+00   -1.0960924654e+01    7.9600901357e-02    5.1200000000e+02    1.2796395911e-02    7.5469970703e-01
       166   -4.5126906056e+01    2.0379381651e+03   -8.0436873355e+01    3.5309967299e+01   -1.1321814630e+01   -5.1102678671e+01   -2.1800790710e+01    3.7884106549e+00   -1.1010194638e+01    7.9600901357e-02    5.1200000000e+02    1.2785394851e-02    7.4963378906e-01
       167   -4.5088230068e+01    2.0342005135e+03   -7.9951461316e+01    3.4863231249e+01   -1.1336733491e+01   -5.1102678671e+01   -2.1347813975e+01    3.8357648211e+00   -1.1026411542e+01    7.9600901357e-02    5.1200000000e+02    1.2745141316e-02    7.5939941406e-01
       168   -4.5093919412e+01    2.0346562446e+03   -7.9841412309e+01    3.4747492898e+01   -1.1301683252e+01   -5.1102678671e+01   -2.1410466983e+01    3.9734165972e+00   -1.1003213808e+01    7.9600901357e-02    5.1200000000e+02    1.2759022148e-02    7.4798583984e-01
       169   -4.5022172601e+01    2.0283982809e+03   -8.0165344425e+01    3.5143171823e+01   -1.1427375117e+01   -5.1102678671e+01   -2.1342056785e+01    3.7067661483e+00   -1.1123521569e+01    7.9600901357e-02    5.1200000000e+02    1.2758349009e-02    7.5323486328e-01
       170   -4.5012160065e+01    2.0274629051e+03   -7.9163123648e+01    3.4150963583e+01   -1.1258245507e+01   -5.1102678671e+01   -2.0764500737e+01    3.9623012678e+00   -1.0929475316e+01    7.9600901357e-02    5.1200000000e+02    1.2754164993e-02    7.5714111328e-01
       171   -4.4972754877e+01    2.0236389224e+03   -7.9489241665e+01    3.4516486788e+01   -1.1490845031e+01   -5.1102678671e+01   -2.0185571083e+01    3.2898531207e+00   -1.1198714474e+01    7.9600901357e-02    5.1200000000e+02    1.2698067251e-02    7.5170898438e-01
       172   -4.4964370618e+01    2.0229933399e+03   -7.9155514049e+01    3.4191143431e+01   -1.1406216929e+01   -5.1102678671e+01   -2.0336698639e+01    3.6900801908e+00   -1.1103634043e+01    7.9600901357e-02    5.1200000000e+02    1.2625666033e-02    7.5854492188e-01
       173   -4.4983594701e+01    2.0247831085e+03   -7.9438885205e+01    3.4455290504e+01   -1.1820087943e+01   -5.1102678671e+01   -2.0328972359e+01    3.8128537681e+00   -1.1523694862e+01    7.9600901357e-02    5.1200000000e+02    1.2613181597e-02    7.5982666016e-01
       174   -4.5062879725e+01    2.0322973900e+03   -7.9230744328e+01    3.4167864603e+01   -1.1661661899e+01   -5.1102678671e+01   -2.0166065717e+01    3.6996619592e+00   -1.1376655238e+01    7.9600901357e-02    5.1200000000e+02    1.2690019758e-02    7.5561523438e-01
       175   -4.5010874465e+01    2.0274365582e+03   -7.9976159580e+01    3.4965285115e+01   -1.1700469114e+01   -5.1102678671e+01   -2.0584980933e+01    3.4119691379e+00   -1.1379922653e+01    7.9600901357e-02    5.1200000000e+02    1.2695911501e-02    7.5671386719e-01
       176   -4.4998807015e+01    2.0260465389e+03   -7.9562664196e+01    3.4563857181e+01   -1.1646860000e+01   -5.1102678671e+01   -2.0472115230e+01    3.6589897051e+00   -1.1371199033e+01    7.9600901357e-02    5.1200000000e+02    1.2734705457e-02    7.5720214844e-01
       177   -4.4976514826e+01    2.0242161820e+03   -7.9726515212e+01    3.4750000386e+01   -1.1602431205e+01   -5.1102678671e+01   -2.0589513172e+01    3.5681078360e+00   -1.1317897096e+01    7.9600901357e-02    5.1200000000e+02    1.2658666692e-02    7.5225830078e-01
       178   -4.5044517684e+01    2.0303143163e+03   -7.9163585280e+01    3.4119067596e+01   -1.1419764092e+01   -5.1102678671e+01   -2.0512405498e+01    3.8712629815e+00   -1.1131992634e+01    7.9600901357e-02    5.1200000000e+02    1.2701969260e-02    7.5653076172e-01
       179   -4.5021000655e+01    2.0282519324e+03   -7.9993188485e+01    3.4972187830e+01   -1.1257934608e+01   -5.1102678671e+01   -2.1510140136e+01    3.8775649298e+00   -1.0947698607e+01    7.9600901357e-02    5.1200000000e+02    1.2701609661e-02    7.6086425781e-01
       180   -4.5016533492e+01    2.0276908736e+03   -7.9981338119e+01    3.4964804627e+01   -1.1537496788e+01   -5.1102678671e+01   -2.1144053292e+01    3.8028906324e+00   -1.1240443450e+01    7.9600901357e-02    5.1200000000e+02    1.2677727471e-02    7.5781250000e-01
       181   -4.5002816831e+01    2.0263578862e+03   -7.9815080828e+01    3.4812263997e+01   -1.1345890435e+01   -5.1102678671e+01   -2.1152094909e+01    3.7855831868e+00   -1.1023145341e+01    7.9600901357e-02    5.1200000000e+02    1.2700642305e-02    7.5616455078e-01
       182   -4.5046394313e+01    2.0303008572e+03   -8.0265786803e+01    3.5219392490e+01   -1.1476294926e+01   -5.1102678671e+01   -2.1444664857e+01    3.7578516510e+00   -1.1167140203e+01    7.9600901357e-02    5.1200000000e+02    1.2697256182e-02    7.5714111328e-01
       183   -4.5084549785e+01    2.0337956460e+03   -8.0693535222e+01    3.5608985437e+01   -1.1580753696e+01   -5.1102678671e+01   -2.1740269849e+01    3.7301669944e+00   -1.1275273594e+01    7.9600901357e-02    5.1200000000e+02    1.2751629602e-02    7.5256347656e-01
       184   -4.4997547251e+01    2.0259249190e+03   -7.9413311235e+01    3.4415763984e+01   -1.1517434632e+01   -5.1102678671e+01   -2.0726474126e+01    3.9332761934e+00   -1.1199297164e+01    7.9600901357e-02    5.1200000000e+02    1.2702828982e-02    7.5274658203e-01
       185   -4.5045402587e+01    2.0303257108e+03   -7.9672391564e+01    3.4626988977e+01   -1.1431746295e+01   -5.1102678671e+01   -2.1154250673e+01    4.0162840752e+00   -1.1112410496e+01    7.9600901357e-02    5.1200000000e+02    1.2727118999e-02    7.5933837891e-01
       186   -4.5049186225e+01    2.0306429874e+03   -8.0055652972e+01    3.5006466747e+01   -1.1540666766e+01   -5.1102678671e+01   -2.1345435725e+01    3.9331281905e+00   -1.1238707538e+01    7.9600901357e-02    5.1200000000e+02    1.2756983650e-02    7.5585937500e-01
       187   -4.5083395385e+01    2.0337216541e+03   -7.9741993499e+01    3.4658598114e+01   -1.1590149275e+01   -5.1102678671e+01   -2.0943026217e+01    3.8938606649e+00   -1.1291854918e+01    7.9600901357e-02    5.1200000000e+02    1.2688952747e-02    7.5445556641e-01
       188   -4.4979408431e+01    2.0243741302e+03   -7.9862648591e+01    3.4883240160e+01   -1.1565774345e+01   -5.1102678671e+01   -2.1392211437e+01    4.1980158615e+00   -1.1247937892e+01    7.9600901357e-02    5.1200000000e+02    1.2728300564e-02    7.5537109375e-01
       189   -4.4992873453e+01    2.0255464364e+03   -7.9611969233e+01    3.4619095780e+01   -1.1534579555e+01   -5.1102678671e+01   -2.0806618745e+01    3.8319077392e+00   -1.1212480363e+01    7.9600901357e-02    5.1200000000e+02    1.2723727622e-02    7.5195312500e-01
       190   -4.5051985359e+01    2.0308740202e+03   -7.9832562003e+01    3.4780576643e+01   -1.1583657902e+01   -5.1102678671e+01   -2.1001291714e+01    3.8550662843e+00   -1.1264187881e+01    7.9600901357e-02    5.1200000000e+02    1.2728326177e-02    7.5561523438e-01
       191   -4.5026437549e+01    2.0287346418e+03   -7.9450011298e+01    3.4423573749e+01   -1.1479263661e+01   -5.1102678671e+01   -2.0789456606e+01    3.9213876403e+00   -1.1176782187e+01    7.9600901357e-02    5.1200000000e+02    1.2733445925e-02    7.5439453125e-01
       192   -4.5027212563e+01    2.0287928606e+03   -7.9035283159e+01    3.4008070596e+01   -1.1398308117e+01   -5.1102678671e+01   -2.0847904260e+01    4.3136078889e+00   -1.1097218956e+01    7.9600901357e-02    5.1200000000e+02    1.2746167688e-02    7.5823974609e-01
       193   -4.5011174649e+01    2.0271440144e+03   -7.9443744109e+01    3.4432569460e+01   -1.1325648637e+01   -5.1102678671e+01   -2.0891465546e+01    3.8760487460e+00   -1.1012177422e+01    7.9600901357e-02    5.1200000000e+02    1.2729962109e-02    7.5518798828e-01
       194   -4.5005902682e+01    2.0268962517e+03   -7.9072899028e+01    3.4066996346e+01   -1.1432421910e+01   -5.1102678671e+01   -2.0375100383e+01    3.8373019365e+00   -1.1118797398e+01    7.9600901357e-02    5.1200000000e+02    1.2699317324e-02    7.6019287109e-01
       195   -4.4955477691e+01    2.0222022541e+03   -7.8910072587e+01    3.3954594896e+01   -1.1592695378e+01   -5.1102678671e+01   -1.9963102474e+01    3.7484039368e+00   -1.1285923324e+01    7.9600901357e-02    5.1200000000e+02    1.2680474788e-02    7.6324462891e-01
       196   -4.5025175092e+01    2.0287609669e+03   -7.9413951953e+01    3.4388776861e+01   -1.1362116367e+01   -5.1102678671e+01   -2.0699170989e+01    3.7500140743e+00   -1.1043573572e+01    7.9600901357e-02    5.1200000000e+02    1.2714468884e-02    7.5640869141e-01
       197   -4.5001776005e+01    2.0264099019e+03   -7.9551436257e+01    3.4549660252e+01   -1.1412789381e+01   -5.1102678671e+01   -2.0847656901e+01    3.8116886955e+00   -1.1084015806e+01    7.9600901357e-02    5.1200000000e+02    1.2749969546e-02    7.5421142578e-01
       198   -4.5028794615e+01    2.0288330589e+03   -8.0137837554e+01    3.5109042940e+01   -1.1412115350e+01   -5.1102678671e+01   -2.1555224297e+01    3.9321807639e+00   -1.1088615789e+01    7.9600901357e-02    5.1200000000e+02    1.2749804216e-02    7.5201416016e-01
       199   -4.4999704569e+01    2.0260903677e+03   -7.9882147332e+01    3.4882442763e+01   -1.1306730401e+01   -5.1102678671e+01   -2.1467913524e+01    3.9951752642e+00   -1.0985218644e+01    7.9600901357e-02    5.1200000000e+02    1.2785121975e-02    7.5000000000e-01
