#   index    LocalEnergy         LocalEnergy_sq      LocalPotential      Kinetic             ElecElec            IonIon              LocalECP            NonLocalECP         MPC                 KEcorr              BlockWeight         BlockCPU            AcceptRatio         
         0   -4.5114716131e+01    2.0365274138e+03   -8.0065076099e+01    3.4950359968e+01   -1.1698131929e+01   -5.1102678671e+01   -2.1217129627e+01    3.9528641283e+00   -1.1405042785e+01    8.5581061084e-02    5.1200000000e+02    1.2748140518e-02    7.5488281250e-01
         1   -4.5211735065e+01    2.0453716242e+03   -8.0370329190e+01    3.5158594125e+01   -1.1316187505e+01   -5.1102678671e+01   -2.1921783423e+01    3.9703204087e+00   -1.1026602805e+01    8.5581061084e-02    5.1200000000e+02    1.2758502180e-02    7.5616455078e-01
         2   -4.5232078426e+01    2.0473453167e+03   -8.0298540423e+01    3.5066461996e+01   -1.1381143238e+01   -5.1102678671e+01   -2.1899828306e+01    4.0851097931e+00   -1.1081988430e+01    8.5581061084e-02    5.1200000000e+02    1.2772311992e-02    7.5201416016e-01
         3   -4.5112171102e+01    2.0361783210e+03   -8.0317558500e+01    3.5205387399e+01   -1.1534962440e+01   -5.1102678671e+01   -2.1638573072e+01    3.9586556821e+00   -1.1235002340e+01    8.5581061084e-02    5.1200000000e+02    1.2784451328e-02    7.5231933594e-01
         4   -4.5154677455e+01    2.0400142170e+03   -8.0782058346e+01    3.5627380891e+01   -1.1381847816e+01   -5.1102678671e+01   -2.2065688875e+01    3.7681570160e+00   -1.1090379376e+01    8.5581061084e-02    5.1200000000e+02    1.2822546021e-02    7.5311279297e-01
         5   -4.5108616502e+01    2.0358135538e+03   -8.0248373107e+01    3.5139756605e+01   -1.1446063412e+01   -5.1102678671e+01   -2.1671092599e+01    3.9714615757e+00   -1.1143732616e+01    8.5581061084e-02    5.1200000000e+02    1.2758354141e-02    7.5061035156e-01
         6   -4.5161746038e+01    2.0407775019e+03   -8.0059281446e+01    3.4897535407e+01   -1.1569917256e+01   -5.1102678671e+01   -2.1414004235e+01    4.0273187166e+00   -1.1240905177e+01    8.5581061084e-02    5.1200000000e+02    1.2725953142e-02    7.4963378906e-01
         7   -4.5244556812e+01    2.0480862514e+03   -7.9933793933e+01    3.4689237121e+01   -1.1449208845e+01   -5.1102678671e+01   -2.1543885893e+01    4.1619794758e+00   -1.1148135357e+01    8.5581061084e-02    5.1200000000e+02    1.2794767012e-02    7.6062011719e-01
         8   -4.5253835746e+01    2.0489337205e+03   -8.0300763270e+01    3.5046927524e+01   -1.1489724857e+01   -5.1102678671e+01   -2.1850739192e+01    4.1423794494e+00   -1.1177546777e+01    8.5581061084e-02    5.1200000000e+02    1.2760977119e-02    7.5439453125e-01
         9   -4.5139034968e+01    2.0386492656e+03   -7.9900776520e+01    3.4761741553e+01   -1.1414207391e+01   -5.1102678671e+01   -2.1460641295e+01    4.0767508358e+00   -1.1107170324e+01    8.5581061084e-02    5.1200000000e+02    1.2794409016e-02    7.5640869141e-01
        10   -4.5043316465e+01    2.0300355543e+03   -7.9441027108e+01    3.4397710643e+01   -1.1379479017e+01   -5.1102678671e+01   -2.0988585362e+01    4.0297159421e+00   -1.1057081625e+01    8.5581061084e-02    5.1200000000e+02    1.2771231499e-02    7.5762939453e-01
        11   -4.5113794058e+01    2.0365261393e+03   -7.9708481005e+01    3.4594686947e+01   -1.1348898246e+01   -5.1102678671e+01   -2.1460844174e+01    4.2039400865e+00   -1.1028163730e+01    8.5581061084e-02    5.1200000000e+02    1.2700725378e-02    7.4688720703e-01
        12   -4.5169546615e+01    2.0413980554e+03   -7.9774338134e+01    3.4604791519e+01   -1.1499694294e+01   -5.1102678671e+01   -2.1063780910e+01    3.8918157414e+00   -1.1189624102e+01    8.5581061084e-02    5.1200000000e+02    1.2732807761e-02    7.5390625000e-01
        13   -4.5106905804e+01    2.0360931096e+03   -7.9817062636e+01    3.4710156832e+01   -1.1423862845e+01   -5.1102678671e+01   -2.1312188839e+01    4.0216677192e+00   -1.1123371287e+01    8.5581061084e-02    5.1200000000e+02    1.2769149683e-02    7.5421142578e-01
        14   -4.5095440561e+01    2.0346831181e+03   -7.9405286002e+01    3.4309845441e+01   -1.1490416192e+01   -5.1102678671e+01   -2.0730948028e+01    3.9187568886e+00   -1.1186682153e+01    8.5581061084e-02    5.1200000000e+02    1.2806127815e-02    7.5097656250e-01
        15   -4.5093487624e+01    2.0344464668e+03   -7.9592163057e+01    3.4498675432e+01   -1.1705460071e+01   -5.1102678671e+01   -2.0788925589e+01    4.0049012739e+00   -1.1411796711e+01    8.5581061084e-02    5.1200000000e+02    1.2740551382e-02    7.5878906250e-01
        16   -4.5110459339e+01    2.0362385090e+03   -8.0516864646e+01    3.5406405306e+01   -1.1536703013e+01   -5.1102678671e+01   -2.1690791348e+01    3.8133083866e+00   -1.1256910610e+01    8.5581061084e-02    5.1200000000e+02    1.2718112551e-02    7.5329589844e-01
        17   -4.5058461800e+01    2.0314896108e+03   -8.0047303738e+01    3.4988841938e+01   -1.1504421190e+01   -5.1102678671e+01   -2.1535351954e+01    4.0951480769e+00   -1.1209859983e+01    8.5581061084e-02    5.1200000000e+02    1.2734837441e-02    7.5195312500e-01
        18   -4.5265084407e+01    2.0502629682e+03   -8.0492247375e+01    3.5227162968e+01   -1.1326684168e+01   -5.1102678671e+01   -2.2255369863e+01    4.1924853264e+00   -1.1033687650e+01    8.5581061084e-02    5.1200000000e+02    1.2818706138e-02    7.5238037109e-01
        19   -4.5075205088e+01    2.0330243488e+03   -8.0733161276e+01    3.5657956188e+01   -1.1544368902e+01   -5.1102678671e+01   -2.1851785787e+01    3.7656720849e+00   -1.1265776987e+01    8.5581061084e-02    5.1200000000e+02    1.2711977517e-02    7.4377441406e-01
        20   -4.5141201444e+01    2.0388492859e+03   -8.0329709354e+01    3.5188507910e+01   -1.1506813388e+01   -5.1102678671e+01   -2.1485971298e+01    3.7657540027e+00   -1.1196418167e+01    8.5581061084e-02    5.1200000000e+02    1.2699931152e-02    7.5152587891e-01
        21   -4.5162535251e+01    2.0408284386e+03   -8.0336955860e+01    3.5174420608e+01   -1.1582264654e+01   -5.1102678671e+01   -2.1658915120e+01    4.0069025849e+00   -1.1276789035e+01    8.5581061084e-02    5.1200000000e+02    1.2727125969e-02    7.5268554688e-01
        22   -4.5217788994e+01    2.0458024931e+03   -8.0216967704e+01    3.4999178710e+01   -1.1522554829e+01   -5.1102678671e+01   -2.1421123893e+01    3.8293896884e+00   -1.1225196504e+01    8.5581061084e-02    5.1200000000e+02    1.2742772310e-02    7.5225830078e-01
        23   -4.5124304533e+01    2.0372392620e+03   -8.0023905952e+01    3.4899601419e+01   -1.1508157678e+01   -5.1102678671e+01   -2.1104364113e+01    3.6912945104e+00   -1.1217759067e+01    8.5581061084e-02    5.1200000000e+02    1.2763444409e-02    7.5671386719e-01
        24   -4.5072270226e+01    2.0327916782e+03   -8.0325022397e+01    3.5252752171e+01   -1.1451219456e+01   -5.1102678671e+01   -2.1831175200e+01    4.0600509301e+00   -1.1152731316e+01    8.5581061084e-02    5.1200000000e+02    1.2774315403e-02    7.5036621094e-01
        25   -4.5205980976e+01    2.0453321807e+03   -7.9574496024e+01    3.4368515048e+01   -1.1379628977e+01   -5.1102678671e+01   -2.1112045848e+01    4.0198574717e+00   -1.1064972978e+01    8.5581061084e-02    5.1200000000e+02    1.2743018181e-02    7.5268554688e-01
        26   -4.5063835629e+01    2.0318065274e+03   -8.0328162848e+01    3.5264327219e+01   -1.1471306424e+01   -5.1102678671e+01   -2.1484420451e+01    3.7302426982e+00   -1.1149961454e+01    8.5581061084e-02    5.1200000000e+02    1.2715337871e-02    7.5164794922e-01
        27   -4.5134856222e+01    2.0382454032e+03   -8.0118199224e+01    3.4983343002e+01   -1.1447819173e+01   -5.1102678671e+01   -2.1246035082e+01    3.6783337022e+00   -1.1151858421e+01    8.5581061084e-02    5.1200000000e+02    1.2782258376e-02    7.5506591797e-01
        28   -4.5134821363e+01    2.0386478068e+03   -8.0071854210e+01    3.4937032846e+01   -1.1417603755e+01   -5.1102678671e+01   -2.1417318384e+01    3.8657466012e+00   -1.1114700178e+01    8.5581061084e-02    5.1200000000e+02    1.2809904724e-02    7.5280761719e-01
        29   -4.5143955210e+01    2.0390940124e+03   -8.0122777006e+01    3.4978821796e+01   -1.1569043323e+01   -5.1102678671e+01   -2.1338891642e+01    3.8878366305e+00   -1.1272623484e+01    8.5581061084e-02    5.1200000000e+02    1.2816132981e-02    7.4456787109e-01
        30   -4.5171779405e+01    2.0415639987e+03   -8.0285885473e+01    3.5114106068e+01   -1.1380475056e+01   -5.1102678671e+01   -2.1933164544e+01    4.1304327974e+00   -1.1076965030e+01    8.5581061084e-02    5.1200000000e+02    1.2796528381e-02    7.5170898438e-01
        31   -4.5163595590e+01    2.0409493040e+03   -8.0392259978e+01    3.5228664388e+01   -1.1288011028e+01   -5.1102678671e+01   -2.1747363440e+01    3.7457931607e+00   -1.0980260207e+01    8.5581061084e-02    5.1200000000e+02    1.2847675210e-02    7.5262451172e-01
        32   -4.5160439272e+01    2.0406884646e+03   -8.0162850679e+01    3.5002411407e+01   -1.1524304327e+01   -5.1102678671e+01   -2.1614302734e+01    4.0784350532e+00   -1.1220548481e+01    8.5581061084e-02    5.1200000000e+02    1.2816146101e-02    7.5897216797e-01
        33   -4.5206789106e+01    2.0447650424e+03   -7.9797803376e+01    3.4591014270e+01   -1.1439011268e+01   -5.1102678671e+01   -2.1411655387e+01    4.1555419502e+00   -1.1133691644e+01    8.5581061084e-02    5.1200000000e+02    1.2755744634e-02    7.5128173828e-01
        34   -4.5217478734e+01    2.0458577452e+03   -8.0147535274e+01    3.4930056540e+01   -1.1545367102e+01   -5.1102678671e+01   -2.1318202026e+01    3.8187125256e+00   -1.1271495785e+01    8.5581061084e-02    5.1200000000e+02    1.2794931721e-02    7.4755859375e-01
        35   -4.5119970908e+01    2.0369031016e+03   -8.0296767169e+01    3.5176796261e+01   -1.1441703719e+01   -5.1102678671e+01   -2.1633138624e+01    3.8807538459e+00   -1.1149621670e+01    8.5581061084e-02    5.1200000000e+02    1.2755886267e-02    7.5549316406e-01
        36   -4.5065381612e+01    2.0321148958e+03   -8.0022517767e+01    3.4957136155e+01   -1.1439503242e+01   -5.1102678671e+01   -2.1384949715e+01    3.9046138614e+00   -1.1145337238e+01    8.5581061084e-02    5.1200000000e+02    1.2759254817e-02    7.4920654297e-01
        37   -4.5092465302e+01    2.0346526946e+03   -8.0082003072e+01    3.4989537770e+01   -1.1375961201e+01   -5.1102678671e+01   -2.1580525602e+01    3.9771624017e+00   -1.1067021532e+01    8.5581061084e-02    5.1200000000e+02    1.2768004893e-02    7.5262451172e-01
        38   -4.5064899565e+01    2.0320520519e+03   -7.9865668934e+01    3.4800769369e+01   -1.1524363579e+01   -5.1102678671e+01   -2.1248494014e+01    4.0098673294e+00   -1.1209352986e+01    8.5581061084e-02    5.1200000000e+02    1.2760781523e-02    7.5579833984e-01
        39   -4.5111302341e+01    2.0363759083e+03   -7.9740188400e+01    3.4628886059e+01   -1.1403359743e+01   -5.1102678671e+01   -2.1525602502e+01    4.2914525156e+00   -1.1084669791e+01    8.5581061084e-02    5.1200000000e+02    1.2763955686e-02    7.5738525391e-01
        40   -4.5155385244e+01    2.0403959848e+03   -7.9909215631e+01    3.4753830386e+01   -1.1359114560e+01   -5.1102678671e+01   -2.1661600906e+01    4.2141785067e+00   -1.1058272566e+01    8.5581061084e-02    5.1200000000e+02    1.2797268809e-02    7.4743652344e-01
        41   -4.5229216168e+01    2.0467698235e+03   -8.0187766160e+01    3.4958549992e+01   -1.1365326768e+01   -5.1102678671e+01   -2.1989355819e+01    4.2695950984e+00   -1.1056602778e+01    8.5581061084e-02    5.1200000000e+02    1.2820039014e-02    7.5769042969e-01
        42   -4.5217263921e+01    2.0458327357e+03   -8.0924998118e+01    3.5707734198e+01   -1.1250049721e+01   -5.1102678671e+01   -2.2454035328e+01    3.8817656017e+00   -1.0941179358e+01    8.5581061084e-02    5.1200000000e+02    1.2797925195e-02    7.5268554688e-01
        43   -4.5194918190e+01    2.0438559839e+03   -8.0609560285e+01    3.5414642095e+01   -1.1432554401e+01   -5.1102678671e+01   -2.2048308289e+01    3.9739810759e+00   -1.1133290128e+01    8.5581061084e-02    5.1200000000e+02    1.2790780198e-02    7.5408935547e-01
        44   -4.5152073805e+01    2.0397708769e+03   -8.0339986051e+01    3.5187912246e+01   -1.1420042341e+01   -5.1102678671e+01   -2.1655176915e+01    3.8379118757e+00   -1.1122840160e+01    8.5581061084e-02    5.1200000000e+02    1.2725932856e-02    7.5549316406e-01
        45   -4.5165723618e+01    2.0411445844e+03   -8.0055329443e+01    3.4889605825e+01   -1.1350796556e+01   -5.1102678671e+01   -2.1659111746e+01    4.0572575302e+00   -1.1059057893e+01    8.5581061084e-02    5.1200000000e+02    1.2796110271e-02    7.5750732422e-01
        46   -4.5157857861e+01    2.0406039119e+03   -8.0293935211e+01    3.5136077350e+01   -1.1330486182e+01   -5.1102678671e+01   -2.1699863672e+01    3.8390933148e+00   -1.1052525782e+01    8.5581061084e-02    5.1200000000e+02    1.2792174980e-02    7.5616455078e-01
        47   -4.5203512902e+01    2.0445759215e+03   -8.0037462625e+01    3.4833949723e+01   -1.1502008995e+01   -5.1102678671e+01   -2.1734750848e+01    4.3019758891e+00   -1.1214448275e+01    8.5581061084e-02    5.1200000000e+02    1.2776299563e-02    7.5280761719e-01
        48   -4.5185630856e+01    2.0429951784e+03   -8.0026974910e+01    3.4841344055e+01   -1.1366135830e+01   -5.1102678671e+01   -2.1514849982e+01    3.9566895728e+00   -1.1067317020e+01    8.5581061084e-02    5.1200000000e+02    1.2741645483e-02    7.4603271484e-01
        49   -4.5124921190e+01    2.0373612130e+03   -7.9772647553e+01    3.4647726364e+01   -1.1528325713e+01   -5.1102678671e+01   -2.1040270621e+01    3.8986274523e+00   -1.1236074124e+01    8.5581061084e-02    5.1200000000e+02    1.2723328020e-02    7.5628662109e-01
        50   -4.5158746883e+01    2.0405381642e+03   -7.9947342335e+01    3.4788595452e+01   -1.1334726492e+01   -5.1102678671e+01   -2.1330439472e+01    3.8205023006e+00   -1.1028782467e+01    8.5581061084e-02    5.1200000000e+02    1.2813469795e-02    7.5756835938e-01
        51   -4.5167147464e+01    2.0411985112e+03   -8.0086896692e+01    3.4919749228e+01   -1.1218948608e+01   -5.1102678671e+01   -2.1779040070e+01    4.0137706572e+00   -1.0936907315e+01    8.5581061084e-02    5.1200000000e+02    1.2839474695e-02    7.5384521484e-01
        52   -4.5117483858e+01    2.0371273960e+03   -7.9671243761e+01    3.4553759903e+01   -1.1260814759e+01   -5.1102678671e+01   -2.1182408799e+01    3.8746584685e+00   -1.0955374777e+01    8.5581061084e-02    5.1200000000e+02    1.2817186799e-02    7.5500488281e-01
        53   -4.5165221314e+01    2.0410393354e+03   -7.9595628725e+01    3.4430407411e+01   -1.1327661685e+01   -5.1102678671e+01   -2.0917707821e+01    3.7524194512e+00   -1.1036600118e+01    8.5581061084e-02    5.1200000000e+02    1.2764025708e-02    7.4749755859e-01
        54   -4.5142196554e+01    2.0388548831e+03   -7.9550304601e+01    3.4408108047e+01   -1.1350995091e+01   -5.1102678671e+01   -2.0890493543e+01    3.7938627048e+00   -1.1054347205e+01    8.5581061084e-02    5.1200000000e+02    1.2752763157e-02    7.5354003906e-01
        55   -4.5149908113e+01    2.0396295814e+03   -7.9640001250e+01    3.4490093138e+01   -1.1402417479e+01   -5.1102678671e+01   -2.0945725505e+01    3.8108204049e+00   -1.1121620269e+01    8.5581061084e-02    5.1200000000e+02    1.2793681814e-02    7.4829101562e-01
        56   -4.5130181181e+01    2.0380028149e+03   -8.0266469958e+01    3.5136288777e+01   -1.1450680498e+01   -5.1102678671e+01   -2.1556170023e+01    3.8430592346e+00   -1.1143558446e+01    8.5581061084e-02    5.1200000000e+02    1.2820382744e-02    7.4890136719e-01
        57   -4.5167724477e+01    2.0412913097e+03   -8.0215689011e+01    3.5047964534e+01   -1.1420237789e+01   -5.1102678671e+01   -2.1874687400e+01    4.1819148497e+00   -1.1122107510e+01    8.5581061084e-02    5.1200000000e+02    1.2797274290e-02    7.4829101562e-01
        58   -4.5124486379e+01    2.0372669811e+03   -8.0436072271e+01    3.5311585892e+01   -1.1485715806e+01   -5.1102678671e+01   -2.1806943463e+01    3.9592656695e+00   -1.1183584785e+01    8.5581061084e-02    5.1200000000e+02    1.2745618704e-02    7.5097656250e-01
        59   -4.5135527766e+01    2.0382169093e+03   -8.0251085087e+01    3.5115557321e+01   -1.1460241656e+01   -5.1102678671e+01   -2.1641634078e+01    3.9534693177e+00   -1.1172785245e+01    8.5581061084e-02    5.1200000000e+02    1.2750545581e-02    7.5201416016e-01
        60   -4.5159507361e+01    2.0405982076e+03   -8.0284061786e+01    3.5124554425e+01   -1.1488094474e+01   -5.1102678671e+01   -2.1761246160e+01    4.0679575189e+00   -1.1191227212e+01    8.5581061084e-02    5.1200000000e+02    1.2771165745e-02    7.5067138672e-01
        61   -4.5183085441e+01    2.0426816162e+03   -8.0226448848e+01    3.5043363407e+01   -1.1461178985e+01   -5.1102678671e+01   -2.1478657573e+01    3.8160663808e+00   -1.1171168142e+01    8.5581061084e-02    5.1200000000e+02    1.2796398630e-02    7.5054931641e-01
        62   -4.5187617783e+01    2.0430477906e+03   -8.0421873667e+01    3.5234255884e+01   -1.1437385539e+01   -5.1102678671e+01   -2.1770248577e+01    3.8884391202e+00   -1.1145651133e+01    8.5581061084e-02    5.1200000000e+02    1.2743774016e-02    7.5518798828e-01
        63   -4.5186639902e+01    2.0432560537e+03   -7.9968837955e+01    3.4782198053e+01   -1.1441212490e+01   -5.1102678671e+01   -2.1671308938e+01    4.2463621444e+00   -1.1153863604e+01    8.5581061084e-02    5.1200000000e+02    1.2744581223e-02    7.5079345703e-01
        64   -4.5095508586e+01    2.0347132504e+03   -7.9817542731e+01    3.4722034145e+01   -1.1465180960e+01   -5.1102678671e+01   -2.0822042757e+01    3.5723596571e+00   -1.1173362861e+01    8.5581061084e-02    5.1200000000e+02    1.2757474888e-02    7.5415039062e-01
        65   -4.5161929991e+01    2.0407072418e+03   -7.9573953291e+01    3.4412023300e+01   -1.1488248981e+01   -5.1102678671e+01   -2.0854616007e+01    3.8715903681e+00   -1.1212193029e+01    8.5581061084e-02    5.1200000000e+02    1.2767272720e-02    7.5384521484e-01
        66   -4.5100657844e+01    2.0352315582e+03   -7.9996704422e+01    3.4896046577e+01   -1.1352948551e+01   -5.1102678671e+01   -2.1541162442e+01    4.0000852421e+00   -1.1041146556e+01    8.5581061084e-02    5.1200000000e+02    1.2743781902e-02    7.5213623047e-01
        67   -4.5041253865e+01    2.0300392788e+03   -7.9681881600e+01    3.4640627735e+01   -1.1475818244e+01   -5.1102678671e+01   -2.1058727907e+01    3.9553432219e+00   -1.1170017890e+01    8.5581061084e-02    5.1200000000e+02    1.2721383923e-02    7.5640869141e-01
        68   -4.5085110813e+01    2.0337369966e+03   -8.0059534285e+01    3.4974423472e+01   -1.1511246600e+01   -5.1102678671e+01   -2.1544854608e+01    4.0992455931e+00   -1.1207662750e+01    8.5581061084e-02    5.1200000000e+02    1.2747920593e-02    7.4835205078e-01
        69   -4.5111632511e+01    2.0361828389e+03   -8.0076938081e+01    3.4965305569e+01   -1.1510723470e+01   -5.1102678671e+01   -2.1242441829e+01    3.7789058887e+00   -1.1214430910e+01    8.5581061084e-02    5.1200000000e+02    1.2714298301e-02    7.5054931641e-01
        70   -4.5081018529e+01    2.0333738733e+03   -7.9764509411e+01    3.4683490881e+01   -1.1470745940e+01   -5.1102678671e+01   -2.1245745695e+01    4.0546608966e+00   -1.1164805536e+01    8.5581061084e-02    5.1200000000e+02    1.2719587959e-02    7.5195312500e-01
        71   -4.5134360426e+01    2.0382488628e+03   -8.0258332379e+01    3.5123971953e+01   -1.1341391433e+01   -5.1102678671e+01   -2.1583692745e+01    3.7694304711e+00   -1.1024635893e+01    8.5581061084e-02    5.1200000000e+02    1.2723705396e-02    7.5500488281e-01
        72   -4.5157219873e+01    2.0406033929e+03   -8.0243216408e+01    3.5085996536e+01   -1.1337306165e+01   -5.1102678671e+01   -2.1097492632e+01    3.2942610597e+00   -1.1026436882e+01    8.5581061084e-02    5.1200000000e+02    1.2774425718e-02    7.5311279297e-01
        73   -4.5138620971e+01    2.0387360316e+03   -8.0060531937e+01    3.4921910966e+01   -1.1426356150e+01   -5.1102678671e+01   -2.1613978031e+01    4.0824809151e+00   -1.1129113181e+01    8.5581061084e-02    5.1200000000e+02    1.2739462483e-02    7.5067138672e-01
        74   -4.5112501115e+01    2.0363717935e+03   -8.0548561564e+01    3.5436060450e+01   -1.1394690699e+01   -5.1102678671e+01   -2.2061391680e+01    4.0101994861e+00   -1.1097367315e+01    8.5581061084e-02    5.1200000000e+02    1.2767571772e-02    7.5012207031e-01
        75   -4.5207457028e+01    2.0448927995e+03   -8.0161734456e+01    3.4954277428e+01   -1.1200566457e+01   -5.1102678671e+01   -2.1959190944e+01    4.1007016158e+00   -1.0900331313e+01    8.5581061084e-02    5.1200000000e+02    1.2751245969e-02    7.5177001953e-01
        76   -4.5098969377e+01    2.0351313713e+03   -8.0271996355e+01    3.5173026978e+01   -1.1380878172e+01   -5.1102678671e+01   -2.1848838707e+01    4.0603991958e+00   -1.1068997726e+01    8.5581061084e-02    5.1200000000e+02    1.2776135564e-02    7.5335693359e-01
        77   -4.5156204662e+01    2.0403634556e+03   -8.0480899854e+01    3.5324695192e+01   -1.1502346539e+01   -5.1102678671e+01   -2.1628579351e+01    3.7527047069e+00   -1.1204118432e+01    8.5581061084e-02    5.1200000000e+02    1.2761744741e-02    7.5061035156e-01
        78   -4.5253408659e+01    2.0493000186e+03   -8.0417230326e+01    3.5163821667e+01   -1.1451954489e+01   -5.1102678671e+01   -2.1885508432e+01    4.0229112660e+00   -1.1153818868e+01    8.5581061084e-02    5.1200000000e+02    1.2788568022e-02    7.5054931641e-01
        79   -4.5085342495e+01    2.0343515677e+03   -8.0672062070e+01    3.5586719576e+01   -1.1387204976e+01   -5.1102678671e+01   -2.1831629098e+01    3.6494506746e+00   -1.1105063318e+01    8.5581061084e-02    5.1200000000e+02    1.2782322432e-02    7.5341796875e-01
        80   -4.5181662025e+01    2.0425497761e+03   -8.0148079347e+01    3.4966417322e+01   -1.1482048011e+01   -5.1102678671e+01   -2.1539788229e+01    3.9764355643e+00   -1.1188210729e+01    8.5581061084e-02    5.1200000000e+02    1.2699395886e-02    7.5152587891e-01
        81   -4.5139930896e+01    2.0389893460e+03   -7.9639774424e+01    3.4499843528e+01   -1.1352344139e+01   -5.1102678671e+01   -2.1370417609e+01    4.1856659954e+00   -1.1030957481e+01    8.5581061084e-02    5.1200000000e+02    1.2787230193e-02    7.4829101562e-01
        82   -4.5135235572e+01    2.0383787319e+03   -8.0120844134e+01    3.4985608562e+01   -1.1288127587e+01   -5.1102678671e+01   -2.1603703009e+01    3.8736651330e+00   -1.0986651059e+01    8.5581061084e-02    5.1200000000e+02    1.2849313079e-02    7.5036621094e-01
        83   -4.5090821802e+01    2.0342657024e+03   -7.9997325744e+01    3.4906503942e+01   -1.1328858844e+01   -5.1102678671e+01   -2.1769726877e+01    4.2039386480e+00   -1.1034891398e+01    8.5581061084e-02    5.1200000000e+02    1.3204448125e-02    7.5158691406e-01
        84   -4.5097515978e+01    2.0349010258e+03   -8.0332794302e+01    3.5235278324e+01   -1.1586151162e+01   -5.1102678671e+01   -2.1947417947e+01    4.3034534780e+00   -1.1275182491e+01    8.5581061084e-02    5.1200000000e+02    1.2779897947e-02    7.4786376953e-01
        85   -4.5075778185e+01    2.0329706446e+03   -8.0316494457e+01    3.5240716272e+01   -1.1500457039e+01   -5.1102678671e+01   -2.1657746508e+01    3.9443877615e+00   -1.1200865552e+01    8.5581061084e-02    5.1200000000e+02    1.2773580950e-02    7.4957275391e-01
        86   -4.5104494747e+01    2.0355431041e+03   -7.9968306933e+01    3.4863812187e+01   -1.1480159779e+01   -5.1102678671e+01   -2.1035726911e+01    3.6502584284e+00   -1.1195761963e+01    8.5581061084e-02    5.1200000000e+02    1.2726058340e-02    7.5207519531e-01
        87   -4.5148682795e+01    2.0396831759e+03   -7.9777784344e+01    3.4629101548e+01   -1.1532326840e+01   -5.1102678671e+01   -2.1109367124e+01    3.9665882916e+00   -1.1224793099e+01    8.5581061084e-02    5.1200000000e+02    1.2782402854e-02    7.5561523438e-01
        88   -4.5105686815e+01    2.0356061184e+03   -8.0311286717e+01    3.5205599902e+01   -1.1382970558e+01   -5.1102678671e+01   -2.1769561668e+01    3.9439241800e+00   -1.1090096835e+01    8.5581061084e-02    5.1200000000e+02    1.2720504224e-02    7.4304199219e-01
        89   -4.5185658198e+01    2.0429699660e+03   -8.0135325896e+01    3.4949667698e+01   -1.1290032356e+01   -5.1102678671e+01   -2.1547166665e+01    3.8045517963e+00   -1.0984267987e+01    8.5581061084e-02    5.1200000000e+02    1.2757011626e-02    7.5384521484e-01
        90   -4.5195810888e+01    2.0440980888e+03   -8.0364771541e+01    3.5168960654e+01   -1.1499999891e+01   -5.1102678671e+01   -2.1537229036e+01    3.7751360566e+00   -1.1219137583e+01    8.5581061084e-02    5.1200000000e+02    1.2707819983e-02    7.5018310547e-01
        91   -4.5218490126e+01    2.0458674381e+03   -8.0122479086e+01    3.4903988960e+01   -1.1330961346e+01   -5.1102678671e+01   -2.1689174583e+01    4.0003355139e+00   -1.1018602147e+01    8.5581061084e-02    5.1200000000e+02    1.2704528584e-02    7.5592041016e-01
        92   -4.5094670318e+01    2.0346536035e+03   -8.0395468414e+01    3.5300798096e+01   -1.1380650775e+01   -5.1102678671e+01   -2.1692984449e+01    3.7808454817e+00   -1.1077322001e+01    8.5581061084e-02    5.1200000000e+02    1.2725804512e-02    7.4499511719e-01
        93   -4.5116512073e+01    2.0365968531e+03   -7.9806341752e+01    3.4689829679e+01   -1.1407289081e+01   -5.1102678671e+01   -2.1179525524e+01    3.8831515246e+00   -1.1118219992e+01    8.5581061084e-02    5.1200000000e+02    1.2762947576e-02    7.5476074219e-01
        94   -4.5109867243e+01    2.0362344443e+03   -8.0371736251e+01    3.5261869007e+01   -1.1493927070e+01   -5.1102678671e+01   -2.1619296386e+01    3.8441658765e+00   -1.1185713688e+01    8.5581061084e-02    5.1200000000e+02    1.2733309946e-02    7.5122070312e-01
        95   -4.5148821271e+01    2.0397431090e+03   -8.0169153047e+01    3.5020331776e+01   -1.1570163893e+01   -5.1102678671e+01   -2.1091377758e+01    3.5950672751e+00   -1.1276891923e+01    8.5581061084e-02    5.1200000000e+02    1.2788873633e-02    7.5115966797e-01
        96   -4.5150237155e+01    2.0396421765e+03   -8.0268749813e+01    3.5118512658e+01   -1.1378862082e+01   -5.1102678671e+01   -2.1617578894e+01    3.8303698348e+00   -1.1084499433e+01    8.5581061084e-02    5.1200000000e+02    1.2762278931e-02    7.4536132812e-01
        97   -4.5183546714e+01    2.0426096788e+03   -8.0077597422e+01    3.4894050708e+01   -1.1431917303e+01   -5.1102678671e+01   -2.1444003843e+01    3.9010023950e+00   -1.1141520415e+01    8.5581061084e-02    5.1200000000e+02    1.2760655410e-02    7.5482177734e-01
        98   -4.5153272623e+01    2.0398838866e+03   -8.0127124884e+01    3.4973852261e+01   -1.1433826124e+01   -5.1102678671e+01   -2.1544460387e+01    3.9538402986e+00   -1.1143907101e+01    8.5581061084e-02    5.1200000000e+02    1.2798010928e-02    7.5512695312e-01
        99   -4.5180540428e+01    2.0425998224e+03   -8.0023178013e+01    3.4842637585e+01   -1.1293213624e+01   -5.1102678671e+01   -2.1851263741e+01    4.2239780230e+00   -1.1005137518e+01    8.5581061084e-02    5.1200000000e+02    1.2815198872e-02    7.5305175781e-01
       100   -4.5147448323e+01    2.0393422382e+03   -8.0359540661e+01    3.5212092338e+01   -1.1394940892e+01   -5.1102678671e+01   -2.1386593592e+01    3.5246724940e+00   -1.1110833496e+01    8.5581061084e-02    5.1200000000e+02    1.2830476316e-02    7.5042724609e-01
       101   -4.5146876415e+01    2.0393995820e+03   -7.9863086754e+01    3.4716210339e+01   -1.1494420528e+01   -5.1102678671e+01   -2.1152401842e+01    3.8864142869e+00   -1.1219332569e+01    8.5581061084e-02    5.1200000000e+02    1.2800750703e-02    7.5988769531e-01
       102   -4.5163787444e+01    2.0410253047e+03   -7.9551391269e+01    3.4387603825e+01   -1.1300828357e+01   -5.1102678671e+01   -2.1080902563e+01    3.9330183217e+00   -1.1003733023e+01    8.5581061084e-02    5.1200000000e+02    1.2799979207e-02    7.5671386719e-01
       103   -4.5140622508e+01    2.0388331039e+03   -7.9814750381e+01    3.4674127873e+01   -1.1274486414e+01   -5.1102678671e+01   -2.1483724510e+01    4.0461392145e+00   -1.0984372159e+01    8.5581061084e-02    5.1200000000e+02    1.2793586836e-02    7.5372314453e-01
       104   -4.5203060391e+01    2.0445164426e+03   -7.9916272935e+01    3.4713212543e+01   -1.1381598094e+01   -5.1102678671e+01   -2.1313198392e+01    3.8812022224e+00   -1.1084493523e+01    8.5581061084e-02    5.1200000000e+02    1.2840843152e-02    7.5708007812e-01
       105   -4.5159079329e+01    2.0403536691e+03   -7.9565852903e+01    3.4406773574e+01   -1.1507653340e+01   -5.1102678671e+01   -2.0889089908e+01    3.9335690166e+00   -1.1229674266e+01    8.5581061084e-02    5.1200000000e+02    1.2816184453e-02    7.5665283203e-01
       106   -4.5187272809e+01    2.0430416718e+03   -7.9504772560e+01    3.4317499751e+01   -1.1433855568e+01   -5.1102678671e+01   -2.0932173500e+01    3.9639351792e+00   -1.1134330980e+01    8.5581061084e-02    5.1200000000e+02    1.2762942896e-02    7.6043701172e-01
       107   -4.5052891174e+01    2.0309333166e+03   -7.9507766658e+01    3.4454875484e+01   -1.1204602044e+01   -5.1102678671e+01   -2.1157350804e+01    3.9568648608e+00   -1.0887373149e+01    8.5581061084e-02    5.1200000000e+02    1.2765723875e-02    7.5115966797e-01
       108   -4.5129191035e+01    2.0379126645e+03   -7.9650555884e+01    3.4521364849e+01   -1.1331627810e+01   -5.1102678671e+01   -2.1162975471e+01    3.9467260685e+00   -1.1029865970e+01    8.5581061084e-02    5.1200000000e+02    1.2813897854e-02    7.5701904297e-01
       109   -4.5106186863e+01    2.0356217669e+03   -7.9410935497e+01    3.4304748633e+01   -1.1592941181e+01   -5.1102678671e+01   -2.0384794187e+01    3.6694785431e+00   -1.1294754692e+01    8.5581061084e-02    5.1200000000e+02    1.2772402700e-02    7.5134277344e-01
       110   -4.5135501087e+01    2.0385283033e+03   -7.8842026510e+01    3.3706525423e+01   -1.1418083473e+01   -5.1102678671e+01   -2.0514116346e+01    4.1928519798e+00   -1.1101165590e+01    8.5581061084e-02    5.1200000000e+02    1.2750311367e-02    7.5634765625e-01
       111   -4.5125889377e+01    2.0375450795e+03   -7.9664688420e+01    3.4538799043e+01   -1.1588650941e+01   -5.1102678671e+01   -2.1143180373e+01    4.1698215645e+00   -1.1286661177e+01    8.5581061084e-02    5.1200000000e+02    1.2729717056e-02    7.5311279297e-01
       112   -4.5135397727e+01    2.0383695018e+03   -7.9888786412e+01    3.4753388685e+01   -1.1482647309e+01   -5.1102678671e+01   -2.1481488130e+01    4.1780276980e+00   -1.1170436746e+01    8.5581061084e-02    5.1200000000e+02    1.2719304578e-02    7.5390625000e-01
       113   -4.5113213011e+01    2.0364803881e+03   -7.9679902736e+01    3.4566689725e+01   -1.1320399921e+01   -5.1102678671e+01   -2.1438550839e+01    4.1817266953e+00   -1.1011230547e+01    8.5581061084e-02    5.1200000000e+02    1.2760924724e-02    7.5445556641e-01
       114   -4.5173500312e+01    2.0416949523e+03   -7.9540553936e+01    3.4367053624e+01   -1.1331073359e+01   -5.1102678671e+01   -2.0967542851e+01    3.8607409443e+00   -1.1027903628e+01    8.5581061084e-02    5.1200000000e+02    1.2748318455e-02    7.5250244141e-01
       115   -4.5114807679e+01    2.0364482405e+03   -7.9929624666e+01    3.4814816986e+01   -1.1311976174e+01   -5.1102678671e+01   -2.1647112452e+01    4.1321426313e+00   -1.1036402225e+01    8.5581061084e-02    5.1200000000e+02    1.2761546440e-02    7.5415039062e-01
       116   -4.5142395936e+01    2.0391864157e+03   -8.0243463705e+01    3.5101067769e+01   -1.1374411508e+01   -5.1102678671e+01   -2.1708670467e+01    3.9422969414e+00   -1.1063546729e+01    8.5581061084e-02    5.1200000000e+02    1.2753966067e-02    7.5708007812e-01
       117   -4.5069822011e+01    2.0323494878e+03   -7.9888556515e+01    3.4818734504e+01   -1.1357318013e+01   -5.1102678671e+01   -2.1491120511e+01    4.0625606798e+00   -1.1048031198e+01    8.5581061084e-02    5.1200000000e+02    1.2750808921e-02    7.5653076172e-01
       118   -4.5135194591e+01    2.0384689926e+03   -8.0427312560e+01    3.5292117969e+01   -1.1379501534e+01   -5.1102678671e+01   -2.1674893476e+01    3.7297611203e+00   -1.1078794301e+01    8.5581061084e-02    5.1200000000e+02    1.2738111663e-02    7.5292968750e-01
       119   -4.5161131749e+01    2.0406995744e+03   -8.0005780910e+01    3.4844649161e+01   -1.1428880677e+01   -5.1102678671e+01   -2.1455952825e+01    3.9817312630e+00   -1.1136523239e+01    8.5581061084e-02    5.1200000000e+02    1.2746789814e-02    7.5494384766e-01
       120   -4.5151658261e+01    2.0397627152e+03   -7.9700301024e+01    3.4548642763e+01   -1.1382136651e+01   -5.1102678671e+01   -2.1384967257e+01    4.1694815541e+00   -1.1082576789e+01    8.5581061084e-02    5.1200000000e+02    1.2795583816e-02    7.6123046875e-01
       121   -4.5059540669e+01    2.0314361965e+03   -7.9649944211e+01    3.4590403542e+01   -1.1538046831e+01   -5.1102678671e+01   -2.0868216910e+01    3.8589982006e+00   -1.1244044504e+01    8.5581061084e-02    5.1200000000e+02    1.2760093528e-02    7.4768066406e-01
       122   -4.5131133458e+01    2.0379642391e+03   -7.9656142863e+01    3.4525009405e+01   -1.1436455264e+01   -5.1102678671e+01   -2.1159521251e+01    4.0425123230e+00   -1.1124600583e+01    8.5581061084e-02    5.1200000000e+02    1.2801259082e-02    7.5164794922e-01
       123   -4.5213156507e+01    2.0454361857e+03   -8.0089976791e+01    3.4876820284e+01   -1.1421359444e+01   -5.1102678671e+01   -2.1461590165e+01    3.8956514896e+00   -1.1106168141e+01    8.5581061084e-02    5.1200000000e+02    1.2742684377e-02    7.5616455078e-01
       124   -4.5182799096e+01    2.0426339518e+03   -7.9937720504e+01    3.4754921408e+01   -1.1452719948e+01   -5.1102678671e+01   -2.1167664939e+01    3.7853430540e+00   -1.1161196251e+01    8.5581061084e-02    5.1200000000e+02    1.2819446084e-02    7.5140380859e-01
       125   -4.5149955527e+01    2.0398601966e+03   -8.0045450174e+01    3.4895494647e+01   -1.1378797567e+01   -5.1102678671e+01   -2.1165664381e+01    3.6016904453e+00   -1.1077990786e+01    8.5581061084e-02    5.1200000000e+02    1.2756085383e-02    7.6049804688e-01
       126   -4.5212688085e+01    2.0453650280e+03   -8.0126994095e+01    3.4914306011e+01   -1.1454135266e+01   -5.1102678671e+01   -2.1480324287e+01    3.9101441289e+00   -1.1168458947e+01    8.5581061084e-02    5.1200000000e+02    1.2772242261e-02    7.5280761719e-01
       127   -4.5166926228e+01    2.0411760842e+03   -8.0128725634e+01    3.4961799406e+01   -1.1451357545e+01   -5.1102678671e+01   -2.1265442409e+01    3.6907529905e+00   -1.1142338364e+01    8.5581061084e-02    5.1200000000e+02    1.2722480623e-02    7.5781250000e-01
       128   -4.5175752356e+01    2.0420272258e+03   -8.0655066167e+01    3.5479313811e+01   -1.1491118348e+01   -5.1102678671e+01   -2.1830339554e+01    3.7690704067e+00   -1.1197594459e+01    8.5581061084e-02    5.1200000000e+02    1.2778570012e-02    7.6062011719e-01
       129   -4.5210989897e+01    2.0452007982e+03   -7.9979716924e+01    3.4768727026e+01   -1.1350013210e+01   -5.1102678671e+01   -2.2023918693e+01    4.4968936506e+00   -1.1033023399e+01    8.5581061084e-02    5.1200000000e+02    1.2833262825e-02    7.5360107422e-01
       130   -4.5195477824e+01    2.0436475921e+03   -7.9891331360e+01    3.4695853536e+01   -1.1412205782e+01   -5.1102678671e+01   -2.1425304628e+01    4.0488577218e+00   -1.1091456841e+01    8.5581061084e-02    5.1200000000e+02    1.2839817617e-02    7.4877929688e-01
       131   -4.5139205383e+01    2.0396360943e+03   -8.0399287723e+01    3.5260082340e+01   -1.1321314621e+01   -5.1102678671e+01   -2.2067539415e+01    4.0922449832e+00   -1.1000818877e+01    8.5581061084e-02    5.1200000000e+02    1.2848109648e-02    7.5238037109e-01
       132   -4.5091250840e+01    2.0343664304e+03   -8.0190209809e+01    3.5098958970e+01   -1.1303711458e+01   -5.1102678671e+01   -2.1477848488e+01    3.6940288083e+00   -1.0999116870e+01    8.5581061084e-02    5.1200000000e+02    1.2836741890e-02    7.5366210938e-01
       133   -4.5178731017e+01    2.0423309013e+03   -8.0200778028e+01    3.5022047011e+01   -1.1364409184e+01   -5.1102678671e+01   -2.1554712660e+01    3.8210224864e+00   -1.1062626468e+01    8.5581061084e-02    5.1200000000e+02    1.2827379971e-02    7.5183105469e-01
       134   -4.5103309703e+01    2.0353318003e+03   -8.0239192243e+01    3.5135882540e+01   -1.1408203180e+01   -5.1102678671e+01   -2.1085789483e+01    3.3574790900e+00   -1.1092109781e+01    8.5581061084e-02    5.1200000000e+02    1.2805488379e-02    7.5488281250e-01
       135   -4.5105965002e+01    2.0358628258e+03   -7.9499293442e+01    3.4393328440e+01   -1.1240791972e+01   -5.1102678671e+01   -2.1097628072e+01    3.9418052723e+00   -1.0911101406e+01    8.5581061084e-02    5.1200000000e+02    1.2815156477e-02    7.5543212891e-01
       136   -4.5226410703e+01    2.0464866628e+03   -7.9485173447e+01    3.4258762743e+01   -1.1347172636e+01   -5.1102678671e+01   -2.1264910544e+01    4.2295884048e+00   -1.1036776400e+01    8.5581061084e-02    5.1200000000e+02    1.2773166257e-02    7.5274658203e-01
       137   -4.5150342957e+01    2.0395860087e+03   -7.9838108865e+01    3.4687765909e+01   -1.1562167519e+01   -5.1102678671e+01   -2.1171579688e+01    3.9983170132e+00   -1.1260523926e+01    8.5581061084e-02    5.1200000000e+02    1.2768532710e-02    7.5372314453e-01
       138   -4.5177112635e+01    2.0420689246e+03   -7.9586691281e+01    3.4409578646e+01   -1.1356267621e+01   -5.1102678671e+01   -2.1280615079e+01    4.1528700907e+00   -1.1064306690e+01    8.5581061084e-02    5.1200000000e+02    1.2798428782e-02    7.5640869141e-01
       139   -4.5174935117e+01    2.0421025728e+03   -7.9756836584e+01    3.4581901467e+01   -1.1339425003e+01   -5.1102678671e+01   -2.1562246896e+01    4.2475139866e+00   -1.1027141771e+01    8.5581061084e-02    5.1200000000e+02    1.2750642603e-02    7.4810791016e-01
       140   -4.5108624485e+01    2.0359870748e+03   -8.0096522730e+01    3.4987898245e+01   -1.1381320448e+01   -5.1102678671e+01   -2.1804892216e+01    4.1923686048e+00   -1.1052467500e+01    8.5581061084e-02    5.1200000000e+02    1.2780464009e-02    7.5299072266e-01
       141   -4.5121364750e+01    2.0372373866e+03   -8.0088409422e+01    3.4967044672e+01   -1.1243315966e+01   -5.1102678671e+01   -2.1651244252e+01    3.9088294661e+00   -1.0904798353e+01    8.5581061084e-02    5.1200000000e+02    1.2782843889e-02    7.5170898438e-01
       142   -4.5030976628e+01    2.0289274089e+03   -7.9669547554e+01    3.4638570926e+01   -1.1302291768e+01   -5.1102678671e+01   -2.1266557540e+01    4.0019804254e+00   -1.0967649400e+01    8.5581061084e-02    5.1200000000e+02    1.2713942512e-02    7.5177001953e-01
       143   -4.5151184208e+01    2.0398956840e+03   -7.9637041277e+01    3.4485857068e+01   -1.1365669222e+01   -5.1102678671e+01   -2.1208929766e+01    4.0402363817e+00   -1.1059411187e+01    8.5581061084e-02    5.1200000000e+02    1.2752872297e-02    7.4664306641e-01
       144   -4.5193775508e+01    2.0438048116e+03   -8.0232619275e+01    3.5038843767e+01   -1.1374185579e+01   -5.1102678671e+01   -2.1770372500e+01    4.0146174750e+00   -1.1076369640e+01    8.5581061084e-02    5.1200000000e+02    1.2797369158e-02    7.5164794922e-01
       145   -4.5228146043e+01    2.0466833807e+03   -7.9331141037e+01    3.4102994994e+01   -1.1356877714e+01   -5.1102678671e+01   -2.1277359508e+01    4.4057748560e+00   -1.1059144384e+01    8.5581061084e-02    5.1200000000e+02    1.2787797039e-02    7.5256347656e-01
       146   -4.5157185768e+01    2.0402240610e+03   -7.9694716544e+01    3.4537530776e+01   -1.1357307891e+01   -5.1102678671e+01   -2.1271034462e+01    4.0363044799e+00   -1.1063073655e+01    8.5581061084e-02    5.1200000000e+02    1.2796614661e-02    7.5561523438e-01
       147   -4.5157505032e+01    2.0404360703e+03   -7.9902860061e+01    3.4745355029e+01   -1.1262814771e+01   -5.1102678671e+01   -2.1685472180e+01    4.1481055605e+00   -1.0967820731e+01    8.5581061084e-02    5.1200000000e+02    1.2785431538e-02    7.5549316406e-01
       148   -4.5235074545e+01    2.0477058784e+03   -7.9866358703e+01    3.4631284159e+01   -1.1628350456e+01   -5.1102678671e+01   -2.0764212906e+01    3.6288833304e+00   -1.1334982413e+01    8.5581061084e-02    5.1200000000e+02    1.2795046563e-02    7.5537109375e-01
       149   -4.5201998832e+01    2.0443237160e+03   -7.9851179066e+01    3.4649180235e+01   -1.1467844483e+01   -5.1102678671e+01   -2.1289410527e+01    4.0087546146e+00   -1.1186065293e+01    8.5581061084e-02    5.1200000000e+02    1.2775091406e-02    7.5262451172e-01
       150   -4.5108622145e+01    2.0358615201e+03   -7.9962240789e+01    3.4853618644e+01   -1.1447326506e+01   -5.1102678671e+01   -2.1394989289e+01    3.9827536776e+00   -1.1137032308e+01    8.5581061084e-02    5.1200000000e+02    1.2732839878e-02    7.5341796875e-01
       151   -4.5154794309e+01    2.0401805350e+03   -8.0037042458e+01    3.4882248148e+01   -1.1518724375e+01   -5.1102678671e+01   -2.1633726892e+01    4.2180874805e+00   -1.1207248077e+01    8.5581061084e-02    5.1200000000e+02    1.2733228389e-02    7.5494384766e-01
       152   -4.5154942638e+01    2.0409991581e+03   -7.9964214884e+01    3.4809272246e+01   -1.1359059954e+01   -5.1102678671e+01   -2.1767080313e+01    4.2646040549e+00   -1.1037232194e+01    8.5581061084e-02    5.1200000000e+02    1.2773123396e-02    7.4945068359e-01
       153   -4.5095523104e+01    2.0348808664e+03   -7.9978483264e+01    3.4882960160e+01   -1.1436034988e+01   -5.1102678671e+01   -2.1853833444e+01    4.4140638391e+00   -1.1143976634e+01    8.5581061084e-02    5.1200000000e+02    1.2793106108e-02    7.5531005859e-01
       154   -4.5133584356e+01    2.0381389790e+03   -8.0032048223e+01    3.4898463867e+01   -1.1390177644e+01   -5.1102678671e+01   -2.1438107074e+01    3.8989151665e+00   -1.1096634234e+01    8.5581061084e-02    5.1200000000e+02    1.2797137905e-02    7.5225830078e-01
       155   -4.5189311512e+01    2.0432151088e+03   -7.9483773328e+01    3.4294461816e+01   -1.1394988335e+01   -5.1102678671e+01   -2.1167365596e+01    4.1812592742e+00   -1.1101970345e+01    8.5581061084e-02    5.1200000000e+02    1.2805068225e-02    7.5885009766e-01
       156   -4.5180608336e+01    2.0423054000e+03   -8.0091350110e+01    3.4910741774e+01   -1.1283449742e+01   -5.1102678671e+01   -2.1556779120e+01    3.8515574231e+00   -1.0983459963e+01    8.5581061084e-02    5.1200000000e+02    1.2773341992e-02    7.5531005859e-01
       157   -4.5158672259e+01    2.0404389281e+03   -7.9901496313e+01    3.4742824053e+01   -1.1472926890e+01   -5.1102678671e+01   -2.1267540956e+01    3.9416502050e+00   -1.1163621944e+01    8.5581061084e-02    5.1200000000e+02    1.2749668269e-02    7.5170898438e-01
       158   -4.5116205972e+01    2.0370513526e+03   -7.8991025491e+01    3.3874819519e+01   -1.1117067732e+01   -5.1102678671e+01   -2.1059046422e+01    4.2877673345e+00   -1.0818650527e+01    8.5581061084e-02    5.1200000000e+02    1.2810716541e-02    7.5476074219e-01
       159   -4.5146416771e+01    2.0394670979e+03   -7.9232085801e+01    3.4085669030e+01   -1.1157297206e+01   -5.1102678671e+01   -2.1015266257e+01    4.0431563332e+00   -1.0839839600e+01    8.5581061084e-02    5.1200000000e+02    1.2805725930e-02    7.5189208984e-01
       160   -4.5102653900e+01    2.0356015865e+03   -8.0009113684e+01    3.4906459783e+01   -1.1280844167e+01   -5.1102678671e+01   -2.1382163655e+01    3.7565728092e+00   -1.0970398982e+01    8.5581061084e-02    5.1200000000e+02    1.2837565818e-02    7.5238037109e-01
       161   -4.5124537925e+01    2.0372665994e+03   -8.0242885392e+01    3.5118347466e+01   -1.1386036498e+01   -5.1102678671e+01   -2.1718971391e+01    3.9648011683e+00   -1.1058172418e+01    8.5581061084e-02    5.1200000000e+02    1.2828747715e-02    7.5250244141e-01
       162   -4.5077533051e+01    2.0334477767e+03   -7.9874331023e+01    3.4796797972e+01   -1.1356572477e+01   -5.1102678671e+01   -2.1177599918e+01    3.7625200425e+00   -1.1037052556e+01    8.5581061084e-02    5.1200000000e+02    1.2828928689e-02    7.5317382812e-01
       163   -4.5124812470e+01    2.0373221568e+03   -7.9844641562e+01    3.4719829092e+01   -1.1338291266e+01   -5.1102678671e+01   -2.1359502806e+01    3.9558311818e+00   -1.1030635275e+01    8.5581061084e-02    5.1200000000e+02    1.2789386370e-02    7.5567626953e-01
       164   -4.5142308847e+01    2.0388445173e+03   -8.0188924928e+01    3.5046616081e+01   -1.1414788115e+01   -5.1102678671e+01   -2.1745222797e+01    4.0737646552e+00   -1.1119245656e+01    8.5581061084e-02    5.1200000000e+02    1.2821312422e-02    7.5494384766e-01
       165   -4.5198221753e+01    2.0440094282e+03   -8.0426644529e+01    3.5228422776e+01   -1.1383909136e+01   -5.1102678671e+01   -2.2078818288e+01    4.1387615655e+00   -1.1069747369e+01    8.5581061084e-02    5.1200000000e+02    1.2790072917e-02    7.5585937500e-01
       166   -4.5081013489e+01    2.0334668112e+03   -8.0060228591e+01    3.4979215101e+01   -1.1169738253e+01   -5.1102678671e+01   -2.2263305909e+01    4.4754942421e+00   -1.0856947949e+01    8.5581061084e-02    5.1200000000e+02    1.2767245410e-02    7.5366210938e-01
       167   -4.5140175700e+01    2.0387473078e+03   -8.0348530296e+01    3.5208354596e+01   -1.1368438468e+01   -5.1102678671e+01   -2.1755284460e+01    3.8778713031e+00   -1.1064018674e+01    8.5581061084e-02    5.1200000000e+02    1.2837135117e-02    7.5415039062e-01
       168   -4.5197295145e+01    2.0440012175e+03   -8.0511427970e+01    3.5314132825e+01   -1.1407828864e+01   -5.1102678671e+01   -2.1913747727e+01    3.9128272925e+00   -1.1110358175e+01    8.5581061084e-02    5.1200000000e+02    1.2764949907e-02    7.4749755859e-01
       169   -4.5112577117e+01    2.0363557817e+03   -7.9977775408e+01    3.4865198291e+01   -1.1240517435e+01   -5.1102678671e+01   -2.1668769386e+01    4.0341900838e+00   -1.0926126514e+01    8.5581061084e-02    5.1200000000e+02    1.2765467832e-02    7.5408935547e-01
       170   -4.5154965501e+01    2.0401358374e+03   -8.0307599528e+01    3.5152634027e+01   -1.1324412330e+01   -5.1102678671e+01   -2.1674453782e+01    3.7939452549e+00   -1.1025412338e+01    8.5581061084e-02    5.1200000000e+02    1.2789525088e-02    7.5238037109e-01
       171   -4.5121322879e+01    2.0370163395e+03   -7.9957024733e+01    3.4835701854e+01   -1.1470229260e+01   -5.1102678671e+01   -2.1687775948e+01    4.3036591461e+00   -1.1174071408e+01    8.5581061084e-02    5.1200000000e+02    1.2791912986e-02    7.5708007812e-01
       172   -4.5077412092e+01    2.0328773256e+03   -7.9625367130e+01    3.4547955039e+01   -1.1468009261e+01   -5.1102678671e+01   -2.1159101553e+01    4.1044223541e+00   -1.1189350194e+01    8.5581061084e-02    5.1200000000e+02    1.2783043774e-02    7.6080322266e-01
       173   -4.5238242335e+01    2.0477484156e+03   -8.0156358891e+01    3.4918116556e+01   -1.1473384153e+01   -5.1102678671e+01   -2.1673511106e+01    4.0932150398e+00   -1.1174418984e+01    8.5581061084e-02    5.1200000000e+02    1.2825631785e-02    7.5671386719e-01
       174   -4.5143068156e+01    2.0390445635e+03   -8.0383128194e+01    3.5240060038e+01   -1.1424341286e+01   -5.1102678671e+01   -2.1817532409e+01    3.9614241724e+00   -1.1110971138e+01    8.5581061084e-02    5.1200000000e+02    1.2820704509e-02    7.5115966797e-01
       175   -4.5181567704e+01    2.0424628134e+03   -7.9800108370e+01    3.4618540667e+01   -1.1419180085e+01   -5.1102678671e+01   -2.1336332669e+01    4.0580830549e+00   -1.1123190074e+01    8.5581061084e-02    5.1200000000e+02    1.2731840439e-02    7.5396728516e-01
       176   -4.5168672453e+01    2.0416227241e+03   -8.0515002489e+01    3.5346330037e+01   -1.1337739166e+01   -5.1102678671e+01   -2.2141173855e+01    4.0665892031e+00   -1.1027845760e+01    8.5581061084e-02    5.1200000000e+02    1.2772741331e-02    7.5720214844e-01
       177   -4.5146372283e+01    2.0395830848e+03   -8.0486697598e+01    3.5340325315e+01   -1.1559258741e+01   -5.1102678671e+01   -2.2013230839e+01    4.1884706538e+00   -1.1269242244e+01    8.5581061084e-02    5.1200000000e+02    1.2773375273e-02    7.5164794922e-01
       178   -4.5216870522e+01    2.0459140042e+03   -8.0005643786e+01    3.4788773264e+01   -1.1177777998e+01   -5.1102678671e+01   -2.1823447510e+01    4.0982603929e+00   -1.0875343170e+01    8.5581061084e-02    5.1200000000e+02    1.2755163972e-02    7.5256347656e-01
       179   -4.5075794107e+01    2.0328391062e+03   -7.9662360913e+01    3.4586566806e+01   -1.1464402730e+01   -5.1102678671e+01   -2.1107775450e+01    4.0124959393e+00   -1.1159431373e+01    8.5581061084e-02    5.1200000000e+02    1.2708190598e-02    7.5421142578e-01
       180   -4.5104457960e+01    2.0354693088e+03   -7.9241119318e+01    3.4136661357e+01   -1.1358429402e+01   -5.1102678671e+01   -2.0961335371e+01    4.1813241262e+00   -1.1040937539e+01    8.5581061084e-02    5.1200000000e+02    1.2705237864e-02    7.5238037109e-01
       181   -4.5028491847e+01    2.0287497287e+03   -7.9920021190e+01    3.4891529344e+01   -1.1500389123e+01   -5.1102678671e+01   -2.1044022718e+01    3.7270693222e+00   -1.1181105903e+01    8.5581061084e-02    5.1200000000e+02    1.2754107593e-02    7.5610351562e-01
       182   -4.5127195239e+01    2.0376788433e+03   -7.9959546579e+01    3.4832351340e+01   -1.1457761486e+01   -5.1102678671e+01   -2.1056602636e+01    3.6574962140e+00   -1.1126695223e+01    8.5581061084e-02    5.1200000000e+02    1.2739684128e-02    7.5427246094e-01
       183   -4.5183471643e+01    2.0426975262e+03   -7.9744153556e+01    3.4560681914e+01   -1.1382724959e+01   -5.1102678671e+01   -2.1067300200e+01    3.8085502746e+00   -1.1068606632e+01    8.5581061084e-02    5.1200000000e+02    1.2745835232e-02    7.5573730469e-01
       184   -4.5112878451e+01    2.0362524072e+03   -8.0000010454e+01    3.4887132003e+01   -1.1341744295e+01   -5.1102678671e+01   -2.1517255301e+01    3.9616678128e+00   -1.1021409242e+01    8.5581061084e-02    5.1200000000e+02    1.2707973159e-02    7.5335693359e-01
       185   -4.5147895835e+01    2.0394715691e+03   -7.9858144652e+01    3.4710248817e+01   -1.1356788927e+01   -5.1102678671e+01   -2.1530046543e+01    4.1313694889e+00   -1.1027925497e+01    8.5581061084e-02    5.1200000000e+02    1.2734299258e-02    7.5250244141e-01
       186   -4.5179171170e+01    2.0423636358e+03   -7.9739621346e+01    3.4560450176e+01   -1.1304124015e+01   -5.1102678671e+01   -2.1423014975e+01    4.0901963156e+00   -1.1004085956e+01    8.5581061084e-02    5.1200000000e+02    1.2766373750e-02    7.5543212891e-01
       187   -4.5138831175e+01    2.0386171864e+03   -7.9175217724e+01    3.4036386549e+01   -1.1327375790e+01   -5.1102678671e+01   -2.0760382787e+01    4.0152195243e+00   -1.1033436049e+01    8.5581061084e-02    5.1200000000e+02    1.2776755222e-02    7.4572753906e-01
       188   -4.5210161281e+01    2.0450298262e+03   -8.0153557517e+01    3.4943396236e+01   -1.1240163568e+01   -5.1102678671e+01   -2.1925495079e+01    4.1147798012e+00   -1.0928369730e+01    8.5581061084e-02    5.1200000000e+02    1.2815736113e-02    7.5305175781e-01
       189   -4.5127005607e+01    2.0374956699e+03   -8.1174839941e+01    3.6047834334e+01   -1.1324587679e+01   -5.1102678671e+01   -2.2558218873e+01    3.8106452825e+00   -1.1054571572e+01    8.5581061084e-02    5.1200000000e+02    1.2815395425e-02    7.5427246094e-01
       190   -4.5230734196e+01    2.0468802767e+03   -8.0408227157e+01    3.5177492961e+01   -1.1456662687e+01   -5.1102678671e+01   -2.1919138316e+01    4.0702525172e+00   -1.1161787787e+01    8.5581061084e-02    5.1200000000e+02    1.2829476040e-02    7.5244140625e-01
       191   -4.5172559404e+01    2.0416458385e+03   -8.0213722292e+01    3.5041162887e+01   -1.1536984137e+01   -5.1102678671e+01   -2.1852932044e+01    4.2788725607e+00   -1.1227741862e+01    8.5581061084e-02    5.1200000000e+02    1.2809017285e-02    7.5451660156e-01
       192   -4.5170235036e+01    2.0414861280e+03   -8.0624918253e+01    3.5454683217e+01   -1.1645577249e+01   -5.1102678671e+01   -2.1863858320e+01    3.9871959868e+00   -1.1344747535e+01    8.5581061084e-02    5.1200000000e+02    1.2756497341e-02    7.5042724609e-01
       193   -4.5176116478e+01    2.0418571527e+03   -8.0695303731e+01    3.5519187253e+01   -1.1367696846e+01   -5.1102678671e+01   -2.2041463728e+01    3.8165355143e+00   -1.1073646288e+01    8.5581061084e-02    5.1200000000e+02    1.2744719824e-02    7.4743652344e-01
       194   -4.5237649115e+01    2.0474935311e+03   -8.0095832971e+01    3.4858183856e+01   -1.1308000085e+01   -5.1102678671e+01   -2.1551497542e+01    3.8663433267e+00   -1.1016285096e+01    8.5581061084e-02    5.1200000000e+02    1.2801365674e-02    7.5469970703e-01
       195   -4.5269011094e+01    2.0502637938e+03   -8.0618678298e+01    3.5349667204e+01   -1.1340007950e+01   -5.1102678671e+01   -2.2232057434e+01    4.0560657572e+00   -1.1034831485e+01    8.5581061084e-02    5.1200000000e+02    1.2803051270e-02    7.5616455078e-01
       196   -4.5152090444e+01    2.0400975597e+03   -8.0734556964e+01    3.5582466520e+01   -1.1390346025e+01   -5.1102678671e+01   -2.2069525448e+01    3.8279931796e+00   -1.1096984363e+01    8.5581061084e-02    5.1200000000e+02    1.2773807935e-02    7.5213623047e-01
       197   -4.5175617302e+01    2.0419941693e+03   -7.9938081439e+01    3.4762464137e+01   -1.1594444687e+01   -5.1102678671e+01   -2.1085907647e+01    3.8449495663e+00   -1.1309705259e+01    8.5581061084e-02    5.1200000000e+02    1.2729030481e-02    7.5207519531e-01
       198   -4.5161043852e+01    2.0407568847e+03   -7.9710311880e+01    3.4549268028e+01   -1.1411450556e+01   -5.1102678671e+01   -2.1609718760e+01    4.4135361076e+00   -1.1111150233e+01    8.5581061084e-02    5.1200000000e+02    1.2767299624e-02    7.5592041016e-01
       199   -4.5245342622e+01    2.0482524202e+03   -8.0374757117e+01    3.5129414495e+01   -1.1479695828e+01   -5.1102678671e+01   -2.2087532613e+01    4.2951499958e+00   -1.1201371518e+01    8.5581061084e-02    5.1200000000e+02    1.2791627358e-02    7.5854492188e-01
