#   index    LocalEnergy         LocalEnergy_sq      LocalPotential      Kinetic             ElecElec            IonIon              LocalECP            NonLocalECP         MPC                 KEcorr              BlockWeight         BlockCPU            AcceptRatio         
         0   -4.5080351178e+01    2.0333040190e+03   -7.9936399246e+01    3.4856048068e+01   -1.1416501531e+01   -5.1102678671e+01   -2.1349436332e+01    3.9322172889e+00   -1.1080225362e+01    8.1282061917e-02    5.1200000000e+02    1.2753098457e-02    7.5006103516e-01
         1   -4.5082731084e+01    2.0337145771e+03   -7.9377523937e+01    3.4294792853e+01   -1.1384365090e+01   -5.1102678671e+01   -2.0789814053e+01    3.8993338767e+00   -1.1054537985e+01    8.1282061917e-02    5.1200000000e+02    1.2721993450e-02    7.5231933594e-01
         2   -4.5114991854e+01    2.0364284284e+03   -7.9579435564e+01    3.4464443709e+01   -1.1371179692e+01   -5.1102678671e+01   -2.1030170638e+01    3.9245934372e+00   -1.1075726570e+01    8.1282061917e-02    5.1200000000e+02    1.2722840735e-02    7.5445556641e-01
         3   -4.5059326608e+01    2.0314340522e+03   -7.9098197718e+01    3.4038871111e+01   -1.1526023852e+01   -5.1102678671e+01   -2.0365338381e+01    3.8958431859e+00   -1.1215375960e+01    8.1282061917e-02    5.1200000000e+02    1.2689727322e-02    7.5701904297e-01
         4   -4.5044232161e+01    2.0300668042e+03   -7.9264688529e+01    3.4220456368e+01   -1.1529944442e+01   -5.1102678671e+01   -2.0452485731e+01    3.8204203155e+00   -1.1239183154e+01    8.1282061917e-02    5.1200000000e+02    1.2742485227e-02    7.5842285156e-01
         5   -4.5052943266e+01    2.0310812057e+03   -7.9295582658e+01    3.4242639393e+01   -1.1563324796e+01   -5.1102678671e+01   -2.0540704757e+01    3.9111255658e+00   -1.1276874132e+01    8.1282061917e-02    5.1200000000e+02    1.2744626997e-02    7.5531005859e-01
         6   -4.5130124216e+01    2.0378244129e+03   -7.9613841251e+01    3.4483717034e+01   -1.1641471510e+01   -5.1102678671e+01   -2.0770871435e+01    3.9011803654e+00   -1.1358820929e+01    8.1282061917e-02    5.1200000000e+02    1.2753075020e-02    7.6159667969e-01
         7   -4.5114887208e+01    2.0363807034e+03   -7.9374011474e+01    3.4259124265e+01   -1.1689594588e+01   -5.1102678671e+01   -2.0821390605e+01    4.2396523907e+00   -1.1407535048e+01    8.1282061917e-02    5.1200000000e+02    1.2715622876e-02    7.5238037109e-01
         8   -4.5064711914e+01    2.0319569687e+03   -7.9714463029e+01    3.4649751114e+01   -1.1519327628e+01   -5.1102678671e+01   -2.1015405816e+01    3.9229490857e+00   -1.1236577694e+01    8.1282061917e-02    5.1200000000e+02    1.2779913254e-02    7.5335693359e-01
         9   -4.5039538962e+01    2.0296084937e+03   -7.9713428945e+01    3.4673889983e+01   -1.1435512507e+01   -5.1102678671e+01   -2.1117447327e+01    3.9422095603e+00   -1.1102589340e+01    8.1282061917e-02    5.1200000000e+02    1.2777026982e-02    7.5714111328e-01
        10   -4.5084898648e+01    2.0339037562e+03   -7.9255346811e+01    3.4170448163e+01   -1.1368972061e+01   -5.1102678671e+01   -2.1014161896e+01    4.2304658167e+00   -1.1041814147e+01    8.1282061917e-02    5.1200000000e+02    1.2701022615e-02    7.5598144531e-01
        11   -4.5101957817e+01    2.0352876103e+03   -7.9426825767e+01    3.4324867950e+01   -1.1503389647e+01   -5.1102678671e+01   -2.0906554203e+01    4.0857967542e+00   -1.1187778383e+01    8.1282061917e-02    5.1200000000e+02    1.2643934761e-02    7.5207519531e-01
        12   -4.5117174401e+01    2.0366999471e+03   -7.9950290024e+01    3.4833115623e+01   -1.1495932040e+01   -5.1102678671e+01   -2.1110878014e+01    3.7591987017e+00   -1.1194023552e+01    8.1282061917e-02    5.1200000000e+02    1.2682152295e-02    7.5061035156e-01
        13   -4.5104672208e+01    2.0355814268e+03   -7.9468525458e+01    3.4363853250e+01   -1.1510811734e+01   -5.1102678671e+01   -2.0880622600e+01    4.0255875464e+00   -1.1204158658e+01    8.1282061917e-02    5.1200000000e+02    1.2724275166e-02    7.5885009766e-01
        14   -4.5424562670e+01    2.1155310098e+03   -7.7856712754e+01    3.2432150084e+01   -1.1515464670e+01   -5.1102678671e+01   -2.0738711098e+01    5.5001416850e+00   -1.1217789473e+01    8.1282061917e-02    5.1200000000e+02    1.2692641755e-02    7.5335693359e-01
        15   -4.5052965050e+01    2.0310298536e+03   -7.9879072367e+01    3.4826107317e+01   -1.1250158580e+01   -5.1102678671e+01   -2.1400831579e+01    3.8745964627e+00   -1.0936539355e+01    8.1282061917e-02    5.1200000000e+02    1.2732837610e-02    7.5872802734e-01
        16   -4.5122461535e+01    2.0376751572e+03   -8.0368112005e+01    3.5245650469e+01   -1.1371471094e+01   -5.1102678671e+01   -2.1230394469e+01    3.3364322297e+00   -1.1065503979e+01    8.1282061917e-02    5.1200000000e+02    1.2761457227e-02    7.5482177734e-01
        17   -4.5126752394e+01    2.0376619749e+03   -7.9740075330e+01    3.4613322935e+01   -1.1292980236e+01   -5.1102678671e+01   -2.1484536620e+01    4.1401201978e+00   -1.0989125581e+01    8.1282061917e-02    5.1200000000e+02    1.2782218372e-02    7.5549316406e-01
        18   -4.5160076199e+01    2.0405688441e+03   -7.9763806854e+01    3.4603730655e+01   -1.1558423714e+01   -5.1102678671e+01   -2.1034894817e+01    3.9321903480e+00   -1.1265878209e+01    8.1282061917e-02    5.1200000000e+02    1.2714494734e-02    7.5299072266e-01
        19   -4.5048424788e+01    2.0306888624e+03   -7.9616372030e+01    3.4567947242e+01   -1.1476278302e+01   -5.1102678671e+01   -2.1161259063e+01    4.1238440049e+00   -1.1184512165e+01    8.1282061917e-02    5.1200000000e+02    1.2736637441e-02    7.5408935547e-01
        20   -4.5059889977e+01    2.0316512270e+03   -7.9519163291e+01    3.4459273314e+01   -1.1283759734e+01   -5.1102678671e+01   -2.0949764999e+01    3.8170401124e+00   -1.0961282611e+01    8.1282061917e-02    5.1200000000e+02    1.2766988472e-02    7.5726318359e-01
        21   -4.5034024954e+01    2.0291610648e+03   -7.9341190601e+01    3.4307165647e+01   -1.1275524360e+01   -5.1102678671e+01   -2.1008712464e+01    4.0457248935e+00   -1.0983859397e+01    8.1282061917e-02    5.1200000000e+02    1.2743009490e-02    7.5317382812e-01
        22   -4.5092672981e+01    2.0345391989e+03   -7.9510745538e+01    3.4418072557e+01   -1.1421928392e+01   -5.1102678671e+01   -2.0878847283e+01    3.8927088078e+00   -1.1143740757e+01    8.1282061917e-02    5.1200000000e+02    1.2770398579e-02    7.5567626953e-01
        23   -4.5134316909e+01    2.0382825312e+03   -7.9796221904e+01    3.4661904995e+01   -1.1209109214e+01   -5.1102678671e+01   -2.1110523613e+01    3.6260895943e+00   -1.0915666472e+01    8.1282061917e-02    5.1200000000e+02    1.2772099724e-02    7.5830078125e-01
        24   -4.5067895575e+01    2.0324073288e+03   -7.9904763585e+01    3.4836868010e+01   -1.1442173113e+01   -5.1102678671e+01   -2.1450862975e+01    4.0909511733e+00   -1.1145231089e+01    8.1282061917e-02    5.1200000000e+02    1.2690150098e-02    7.5860595703e-01
        25   -4.5085529818e+01    2.0339961716e+03   -7.9359281594e+01    3.4273751776e+01   -1.1487669237e+01   -5.1102678671e+01   -2.0964438248e+01    4.1955045625e+00   -1.1191829407e+01    8.1282061917e-02    5.1200000000e+02    1.2725739756e-02    7.5030517578e-01
        26   -4.5107544039e+01    2.0359519937e+03   -8.0088281390e+01    3.4980737351e+01   -1.1465423630e+01   -5.1102678671e+01   -2.1308009757e+01    3.7878306686e+00   -1.1194635712e+01    8.1282061917e-02    5.1200000000e+02    1.2669044258e-02    7.5775146484e-01
        27   -4.5149869349e+01    2.0395718338e+03   -8.0140268699e+01    3.4990399351e+01   -1.1389990825e+01   -5.1102678671e+01   -2.1563832681e+01    3.9162334775e+00   -1.1113280950e+01    8.1282061917e-02    5.1200000000e+02    1.2720671897e-02    7.5439453125e-01
        28   -4.5023127565e+01    2.0282112413e+03   -7.9432465394e+01    3.4409337828e+01   -1.1419586335e+01   -5.1102678671e+01   -2.0925813907e+01    4.0156135195e+00   -1.1115810439e+01    8.1282061917e-02    5.1200000000e+02    1.2787598547e-02    7.5366210938e-01
        29   -4.5011304637e+01    2.0271663072e+03   -7.9432525419e+01    3.4421220781e+01   -1.1327284157e+01   -5.1102678671e+01   -2.1026733873e+01    4.0241712819e+00   -1.1008529538e+01    8.1282061917e-02    5.1200000000e+02    1.2777331770e-02    7.5860595703e-01
        30   -4.5079459967e+01    2.0335384496e+03   -7.9419476234e+01    3.4340016267e+01   -1.1446031018e+01   -5.1102678671e+01   -2.1146459321e+01    4.2756927765e+00   -1.1125880545e+01    8.1282061917e-02    5.1200000000e+02    1.2723683096e-02    7.5408935547e-01
        31   -4.5086093326e+01    2.0338351355e+03   -7.9740002234e+01    3.4653908908e+01   -1.1327537197e+01   -5.1102678671e+01   -2.1247845824e+01    3.9380594577e+00   -1.1022868235e+01    8.1282061917e-02    5.1200000000e+02    1.2761055029e-02    7.5494384766e-01
        32   -4.5028063389e+01    2.0286791572e+03   -7.9734450661e+01    3.4706387272e+01   -1.1474677250e+01   -5.1102678671e+01   -2.1058504564e+01    3.9014098235e+00   -1.1179391752e+01    8.1282061917e-02    5.1200000000e+02    1.2751798484e-02    7.5317382812e-01
        33   -4.5097273636e+01    2.0350767739e+03   -7.9795592404e+01    3.4698318768e+01   -1.1397867232e+01   -5.1102678671e+01   -2.1356315989e+01    4.0612694872e+00   -1.1093047600e+01    8.1282061917e-02    5.1200000000e+02    1.2772563496e-02    7.6245117188e-01
        34   -4.5086157588e+01    2.0340160578e+03   -7.9360509253e+01    3.4274351665e+01   -1.1426114433e+01   -5.1102678671e+01   -2.0816975919e+01    3.9852597713e+00   -1.1131124599e+01    8.1282061917e-02    5.1200000000e+02    1.2708054102e-02    7.5390625000e-01
        35   -4.5043666611e+01    2.0302191360e+03   -7.9934068553e+01    3.4890401942e+01   -1.1263444801e+01   -5.1102678671e+01   -2.1387553605e+01    3.8196085251e+00   -1.0969890220e+01    8.1282061917e-02    5.1200000000e+02    1.2705350620e-02    7.5140380859e-01
        36   -4.5069178778e+01    2.0326522377e+03   -7.9609226262e+01    3.4540047484e+01   -1.1211812634e+01   -5.1102678671e+01   -2.0964263088e+01    3.6695281310e+00   -1.0882775397e+01    8.1282061917e-02    5.1200000000e+02    1.2744853689e-02    7.5408935547e-01
        37   -4.5071096011e+01    2.0326458779e+03   -7.9739392362e+01    3.4668296351e+01   -1.1674778494e+01   -5.1102678671e+01   -2.0790834399e+01    3.8288992030e+00   -1.1383901686e+01    8.1282061917e-02    5.1200000000e+02    1.2676737737e-02    7.5598144531e-01
        38   -4.5088967743e+01    2.0342265895e+03   -7.9825119685e+01    3.4736151943e+01   -1.1481207775e+01   -5.1102678671e+01   -2.1169678703e+01    3.9284454632e+00   -1.1187039742e+01    8.1282061917e-02    5.1200000000e+02    1.2680294695e-02    7.5592041016e-01
        39   -4.5054290137e+01    2.0311273044e+03   -8.0082334268e+01    3.5028044130e+01   -1.1497623903e+01   -5.1102678671e+01   -2.1439965240e+01    3.9579335464e+00   -1.1178476432e+01    8.1282061917e-02    5.1200000000e+02    1.2756686958e-02    7.5366210938e-01
        40   -4.4991552552e+01    2.0254992034e+03   -7.9828500206e+01    3.4836947654e+01   -1.1531830747e+01   -5.1102678671e+01   -2.1084922563e+01    3.8909317756e+00   -1.1193358218e+01    8.1282061917e-02    5.1200000000e+02    1.2747889304e-02    7.5250244141e-01
        41   -4.5075757163e+01    2.0330925451e+03   -7.9922758981e+01    3.4847001818e+01   -1.1306620605e+01   -5.1102678671e+01   -2.1594352955e+01    4.0808932493e+00   -1.0982758092e+01    8.1282061917e-02    5.1200000000e+02    1.2777343875e-02    7.5939941406e-01
        42   -4.5161297862e+01    2.0409587461e+03   -7.9707043641e+01    3.4545745779e+01   -1.1359238488e+01   -5.1102678671e+01   -2.1522430853e+01    4.2773043707e+00   -1.1079524243e+01    8.1282061917e-02    5.1200000000e+02    1.2807402915e-02    7.5848388672e-01
        43   -4.5080506799e+01    2.0333192330e+03   -7.9837169591e+01    3.4756662792e+01   -1.1526255255e+01   -5.1102678671e+01   -2.0916040697e+01    3.7078050322e+00   -1.1233468348e+01    8.1282061917e-02    5.1200000000e+02    1.2809110059e-02    7.6391601562e-01
        44   -4.5096244613e+01    2.0348749985e+03   -7.9625553357e+01    3.4529308745e+01   -1.1361433425e+01   -5.1102678671e+01   -2.1077392800e+01    3.9159515394e+00   -1.1071042979e+01    8.1282061917e-02    5.1200000000e+02    1.2803303975e-02    7.5482177734e-01
        45   -4.5106696625e+01    2.0358247238e+03   -7.9377517518e+01    3.4270820893e+01   -1.1283596990e+01   -5.1102678671e+01   -2.1058731006e+01    4.0674891487e+00   -1.0974710611e+01    8.1282061917e-02    5.1200000000e+02    1.2777397595e-02    7.5354003906e-01
        46   -4.5040009885e+01    2.0305999641e+03   -7.9907370086e+01    3.4867360201e+01   -1.1355598647e+01   -5.1102678671e+01   -2.1390329487e+01    3.9412367201e+00   -1.1022864738e+01    8.1282061917e-02    5.1200000000e+02    1.2697946125e-02    7.5781250000e-01
        47   -4.5045195728e+01    2.0301454583e+03   -7.9768634853e+01    3.4723439125e+01   -1.1380083135e+01   -5.1102678671e+01   -2.1300374266e+01    4.0145012200e+00   -1.1066502912e+01    8.1282061917e-02    5.1200000000e+02    1.2751796174e-02    7.5671386719e-01
        48   -4.5156864726e+01    2.0412959971e+03   -7.9488803982e+01    3.4331939256e+01   -1.1382998653e+01   -5.1102678671e+01   -2.1225342964e+01    4.2222163071e+00   -1.1069648646e+01    8.1282061917e-02    5.1200000000e+02    1.2742694832e-02    7.5677490234e-01
        49   -4.5074481358e+01    2.0330902067e+03   -7.9614521852e+01    3.4540040495e+01   -1.1509744290e+01   -5.1102678671e+01   -2.0975403039e+01    3.9733041485e+00   -1.1212608902e+01    8.1282061917e-02    5.1200000000e+02    1.2650372836e-02    7.5476074219e-01
        50   -4.4974830242e+01    2.0239269605e+03   -7.9385173821e+01    3.4410343579e+01   -1.1422527663e+01   -5.1102678671e+01   -2.0962659772e+01    4.1026922846e+00   -1.1133757509e+01    8.1282061917e-02    5.1200000000e+02    1.2706403008e-02    7.5921630859e-01
        51   -4.5042133428e+01    2.0301041842e+03   -7.9658155026e+01    3.4616021597e+01   -1.1467636340e+01   -5.1102678671e+01   -2.0838478306e+01    3.7506382915e+00   -1.1166555878e+01    8.1282061917e-02    5.1200000000e+02    1.2750432280e-02    7.5671386719e-01
        52   -4.5119622517e+01    2.0367107900e+03   -7.9252457420e+01    3.4132834903e+01   -1.1559352502e+01   -5.1102678671e+01   -2.0515971483e+01    3.9255452360e+00   -1.1266636488e+01    8.1282061917e-02    5.1200000000e+02    1.2764737007e-02    7.5390625000e-01
        53   -4.5063199087e+01    2.0318746176e+03   -7.8906147312e+01    3.3842948225e+01   -1.1462684084e+01   -5.1102678671e+01   -2.0300012385e+01    3.9592278279e+00   -1.1165600560e+01    8.1282061917e-02    5.1200000000e+02    1.2733891714e-02    7.5311279297e-01
        54   -4.5142656743e+01    2.0389062615e+03   -7.9095326255e+01    3.3952669512e+01   -1.1492337603e+01   -5.1102678671e+01   -2.0467323971e+01    3.9670139905e+00   -1.1192447595e+01    8.1282061917e-02    5.1200000000e+02    1.2772076643e-02    7.5463867188e-01
        55   -4.5129932573e+01    2.0377169691e+03   -7.9015725646e+01    3.3885793073e+01   -1.1358382290e+01   -5.1102678671e+01   -2.0417173521e+01    3.8625088368e+00   -1.1051094850e+01    8.1282061917e-02    5.1200000000e+02    1.2716172690e-02    7.5323486328e-01
        56   -4.5005587417e+01    2.0265870619e+03   -7.9088866131e+01    3.4083278714e+01   -1.1353041308e+01   -5.1102678671e+01   -2.0538355996e+01    3.9052098440e+00   -1.1045639460e+01    8.1282061917e-02    5.1200000000e+02    1.2722353940e-02    7.5347900391e-01
        57   -4.5149149965e+01    2.0396297515e+03   -7.9348397049e+01    3.4199247085e+01   -1.1531896481e+01   -5.1102678671e+01   -2.1002875318e+01    4.2890534208e+00   -1.1236511429e+01    8.1282061917e-02    5.1200000000e+02    1.2713351021e-02    7.5616455078e-01
        58   -4.5005962171e+01    2.0266268114e+03   -7.9734664943e+01    3.4728702772e+01   -1.1462899882e+01   -5.1102678671e+01   -2.0873557935e+01    3.7044715444e+00   -1.1168371981e+01    8.1282061917e-02    5.1200000000e+02    1.2726756895e-02    7.5323486328e-01
        59   -4.5136041647e+01    2.0387088250e+03   -7.9220552485e+01    3.4084510838e+01   -1.1517435221e+01   -5.1102678671e+01   -2.0587188198e+01    3.9867496048e+00   -1.1228948009e+01    8.1282061917e-02    5.1200000000e+02    1.2744360647e-02    7.5659179688e-01
        60   -4.5122014809e+01    2.0372334977e+03   -7.9536442057e+01    3.4414427248e+01   -1.1525591950e+01   -5.1102678671e+01   -2.0698566255e+01    3.7903948195e+00   -1.1229212027e+01    8.1282061917e-02    5.1200000000e+02    1.2739201899e-02    7.5445556641e-01
        61   -4.5140249993e+01    2.0387948660e+03   -8.0053864508e+01    3.4913614515e+01   -1.1464429356e+01   -5.1102678671e+01   -2.1542603331e+01    4.0558468506e+00   -1.1181568472e+01    8.1282061917e-02    5.1200000000e+02    1.2750360659e-02    7.5476074219e-01
        62   -4.5099875848e+01    2.0352322200e+03   -8.0096512572e+01    3.4996636724e+01   -1.1310448289e+01   -5.1102678671e+01   -2.1283571324e+01    3.6001857120e+00   -1.1012499594e+01    8.1282061917e-02    5.1200000000e+02    1.2752603835e-02    7.5561523438e-01
        63   -4.5151415944e+01    2.0398555009e+03   -8.0271200540e+01    3.5119784596e+01   -1.1344073637e+01   -5.1102678671e+01   -2.1850248414e+01    4.0258001830e+00   -1.1062934367e+01    8.1282061917e-02    5.1200000000e+02    1.2724994001e-02    7.4829101562e-01
        64   -4.5069974294e+01    2.0328922644e+03   -7.9678465506e+01    3.4608491211e+01   -1.1411932445e+01   -5.1102678671e+01   -2.1203233374e+01    4.0393789851e+00   -1.1105870790e+01    8.1282061917e-02    5.1200000000e+02    1.2718774495e-02    7.5170898438e-01
        65   -4.4988277071e+01    2.0253174766e+03   -7.9967014355e+01    3.4978737283e+01   -1.1372909864e+01   -5.1102678671e+01   -2.1655644353e+01    4.1642185330e+00   -1.1033820113e+01    8.1282061917e-02    5.1200000000e+02    1.2789354648e-02    7.5183105469e-01
        66   -4.5009382409e+01    2.0272821783e+03   -8.0063693037e+01    3.5054310628e+01   -1.1561563101e+01   -5.1102678671e+01   -2.1339777888e+01    3.9403266231e+00   -1.1235175036e+01    8.1282061917e-02    5.1200000000e+02    1.2699458193e-02    7.5561523438e-01
        67   -4.5026293962e+01    2.0285209810e+03   -8.0069222253e+01    3.5042928291e+01   -1.1419639011e+01   -5.1102678671e+01   -2.1562811327e+01    4.0159067569e+00   -1.1110732077e+01    8.1282061917e-02    5.1200000000e+02    1.2702568220e-02    7.5280761719e-01
        68   -4.5046824428e+01    2.0305277933e+03   -8.0247906759e+01    3.5201082332e+01   -1.1573426591e+01   -5.1102678671e+01   -2.1579008027e+01    4.0072065308e+00   -1.1273706524e+01    8.1282061917e-02    5.1200000000e+02    1.2747640566e-02    7.5115966797e-01
        69   -4.5202717356e+01    2.0450653635e+03   -8.0049914537e+01    3.4847197181e+01   -1.1567999859e+01   -5.1102678671e+01   -2.1551076509e+01    4.1718405021e+00   -1.1293754419e+01    8.1282061917e-02    5.1200000000e+02    1.2741874075e-02    7.5836181641e-01
        70   -4.5031905411e+01    2.0290070494e+03   -7.9743784042e+01    3.4711878631e+01   -1.1355525803e+01   -5.1102678671e+01   -2.1433006884e+01    4.1474273164e+00   -1.1041683916e+01    8.1282061917e-02    5.1200000000e+02    1.2777639104e-02    7.5482177734e-01
        71   -4.5129736415e+01    2.0379021932e+03   -8.0520024132e+01    3.5390287717e+01   -1.1498708152e+01   -5.1102678671e+01   -2.1926571926e+01    4.0079346174e+00   -1.1206740857e+01    8.1282061917e-02    5.1200000000e+02    1.2781799536e-02    7.5463867188e-01
        72   -4.5028785988e+01    2.0287757158e+03   -7.9814136638e+01    3.4785350651e+01   -1.1306524770e+01   -5.1102678671e+01   -2.1621890188e+01    4.2169569903e+00   -1.0988732983e+01    8.1282061917e-02    5.1200000000e+02    1.2762158713e-02    7.5732421875e-01
        73   -4.5106317807e+01    2.0357129509e+03   -7.9481755013e+01    3.4375437205e+01   -1.1600784159e+01   -5.1102678671e+01   -2.0969096525e+01    4.1908043431e+00   -1.1319603495e+01    8.1282061917e-02    5.1200000000e+02    1.2790565759e-02    7.5134277344e-01
        74   -4.5083152369e+01    2.0339322180e+03   -7.9594445159e+01    3.4511292790e+01   -1.1429954413e+01   -5.1102678671e+01   -2.1063250281e+01    4.0014382059e+00   -1.1139278768e+01    8.1282061917e-02    5.1200000000e+02    1.2745069260e-02    7.5500488281e-01
        75   -4.5060477242e+01    2.0317723691e+03   -7.9248439611e+01    3.4187962369e+01   -1.1374191645e+01   -5.1102678671e+01   -2.0826089615e+01    4.0545203201e+00   -1.1059432663e+01    8.1282061917e-02    5.1200000000e+02    1.2736474138e-02    7.5830078125e-01
        76   -4.5107867345e+01    2.0358052348e+03   -7.9781123918e+01    3.4673256573e+01   -1.1477845465e+01   -5.1102678671e+01   -2.1254180441e+01    4.0535806590e+00   -1.1163852003e+01    8.1282061917e-02    5.1200000000e+02    1.2758419456e-02    7.5634765625e-01
        77   -4.5092222213e+01    2.0344756988e+03   -8.0471929465e+01    3.5379707252e+01   -1.1477682979e+01   -5.1102678671e+01   -2.1868848703e+01    3.9772808886e+00   -1.1174270052e+01    8.1282061917e-02    5.1200000000e+02    1.2729942415e-02    7.5329589844e-01
        78   -4.5050286859e+01    2.0307158733e+03   -8.0151684592e+01    3.5101397733e+01   -1.1353538419e+01   -5.1102678671e+01   -2.1195945839e+01    3.5004783370e+00   -1.1050008506e+01    8.1282061917e-02    5.1200000000e+02    1.2760582241e-02    7.5646972656e-01
        79   -4.5010602359e+01    2.0272762427e+03   -7.9759341784e+01    3.4748739425e+01   -1.1491324248e+01   -5.1102678671e+01   -2.1278531757e+01    4.1131928924e+00   -1.1181387707e+01    8.1282061917e-02    5.1200000000e+02    1.2768307612e-02    7.5555419922e-01
        80   -4.4993419128e+01    2.0255052543e+03   -7.9835091255e+01    3.4841672128e+01   -1.1527115113e+01   -5.1102678671e+01   -2.0910155023e+01    3.7048575519e+00   -1.1227567877e+01    8.1282061917e-02    5.1200000000e+02    1.2698767239e-02    7.5390625000e-01
        81   -4.5108646964e+01    2.0359100831e+03   -7.9665416939e+01    3.4556769975e+01   -1.1330351866e+01   -5.1102678671e+01   -2.1343965138e+01    4.1115787354e+00   -1.1028569508e+01    8.1282061917e-02    5.1200000000e+02    1.2762094890e-02    7.5805664062e-01
        82   -4.5091444337e+01    2.0344540614e+03   -8.0258703340e+01    3.5167259004e+01   -1.1436727316e+01   -5.1102678671e+01   -2.1470888394e+01    3.7515910403e+00   -1.1137151278e+01    8.1282061917e-02    5.1200000000e+02    1.2732214448e-02    7.5097656250e-01
        83   -4.5021601466e+01    2.0282221444e+03   -7.9968853663e+01    3.4947252197e+01   -1.1526728149e+01   -5.1102678671e+01   -2.0834368697e+01    3.4949218548e+00   -1.1211075980e+01    8.1282061917e-02    5.1200000000e+02    1.2691887964e-02    7.5469970703e-01
        84   -4.5163111563e+01    2.0409918142e+03   -8.0012861050e+01    3.4849749487e+01   -1.1471479598e+01   -5.1102678671e+01   -2.1365277058e+01    3.9265742770e+00   -1.1163381386e+01    8.1282061917e-02    5.1200000000e+02    1.2779470366e-02    7.4859619141e-01
        85   -4.5106563970e+01    2.0357995876e+03   -8.0138421275e+01    3.5031857304e+01   -1.1424821179e+01   -5.1102678671e+01   -2.1707952616e+01    4.0970311912e+00   -1.1123850015e+01    8.1282061917e-02    5.1200000000e+02    1.2758798135e-02    7.5640869141e-01
        86   -4.5140001895e+01    2.0389098678e+03   -8.0089427353e+01    3.4949425458e+01   -1.1367280591e+01   -5.1102678671e+01   -2.1508158660e+01    3.8886905691e+00   -1.1079923482e+01    8.1282061917e-02    5.1200000000e+02    1.2715032993e-02    7.5500488281e-01
        87   -4.5015266804e+01    2.0275240137e+03   -7.9868856522e+01    3.4853589718e+01   -1.1599143792e+01   -5.1102678671e+01   -2.1016122060e+01    3.8490880017e+00   -1.1295134282e+01    8.1282061917e-02    5.1200000000e+02    1.2708367876e-02    7.5067138672e-01
        88   -4.5050516480e+01    2.0308405739e+03   -7.9876524049e+01    3.4826007569e+01   -1.1650799043e+01   -5.1102678671e+01   -2.1239432814e+01    4.1163864803e+00   -1.1370308422e+01    8.1282061917e-02    5.1200000000e+02    1.2684303206e-02    7.5878906250e-01
        89   -4.4997962569e+01    2.0260086384e+03   -7.9788167558e+01    3.4790204990e+01   -1.1665453453e+01   -5.1102678671e+01   -2.0860871146e+01    3.8408357113e+00   -1.1375236062e+01    8.1282061917e-02    5.1200000000e+02    1.2652341606e-02    7.5140380859e-01
        90   -4.5020869778e+01    2.0279734365e+03   -7.9702205533e+01    3.4681335755e+01   -1.1432487355e+01   -5.1102678671e+01   -2.0866616040e+01    3.6995765328e+00   -1.1129386838e+01    8.1282061917e-02    5.1200000000e+02    1.2739176812e-02    7.5573730469e-01
        91   -4.5025888002e+01    2.0285657850e+03   -8.0252100091e+01    3.5226212089e+01   -1.1542003969e+01   -5.1102678671e+01   -2.1553830315e+01    3.9464128641e+00   -1.1234800165e+01    8.1282061917e-02    5.1200000000e+02    1.2723270500e-02    7.6214599609e-01
        92   -4.5030426483e+01    2.0288976460e+03   -8.0248774444e+01    3.5218347961e+01   -1.1501534100e+01   -5.1102678671e+01   -2.1578577476e+01    3.9340158027e+00   -1.1195918338e+01    8.1282061917e-02    5.1200000000e+02    1.2716277393e-02    7.5024414062e-01
        93   -4.5004321939e+01    2.0266366286e+03   -7.9951292550e+01    3.4946970611e+01   -1.1378326834e+01   -5.1102678671e+01   -2.1212649236e+01    3.7423621911e+00   -1.1072011343e+01    8.1282061917e-02    5.1200000000e+02    1.2777047805e-02    7.5561523438e-01
        94   -4.5100926770e+01    2.0353061323e+03   -7.9942020337e+01    3.4841093567e+01   -1.1428401234e+01   -5.1102678671e+01   -2.1123961568e+01    3.7130211368e+00   -1.1128277375e+01    8.1282061917e-02    5.1200000000e+02    1.2775483264e-02    7.5445556641e-01
        95   -4.5113604955e+01    2.0365565250e+03   -8.0098005059e+01    3.4984400104e+01   -1.1558699748e+01   -5.1102678671e+01   -2.0968960423e+01    3.5323337833e+00   -1.1251720586e+01    8.1282061917e-02    5.1200000000e+02    1.2710952075e-02    7.5274658203e-01
        96   -4.5083603910e+01    2.0345566276e+03   -7.9610765456e+01    3.4527161546e+01   -1.1501575305e+01   -5.1102678671e+01   -2.1133975335e+01    4.1274638552e+00   -1.1198863440e+01    8.1282061917e-02    5.1200000000e+02    1.2769966040e-02    7.6074218750e-01
        97   -4.5039077110e+01    2.0296387832e+03   -8.0137007485e+01    3.5097930375e+01   -1.1367440941e+01   -5.1102678671e+01   -2.1658275967e+01    3.9913880937e+00   -1.1057780320e+01    8.1282061917e-02    5.1200000000e+02    1.2761251506e-02    7.5439453125e-01
        98   -4.5120526015e+01    2.0370639235e+03   -8.0256627165e+01    3.5136101151e+01   -1.1464832647e+01   -5.1102678671e+01   -2.1421903417e+01    3.7327875700e+00   -1.1178342520e+01    8.1282061917e-02    5.1200000000e+02    1.2740246157e-02    7.5512695312e-01
        99   -4.5119101779e+01    2.0369050451e+03   -8.0011437050e+01    3.4892335271e+01   -1.1578627943e+01   -5.1102678671e+01   -2.1118023944e+01    3.7878935087e+00   -1.1309027631e+01    8.1282061917e-02    5.1200000000e+02    1.2687023794e-02    7.6568603516e-01
       100   -4.5046704457e+01    2.0304471534e+03   -8.0040855467e+01    3.4994151009e+01   -1.1305852261e+01   -5.1102678671e+01   -2.1321512575e+01    3.6891880403e+00   -1.1000418384e+01    8.1282061917e-02    5.1200000000e+02    1.2716365884e-02    7.5549316406e-01
       101   -4.5026561262e+01    2.0284851571e+03   -8.0089696517e+01    3.5063135255e+01   -1.1322902513e+01   -5.1102678671e+01   -2.1358911239e+01    3.6947959061e+00   -1.1034477157e+01    8.1282061917e-02    5.1200000000e+02    1.2729904111e-02    7.5079345703e-01
       102   -4.5055914383e+01    2.0312552751e+03   -8.0140374237e+01    3.5084459854e+01   -1.1368394516e+01   -5.1102678671e+01   -2.1915164723e+01    4.2458636731e+00   -1.1056144705e+01    8.1282061917e-02    5.1200000000e+02    1.2758006150e-02    7.5073242188e-01
       103   -4.5005531245e+01    2.0267892538e+03   -8.0176679504e+01    3.5171148259e+01   -1.1427544562e+01   -5.1102678671e+01   -2.1348414784e+01    3.7019585130e+00   -1.1104062779e+01    8.1282061917e-02    5.1200000000e+02    1.2698937795e-02    7.5103759766e-01
       104   -4.5068138835e+01    2.0324158279e+03   -8.0041461997e+01    3.4973323162e+01   -1.1462291801e+01   -5.1102678671e+01   -2.1483432585e+01    4.0069410595e+00   -1.1137329825e+01    8.1282061917e-02    5.1200000000e+02    1.2708843652e-02    7.4902343750e-01
       105   -4.5080168530e+01    2.0336970381e+03   -7.9844610030e+01    3.4764441500e+01   -1.1288552755e+01   -5.1102678671e+01   -2.1324986501e+01    3.8716078980e+00   -1.0968339456e+01    8.1282061917e-02    5.1200000000e+02    1.2768946250e-02    7.5384521484e-01
       106   -4.5091040447e+01    2.0344395696e+03   -8.0116413007e+01    3.5025372560e+01   -1.1320030706e+01   -5.1102678671e+01   -2.1864964666e+01    4.1712610363e+00   -1.1009997433e+01    8.1282061917e-02    5.1200000000e+02    1.2772967322e-02    7.5683593750e-01
       107   -4.5019128525e+01    2.0280692922e+03   -7.9614469998e+01    3.4595341473e+01   -1.1415177040e+01   -5.1102678671e+01   -2.0782846792e+01    3.6862325049e+00   -1.1138745871e+01    8.1282061917e-02    5.1200000000e+02    1.2744924370e-02    7.5878906250e-01
       108   -4.5056508675e+01    2.0315980030e+03   -7.9581682506e+01    3.4525173831e+01   -1.1360752939e+01   -5.1102678671e+01   -2.0638907663e+01    3.5206567670e+00   -1.1077658575e+01    8.1282061917e-02    5.1200000000e+02    1.2736503875e-02    7.5738525391e-01
       109   -4.5078987669e+01    2.0333540580e+03   -7.9893068041e+01    3.4814080371e+01   -1.1109421796e+01   -5.1102678671e+01   -2.1992291644e+01    4.3113240701e+00   -1.0783739502e+01    8.1282061917e-02    5.1200000000e+02    1.2757519448e-02    7.5402832031e-01
       110   -4.5041520876e+01    2.0299173455e+03   -8.0227735321e+01    3.5186214445e+01   -1.1279775692e+01   -5.1102678671e+01   -2.1484679675e+01    3.6393987164e+00   -1.0971166486e+01    8.1282061917e-02    5.1200000000e+02    1.2795190444e-02    7.5616455078e-01
       111   -4.5043846657e+01    2.0300498483e+03   -7.9759630745e+01    3.4715784087e+01   -1.1399234025e+01   -5.1102678671e+01   -2.1075175844e+01    3.8174577951e+00   -1.1091311905e+01    8.1282061917e-02    5.1200000000e+02    1.2711839138e-02    7.6171875000e-01
       112   -4.5072472375e+01    2.0327767223e+03   -7.9844291926e+01    3.4771819551e+01   -1.1537947058e+01   -5.1102678671e+01   -2.1049540543e+01    3.8458743457e+00   -1.1226906936e+01    8.1282061917e-02    5.1200000000e+02    1.2764874729e-02    7.5067138672e-01
       113   -4.5108766935e+01    2.0359239524e+03   -8.0180120261e+01    3.5071353326e+01   -1.1563418727e+01   -5.1102678671e+01   -2.1122027330e+01    3.6080044677e+00   -1.1249237171e+01    8.1282061917e-02    5.1200000000e+02    1.2740028115e-02    7.5732421875e-01
       114   -4.5069797003e+01    2.0324344441e+03   -7.9572717564e+01    3.4502920560e+01   -1.1538713431e+01   -5.1102678671e+01   -2.1285809582e+01    4.3544841209e+00   -1.1230604231e+01    8.1282061917e-02    5.1200000000e+02    1.2712952595e-02    7.5402832031e-01
       115   -4.5148842164e+01    2.0397421020e+03   -7.9338840037e+01    3.4189997873e+01   -1.1544174065e+01   -5.1102678671e+01   -2.0624593539e+01    3.9326062391e+00   -1.1246612726e+01    8.1282061917e-02    5.1200000000e+02    1.2693264980e-02    7.5262451172e-01
       116   -4.5076404129e+01    2.0331523567e+03   -7.9708538035e+01    3.4632133907e+01   -1.1475792459e+01   -5.1102678671e+01   -2.0873708656e+01    3.7436417509e+00   -1.1169419443e+01    8.1282061917e-02    5.1200000000e+02    1.2714540786e-02    7.5439453125e-01
       117   -4.5048683319e+01    2.0307457722e+03   -7.9961581195e+01    3.4912897876e+01   -1.1530237399e+01   -5.1102678671e+01   -2.1647983183e+01    4.3193180577e+00   -1.1215504233e+01    8.1282061917e-02    5.1200000000e+02    1.2712871780e-02    7.4920654297e-01
       118   -4.5035688654e+01    2.0294416282e+03   -7.9990355052e+01    3.4954666397e+01   -1.1476340923e+01   -5.1102678671e+01   -2.1449520362e+01    4.0381849043e+00   -1.1174100985e+01    8.1282061917e-02    5.1200000000e+02    1.2749068501e-02    7.5103759766e-01
       119   -4.5072418989e+01    2.0326868159e+03   -7.9426123203e+01    3.4353704214e+01   -1.1443460813e+01   -5.1102678671e+01   -2.0944602875e+01    4.0646191560e+00   -1.1134738543e+01    8.1282061917e-02    5.1200000000e+02    1.2681537903e-02    7.4530029297e-01
       120   -4.4969008511e+01    2.0235708992e+03   -7.9114082513e+01    3.4145074002e+01   -1.1398668629e+01   -5.1102678671e+01   -2.0393635158e+01    3.7808999451e+00   -1.1085382292e+01    8.1282061917e-02    5.1200000000e+02    1.2752592473e-02    7.5402832031e-01
       121   -4.5093281767e+01    2.0345590366e+03   -7.9776155322e+01    3.4682873555e+01   -1.1523784069e+01   -5.1102678671e+01   -2.1036953486e+01    3.8872609051e+00   -1.1207911088e+01    8.1282061917e-02    5.1200000000e+02    1.2710641987e-02    7.5292968750e-01
       122   -4.5045590534e+01    2.0302977827e+03   -7.9489008314e+01    3.4443417780e+01   -1.1390678580e+01   -5.1102678671e+01   -2.0917365431e+01    3.9217143677e+00   -1.1072789071e+01    8.1282061917e-02    5.1200000000e+02    1.2732215706e-02    7.5488281250e-01
       123   -4.5091587360e+01    2.0344339496e+03   -7.9394468026e+01    3.4302880665e+01   -1.1400997576e+01   -5.1102678671e+01   -2.0957740149e+01    4.0669483708e+00   -1.1097239885e+01    8.1282061917e-02    5.1200000000e+02    1.2670915303e-02    7.5506591797e-01
       124   -4.5058239806e+01    2.0315509558e+03   -7.9426254012e+01    3.4368014205e+01   -1.1537913514e+01   -5.1102678671e+01   -2.0837483881e+01    4.0518220551e+00   -1.1232598004e+01    8.1282061917e-02    5.1200000000e+02    1.2720324468e-02    7.5231933594e-01
       125   -4.5057515711e+01    2.0312265196e+03   -7.9786203606e+01    3.4728687895e+01   -1.1370908050e+01   -5.1102678671e+01   -2.1306853857e+01    3.9942369731e+00   -1.1090166675e+01    8.1282061917e-02    5.1200000000e+02    1.2761029905e-02    7.4993896484e-01
       126   -4.5084545405e+01    2.0338623467e+03   -7.9686272880e+01    3.4601727476e+01   -1.1376707465e+01   -5.1102678671e+01   -2.1268098586e+01    4.0612118416e+00   -1.1071789647e+01    8.1282061917e-02    5.1200000000e+02    1.2743802864e-02    7.5225830078e-01
       127   -4.5076349916e+01    2.0331016793e+03   -7.9976710932e+01    3.4900361017e+01   -1.1354435083e+01   -5.1102678671e+01   -2.1800476005e+01    4.2808788266e+00   -1.1054093979e+01    8.1282061917e-02    5.1200000000e+02    1.2782510649e-02    7.5250244141e-01
       128   -4.5058833923e+01    2.0313577328e+03   -8.0200320865e+01    3.5141486943e+01   -1.1241133293e+01   -5.1102678671e+01   -2.1874090326e+01    4.0175814246e+00   -1.0912895058e+01    8.1282061917e-02    5.1200000000e+02    1.2733888140e-02    7.5549316406e-01
       129   -4.5174112585e+01    2.0418251177e+03   -7.9755712467e+01    3.4581599882e+01   -1.1189928923e+01   -5.1102678671e+01   -2.1601041577e+01    4.1379367043e+00   -1.0872856754e+01    8.1282061917e-02    5.1200000000e+02    1.2770882795e-02    7.4609375000e-01
       130   -4.5051037704e+01    2.0306817794e+03   -8.0047943441e+01    3.4996905737e+01   -1.1448306824e+01   -5.1102678671e+01   -2.1616331617e+01    4.1193736703e+00   -1.1116548916e+01    8.1282061917e-02    5.1200000000e+02    1.2722373052e-02    7.5671386719e-01
       131   -4.5105138716e+01    2.0356308211e+03   -7.9897893841e+01    3.4792755125e+01   -1.1421017561e+01   -5.1102678671e+01   -2.1585757922e+01    4.2115603127e+00   -1.1099934114e+01    8.1282061917e-02    5.1200000000e+02    1.2753613745e-02    7.5640869141e-01
       132   -4.5057846864e+01    2.0313946563e+03   -8.0035639193e+01    3.4977792329e+01   -1.1451257023e+01   -5.1102678671e+01   -2.0945648786e+01    3.4639452868e+00   -1.1128285322e+01    8.1282061917e-02    5.1200000000e+02    1.2721755571e-02    7.5402832031e-01
       133   -4.5039683264e+01    2.0295782921e+03   -7.9664655456e+01    3.4624972192e+01   -1.1569056540e+01   -5.1102678671e+01   -2.0646280635e+01    3.6533603898e+00   -1.1256037574e+01    8.1282061917e-02    5.1200000000e+02    1.2722225271e-02    7.5799560547e-01
       134   -4.5084007773e+01    2.0336228353e+03   -7.9246841728e+01    3.4162833955e+01   -1.1406918233e+01   -5.1102678671e+01   -2.0815831324e+01    4.0785864999e+00   -1.1088383125e+01    8.1282061917e-02    5.1200000000e+02    1.2732794609e-02    7.5189208984e-01
       135   -4.5093058350e+01    2.0347942034e+03   -7.9144123988e+01    3.4051065638e+01   -1.1487556770e+01   -5.1102678671e+01   -2.0644851719e+01    4.0909631720e+00   -1.1205164592e+01    8.1282061917e-02    5.1200000000e+02    1.2725333440e-02    7.5604248047e-01
       136   -4.5134645191e+01    2.0385422322e+03   -7.9810212958e+01    3.4675567767e+01   -1.1336734359e+01   -5.1102678671e+01   -2.1391129527e+01    4.0203295991e+00   -1.1015493873e+01    8.1282061917e-02    5.1200000000e+02    1.2756350496e-02    7.5622558594e-01
       137   -4.5141743297e+01    2.0389824386e+03   -7.9503124428e+01    3.4361381131e+01   -1.1450180900e+01   -5.1102678671e+01   -2.0989759077e+01    4.0394942201e+00   -1.1142109370e+01    8.1282061917e-02    5.1200000000e+02    1.2744004631e-02    7.5726318359e-01
       138   -4.5087542640e+01    2.0342779290e+03   -7.9464590782e+01    3.4377048142e+01   -1.1331898205e+01   -5.1102678671e+01   -2.0677406746e+01    3.6473928398e+00   -1.1015128613e+01    8.1282061917e-02    5.1200000000e+02    1.2718180994e-02    7.5244140625e-01
       139   -4.5056676618e+01    2.0312832267e+03   -7.9738950830e+01    3.4682274212e+01   -1.1426224192e+01   -5.1102678671e+01   -2.1329385418e+01    4.1193374506e+00   -1.1122752299e+01    8.1282061917e-02    5.1200000000e+02    1.2736043582e-02    7.5915527344e-01
       140   -4.5088659740e+01    2.0342637739e+03   -7.9924827624e+01    3.4836167884e+01   -1.1439530966e+01   -5.1102678671e+01   -2.1297585276e+01    3.9149672894e+00   -1.1132813345e+01    8.1282061917e-02    5.1200000000e+02    1.2805111665e-02    7.5079345703e-01
       141   -4.5137169255e+01    2.0392285397e+03   -7.9353196852e+01    3.4216027596e+01   -1.1457595960e+01   -5.1102678671e+01   -2.0726064177e+01    3.9331419566e+00   -1.1151821280e+01    8.1282061917e-02    5.1200000000e+02    1.2712265061e-02    7.5683593750e-01
       142   -4.5067476064e+01    2.0322241010e+03   -7.9899504185e+01    3.4832028121e+01   -1.1532114627e+01   -5.1102678671e+01   -2.0810229661e+01    3.5455187750e+00   -1.1218696642e+01    8.1282061917e-02    5.1200000000e+02    1.2700504543e-02    7.5189208984e-01
       143   -4.5004069690e+01    2.0264149216e+03   -7.9601974270e+01    3.4597904580e+01   -1.1363032888e+01   -5.1102678671e+01   -2.1030590423e+01    3.8943277118e+00   -1.1051979395e+01    8.1282061917e-02    5.1200000000e+02    1.2772235798e-02    7.5549316406e-01
       144   -4.5089856780e+01    2.0344493992e+03   -7.9390339892e+01    3.4300483112e+01   -1.1614122337e+01   -5.1102678671e+01   -2.0953781059e+01    4.2802421750e+00   -1.1317462186e+01    8.1282061917e-02    5.1200000000e+02    1.2735882000e-02    7.5811767578e-01
       145   -4.5016981388e+01    2.0277463540e+03   -7.9676469666e+01    3.4659488279e+01   -1.1567397826e+01   -5.1102678671e+01   -2.0928023171e+01    3.9216300024e+00   -1.1266835624e+01    8.1282061917e-02    5.1200000000e+02    1.2729978440e-02    7.5799560547e-01
       146   -4.5027225971e+01    2.0287140434e+03   -7.9595265706e+01    3.4568039735e+01   -1.1525801831e+01   -5.1102678671e+01   -2.1092694814e+01    4.1259096099e+00   -1.1226393990e+01    8.1282061917e-02    5.1200000000e+02    1.2665013147e-02    7.5750732422e-01
       147   -4.5049562850e+01    2.0307795814e+03   -7.9606866195e+01    3.4557303346e+01   -1.1596292336e+01   -5.1102678671e+01   -2.0409507063e+01    3.5016118740e+00   -1.1274041513e+01    8.1282061917e-02    5.1200000000e+02    1.2667540132e-02    7.5000000000e-01
       148   -4.4950729258e+01    2.0217397483e+03   -7.9347180951e+01    3.4396451693e+01   -1.1319302827e+01   -5.1102678671e+01   -2.0316553357e+01    3.3913539040e+00   -1.0989492961e+01    8.1282061917e-02    5.1200000000e+02    1.2751566721e-02    7.5299072266e-01
       149   -4.5028309124e+01    2.0287696747e+03   -7.9149535331e+01    3.4121226207e+01   -1.1514121481e+01   -5.1102678671e+01   -2.0344983768e+01    3.8122485896e+00   -1.1213976208e+01    8.1282061917e-02    5.1200000000e+02    1.2705788691e-02    7.5665283203e-01
       150   -4.5062837836e+01    2.0318853624e+03   -7.9677783027e+01    3.4614945191e+01   -1.1447575235e+01   -5.1102678671e+01   -2.1041761811e+01    3.9142326898e+00   -1.1149690858e+01    8.1282061917e-02    5.1200000000e+02    1.2654323926e-02    7.5225830078e-01
       151   -4.5080020656e+01    2.0335850704e+03   -8.0007329305e+01    3.4927308649e+01   -1.1479891042e+01   -5.1102678671e+01   -2.1625602979e+01    4.2008433865e+00   -1.1173778967e+01    8.1282061917e-02    5.1200000000e+02    1.2707287041e-02    7.6049804688e-01
       152   -4.5071331204e+01    2.0327393874e+03   -7.9413891320e+01    3.4342560116e+01   -1.1337086993e+01   -5.1102678671e+01   -2.1051573456e+01    4.0774478008e+00   -1.1022542737e+01    8.1282061917e-02    5.1200000000e+02    1.2687185022e-02    7.5524902344e-01
       153   -4.5071222604e+01    2.0326934337e+03   -8.0155727775e+01    3.5084505171e+01   -1.1420606801e+01   -5.1102678671e+01   -2.1584921093e+01    3.9524787899e+00   -1.1103526180e+01    8.1282061917e-02    5.1200000000e+02    1.2674973547e-02    7.5634765625e-01
       154   -4.5170342283e+01    2.0418521468e+03   -8.0394069713e+01    3.5223727430e+01   -1.1265645801e+01   -5.1102678671e+01   -2.2081624784e+01    4.0558795433e+00   -1.0972662591e+01    8.1282061917e-02    5.1200000000e+02    1.2711896301e-02    7.5830078125e-01
       155   -4.5189174995e+01    2.0434063681e+03   -8.0017021437e+01    3.4827846442e+01   -1.1370429736e+01   -5.1102678671e+01   -2.1731449631e+01    4.1875366015e+00   -1.1068205915e+01    8.1282061917e-02    5.1200000000e+02    1.2740906038e-02    7.5421142578e-01
       156   -4.5133975594e+01    2.0382430349e+03   -7.9834228105e+01    3.4700252511e+01   -1.1625786776e+01   -5.1102678671e+01   -2.1157239377e+01    4.0514767182e+00   -1.1338065234e+01    8.1282061917e-02    5.1200000000e+02    1.2713075269e-02    7.4896240234e-01
       157   -4.5103577294e+01    2.0353563469e+03   -7.9836201363e+01    3.4732624068e+01   -1.1474107925e+01   -5.1102678671e+01   -2.1473860028e+01    4.2144452613e+00   -1.1182346345e+01    8.1282061917e-02    5.1200000000e+02    1.2742652722e-02    7.5946044922e-01
       158   -4.5016581887e+01    2.0277913370e+03   -7.9780457796e+01    3.4763875908e+01   -1.1431325079e+01   -5.1102678671e+01   -2.1281980700e+01    4.0355266543e+00   -1.1125683354e+01    8.1282061917e-02    5.1200000000e+02    1.2740689172e-02    7.5317382812e-01
       159   -4.5132317101e+01    2.0382344969e+03   -7.9905790146e+01    3.4773473045e+01   -1.1409420145e+01   -5.1102678671e+01   -2.1108506542e+01    3.7148152118e+00   -1.1107902055e+01    8.1282061917e-02    5.1200000000e+02    1.2823590125e-02    7.5335693359e-01
       160   -4.5080024436e+01    2.0333315443e+03   -7.9678144791e+01    3.4598120355e+01   -1.1523436756e+01   -5.1102678671e+01   -2.0613244220e+01    3.5612148559e+00   -1.1209308484e+01    8.1282061917e-02    5.1200000000e+02    1.2750865288e-02    7.5622558594e-01
       161   -4.5056886787e+01    2.0312687749e+03   -8.0147427783e+01    3.5090540996e+01   -1.1542513073e+01   -5.1102678671e+01   -2.0963067200e+01    3.4608311608e+00   -1.1237391479e+01    8.1282061917e-02    5.1200000000e+02    1.2716644424e-02    7.5476074219e-01
       162   -4.5043598558e+01    2.0302548044e+03   -7.9743807174e+01    3.4700208617e+01   -1.1580785101e+01   -5.1102678671e+01   -2.0588954893e+01    3.5286114901e+00   -1.1281362314e+01    8.1282061917e-02    5.1200000000e+02    1.2705015374e-02    7.5585937500e-01
       163   -4.4978262118e+01    2.0243128148e+03   -7.9952715269e+01    3.4974453151e+01   -1.1404779671e+01   -5.1102678671e+01   -2.1363990773e+01    3.9187338465e+00   -1.1082361105e+01    8.1282061917e-02    5.1200000000e+02    1.2668513625e-02    7.5646972656e-01
       164   -4.4939572330e+01    2.0229363885e+03   -7.9233190846e+01    3.4293618516e+01   -1.1590114390e+01   -5.1102678671e+01   -2.0548022554e+01    4.0076247692e+00   -1.1285224900e+01    8.1282061917e-02    5.1200000000e+02    1.2661879102e-02    7.5231933594e-01
       165   -4.5017110138e+01    2.0276931921e+03   -8.0426840011e+01    3.5409729873e+01   -1.1471156728e+01   -5.1102678671e+01   -2.1416868571e+01    3.5638639584e+00   -1.1154536168e+01    8.1282061917e-02    5.1200000000e+02    1.2738220046e-02    7.5183105469e-01
       166   -4.5058994759e+01    2.0315906801e+03   -8.0443287958e+01    3.5384293199e+01   -1.1371100026e+01   -5.1102678671e+01   -2.2025365740e+01    4.0558564794e+00   -1.1042817289e+01    8.1282061917e-02    5.1200000000e+02    1.2785299849e-02    7.5872802734e-01
       167   -4.5063397555e+01    2.0318211862e+03   -8.0632542741e+01    3.5569145186e+01   -1.1268323649e+01   -5.1102678671e+01   -2.1972876894e+01    3.7113364735e+00   -1.0923204209e+01    8.1282061917e-02    5.1200000000e+02    1.2785343914e-02    7.4963378906e-01
       168   -4.5035219521e+01    2.0295670555e+03   -8.0053990904e+01    3.5018771384e+01   -1.1261419573e+01   -5.1102678671e+01   -2.1390133318e+01    3.7002406575e+00   -1.0919232939e+01    8.1282061917e-02    5.1200000000e+02    1.2727587329e-02    7.5354003906e-01
       169   -4.5016644984e+01    2.0275958221e+03   -7.9788377449e+01    3.4771732465e+01   -1.1206899439e+01   -5.1102678671e+01   -2.1298920621e+01    3.8201212822e+00   -1.0874212918e+01    8.1282061917e-02    5.1200000000e+02    1.2734941331e-02    7.5488281250e-01
       170   -4.4985698090e+01    2.0251287819e+03   -8.0007036012e+01    3.5021337922e+01   -1.1425792576e+01   -5.1102678671e+01   -2.1185738116e+01    3.7071733509e+00   -1.1106437371e+01    8.1282061917e-02    5.1200000000e+02    1.2793006628e-02    7.4884033203e-01
       171   -4.5053490998e+01    2.0308853606e+03   -8.0051664205e+01    3.4998173207e+01   -1.1445966260e+01   -5.1102678671e+01   -2.1172501317e+01    3.6694820428e+00   -1.1136048938e+01    8.1282061917e-02    5.1200000000e+02    1.2724244153e-02    7.5103759766e-01
       172   -4.5094462455e+01    2.0346641431e+03   -7.9697145876e+01    3.4602683421e+01   -1.1367098590e+01   -5.1102678671e+01   -2.1082911756e+01    3.8555431417e+00   -1.1046517203e+01    8.1282061917e-02    5.1200000000e+02    1.2763405693e-02    7.5091552734e-01
       173   -4.5092874992e+01    2.0345990064e+03   -7.9082260547e+01    3.3989385554e+01   -1.1534746752e+01   -5.1102678671e+01   -2.0390780549e+01    3.9459454262e+00   -1.1221398641e+01    8.1282061917e-02    5.1200000000e+02    1.2774800273e-02    7.5860595703e-01
       174   -4.5012728985e+01    2.0273069387e+03   -7.9466286746e+01    3.4453557760e+01   -1.1561071356e+01   -5.1102678671e+01   -2.0638434291e+01    3.8358975732e+00   -1.1262206955e+01    8.1282061917e-02    5.1200000000e+02    1.2751907136e-02    7.4792480469e-01
       175   -4.5093301195e+01    2.0346007913e+03   -7.9423702455e+01    3.4330401260e+01   -1.1611082155e+01   -5.1102678671e+01   -2.0429103659e+01    3.7191620303e+00   -1.1299790028e+01    8.1282061917e-02    5.1200000000e+02    1.2709148850e-02    7.5115966797e-01
       176   -4.5078640869e+01    2.0333170509e+03   -7.9237962173e+01    3.4159321304e+01   -1.1441955944e+01   -5.1102678671e+01   -2.0367176283e+01    3.6738487257e+00   -1.1131291229e+01    8.1282061917e-02    5.1200000000e+02    1.2714629331e-02    7.5579833984e-01
       177   -4.5133822801e+01    2.0382638107e+03   -7.9851870352e+01    3.4718047551e+01   -1.1450745059e+01   -5.1102678671e+01   -2.1148226992e+01    3.8497803701e+00   -1.1148995546e+01    8.1282061917e-02    5.1200000000e+02    1.2699501465e-02    7.6153564453e-01
       178   -4.5073179562e+01    2.0331561570e+03   -7.9958662558e+01    3.4885482997e+01   -1.1539830279e+01   -5.1102678671e+01   -2.1410826788e+01    4.0946731794e+00   -1.1235497840e+01    8.1282061917e-02    5.1200000000e+02    1.2751069453e-02    7.5195312500e-01
       179   -4.5097248896e+01    2.0351749368e+03   -8.0049800403e+01    3.4952551507e+01   -1.1342329317e+01   -5.1102678671e+01   -2.1672943098e+01    4.0681506832e+00   -1.1027068034e+01    8.1282061917e-02    5.1200000000e+02    1.2764684541e-02    7.5427246094e-01
       180   -4.5116585742e+01    2.0367746434e+03   -7.9851496966e+01    3.4734911223e+01   -1.1281568680e+01   -5.1102678671e+01   -2.1770311754e+01    4.3030621399e+00   -1.0969113180e+01    8.1282061917e-02    5.1200000000e+02    1.2851022710e-02    7.5512695312e-01
       181   -4.5093796099e+01    2.0352794768e+03   -8.0260441754e+01    3.5166645654e+01   -1.1303940146e+01   -5.1102678671e+01   -2.1859411729e+01    4.0055887924e+00   -1.1025051319e+01    8.1282061917e-02    5.1200000000e+02    1.2814402021e-02    7.5152587891e-01
       182   -4.5079331948e+01    2.0333489316e+03   -7.9728976376e+01    3.4649644427e+01   -1.1284843208e+01   -5.1102678671e+01   -2.1355134660e+01    4.0136801631e+00   -1.0990743182e+01    8.1282061917e-02    5.1200000000e+02    1.2816492729e-02    7.5695800781e-01
       183   -4.5151533814e+01    2.0399229113e+03   -8.0156936804e+01    3.5005402990e+01   -1.1405856675e+01   -5.1102678671e+01   -2.1569435387e+01    3.9210339292e+00   -1.1106179446e+01    8.1282061917e-02    5.1200000000e+02    1.2760143755e-02    7.5543212891e-01
       184   -4.5099879122e+01    2.0352171424e+03   -8.0050717415e+01    3.4950838294e+01   -1.1427778073e+01   -5.1102678671e+01   -2.1449533953e+01    3.9292732810e+00   -1.1102739161e+01    8.1282061917e-02    5.1200000000e+02    1.2804548076e-02    7.6135253906e-01
       185   -4.5117001744e+01    2.0366852207e+03   -7.9437532632e+01    3.4320530889e+01   -1.1499864375e+01   -5.1102678671e+01   -2.0783117778e+01    3.9481281924e+00   -1.1186470853e+01    8.1282061917e-02    5.1200000000e+02    1.2733241111e-02    7.4993896484e-01
       186   -4.5141227137e+01    2.0389115243e+03   -7.9148802156e+01    3.4007575020e+01   -1.1518194009e+01   -5.1102678671e+01   -2.0647553524e+01    4.1196240480e+00   -1.1216524382e+01    8.1282061917e-02    5.1200000000e+02    1.2726051758e-02    7.5921630859e-01
       187   -4.5038471551e+01    2.0296720673e+03   -7.9131864392e+01    3.4093392841e+01   -1.1507022695e+01   -5.1102678671e+01   -2.0493328926e+01    3.9711658998e+00   -1.1208947730e+01    8.1282061917e-02    5.1200000000e+02    1.2755476750e-02    7.5305175781e-01
       188   -4.5115917239e+01    2.0368332949e+03   -7.9496877722e+01    3.4380960483e+01   -1.1547760912e+01   -5.1102678671e+01   -2.0719211470e+01    3.8727733317e+00   -1.1248471922e+01    8.1282061917e-02    5.1200000000e+02    1.2701899163e-02    7.5262451172e-01
       189   -4.5107539223e+01    2.0360785009e+03   -7.9242374393e+01    3.4134835170e+01   -1.1474638594e+01   -5.1102678671e+01   -2.0875191965e+01    4.2101348374e+00   -1.1164775130e+01    8.1282061917e-02    5.1200000000e+02    1.2660429495e-02    7.5073242188e-01
       190   -4.5123314115e+01    2.0373478129e+03   -7.8993195075e+01    3.3869880960e+01   -1.1541232130e+01   -5.1102678671e+01   -2.0485813171e+01    4.1365288967e+00   -1.1219167869e+01    8.1282061917e-02    5.1200000000e+02    1.2721071226e-02    7.5958251953e-01
       191   -4.5056195253e+01    2.0313072784e+03   -7.9671572357e+01    3.4615377104e+01   -1.1574923762e+01   -5.1102678671e+01   -2.1044090341e+01    4.0501204171e+00   -1.1268942434e+01    8.1282061917e-02    5.1200000000e+02    1.2681723411e-02    7.5500488281e-01
       192   -4.5019320940e+01    2.0280582671e+03   -7.9466955673e+01    3.4447634733e+01   -1.1560269372e+01   -5.1102678671e+01   -2.0623353171e+01    3.8193455418e+00   -1.1259360078e+01    8.1282061917e-02    5.1200000000e+02    1.2695383491e-02    7.5421142578e-01
       193   -4.5085356944e+01    2.0339254726e+03   -7.9323518530e+01    3.4238161586e+01   -1.1221983932e+01   -5.1102678671e+01   -2.0966740910e+01    3.9678849829e+00   -1.0896187662e+01    8.1282061917e-02    5.1200000000e+02    1.2714150884e-02    7.5817871094e-01
       194   -4.5068454417e+01    2.0324367333e+03   -7.9715768203e+01    3.4647313786e+01   -1.1480337418e+01   -5.1102678671e+01   -2.1001323417e+01    3.8685713034e+00   -1.1158152036e+01    8.1282061917e-02    5.1200000000e+02    1.2733085920e-02    7.5451660156e-01
       195   -4.5119936454e+01    2.0369972310e+03   -8.0034605490e+01    3.4914669036e+01   -1.1450896834e+01   -5.1102678671e+01   -2.1554423431e+01    4.0733934464e+00   -1.1110630932e+01    8.1282061917e-02    5.1200000000e+02    1.2754086946e-02    7.5360107422e-01
       196   -4.5057161280e+01    2.0312656539e+03   -8.0045770965e+01    3.4988609685e+01   -1.1453176556e+01   -5.1102678671e+01   -2.1271129252e+01    3.7812135145e+00   -1.1144168479e+01    8.1282061917e-02    5.1200000000e+02    1.2821001042e-02    7.5390625000e-01
       197   -4.5019707521e+01    2.0279825031e+03   -7.9875561668e+01    3.4855854147e+01   -1.1322872715e+01   -5.1102678671e+01   -2.1473942918e+01    4.0239326367e+00   -1.0999954490e+01    8.1282061917e-02    5.1200000000e+02    1.2760919368e-02    7.5524902344e-01
       198   -4.5057031348e+01    2.0313632726e+03   -8.0163618758e+01    3.5106587410e+01   -1.1454814077e+01   -5.1102678671e+01   -2.1397201044e+01    3.7910750342e+00   -1.1143481326e+01    8.1282061917e-02    5.1200000000e+02    1.2741986584e-02    7.5323486328e-01
       199   -4.4993011340e+01    2.0257257879e+03   -7.9484878233e+01    3.4491866893e+01   -1.1410339843e+01   -5.1102678671e+01   -2.0775582836e+01    3.8037231175e+00   -1.1096459272e+01    8.1282061917e-02    5.1200000000e+02    1.2712451870e-02    7.5048828125e-01
