#   index    LocalEnergy         LocalEnergy_sq      LocalPotential      Kinetic             ElecElec            IonIon              LocalECP            NonLocalECP         MPC                 KEcorr              BlockWeight         BlockCPU            AcceptRatio         
         0   -4.5271965598e+01    2.0507253910e+03   -8.0661543480e+01    3.5389577882e+01   -1.1425503849e+01   -5.1102678671e+01   -2.2125165631e+01    3.9918046717e+00   -1.1135562733e+01    9.0636339220e-02    2.0480000000e+03    5.1291057600e-02    7.5001525879e-01
         1   -4.5283963370e+01    2.0516997896e+03   -8.0276669477e+01    3.4992706108e+01   -1.1301099691e+01   -5.1102678671e+01   -2.1930032844e+01    4.0571417284e+00   -1.1009546002e+01    9.0636339220e-02    2.0480000000e+03    5.1184532986e-02    7.5300598145e-01
         2   -4.5292061159e+01    2.0525702545e+03   -8.0032452236e+01    3.4740391078e+01   -1.1488059429e+01   -5.1102678671e+01   -2.1430518125e+01    3.9888039889e+00   -1.1194593866e+01    9.0636339220e-02    2.0480000000e+03    5.1193527771e-02    7.5289916992e-01
         3   -4.5293019262e+01    2.0525497715e+03   -8.0170480422e+01    3.4877461160e+01   -1.1457080475e+01   -5.1102678671e+01   -2.1551023679e+01    3.9403024028e+00   -1.1164206365e+01    9.0636339220e-02    2.0480000000e+03    5.1210298811e-02    7.5094604492e-01
         4   -4.5252922279e+01    2.0489853926e+03   -8.0055084599e+01    3.4802162320e+01   -1.1414198735e+01   -5.1102678671e+01   -2.1513675037e+01    3.9754678449e+00   -1.1115596197e+01    9.0636339220e-02    2.0480000000e+03    5.1262833162e-02    7.4996948242e-01
         5   -4.5254387504e+01    2.0491057141e+03   -8.0519017409e+01    3.5264629905e+01   -1.1315494063e+01   -5.1102678671e+01   -2.2059464177e+01    3.9586195017e+00   -1.0997705302e+01    9.0636339220e-02    2.0480000000e+03    5.1231776323e-02    7.5222778320e-01
         6   -4.5258107604e+01    2.0494672696e+03   -8.0729528927e+01    3.5471421323e+01   -1.1472840775e+01   -5.1102678671e+01   -2.2099986300e+01    3.9459768187e+00   -1.1176359505e+01    9.0636339220e-02    2.0480000000e+03    5.1158317822e-02    7.5115966797e-01
         7   -4.5307637651e+01    2.0538679688e+03   -8.0691832335e+01    3.5384194684e+01   -1.1368425164e+01   -5.1102678671e+01   -2.2302257906e+01    4.0815294057e+00   -1.1079549670e+01    9.0636339220e-02    2.0480000000e+03    5.1229180835e-02    7.5196838379e-01
         8   -4.5307577836e+01    2.0539475310e+03   -8.0631913436e+01    3.5324335600e+01   -1.1360269312e+01   -5.1102678671e+01   -2.2421487391e+01    4.2525219381e+00   -1.1067986259e+01    9.0636339220e-02    2.0480000000e+03    5.1354516025e-02    7.5218200684e-01
         9   -4.5229788212e+01    2.0469291147e+03   -8.0447238353e+01    3.5217450140e+01   -1.1372145330e+01   -5.1102678671e+01   -2.1883953191e+01    3.9115388394e+00   -1.1077810850e+01    9.0636339220e-02    2.0480000000e+03    5.1243141494e-02    7.5286865234e-01
        10   -4.5283334430e+01    2.0517050940e+03   -8.1000138854e+01    3.5716804424e+01   -1.1359395484e+01   -5.1102678671e+01   -2.2479353768e+01    3.9412890686e+00   -1.1071234475e+01    9.0636339220e-02    2.0480000000e+03    5.1153807236e-02    7.4993896484e-01
        11   -4.5287325327e+01    2.0521054234e+03   -8.0709807259e+01    3.5422481932e+01   -1.1345876509e+01   -5.1102678671e+01   -2.2256177038e+01    3.9949249588e+00   -1.1057860212e+01    9.0636339220e-02    2.0480000000e+03    5.1190033533e-02    7.4911499023e-01
        12   -4.5306227615e+01    2.0539186353e+03   -8.0258413193e+01    3.4952185578e+01   -1.1307042974e+01   -5.1102678671e+01   -2.2010181441e+01    4.1614898934e+00   -1.1018193104e+01    9.0636339220e-02    2.0480000000e+03    5.1214955720e-02    7.5267028809e-01
        13   -4.5273822847e+01    2.0509518318e+03   -8.0345375948e+01    3.5071553102e+01   -1.1365672075e+01   -5.1102678671e+01   -2.2080394415e+01    4.2033692128e+00   -1.1064293493e+01    9.0636339220e-02    2.0480000000e+03    5.1237908420e-02    7.5064086914e-01
        14   -4.5240855053e+01    2.0478109048e+03   -8.0076948662e+01    3.4836093609e+01   -1.1446426805e+01   -5.1102678671e+01   -2.1399268243e+01    3.8714250572e+00   -1.1151656760e+01    9.0636339220e-02    2.0480000000e+03    5.1050981262e-02    7.4937438965e-01
        15   -4.5267182184e+01    2.0503863114e+03   -8.0348290948e+01    3.5081108764e+01   -1.1233626241e+01   -5.1102678671e+01   -2.2064281496e+01    4.0522954605e+00   -1.0925346030e+01    9.0636339220e-02    2.0480000000e+03    5.1183828616e-02    7.5309753418e-01
        16   -4.5283166370e+01    2.0516603645e+03   -8.0375818473e+01    3.5092652104e+01   -1.1330050313e+01   -5.1102678671e+01   -2.2201006674e+01    4.2579171849e+00   -1.1029248467e+01    9.0636339220e-02    2.0480000000e+03    5.1304702322e-02    7.5001525879e-01
        17   -4.5294183564e+01    2.0526631905e+03   -8.0596798400e+01    3.5302614835e+01   -1.1458696983e+01   -5.1102678671e+01   -2.2244054197e+01    4.2086314514e+00   -1.1171290377e+01    9.0636339220e-02    2.0480000000e+03    5.1223591904e-02    7.4993896484e-01
        18   -4.5255064330e+01    2.0491421582e+03   -8.0339436894e+01    3.5084372564e+01   -1.1519390715e+01   -5.1102678671e+01   -2.1945012964e+01    4.2276454562e+00   -1.1243405010e+01    9.0636339220e-02    2.0480000000e+03    5.1059608381e-02    7.5090026855e-01
        19   -4.5278335165e+01    2.0512751707e+03   -8.0520336581e+01    3.5242001416e+01   -1.1417055159e+01   -5.1102678671e+01   -2.1957552861e+01    3.9569501090e+00   -1.1129636648e+01    9.0636339220e-02    2.0480000000e+03    5.0991285190e-02    7.4961853027e-01
        20   -4.5271822214e+01    2.0508533699e+03   -8.0681580169e+01    3.5409757955e+01   -1.1347515329e+01   -5.1102678671e+01   -2.2064621787e+01    3.8332356177e+00   -1.1055774771e+01    9.0636339220e-02    2.0480000000e+03    5.1027510642e-02    7.4946594238e-01
        21   -4.5238459158e+01    2.0476406504e+03   -8.0229260509e+01    3.4990801351e+01   -1.1314786539e+01   -5.1102678671e+01   -2.1963301325e+01    4.1515060265e+00   -1.1005267474e+01    9.0636339220e-02    2.0480000000e+03    5.1016428923e-02    7.4954223633e-01
        22   -4.5272281004e+01    2.0507082587e+03   -8.0289358346e+01    3.5017077341e+01   -1.1361716887e+01   -5.1102678671e+01   -2.2139789597e+01    4.3148268092e+00   -1.1072349434e+01    9.0636339220e-02    2.0480000000e+03    5.1221960352e-02    7.5334167480e-01
        23   -4.5305559510e+01    2.0536862299e+03   -8.0308046744e+01    3.5002487234e+01   -1.1347416501e+01   -5.1102678671e+01   -2.1942958717e+01    4.0850071449e+00   -1.1049761183e+01    9.0636339220e-02    2.0480000000e+03    5.1181969133e-02    7.5045776367e-01
        24   -4.5279446827e+01    2.0513147708e+03   -8.0412994153e+01    3.5133547326e+01   -1.1420301442e+01   -5.1102678671e+01   -2.1929410787e+01    4.0393967466e+00   -1.1124905564e+01    9.0636339220e-02    2.0480000000e+03    5.1331691829e-02    7.5122070312e-01
        25   -4.5259121890e+01    2.0494910658e+03   -8.0014246868e+01    3.4755124978e+01   -1.1407872799e+01   -5.1102678671e+01   -2.1521814004e+01    4.0181186062e+00   -1.1104269831e+01    9.0636339220e-02    2.0480000000e+03    5.1200620872e-02    7.5231933594e-01
        26   -4.5199829449e+01    2.0441897305e+03   -8.0273655073e+01    3.5073825624e+01   -1.1457024269e+01   -5.1102678671e+01   -2.1689959985e+01    3.9760078524e+00   -1.1146947460e+01    9.0636339220e-02    2.0480000000e+03    5.1142526360e-02    7.5036621094e-01
        27   -4.5207461262e+01    2.0448309537e+03   -8.0004787079e+01    3.4797325817e+01   -1.1430130362e+01   -5.1102678671e+01   -2.1516575755e+01    4.0445977096e+00   -1.1135947980e+01    9.0636339220e-02    2.0480000000e+03    5.1145129553e-02    7.5508117676e-01
        28   -4.5298232406e+01    2.0531772594e+03   -8.0122864935e+01    3.4824632529e+01   -1.1368121150e+01   -5.1102678671e+01   -2.1701644668e+01    4.0495795548e+00   -1.1073468134e+01    9.0636339220e-02    2.0480000000e+03    5.1282048799e-02    7.5210571289e-01
        29   -4.5279974379e+01    2.0513449546e+03   -8.0294446197e+01    3.5014471819e+01   -1.1383704172e+01   -5.1102678671e+01   -2.1820243164e+01    4.0121798100e+00   -1.1097343668e+01    9.0636339220e-02    2.0480000000e+03    5.1159436970e-02    7.4893188477e-01
        30   -4.5267314432e+01    2.0502332185e+03   -7.9816754150e+01    3.4549439718e+01   -1.1364739243e+01   -5.1102678671e+01   -2.1390247403e+01    4.0409111668e+00   -1.1063409233e+01    9.0636339220e-02    2.0480000000e+03    5.1136656479e-02    7.5326538086e-01
        31   -4.5255467719e+01    2.0492336050e+03   -8.0179119779e+01    3.4923652060e+01   -1.1369937689e+01   -5.1102678671e+01   -2.1599022411e+01    3.8925189907e+00   -1.1054290181e+01    9.0636339220e-02    2.0480000000e+03    5.1212692517e-02    7.5152587891e-01
        32   -4.5213924395e+01    2.0454493917e+03   -8.0498441926e+01    3.5284517531e+01   -1.1404868946e+01   -5.1102678671e+01   -2.1886761867e+01    3.8958675586e+00   -1.1098788653e+01    9.0636339220e-02    2.0480000000e+03    5.1057114387e-02    7.5399780273e-01
        33   -4.5264925811e+01    2.0499878238e+03   -8.0572209823e+01    3.5307284012e+01   -1.1450623234e+01   -5.1102678671e+01   -2.1870949695e+01    3.8520417766e+00   -1.1156816945e+01    9.0636339220e-02    2.0480000000e+03    5.1191527742e-02    7.4943542480e-01
        34   -4.5269114655e+01    2.0505432285e+03   -8.0395525087e+01    3.5126410433e+01   -1.1302286012e+01   -5.1102678671e+01   -2.1979104187e+01    3.9885437827e+00   -1.1002716683e+01    9.0636339220e-02    2.0480000000e+03    5.1303887402e-02    7.5018310547e-01
        35   -4.5301797796e+01    2.0533748356e+03   -8.0651882091e+01    3.5350084295e+01   -1.1268769931e+01   -5.1102678671e+01   -2.2161791165e+01    3.8813576761e+00   -1.0983639032e+01    9.0636339220e-02    2.0480000000e+03    5.1248285339e-02    7.5000000000e-01
        36   -4.5335763021e+01    2.0564309995e+03   -8.0443306075e+01    3.5107543054e+01   -1.1425558036e+01   -5.1102678671e+01   -2.1994759793e+01    4.0796904259e+00   -1.1136785074e+01    9.0636339220e-02    2.0480000000e+03    5.1197785388e-02    7.5154113770e-01
        37   -4.5303398226e+01    2.0535675215e+03   -8.0386175006e+01    3.5082776779e+01   -1.1299168852e+01   -5.1102678671e+01   -2.1824814601e+01    3.8404871189e+00   -1.1002067142e+01    9.0636339220e-02    2.0480000000e+03    5.1261086833e-02    7.4981689453e-01
        38   -4.5277096318e+01    2.0511543138e+03   -8.0439596738e+01    3.5162500420e+01   -1.1371917298e+01   -5.1102678671e+01   -2.1967763140e+01    4.0027623707e+00   -1.1088049445e+01    9.0636339220e-02    2.0480000000e+03    5.1232842893e-02    7.5003051758e-01
        39   -4.5282458533e+01    2.0516154111e+03   -8.0441649045e+01    3.5159190512e+01   -1.1382034659e+01   -5.1102678671e+01   -2.1674769933e+01    3.7178342176e+00   -1.1093430460e+01    9.0636339220e-02    2.0480000000e+03    5.1271109739e-02    7.5215148926e-01
        40   -4.5283253027e+01    2.0518363242e+03   -8.0270635283e+01    3.4987382256e+01   -1.1410592027e+01   -5.1102678671e+01   -2.1935698984e+01    4.1783343997e+00   -1.1119190581e+01    9.0636339220e-02    2.0480000000e+03    5.1199348896e-02    7.5254821777e-01
        41   -4.5267204009e+01    2.0502419786e+03   -8.0391218914e+01    3.5124014905e+01   -1.1406032601e+01   -5.1102678671e+01   -2.1823356892e+01    3.9408492496e+00   -1.1107423758e+01    9.0636339220e-02    2.0480000000e+03    5.1269899390e-02    7.5120544434e-01
        42   -4.5278188354e+01    2.0512336971e+03   -8.0423328827e+01    3.5145140474e+01   -1.1320688398e+01   -5.1102678671e+01   -2.2117813687e+01    4.1178519283e+00   -1.1021454580e+01    9.0636339220e-02    2.0480000000e+03    5.1221279888e-02    7.5103759766e-01
        43   -4.5241195978e+01    2.0480221284e+03   -8.0410665448e+01    3.5169469470e+01   -1.1286351092e+01   -5.1102678671e+01   -2.2075465656e+01    4.0538299716e+00   -1.0987652246e+01    9.0636339220e-02    2.0480000000e+03    5.1126120242e-02    7.5057983398e-01
        44   -4.5290936006e+01    2.0524376000e+03   -8.0862988286e+01    3.5572052280e+01   -1.1467083821e+01   -5.1102678671e+01   -2.2225726349e+01    3.9325005548e+00   -1.1170543690e+01    9.0636339220e-02    2.0480000000e+03    5.1151976130e-02    7.5080871582e-01
        45   -4.5283285693e+01    2.0516452920e+03   -8.0290525340e+01    3.5007239647e+01   -1.1418776825e+01   -5.1102678671e+01   -2.1805114443e+01    4.0360445990e+00   -1.1128854329e+01    9.0636339220e-02    2.0480000000e+03    5.1328764705e-02    7.5280761719e-01
        46   -4.5284452714e+01    2.0518958376e+03   -8.0786312652e+01    3.5501859938e+01   -1.1306142013e+01   -5.1102678671e+01   -2.2349803842e+01    3.9723118745e+00   -1.1005822508e+01    9.0636339220e-02    2.0480000000e+03    5.1267527671e-02    7.5141906738e-01
        47   -4.5272403468e+01    2.0507227313e+03   -8.0641388629e+01    3.5368985161e+01   -1.1404051352e+01   -5.1102678671e+01   -2.1939789734e+01    3.8051311278e+00   -1.1115003080e+01    9.0636339220e-02    2.0480000000e+03    5.1160301646e-02    7.5218200684e-01
        48   -4.5240567031e+01    2.0477435518e+03   -8.0086821807e+01    3.4846254776e+01   -1.1232476066e+01   -5.1102678671e+01   -2.1677483745e+01    3.9258166750e+00   -1.0924105525e+01    9.0636339220e-02    2.0480000000e+03    5.1351284797e-02    7.5183105469e-01
        49   -4.5218333336e+01    2.0458123447e+03   -8.0227969553e+01    3.5009636217e+01   -1.1370426066e+01   -5.1102678671e+01   -2.1795009799e+01    4.0401449827e+00   -1.1071652568e+01    9.0636339220e-02    2.0480000000e+03    5.0993579951e-02    7.5080871582e-01
        50   -4.5243787285e+01    2.0481804697e+03   -8.0656621458e+01    3.5412834173e+01   -1.1260123851e+01   -5.1102678671e+01   -2.2498543429e+01    4.2047244934e+00   -1.0957960768e+01    9.0636339220e-02    2.0480000000e+03    5.1096732393e-02    7.4757385254e-01
        51   -4.5265236066e+01    2.0500516295e+03   -8.0493439910e+01    3.5228203844e+01   -1.1370553273e+01   -5.1102678671e+01   -2.2241208533e+01    4.2210005673e+00   -1.1071964514e+01    9.0636339220e-02    2.0480000000e+03    5.1128211311e-02    7.5000000000e-01
        52   -4.5248591922e+01    2.0485938253e+03   -8.0198848752e+01    3.4950256830e+01   -1.1482154732e+01   -5.1102678671e+01   -2.1423794238e+01    3.8097788894e+00   -1.1165081826e+01    9.0636339220e-02    2.0480000000e+03    5.1020921340e-02    7.5341796875e-01
        53   -4.5272091674e+01    2.0506739578e+03   -8.0702389781e+01    3.5430298106e+01   -1.1305157094e+01   -5.1102678671e+01   -2.2454572147e+01    4.1600181314e+00   -1.0993610710e+01    9.0636339220e-02    2.0480000000e+03    5.1319203647e-02    7.4819946289e-01
        54   -4.5295823819e+01    2.0528708312e+03   -8.0264343176e+01    3.4968519357e+01   -1.1313483080e+01   -5.1102678671e+01   -2.2068331346e+01    4.2201499213e+00   -1.1019867453e+01    9.0636339220e-02    2.0480000000e+03    5.1252732932e-02    7.4868774414e-01
        55   -4.5274106819e+01    2.0508042567e+03   -8.0301163889e+01    3.5027057071e+01   -1.1477928619e+01   -5.1102678671e+01   -2.1436551861e+01    3.7159952615e+00   -1.1192226438e+01    9.0636339220e-02    2.0480000000e+03    5.1291800317e-02    7.5196838379e-01
        56   -4.5258917730e+01    2.0493882104e+03   -8.0388545399e+01    3.5129627668e+01   -1.1458123902e+01   -5.1102678671e+01   -2.1822470836e+01    3.9947280112e+00   -1.1159612157e+01    9.0636339220e-02    2.0480000000e+03    5.1394802678e-02    7.5222778320e-01
        57   -4.5316899544e+01    2.0547394514e+03   -8.0451063704e+01    3.5134164160e+01   -1.1407185307e+01   -5.1102678671e+01   -2.2040523725e+01    4.0993239996e+00   -1.1127561653e+01    9.0636339220e-02    2.0480000000e+03    5.1183328208e-02    7.5111389160e-01
        58   -4.5299990150e+01    2.0531991725e+03   -8.0595934468e+01    3.5295944317e+01   -1.1429316271e+01   -5.1102678671e+01   -2.2062460276e+01    3.9985207504e+00   -1.1135003376e+01    9.0636339220e-02    2.0480000000e+03    5.1102604670e-02    7.5193786621e-01
        59   -4.5282223580e+01    2.0516250962e+03   -8.0305866570e+01    3.5023642990e+01   -1.1379900102e+01   -5.1102678671e+01   -2.1796430533e+01    3.9731427364e+00   -1.1096114419e+01    9.0636339220e-02    2.0480000000e+03    5.1156993279e-02    7.5227355957e-01
        60   -4.5273346763e+01    2.0507525204e+03   -8.0329249419e+01    3.5055902656e+01   -1.1372337159e+01   -5.1102678671e+01   -2.1647559042e+01    3.7933254525e+00   -1.1082203139e+01    9.0636339220e-02    2.0480000000e+03    5.1227500989e-02    7.5137329102e-01
        61   -4.5184416005e+01    2.0431008381e+03   -8.0835546670e+01    3.5651130665e+01   -1.1349953429e+01   -5.1102678671e+01   -2.2180025535e+01    3.7971109652e+00   -1.1048436656e+01    9.0636339220e-02    2.0480000000e+03    5.1089657500e-02    7.4942016602e-01
        62   -4.5207135104e+01    2.0449082655e+03   -8.0172887253e+01    3.4965752149e+01   -1.1401826738e+01   -5.1102678671e+01   -2.1760025562e+01    4.0916437176e+00   -1.1095400403e+01    9.0636339220e-02    2.0480000000e+03    5.0968653494e-02    7.5071716309e-01
        63   -4.5188349233e+01    2.0431427491e+03   -8.0292150840e+01    3.5103801607e+01   -1.1374813664e+01   -5.1102678671e+01   -2.1696306107e+01    3.8816476018e+00   -1.1068114520e+01    9.0636339220e-02    2.0480000000e+03    5.1150812712e-02    7.4928283691e-01
        64   -4.5273218385e+01    2.0510648850e+03   -8.0402254099e+01    3.5129035714e+01   -1.1372737298e+01   -5.1102678671e+01   -2.2047179885e+01    4.1203417551e+00   -1.1071992645e+01    9.0636339220e-02    2.0480000000e+03    5.1296256777e-02    7.5025939941e-01
        65   -4.5280472308e+01    2.0515221651e+03   -8.0332335491e+01    3.5051863184e+01   -1.1247122677e+01   -5.1102678671e+01   -2.2247513048e+01    4.2649789050e+00   -1.0956603426e+01    9.0636339220e-02    2.0480000000e+03    5.1250667075e-02    7.4858093262e-01
        66   -4.5259997970e+01    2.0495547608e+03   -8.0212720514e+01    3.4952722544e+01   -1.1320300941e+01   -5.1102678671e+01   -2.1960997430e+01    4.1712565283e+00   -1.1021700195e+01    9.0636339220e-02    2.0480000000e+03    5.1243216479e-02    7.4948120117e-01
        67   -4.5277894250e+01    2.0511526737e+03   -8.0847418480e+01    3.5569524230e+01   -1.1379462505e+01   -5.1102678671e+01   -2.2391129828e+01    4.0258525238e+00   -1.1083028387e+01    9.0636339220e-02    2.0480000000e+03    5.1310367893e-02    7.4830627441e-01
        68   -4.5309254548e+01    2.0540765940e+03   -8.0573844718e+01    3.5264590169e+01   -1.1361903481e+01   -5.1102678671e+01   -2.2214244128e+01    4.1049815619e+00   -1.1076588622e+01    9.0636339220e-02    2.0480000000e+03    5.1185805698e-02    7.4971008301e-01
        69   -4.5238505221e+01    2.0477645642e+03   -8.0540206718e+01    3.5301701497e+01   -1.1373407653e+01   -5.1102678671e+01   -2.2028047147e+01    3.9639267533e+00   -1.1069536774e+01    9.0636339220e-02    2.0480000000e+03    5.1229245317e-02    7.5230407715e-01
        70   -4.5297525223e+01    2.0529559964e+03   -8.0345398593e+01    3.5047873370e+01   -1.1425174879e+01   -5.1102678671e+01   -2.1875950424e+01    4.0584053817e+00   -1.1124294041e+01    9.0636339220e-02    2.0480000000e+03    5.1254764895e-02    7.5419616699e-01
        71   -4.5288116050e+01    2.0520908197e+03   -8.0438325377e+01    3.5150209327e+01   -1.1464169078e+01   -5.1102678671e+01   -2.1898811321e+01    4.0273336933e+00   -1.1175707691e+01    9.0636339220e-02    2.0480000000e+03    5.1140329917e-02    7.4996948242e-01
        72   -4.5271400726e+01    2.0507438371e+03   -8.0689013353e+01    3.5417612627e+01   -1.1398532852e+01   -5.1102678671e+01   -2.2216980973e+01    4.0291791437e+00   -1.1103940831e+01    9.0636339220e-02    2.0480000000e+03    5.1211339866e-02    7.5057983398e-01
        73   -4.5272724383e+01    2.0507831736e+03   -8.0531799822e+01    3.5259075439e+01   -1.1362580141e+01   -5.1102678671e+01   -2.1979721557e+01    3.9131805466e+00   -1.1064935420e+01    9.0636339220e-02    2.0480000000e+03    5.1343756653e-02    7.4798583984e-01
        74   -4.5289648000e+01    2.0524302180e+03   -8.0326003042e+01    3.5036355043e+01   -1.1295183066e+01   -5.1102678671e+01   -2.2050231855e+01    4.1220905500e+00   -1.0991095154e+01    9.0636339220e-02    2.0480000000e+03    5.1293318018e-02    7.5415039062e-01
        75   -4.5272408574e+01    2.0507683669e+03   -8.0557223405e+01    3.5284814832e+01   -1.1365281184e+01   -5.1102678671e+01   -2.2157061973e+01    4.0677984226e+00   -1.1069346256e+01    9.0636339220e-02    2.0480000000e+03    5.1176909607e-02    7.5134277344e-01
        76   -4.5315505089e+01    2.0546098555e+03   -7.9794627577e+01    3.4479122488e+01   -1.1305622858e+01   -5.1102678671e+01   -2.1483635493e+01    4.0973094447e+00   -1.1017109216e+01    9.0636339220e-02    2.0480000000e+03    5.1382349448e-02    7.5260925293e-01
        77   -4.5274928529e+01    2.0508820258e+03   -8.0066603566e+01    3.4791675036e+01   -1.1444673269e+01   -5.1102678671e+01   -2.1576412817e+01    4.0571611913e+00   -1.1163958892e+01    9.0636339220e-02    2.0480000000e+03    5.1316067927e-02    7.5144958496e-01
        78   -4.5313657789e+01    2.0543492468e+03   -8.0612604548e+01    3.5298946759e+01   -1.1315080912e+01   -5.1102678671e+01   -2.2277272105e+01    4.0824271405e+00   -1.1026019698e+01    9.0636339220e-02    2.0480000000e+03    5.1446782461e-02    7.5163269043e-01
        79   -4.5225378957e+01    2.0464072701e+03   -8.0740173670e+01    3.5514794713e+01   -1.1282311465e+01   -5.1102678671e+01   -2.2590453451e+01    4.2352699169e+00   -1.0989349851e+01    9.0636339220e-02    2.0480000000e+03    5.1414742092e-02    7.4577331543e-01
        80   -4.5274016212e+01    2.0508360988e+03   -7.9821729196e+01    3.4547712985e+01   -1.1438839332e+01   -5.1102678671e+01   -2.1426333864e+01    4.1461226706e+00   -1.1147988546e+01    9.0636339220e-02    2.0480000000e+03    5.1089506008e-02    7.5363159180e-01
        81   -4.5287762693e+01    2.0520317801e+03   -7.9901594387e+01    3.4613831695e+01   -1.1472732387e+01   -5.1102678671e+01   -2.1380129593e+01    4.0539462641e+00   -1.1173315561e+01    9.0636339220e-02    2.0480000000e+03    5.1033560542e-02    7.5430297852e-01
        82   -4.5237308700e+01    2.0475860962e+03   -8.0320903948e+01    3.5083595248e+01   -1.1243133211e+01   -5.1102678671e+01   -2.1929288280e+01    3.9541962135e+00   -1.0937351202e+01    9.0636339220e-02    2.0480000000e+03    5.1176080984e-02    7.5183105469e-01
        83   -4.5241872106e+01    2.0479563888e+03   -8.0583131509e+01    3.5341259403e+01   -1.1412506499e+01   -5.1102678671e+01   -2.2010938236e+01    3.9429918977e+00   -1.1108898119e+01    9.0636339220e-02    2.0480000000e+03    5.1265535862e-02    7.5157165527e-01
        84   -4.5276321531e+01    2.0511106580e+03   -8.0510494813e+01    3.5234173282e+01   -1.1358045204e+01   -5.1102678671e+01   -2.2127842326e+01    4.0780713877e+00   -1.1048681965e+01    9.0636339220e-02    2.0480000000e+03    5.1320349407e-02    7.4923706055e-01
        85   -4.5285056795e+01    2.0519291282e+03   -8.0252571215e+01    3.4967514420e+01   -1.1302152514e+01   -5.1102678671e+01   -2.1928717360e+01    4.0809773305e+00   -1.1014448789e+01    9.0636339220e-02    2.0480000000e+03    5.1265606772e-02    7.5297546387e-01
        86   -4.5257666965e+01    2.0498624561e+03   -8.0543649350e+01    3.5285982385e+01   -1.1417809935e+01   -5.1102678671e+01   -2.1833368427e+01    3.8102076832e+00   -1.1124790419e+01    9.0636339220e-02    2.0480000000e+03    5.1053301394e-02    7.5091552734e-01
        87   -4.5234970420e+01    2.0472700674e+03   -8.0181861465e+01    3.4946891045e+01   -1.1464908867e+01   -5.1102678671e+01   -2.1700260246e+01    4.0859863195e+00   -1.1163972299e+01    9.0636339220e-02    2.0480000000e+03    5.0980189121e-02    7.5004577637e-01
        88   -4.5253407889e+01    2.0490048537e+03   -8.0185988407e+01    3.4932580518e+01   -1.1417003948e+01   -5.1102678671e+01   -2.1494162206e+01    3.8278564181e+00   -1.1122943249e+01    9.0636339220e-02    2.0480000000e+03    5.1107520198e-02    7.4945068359e-01
        89   -4.5322241922e+01    2.0553176861e+03   -8.0283247686e+01    3.4961005764e+01   -1.1300522249e+01   -5.1102678671e+01   -2.2110417256e+01    4.2303704900e+00   -1.1011205129e+01    9.0636339220e-02    2.0480000000e+03    5.1307046826e-02    7.5173950195e-01
        90   -4.5265676318e+01    2.0500562749e+03   -8.0425725438e+01    3.5160049120e+01   -1.1415102652e+01   -5.1102678671e+01   -2.2237510357e+01    4.3295662416e+00   -1.1126365649e+01    9.0636339220e-02    2.0480000000e+03    5.1200758105e-02    7.4871826172e-01
        91   -4.5299240001e+01    2.0531197012e+03   -8.0598262495e+01    3.5299022494e+01   -1.1365519649e+01   -5.1102678671e+01   -2.2259357284e+01    4.1292931087e+00   -1.1067527170e+01    9.0636339220e-02    2.0480000000e+03    5.1354045278e-02    7.4749755859e-01
        92   -4.5286269640e+01    2.0519270375e+03   -8.0101124192e+01    3.4814854552e+01   -1.1289706212e+01   -5.1102678671e+01   -2.2127352796e+01    4.4186134873e+00   -1.0994698414e+01    9.0636339220e-02    2.0480000000e+03    5.1292287253e-02    7.5117492676e-01
        93   -4.5250136529e+01    2.0487277001e+03   -8.0319476400e+01    3.5069339871e+01   -1.1384869969e+01   -5.1102678671e+01   -2.1823915462e+01    3.9919877016e+00   -1.1101649676e+01    9.0636339220e-02    2.0480000000e+03    5.1305593979e-02    7.5386047363e-01
        94   -4.5229399433e+01    2.0468136664e+03   -7.9927993075e+01    3.4698593642e+01   -1.1423990223e+01   -5.1102678671e+01   -2.1520896932e+01    4.1195727513e+00   -1.1125590054e+01    9.0636339220e-02    2.0480000000e+03    5.1030509565e-02    7.5242614746e-01
        95   -4.5307498200e+01    2.0539255498e+03   -8.0371132827e+01    3.5063634627e+01   -1.1420606322e+01   -5.1102678671e+01   -2.1899981174e+01    4.0521333402e+00   -1.1125981632e+01    9.0636339220e-02    2.0480000000e+03    5.1113936477e-02    7.5193786621e-01
        96   -4.5302005822e+01    2.0533542843e+03   -8.0495902371e+01    3.5193896549e+01   -1.1341972026e+01   -5.1102678671e+01   -2.2015388195e+01    3.9641365210e+00   -1.1050907896e+01    9.0636339220e-02    2.0480000000e+03    5.1268001863e-02    7.5086975098e-01
        97   -4.5327870812e+01    2.0559236869e+03   -8.0607300782e+01    3.5279429970e+01   -1.1312553655e+01   -5.1102678671e+01   -2.2317856737e+01    4.1257882811e+00   -1.1021477754e+01    9.0636339220e-02    2.0480000000e+03    5.1361955251e-02    7.5013732910e-01
        98   -4.5258899639e+01    2.0495982650e+03   -8.0591905727e+01    3.5333006088e+01   -1.1334452198e+01   -5.1102678671e+01   -2.2033852995e+01    3.8790781376e+00   -1.1035078401e+01    9.0636339220e-02    2.0480000000e+03    5.1298791069e-02    7.4967956543e-01
        99   -4.5273471400e+01    2.0509488711e+03   -8.0263452400e+01    3.4989980999e+01   -1.1355381108e+01   -5.1102678671e+01   -2.1917063866e+01    4.1116712449e+00   -1.1062686055e+01    9.0636339220e-02    2.0480000000e+03    5.1401173569e-02    7.5047302246e-01
       100   -4.5246037589e+01    2.0483396156e+03   -8.0443767539e+01    3.5197729949e+01   -1.1363122517e+01   -5.1102678671e+01   -2.2059719494e+01    4.0817531442e+00   -1.1063872662e+01    9.0636339220e-02    2.0480000000e+03    5.1330182573e-02    7.5244140625e-01
       101   -4.5305401011e+01    2.0536808705e+03   -8.0416619433e+01    3.5111218422e+01   -1.1383052358e+01   -5.1102678671e+01   -2.2031166562e+01    4.1002781584e+00   -1.1089692177e+01    9.0636339220e-02    2.0480000000e+03    5.1313366833e-02    7.5148010254e-01
       102   -4.5277410417e+01    2.0512033412e+03   -8.0398119381e+01    3.5120708964e+01   -1.1298070535e+01   -5.1102678671e+01   -2.2027617174e+01    4.0302469992e+00   -1.1007890147e+01    9.0636339220e-02    2.0480000000e+03    5.1352126021e-02    7.4987792969e-01
       103   -4.5256393419e+01    2.0492472945e+03   -8.0592861673e+01    3.5336468254e+01   -1.1312869045e+01   -5.1102678671e+01   -2.2158523844e+01    3.9812098866e+00   -1.1008998252e+01    9.0636339220e-02    2.0480000000e+03    5.1178739067e-02    7.5102233887e-01
       104   -4.5249650210e+01    2.0486032189e+03   -8.0442247520e+01    3.5192597310e+01   -1.1415920680e+01   -5.1102678671e+01   -2.2016070064e+01    4.0924218955e+00   -1.1115718875e+01    9.0636339220e-02    2.0480000000e+03    5.1136420969e-02    7.4974060059e-01
       105   -4.5249340915e+01    2.0485130505e+03   -8.0174446745e+01    3.4925105830e+01   -1.1316126033e+01   -5.1102678671e+01   -2.1654124649e+01    3.8984826073e+00   -1.1012856186e+01    9.0636339220e-02    2.0480000000e+03    5.1213223428e-02    7.4938964844e-01
       106   -4.5260083445e+01    2.0496258188e+03   -8.0556575146e+01    3.5296491701e+01   -1.1324248734e+01   -5.1102678671e+01   -2.2366185764e+01    4.2365380228e+00   -1.1013606993e+01    9.0636339220e-02    2.0480000000e+03    5.1206826729e-02    7.4746704102e-01
       107   -4.5275988232e+01    2.0509356713e+03   -8.0554963591e+01    3.5278975360e+01   -1.1415621818e+01   -5.1102678671e+01   -2.1934213887e+01    3.8975507846e+00   -1.1131095804e+01    9.0636339220e-02    2.0480000000e+03    5.1233668274e-02    7.5001525879e-01
       108   -4.5223545475e+01    2.0463764443e+03   -8.0095921182e+01    3.4872375707e+01   -1.1397102062e+01   -5.1102678671e+01   -2.1278819130e+01    3.6826786819e+00   -1.1092382235e+01    9.0636339220e-02    2.0480000000e+03    5.0931372722e-02    7.5447082520e-01
       109   -4.5228488122e+01    2.0534677226e+03   -8.0490329461e+01    3.5261841339e+01   -1.1382347034e+01   -5.1102678671e+01   -2.1893029463e+01    3.8877257069e+00   -1.1075537551e+01    9.0636339220e-02    2.0480000000e+03    5.1072522930e-02    7.5085449219e-01
       110   -4.5289239939e+01    2.0522942120e+03   -8.0323786285e+01    3.5034546346e+01   -1.1322845603e+01   -5.1102678671e+01   -2.1983738157e+01    4.0854761457e+00   -1.1020243592e+01    9.0636339220e-02    2.0480000000e+03    5.1229885649e-02    7.4945068359e-01
       111   -4.5238707485e+01    2.0475866450e+03   -8.0250305555e+01    3.5011598070e+01   -1.1374554755e+01   -5.1102678671e+01   -2.1708834763e+01    3.9357626338e+00   -1.1078063038e+01    9.0636339220e-02    2.0480000000e+03    5.1080934080e-02    7.5297546387e-01
       112   -4.5257819702e+01    2.0494074352e+03   -8.0455614066e+01    3.5197794365e+01   -1.1325899194e+01   -5.1102678671e+01   -2.2038053565e+01    4.0110173637e+00   -1.1022846974e+01    9.0636339220e-02    2.0480000000e+03    5.1172282737e-02    7.5300598145e-01
       113   -4.5268799851e+01    2.0504875658e+03   -8.0010308491e+01    3.4741508640e+01   -1.1342781790e+01   -5.1102678671e+01   -2.1768117092e+01    4.2032690617e+00   -1.1036887050e+01    9.0636339220e-02    2.0480000000e+03    5.1242831233e-02    7.5202941895e-01
       114   -4.5263620560e+01    2.0498946371e+03   -7.9846951870e+01    3.4583331311e+01   -1.1370907296e+01   -5.1102678671e+01   -2.1512694765e+01    4.1393288616e+00   -1.1068846409e+01    9.0636339220e-02    2.0480000000e+03    5.1140934316e-02    7.5189208984e-01
       115   -4.5304311292e+01    2.0537091093e+03   -8.0175901664e+01    3.4871590372e+01   -1.1331460926e+01   -5.1102678671e+01   -2.1860767256e+01    4.1190051895e+00   -1.1034663059e+01    9.0636339220e-02    2.0480000000e+03    5.1124562793e-02    7.5436401367e-01
       116   -4.5290800120e+01    2.0524835310e+03   -8.0446929170e+01    3.5156129050e+01   -1.1393378364e+01   -5.1102678671e+01   -2.1866224460e+01    3.9153523256e+00   -1.1111067112e+01    9.0636339220e-02    2.0480000000e+03    5.1087915542e-02    7.5215148926e-01
       117   -4.5251270979e+01    2.0488022565e+03   -8.0320671709e+01    3.5069400730e+01   -1.1443569245e+01   -5.1102678671e+01   -2.2002287809e+01    4.2278640167e+00   -1.1145857696e+01    9.0636339220e-02    2.0480000000e+03    5.1176171477e-02    7.5245666504e-01
       118   -4.5288720588e+01    2.0522184544e+03   -8.0461591157e+01    3.5172870568e+01   -1.1363744914e+01   -5.1102678671e+01   -2.2098158298e+01    4.1029907265e+00   -1.1055959904e+01    9.0636339220e-02    2.0480000000e+03    5.1149943462e-02    7.4998474121e-01
       119   -4.5280149313e+01    2.0513824161e+03   -8.0256169768e+01    3.4976020455e+01   -1.1357936373e+01   -5.1102678671e+01   -2.2001649893e+01    4.2060951695e+00   -1.1057644639e+01    9.0636339220e-02    2.0480000000e+03    5.1041643733e-02    7.4903869629e-01
       120   -4.5330790120e+01    2.0560048584e+03   -8.0586201176e+01    3.5255411055e+01   -1.1277535629e+01   -5.1102678671e+01   -2.2293045256e+01    4.0870583810e+00   -1.0989910569e+01    9.0636339220e-02    2.0480000000e+03    5.1304488105e-02    7.5195312500e-01
       121   -4.5251747381e+01    2.0489021083e+03   -8.0690986692e+01    3.5439239311e+01   -1.1274779125e+01   -5.1102678671e+01   -2.2195163015e+01    3.8816341192e+00   -1.0966258672e+01    9.0636339220e-02    2.0480000000e+03    5.1353171870e-02    7.5070190430e-01
       122   -4.5245756037e+01    2.0482731373e+03   -8.0790739665e+01    3.5544983628e+01   -1.1246773986e+01   -5.1102678671e+01   -2.2486269640e+01    4.0449826326e+00   -1.0943737265e+01    9.0636339220e-02    2.0480000000e+03    5.1217336479e-02    7.4922180176e-01
       123   -4.5274078925e+01    2.0509037301e+03   -8.0625975123e+01    3.5351896197e+01   -1.1391180067e+01   -5.1102678671e+01   -2.2296274862e+01    4.1641584776e+00   -1.1094823685e+01    9.0636339220e-02    2.0480000000e+03    5.1238057043e-02    7.5299072266e-01
       124   -4.5312775225e+01    2.0543496498e+03   -8.0349299166e+01    3.5036523941e+01   -1.1338619797e+01   -5.1102678671e+01   -2.2199308635e+01    4.2913079358e+00   -1.1046818763e+01    9.0636339220e-02    2.0480000000e+03    5.1284851323e-02    7.4940490723e-01
       125   -4.5226504066e+01    2.0466167936e+03   -8.0152884383e+01    3.4926380318e+01   -1.1498404913e+01   -5.1102678671e+01   -2.1454818466e+01    3.9030176669e+00   -1.1203788006e+01    9.0636339220e-02    2.0480000000e+03    5.1179118877e-02    7.5094604492e-01
       126   -4.5258516909e+01    2.0494548457e+03   -8.0753218982e+01    3.5494702073e+01   -1.1476869368e+01   -5.1102678671e+01   -2.1856899436e+01    3.6832284932e+00   -1.1189887915e+01    9.0636339220e-02    2.0480000000e+03    5.1172398245e-02    7.5051879883e-01
       127   -4.5306557517e+01    2.0538542455e+03   -8.0549817088e+01    3.5243259571e+01   -1.1313666615e+01   -5.1102678671e+01   -2.2242823612e+01    4.1093518113e+00   -1.1016296279e+01    9.0636339220e-02    2.0480000000e+03    5.1214198052e-02    7.4745178223e-01
       128   -4.5267900565e+01    2.0503486230e+03   -8.0603555608e+01    3.5335655042e+01   -1.1376367632e+01   -5.1102678671e+01   -2.2132440925e+01    4.0079316207e+00   -1.1075960266e+01    9.0636339220e-02    2.0480000000e+03    5.1168984976e-02    7.4951171875e-01
       129   -4.5228150795e+01    2.0466524221e+03   -8.0020894377e+01    3.4792743582e+01   -1.1315072619e+01   -5.1102678671e+01   -2.1725799895e+01    4.1226568076e+00   -1.1015840321e+01    9.0636339220e-02    2.0480000000e+03    5.1102198188e-02    7.5015258789e-01
       130   -4.5253828658e+01    2.0490487102e+03   -8.0268412248e+01    3.5014583590e+01   -1.1355908949e+01   -5.1102678671e+01   -2.1962710890e+01    4.1528862618e+00   -1.1067182451e+01    9.0636339220e-02    2.0480000000e+03    5.1134601355e-02    7.5396728516e-01
       131   -4.5266363988e+01    2.0500963379e+03   -8.0267547871e+01    3.5001183883e+01   -1.1472847456e+01   -5.1102678671e+01   -2.1868351264e+01    4.1763295196e+00   -1.1175787814e+01    9.0636339220e-02    2.0480000000e+03    5.1150054412e-02    7.5238037109e-01
       132   -4.5233439557e+01    2.0471433028e+03   -8.0165806271e+01    3.4932366714e+01   -1.1453593134e+01   -5.1102678671e+01   -2.1482317460e+01    3.8727829949e+00   -1.1157149050e+01    9.0636339220e-02    2.0480000000e+03    5.1111360422e-02    7.5215148926e-01
       133   -4.5285752052e+01    2.0519035715e+03   -8.0312142411e+01    3.5026390359e+01   -1.1334036928e+01   -5.1102678671e+01   -2.1793504684e+01    3.9180778720e+00   -1.1053262789e+01    9.0636339220e-02    2.0480000000e+03    5.1140952947e-02    7.4761962891e-01
       134   -4.5274640562e+01    2.0509148408e+03   -8.0300248614e+01    3.5025608052e+01   -1.1403266004e+01   -5.1102678671e+01   -2.1755709270e+01    3.9614053311e+00   -1.1111091178e+01    9.0636339220e-02    2.0480000000e+03    5.1202122566e-02    7.5387573242e-01
       135   -4.5235580587e+01    2.0474022703e+03   -7.9984723699e+01    3.4749143111e+01   -1.1441142934e+01   -5.1102678671e+01   -2.1515033170e+01    4.0741310763e+00   -1.1141250556e+01    9.0636339220e-02    2.0480000000e+03    5.1158376807e-02    7.5216674805e-01
       136   -4.5274422654e+01    2.0508559229e+03   -8.0186668013e+01    3.4912245360e+01   -1.1326491182e+01   -5.1102678671e+01   -2.1740044981e+01    3.9825468209e+00   -1.1029475371e+01    9.0636339220e-02    2.0480000000e+03    5.1149644766e-02    7.5282287598e-01
       137   -4.5263735689e+01    2.0499266104e+03   -8.0328554055e+01    3.5064818367e+01   -1.1349901657e+01   -5.1102678671e+01   -2.2021697043e+01    4.1457233155e+00   -1.1058902057e+01    9.0636339220e-02    2.0480000000e+03    5.1093118232e-02    7.5346374512e-01
       138   -4.5261804940e+01    2.0498135820e+03   -7.9918533774e+01    3.4656728835e+01   -1.1459609423e+01   -5.1102678671e+01   -2.1320738759e+01    3.9644930789e+00   -1.1158941455e+01    9.0636339220e-02    2.0480000000e+03    5.1239868025e-02    7.4850463867e-01
       139   -4.5295076409e+01    2.0527473517e+03   -7.9904370869e+01    3.4609294460e+01   -1.1337208742e+01   -5.1102678671e+01   -2.1536423508e+01    4.0719400519e+00   -1.1051218281e+01    9.0636339220e-02    2.0480000000e+03    5.1166185994e-02    7.5297546387e-01
       140   -4.5259553077e+01    2.0494939725e+03   -8.0454057345e+01    3.5194504269e+01   -1.1355609529e+01   -5.1102678671e+01   -2.2003268501e+01    4.0074993563e+00   -1.1059324640e+01    9.0636339220e-02    2.0480000000e+03    5.1195525151e-02    7.4829101562e-01
       141   -4.5243278390e+01    2.0480161904e+03   -8.0279969122e+01    3.5036690732e+01   -1.1328225014e+01   -5.1102678671e+01   -2.1893073621e+01    4.0440081833e+00   -1.1019960790e+01    9.0636339220e-02    2.0480000000e+03    5.1204045493e-02    7.5283813477e-01
       142   -4.5307589591e+01    2.0538959048e+03   -8.0101940564e+01    3.4794350973e+01   -1.1388112833e+01   -5.1102678671e+01   -2.1684209145e+01    4.0730600852e+00   -1.1092409725e+01    9.0636339220e-02    2.0480000000e+03    5.1251791250e-02    7.5329589844e-01
       143   -4.5289064259e+01    2.0522654124e+03   -8.0350239205e+01    3.5061174946e+01   -1.1367347325e+01   -5.1102678671e+01   -2.1846849594e+01    3.9666363854e+00   -1.1075884155e+01    9.0636339220e-02    2.0480000000e+03    5.1330663257e-02    7.4887084961e-01
       144   -4.5239516416e+01    2.0477978918e+03   -8.0488342295e+01    3.5248825879e+01   -1.1459356829e+01   -5.1102678671e+01   -2.2054394808e+01    4.1280880131e+00   -1.1170731442e+01    9.0636339220e-02    2.0480000000e+03    5.1193116702e-02    7.5177001953e-01
       145   -4.5273105480e+01    2.0507625736e+03   -7.9992191306e+01    3.4719085826e+01   -1.1315745528e+01   -5.1102678671e+01   -2.1475664510e+01    3.9018974036e+00   -1.1012132519e+01    9.0636339220e-02    2.0480000000e+03    5.1198892124e-02    7.4981689453e-01
       146   -4.5246669943e+01    2.0484778551e+03   -8.0007197169e+01    3.4760527227e+01   -1.1375836511e+01   -5.1102678671e+01   -2.1704108728e+01    4.1754267409e+00   -1.1074755755e+01    9.0636339220e-02    2.0480000000e+03    5.1079861099e-02    7.5025939941e-01
       147   -4.5319380365e+01    2.0553564444e+03   -8.0110548718e+01    3.4791168353e+01   -1.1310121214e+01   -5.1102678671e+01   -2.1908927051e+01    4.2111782183e+00   -1.1017632522e+01    9.0636339220e-02    2.0480000000e+03    5.1265079956e-02    7.5019836426e-01
       148   -4.5282667080e+01    2.0517555830e+03   -8.0477470803e+01    3.5194803723e+01   -1.1405977467e+01   -5.1102678671e+01   -2.2372964981e+01    4.4041503165e+00   -1.1106902731e+01    9.0636339220e-02    2.0480000000e+03    5.1317366477e-02    7.4822998047e-01
       149   -4.5245985844e+01    2.0482839815e+03   -8.0859234359e+01    3.5613248514e+01   -1.1316670470e+01   -5.1102678671e+01   -2.2306992403e+01    3.8671071849e+00   -1.1009200654e+01    9.0636339220e-02    2.0480000000e+03    5.1284588835e-02    7.4894714355e-01
       150   -4.5275529738e+01    2.0509714854e+03   -8.0420848585e+01    3.5145318847e+01   -1.1296785271e+01   -5.1102678671e+01   -2.2034212520e+01    4.0128278771e+00   -1.0999779498e+01    9.0636339220e-02    2.0480000000e+03    5.1180795886e-02    7.4942016602e-01
       151   -4.5278678427e+01    2.0512223040e+03   -7.9968648938e+01    3.4689970510e+01   -1.1421960196e+01   -5.1102678671e+01   -2.1517210080e+01    4.0732000098e+00   -1.1128841356e+01    9.0636339220e-02    2.0480000000e+03    5.1033808577e-02    7.4949645996e-01
       152   -4.5304389309e+01    2.0535858434e+03   -8.0404469643e+01    3.5100080334e+01   -1.1456186623e+01   -5.1102678671e+01   -2.1954752866e+01    4.1091485165e+00   -1.1181223037e+01    9.0636339220e-02    2.0480000000e+03    5.1068433167e-02    7.5282287598e-01
       153   -4.5285859169e+01    2.0520800730e+03   -8.0635899664e+01    3.5350040495e+01   -1.1331260986e+01   -5.1102678671e+01   -2.2485691042e+01    4.2837310347e+00   -1.1037280474e+01    9.0636339220e-02    2.0480000000e+03    5.1183113525e-02    7.5126647949e-01
       154   -4.5245755581e+01    2.0484552044e+03   -8.0261980937e+01    3.5016225356e+01   -1.1262831567e+01   -5.1102678671e+01   -2.2086432253e+01    4.1899615542e+00   -1.0967859093e+01    9.0636339220e-02    2.0480000000e+03    5.1218939805e-02    7.5080871582e-01
       155   -4.5301737779e+01    2.0533490431e+03   -8.0577457387e+01    3.5275719608e+01   -1.1346987302e+01   -5.1102678671e+01   -2.2134981663e+01    4.0071902497e+00   -1.1054253974e+01    9.0636339220e-02    2.0480000000e+03    5.1273656350e-02    7.5323486328e-01
       156   -4.5244230129e+01    2.0481549474e+03   -7.9999054326e+01    3.4754824197e+01   -1.1470103773e+01   -5.1102678671e+01   -2.1371599546e+01    3.9453276641e+00   -1.1168070560e+01    9.0636339220e-02    2.0480000000e+03    5.1021172141e-02    7.5207519531e-01
       157   -4.5273164796e+01    2.0507930678e+03   -8.0418011085e+01    3.5144846289e+01   -1.1339030435e+01   -5.1102678671e+01   -2.2033457891e+01    4.0571559115e+00   -1.1035607319e+01    9.0636339220e-02    2.0480000000e+03    5.1112704805e-02    7.4908447266e-01
       158   -4.5246187333e+01    2.0484278794e+03   -8.0176426515e+01    3.4930239182e+01   -1.1367397137e+01   -5.1102678671e+01   -2.1810453329e+01    4.1041026218e+00   -1.1063073608e+01    9.0636339220e-02    2.0480000000e+03    5.1291409990e-02    7.5053405762e-01
       159   -4.5208620761e+01    2.0450507842e+03   -8.0570585569e+01    3.5361964808e+01   -1.1316600786e+01   -5.1102678671e+01   -2.2011884415e+01    3.8605783029e+00   -1.1021147269e+01    9.0636339220e-02    2.0480000000e+03    5.1148064077e-02    7.5051879883e-01
       160   -4.5305641951e+01    2.0538983967e+03   -8.0266730047e+01    3.4961088097e+01   -1.1474861826e+01   -5.1102678671e+01   -2.1871829982e+01    4.1826404319e+00   -1.1185154684e+01    9.0636339220e-02    2.0480000000e+03    5.1275165173e-02    7.5183105469e-01
       161   -4.5260476843e+01    2.0496342717e+03   -8.0143161757e+01    3.4882684914e+01   -1.1319775278e+01   -5.1102678671e+01   -2.1897170472e+01    4.1764626649e+00   -1.1017629878e+01    9.0636339220e-02    2.0480000000e+03    5.1253453330e-02    7.4916076660e-01
       162   -4.5236372185e+01    2.0474356222e+03   -8.0707754060e+01    3.5471381875e+01   -1.1306089237e+01   -5.1102678671e+01   -2.2254647618e+01    3.9556614673e+00   -1.1008623171e+01    9.0636339220e-02    2.0480000000e+03    5.1275296274e-02    7.4961853027e-01
       163   -4.5289032266e+01    2.0521030166e+03   -8.0298343557e+01    3.5009311291e+01   -1.1334361897e+01   -5.1102678671e+01   -2.2069354871e+01    4.2080518822e+00   -1.1029903059e+01    9.0636339220e-02    2.0480000000e+03    5.1380510779e-02    7.4903869629e-01
       164   -4.5245709304e+01    2.0483008936e+03   -8.0398221099e+01    3.5152511796e+01   -1.1345478303e+01   -5.1102678671e+01   -2.1984340177e+01    4.0342760526e+00   -1.1046422768e+01    9.0636339220e-02    2.0480000000e+03    5.1314833567e-02    7.5262451172e-01
       165   -4.5309619647e+01    2.0541589787e+03   -8.0243011941e+01    3.4933392294e+01   -1.1388777218e+01   -5.1102678671e+01   -2.2068197324e+01    4.3166412715e+00   -1.1088337766e+01    9.0636339220e-02    2.0480000000e+03    5.1153917693e-02    7.5173950195e-01
       166   -4.5261978268e+01    2.0498386384e+03   -8.0272407251e+01    3.5010428983e+01   -1.1388996069e+01   -5.1102678671e+01   -2.1945961191e+01    4.1652286808e+00   -1.1095133289e+01    9.0636339220e-02    2.0480000000e+03    5.1221840051e-02    7.4874877930e-01
       167   -4.5324389570e+01    2.0554273679e+03   -8.0286175034e+01    3.4961785465e+01   -1.1568897176e+01   -5.1102678671e+01   -2.1595490928e+01    3.9808917415e+00   -1.1282052714e+01    9.0636339220e-02    2.0480000000e+03    5.1148248474e-02    7.4906921387e-01
       168   -4.5309302709e+01    2.0541293252e+03   -8.0744521197e+01    3.5435218488e+01   -1.1259604135e+01   -5.1102678671e+01   -2.2491640640e+01    4.1094022484e+00   -1.0967336649e+01    9.0636339220e-02    2.0480000000e+03    5.1328434048e-02    7.4732971191e-01
       169   -4.5250771923e+01    2.0487298877e+03   -8.0639037126e+01    3.5388265203e+01   -1.1469282678e+01   -5.1102678671e+01   -2.1915307266e+01    3.8482314888e+00   -1.1172766379e+01    9.0636339220e-02    2.0480000000e+03    5.1254394033e-02    7.4893188477e-01
       170   -4.5281028140e+01    2.0514658550e+03   -8.0371428636e+01    3.5090400496e+01   -1.1421261707e+01   -5.1102678671e+01   -2.1845825802e+01    3.9983375438e+00   -1.1128433711e+01    9.0636339220e-02    2.0480000000e+03    5.1191697441e-02    7.5170898438e-01
       171   -4.5283741277e+01    2.0517475388e+03   -8.0429664537e+01    3.5145923260e+01   -1.1290373817e+01   -5.1102678671e+01   -2.2146208906e+01    4.1095968568e+00   -1.0993754512e+01    9.0636339220e-02    2.0480000000e+03    5.1131506418e-02    7.5051879883e-01
       172   -4.5282121103e+01    2.0515823318e+03   -8.0397051863e+01    3.5114930759e+01   -1.1347652423e+01   -5.1102678671e+01   -2.1784569943e+01    3.8378491744e+00   -1.1068177063e+01    9.0636339220e-02    2.0480000000e+03    5.1061190105e-02    7.5257873535e-01
       173   -4.5215866479e+01    2.0455990902e+03   -8.0517827799e+01    3.5301961320e+01   -1.1291534743e+01   -5.1102678671e+01   -2.2097019325e+01    3.9734049407e+00   -1.0977804184e+01    9.0636339220e-02    2.0480000000e+03    5.1191280867e-02    7.5003051758e-01
       174   -4.5205578747e+01    2.0449021430e+03   -8.0553568278e+01    3.5347989530e+01   -1.1354495591e+01   -5.1102678671e+01   -2.1985447487e+01    3.8890534719e+00   -1.1058123448e+01    9.0636339220e-02    2.0480000000e+03    5.1333116467e-02    7.5019836426e-01
       175   -4.5257150356e+01    2.0493705443e+03   -8.0418392673e+01    3.5161242317e+01   -1.1336319778e+01   -5.1102678671e+01   -2.2006714214e+01    4.0273199905e+00   -1.1039820679e+01    9.0636339220e-02    2.0480000000e+03    5.1239049307e-02    7.5035095215e-01
       176   -4.5315698009e+01    2.0547130415e+03   -8.0381195741e+01    3.5065497732e+01   -1.1356752130e+01   -5.1102678671e+01   -2.2104919034e+01    4.1831540936e+00   -1.1063031575e+01    9.0636339220e-02    2.0480000000e+03    5.1255576501e-02    7.5263977051e-01
       177   -4.5279436996e+01    2.0513481521e+03   -8.0567068451e+01    3.5287631455e+01   -1.1439609296e+01   -5.1102678671e+01   -2.2112219860e+01    4.0874393758e+00   -1.1144961192e+01    9.0636339220e-02    2.0480000000e+03    5.1139946953e-02    7.5411987305e-01
       178   -4.5243204082e+01    2.0481607664e+03   -8.0193496570e+01    3.4950292488e+01   -1.1364205061e+01   -5.1102678671e+01   -2.1672940207e+01    3.9463273693e+00   -1.1051053054e+01    9.0636339220e-02    2.0480000000e+03    5.1243898406e-02    7.4758911133e-01
       179   -4.5244850120e+01    2.0481689185e+03   -8.0357601504e+01    3.5112751384e+01   -1.1358250036e+01   -5.1102678671e+01   -2.2176408440e+01    4.2797356431e+00   -1.1060731598e+01    9.0636339220e-02    2.0480000000e+03    5.1181644233e-02    7.4914550781e-01
       180   -4.5317236749e+01    2.0546779720e+03   -8.0238675305e+01    3.4921438556e+01   -1.1365388691e+01   -5.1102678671e+01   -2.1810097487e+01    4.0394895435e+00   -1.1077009493e+01    9.0636339220e-02    2.0480000000e+03    5.1474448206e-02    7.5064086914e-01
       181   -4.5308009294e+01    2.0539090185e+03   -8.0127604331e+01    3.4819595037e+01   -1.1486588144e+01   -5.1102678671e+01   -2.1729473436e+01    4.1911359206e+00   -1.1195677441e+01    9.0636339220e-02    2.0480000000e+03    5.1074158174e-02    7.5129699707e-01
       182   -4.5262355037e+01    2.0497834434e+03   -7.9897312248e+01    3.4634957211e+01   -1.1365288202e+01   -5.1102678671e+01   -2.1375502772e+01    3.9461573979e+00   -1.1064189296e+01    9.0636339220e-02    2.0480000000e+03    5.1169598743e-02    7.5318908691e-01
       183   -4.5268147434e+01    2.0502821603e+03   -8.0364880573e+01    3.5096733139e+01   -1.1320964559e+01   -5.1102678671e+01   -2.1909327070e+01    3.9680897268e+00   -1.1015439695e+01    9.0636339220e-02    2.0480000000e+03    5.1290403047e-02    7.5210571289e-01
       184   -4.5274234047e+01    2.0508414876e+03   -8.0528545696e+01    3.5254311649e+01   -1.1429816663e+01   -5.1102678671e+01   -2.1974171412e+01    3.9781210505e+00   -1.1128655053e+01    9.0636339220e-02    2.0480000000e+03    5.1215690364e-02    7.4879455566e-01
       185   -4.5283271683e+01    2.0517073044e+03   -8.0276190725e+01    3.4992919042e+01   -1.1342002563e+01   -5.1102678671e+01   -2.1953870513e+01    4.1223610216e+00   -1.1049330699e+01    9.0636339220e-02    2.0480000000e+03    5.1131748521e-02    7.5109863281e-01
       186   -4.5305868356e+01    2.0537110491e+03   -8.0589278092e+01    3.5283409736e+01   -1.1454194913e+01   -5.1102678671e+01   -2.2176762363e+01    4.1443578553e+00   -1.1165940212e+01    9.0636339220e-02    2.0480000000e+03    5.1249549353e-02    7.4977111816e-01
       187   -4.5260506782e+01    2.0496802267e+03   -8.0280397595e+01    3.5019890813e+01   -1.1336829995e+01   -5.1102678671e+01   -2.1796114424e+01    3.9552254955e+00   -1.1043848628e+01    9.0636339220e-02    2.0480000000e+03    5.1329119333e-02    7.5151062012e-01
       188   -4.5239128122e+01    2.0477986050e+03   -8.0679097225e+01    3.5439969102e+01   -1.1314980491e+01   -5.1102678671e+01   -2.2277602134e+01    4.0161640718e+00   -1.1012618975e+01    9.0636339220e-02    2.0480000000e+03    5.1337431440e-02    7.4949645996e-01
       189   -4.5236892312e+01    2.0474637683e+03   -8.0214273937e+01    3.4977381625e+01   -1.1388151357e+01   -5.1102678671e+01   -2.1740220781e+01    4.0167768724e+00   -1.1088604867e+01    9.0636339220e-02    2.0480000000e+03    5.1036890920e-02    7.5090026855e-01
       190   -4.5245642648e+01    2.0484830224e+03   -8.0243611269e+01    3.4997968622e+01   -1.1388342172e+01   -5.1102678671e+01   -2.1912104381e+01    4.1595139549e+00   -1.1090558301e+01    9.0636339220e-02    2.0480000000e+03    5.1069609436e-02    7.5144958496e-01
       191   -4.5249489964e+01    2.0486989340e+03   -8.0444953444e+01    3.5195463480e+01   -1.1313690140e+01   -5.1102678671e+01   -2.2107544612e+01    4.0789599792e+00   -1.1030736427e+01    9.0636339220e-02    2.0480000000e+03    5.1186051304e-02    7.4885559082e-01
       192   -4.5249442275e+01    2.0486564417e+03   -8.0166177256e+01    3.4916734981e+01   -1.1416235486e+01   -5.1102678671e+01   -2.1683726514e+01    4.0364634156e+00   -1.1111510972e+01    9.0636339220e-02    2.0480000000e+03    5.1236639683e-02    7.5328063965e-01
       193   -4.5254399341e+01    2.0490575377e+03   -8.0501714255e+01    3.5247314914e+01   -1.1334517472e+01   -5.1102678671e+01   -2.2186711694e+01    4.1221935828e+00   -1.1039188641e+01    9.0636339220e-02    2.0480000000e+03    5.1211827056e-02    7.4903869629e-01
       194   -4.5208174154e+01    2.0448959863e+03   -8.0579715009e+01    3.5371540855e+01   -1.1535423129e+01   -5.1102678671e+01   -2.2019053247e+01    4.0774400390e+00   -1.1238355342e+01    9.0636339220e-02    2.0480000000e+03    5.1094364722e-02    7.5183105469e-01
       195   -4.5228720828e+01    2.0469012054e+03   -8.0519991254e+01    3.5291270427e+01   -1.1495782681e+01   -5.1102678671e+01   -2.1857844252e+01    3.9363143507e+00   -1.1206376810e+01    9.0636339220e-02    2.0480000000e+03    5.1057974331e-02    7.4981689453e-01
       196   -4.5270091575e+01    2.0505098072e+03   -8.0346236957e+01    3.5076145382e+01   -1.1485935765e+01   -5.1102678671e+01   -2.1640143987e+01    3.8825214662e+00   -1.1190284175e+01    9.0636339220e-02    2.0480000000e+03    5.1003732664e-02    7.5244140625e-01
       197   -4.5251365261e+01    2.0487393180e+03   -8.0141858656e+01    3.4890493396e+01   -1.1463878386e+01   -5.1102678671e+01   -2.1470340100e+01    3.8950385002e+00   -1.1183388218e+01    9.0636339220e-02    2.0480000000e+03    5.0991740847e-02    7.5094604492e-01
       198   -4.5250851518e+01    2.0488000721e+03   -8.0479937778e+01    3.5229086260e+01   -1.1247795563e+01   -5.1102678671e+01   -2.2138207172e+01    4.0087436275e+00   -1.0946463827e+01    9.0636339220e-02    2.0480000000e+03    5.1184640894e-02    7.4896240234e-01
       199   -4.5307555376e+01    2.0538447674e+03   -8.0258869448e+01    3.4951314072e+01   -1.1425680097e+01   -5.1102678671e+01   -2.1769089188e+01    4.0385785080e+00   -1.1134491299e+01    9.0636339220e-02    2.0480000000e+03    5.1211494077e-02    7.5114440918e-01
