#   index    LocalEnergy         LocalEnergy_sq      LocalPotential      Kinetic             ElecElec            IonIon              LocalECP            NonLocalECP         MPC                 KEcorr              BlockWeight         BlockCPU            AcceptRatio         
         0   -4.5203132621e+01    2.0447403946e+03   -8.0251711274e+01    3.5048578653e+01   -1.1419198009e+01   -5.1102678671e+01   -2.1750846255e+01    4.0210116605e+00   -1.1127519525e+01    8.7885015278e-02    2.0480000000e+03    5.1111812209e-02    7.5259399414e-01
         1   -4.5235026458e+01    2.0472751810e+03   -8.0628546602e+01    3.5393520144e+01   -1.1407962856e+01   -5.1102678671e+01   -2.1811882744e+01    3.6939776688e+00   -1.1118431763e+01    8.7885015278e-02    2.0480000000e+03    5.1177613550e-02    7.5215148926e-01
         2   -4.5165354008e+01    2.0411056189e+03   -8.0019836935e+01    3.4854482926e+01   -1.1418524780e+01   -5.1102678671e+01   -2.1519413013e+01    4.0207795293e+00   -1.1116036441e+01    8.7885015278e-02    2.0480000000e+03    5.1052381792e-02    7.5372314453e-01
         3   -4.5211157074e+01    2.0451241407e+03   -7.9865703141e+01    3.4654546067e+01   -1.1460020890e+01   -5.1102678671e+01   -2.1357558885e+01    4.0545553049e+00   -1.1162199724e+01    8.7885015278e-02    2.0480000000e+03    5.1084751604e-02    7.5019836426e-01
         4   -4.5172450116e+01    2.0416798975e+03   -8.0296778166e+01    3.5124328051e+01   -1.1469499943e+01   -5.1102678671e+01   -2.1820229673e+01    4.0956301214e+00   -1.1164228887e+01    8.7885015278e-02    2.0480000000e+03    5.1010273333e-02    7.5134277344e-01
         5   -4.5192466862e+01    2.0434739453e+03   -8.0276966078e+01    3.5084499216e+01   -1.1406261622e+01   -5.1102678671e+01   -2.1745977394e+01    3.9779516088e+00   -1.1108295220e+01    8.7885015278e-02    2.0480000000e+03    5.1223055967e-02    7.5372314453e-01
         6   -4.5225279095e+01    2.0465011040e+03   -8.0366273460e+01    3.5140994365e+01   -1.1310659748e+01   -5.1102678671e+01   -2.1752449378e+01    3.7995143374e+00   -1.1009818692e+01    8.7885015278e-02    2.0480000000e+03    5.1280276218e-02    7.5137329102e-01
         7   -4.5200327763e+01    2.0442322676e+03   -8.0336083547e+01    3.5135755784e+01   -1.1411339789e+01   -5.1102678671e+01   -2.1690775790e+01    3.8687107043e+00   -1.1112005267e+01    8.7885015278e-02    2.0480000000e+03    5.0907436526e-02    7.5080871582e-01
         8   -4.5225587213e+01    2.0465345566e+03   -8.0335845805e+01    3.5110258592e+01   -1.1352481731e+01   -5.1102678671e+01   -2.1952320870e+01    4.0716354668e+00   -1.1056810175e+01    8.7885015278e-02    2.0480000000e+03    5.1156668206e-02    7.5166320801e-01
         9   -4.5280492724e+01    2.0514439430e+03   -8.0276967151e+01    3.4996474427e+01   -1.1450418041e+01   -5.1102678671e+01   -2.1765261970e+01    4.0413915306e+00   -1.1155391333e+01    8.7885015278e-02    2.0480000000e+03    5.1074366526e-02    7.5276184082e-01
        10   -4.5244599781e+01    2.0482540687e+03   -8.0169975053e+01    3.4925375271e+01   -1.1571811209e+01   -5.1102678671e+01   -2.1472010646e+01    3.9765254733e+00   -1.1273407266e+01    8.7885015278e-02    2.0480000000e+03    5.0886080032e-02    7.5207519531e-01
        11   -4.5198145640e+01    2.0439753200e+03   -8.0219401634e+01    3.5021255994e+01   -1.1401808523e+01   -5.1102678671e+01   -2.1744063911e+01    4.0291494716e+00   -1.1098385354e+01    8.7885015278e-02    2.0480000000e+03    5.1037487009e-02    7.5274658203e-01
        12   -4.5201493274e+01    2.0444360509e+03   -8.0226795266e+01    3.5025301992e+01   -1.1381080182e+01   -5.1102678671e+01   -2.1774544620e+01    4.0315082072e+00   -1.1081320110e+01    8.7885015278e-02    2.0480000000e+03    5.1178669709e-02    7.5355529785e-01
        13   -4.5181741297e+01    2.0425459745e+03   -8.0204706339e+01    3.5022965042e+01   -1.1451266850e+01   -5.1102678671e+01   -2.1659032987e+01    4.0082721695e+00   -1.1138052293e+01    8.7885015278e-02    2.0480000000e+03    5.1157340374e-02    7.5309753418e-01
        14   -4.5162268006e+01    2.0407977227e+03   -8.0141395905e+01    3.4979127899e+01   -1.1384882318e+01   -5.1102678671e+01   -2.1551556296e+01    3.8977213801e+00   -1.1096276433e+01    8.7885015278e-02    2.0480000000e+03    5.1007397107e-02    7.5123596191e-01
        15   -4.5151863084e+01    2.0398647555e+03   -8.0412729545e+01    3.5260866462e+01   -1.1282249950e+01   -5.1102678671e+01   -2.2157183258e+01    4.1293823331e+00   -1.0970161381e+01    8.7885015278e-02    2.0480000000e+03    5.1521704775e-02    7.5309753418e-01
        16   -4.5206440311e+01    2.0446980295e+03   -8.0084340253e+01    3.4877899941e+01   -1.1400778100e+01   -5.1102678671e+01   -2.1653445154e+01    4.0725616719e+00   -1.1104451771e+01    8.7885015278e-02    2.0480000000e+03    5.1123025769e-02    7.5216674805e-01
        17   -4.5138761281e+01    2.0388183570e+03   -8.0096578168e+01    3.4957816887e+01   -1.1305067993e+01   -5.1102678671e+01   -2.1579771164e+01    3.8909396599e+00   -1.0995585503e+01    8.7885015278e-02    2.0480000000e+03    5.1058188657e-02    7.5085449219e-01
        18   -4.5242006746e+01    2.0479866299e+03   -7.9872273860e+01    3.4630267114e+01   -1.1461708144e+01   -5.1102678671e+01   -2.1385792545e+01    4.0779055000e+00   -1.1165049968e+01    8.7885015278e-02    2.0480000000e+03    5.1009331621e-02    7.5137329102e-01
        19   -4.5180855211e+01    2.0425736661e+03   -7.9929133579e+01    3.4748278368e+01   -1.1528096882e+01   -5.1102678671e+01   -2.1257081221e+01    3.9587231950e+00   -1.1237981777e+01    8.7885015278e-02    2.0480000000e+03    5.1045364011e-02    7.5424194336e-01
        20   -4.5220963266e+01    2.0460958072e+03   -8.0163092377e+01    3.4942129112e+01   -1.1486199311e+01   -5.1102678671e+01   -2.1545332331e+01    3.9711179360e+00   -1.1192397677e+01    8.7885015278e-02    2.0480000000e+03    5.1164965698e-02    7.5379943848e-01
        21   -4.5224319155e+01    2.0463144641e+03   -8.0200683763e+01    3.4976364608e+01   -1.1481407020e+01   -5.1102678671e+01   -2.1579601962e+01    3.9630038901e+00   -1.1199434673e+01    8.7885015278e-02    2.0480000000e+03    5.1063398098e-02    7.5358581543e-01
        22   -4.5208331690e+01    2.0450302544e+03   -7.9921889831e+01    3.4713558141e+01   -1.1371309786e+01   -5.1102678671e+01   -2.1330651058e+01    3.8827496837e+00   -1.1054466555e+01    8.7885015278e-02    2.0480000000e+03    5.1120443540e-02    7.5215148926e-01
        23   -4.5184004043e+01    2.0427315274e+03   -8.0040330418e+01    3.4856326375e+01   -1.1352928025e+01   -5.1102678671e+01   -2.1730046955e+01    4.1453232338e+00   -1.1044800546e+01    8.7885015278e-02    2.0480000000e+03    5.1118621887e-02    7.5514221191e-01
        24   -4.5182924468e+01    2.0425298758e+03   -7.9836547344e+01    3.4653622875e+01   -1.1406944069e+01   -5.1102678671e+01   -2.1315107099e+01    3.9881824946e+00   -1.1106131987e+01    8.7885015278e-02    2.0480000000e+03    5.1023884524e-02    7.5492858887e-01
        25   -4.5188482501e+01    2.0431953614e+03   -8.0222513410e+01    3.5034030908e+01   -1.1303011233e+01   -5.1102678671e+01   -2.1956672946e+01    4.1398494405e+00   -1.0991657278e+01    8.7885015278e-02    2.0480000000e+03    5.1144852192e-02    7.5262451172e-01
        26   -4.5195470684e+01    2.0436877338e+03   -8.0123594471e+01    3.4928123788e+01   -1.1416224233e+01   -5.1102678671e+01   -2.1693679639e+01    4.0889880716e+00   -1.1128082505e+01    8.7885015278e-02    2.0480000000e+03    5.0960587576e-02    7.5270080566e-01
        27   -4.5238946284e+01    2.0478946895e+03   -8.0086212695e+01    3.4847266411e+01   -1.1396764766e+01   -5.1102678671e+01   -2.1734415928e+01    4.1476466695e+00   -1.1092944052e+01    8.7885015278e-02    2.0480000000e+03    5.1110790391e-02    7.5161743164e-01
        28   -4.5183874610e+01    2.0427153026e+03   -8.0028982117e+01    3.4845107508e+01   -1.1389703538e+01   -5.1102678671e+01   -2.1418893487e+01    3.8822935789e+00   -1.1079222318e+01    8.7885015278e-02    2.0480000000e+03    5.1050297476e-02    7.5024414062e-01
        29   -4.5208645907e+01    2.0449054965e+03   -8.0273582541e+01    3.5064936634e+01   -1.1455164340e+01   -5.1102678671e+01   -2.1903635017e+01    4.1878954865e+00   -1.1161036556e+01    8.7885015278e-02    2.0480000000e+03    5.1145229216e-02    7.5216674805e-01
        30   -4.5244618885e+01    2.0482007654e+03   -8.0115594661e+01    3.4870975775e+01   -1.1286351749e+01   -5.1102678671e+01   -2.1867799456e+01    4.1412352150e+00   -1.0991207458e+01    8.7885015278e-02    2.0480000000e+03    5.1089279099e-02    7.5115966797e-01
        31   -4.5205988398e+01    2.0448297349e+03   -7.9973185448e+01    3.4767197050e+01   -1.1372320443e+01   -5.1102678671e+01   -2.1582616278e+01    4.0844299449e+00   -1.1070466956e+01    8.7885015278e-02    2.0480000000e+03    5.1132206711e-02    7.5140380859e-01
        32   -4.5213708905e+01    2.0453372129e+03   -8.0683472187e+01    3.5469763282e+01   -1.1486905981e+01   -5.1102678671e+01   -2.2307087055e+01    4.2131995197e+00   -1.1186705145e+01    8.7885015278e-02    2.0480000000e+03    5.1120011284e-02    7.5390625000e-01
        33   -4.5201809597e+01    2.0444311315e+03   -8.0597945720e+01    3.5396136123e+01   -1.1378759483e+01   -5.1102678671e+01   -2.2182401568e+01    4.0658940021e+00   -1.1083229012e+01    8.7885015278e-02    2.0480000000e+03    5.1088661033e-02    7.5039672852e-01
        34   -4.5195100805e+01    2.0437002382e+03   -7.9956973877e+01    3.4761873072e+01   -1.1362283971e+01   -5.1102678671e+01   -2.1499525602e+01    4.0075143675e+00   -1.1060815063e+01    8.7885015278e-02    2.0480000000e+03    5.1051326501e-02    7.5299072266e-01
        35   -4.5215861884e+01    2.0455451477e+03   -8.0333992128e+01    3.5118130243e+01   -1.1396791784e+01   -5.1102678671e+01   -2.2009727956e+01    4.1752062831e+00   -1.1102108268e+01    8.7885015278e-02    2.0480000000e+03    5.1038192490e-02    7.5015258789e-01
        36   -4.5186527793e+01    2.0428646347e+03   -8.0276444211e+01    3.5089916418e+01   -1.1366793683e+01   -5.1102678671e+01   -2.1611226949e+01    3.8042550917e+00   -1.1062103410e+01    8.7885015278e-02    2.0480000000e+03    5.1155853591e-02    7.5325012207e-01
        37   -4.5223633386e+01    2.0462931957e+03   -8.0162584872e+01    3.4938951485e+01   -1.1431464445e+01   -5.1102678671e+01   -2.1592666661e+01    3.9642249056e+00   -1.1137700691e+01    8.7885015278e-02    2.0480000000e+03    5.1164276638e-02    7.5054931641e-01
        38   -4.5260883047e+01    2.0497673034e+03   -8.0654883605e+01    3.5394000557e+01   -1.1372577166e+01   -5.1102678671e+01   -2.2251435120e+01    4.0718073532e+00   -1.1087829707e+01    8.7885015278e-02    2.0480000000e+03    5.1226435342e-02    7.5184631348e-01
        39   -4.5195228656e+01    2.0438844851e+03   -8.0006329834e+01    3.4811101178e+01   -1.1529674079e+01   -5.1102678671e+01   -2.1074042259e+01    3.7000651752e+00   -1.1233593200e+01    8.7885015278e-02    2.0480000000e+03    5.1174132905e-02    7.5428771973e-01
        40   -4.5177056949e+01    2.0421330603e+03   -7.9932712743e+01    3.4755655794e+01   -1.1435848342e+01   -5.1102678671e+01   -2.1264632584e+01    3.8704468535e+00   -1.1131309856e+01    8.7885015278e-02    2.0480000000e+03    5.1048817610e-02    7.5152587891e-01
        41   -4.5190303882e+01    2.0433951176e+03   -8.0267052469e+01    3.5076748588e+01   -1.1312176049e+01   -5.1102678671e+01   -2.1873345097e+01    4.0211473481e+00   -1.1003190959e+01    8.7885015278e-02    2.0480000000e+03    5.1114079604e-02    7.5248718262e-01
        42   -4.5218908660e+01    2.0458511982e+03   -8.0200946798e+01    3.4982038139e+01   -1.1288345535e+01   -5.1102678671e+01   -2.1701704373e+01    3.8917817813e+00   -1.0986669777e+01    8.7885015278e-02    2.0480000000e+03    5.1053624963e-02    7.5126647949e-01
        43   -4.5259604218e+01    2.0495835060e+03   -8.0252888056e+01    3.4993283838e+01   -1.1408915095e+01   -5.1102678671e+01   -2.1867760153e+01    4.1264658622e+00   -1.1110101649e+01    8.7885015278e-02    2.0480000000e+03    5.1282479480e-02    7.5201416016e-01
        44   -4.5212833346e+01    2.0453662410e+03   -7.9979098061e+01    3.4766264715e+01   -1.1458965304e+01   -5.1102678671e+01   -2.1468778033e+01    4.0513239471e+00   -1.1165555938e+01    8.7885015278e-02    2.0480000000e+03    5.1037802981e-02    7.5123596191e-01
        45   -4.5180240798e+01    2.0424876328e+03   -7.9775707475e+01    3.4595466677e+01   -1.1431036991e+01   -5.1102678671e+01   -2.1113942522e+01    3.8719507099e+00   -1.1116158048e+01    8.7885015278e-02    2.0480000000e+03    5.0936609321e-02    7.5253295898e-01
        46   -4.5178270296e+01    2.0421590862e+03   -7.9976896566e+01    3.4798626270e+01   -1.1308378756e+01   -5.1102678671e+01   -2.1421875829e+01    3.8560366906e+00   -1.1004180351e+01    8.7885015278e-02    2.0480000000e+03    5.1234460876e-02    7.5070190430e-01
        47   -4.5180732334e+01    2.0423706878e+03   -7.9831076845e+01    3.4650344511e+01   -1.1397619328e+01   -5.1102678671e+01   -2.1391164136e+01    4.0603852901e+00   -1.1087075834e+01    8.7885015278e-02    2.0480000000e+03    5.0972330969e-02    7.5372314453e-01
        48   -4.5221714913e+01    2.0462152544e+03   -8.0136320891e+01    3.4914605978e+01   -1.1335338650e+01   -5.1102678671e+01   -2.1910784461e+01    4.2124808909e+00   -1.1031968219e+01    8.7885015278e-02    2.0480000000e+03    5.1035067913e-02    7.5355529785e-01
        49   -4.5272400365e+01    2.0507122497e+03   -8.0242975395e+01    3.4970575030e+01   -1.1474578238e+01   -5.1102678671e+01   -2.1629502617e+01    3.9637841317e+00   -1.1180709775e+01    8.7885015278e-02    2.0480000000e+03    5.1141344141e-02    7.5102233887e-01
        50   -4.5243043287e+01    2.0481523735e+03   -8.0479959861e+01    3.5236916574e+01   -1.1390410229e+01   -5.1102678671e+01   -2.2040400647e+01    4.0535296851e+00   -1.1096830749e+01    8.7885015278e-02    2.0480000000e+03    5.1097423828e-02    7.5152587891e-01
        51   -4.5207057221e+01    2.0448729523e+03   -8.0025052289e+01    3.4817995068e+01   -1.1286173192e+01   -5.1102678671e+01   -2.1618509638e+01    3.9823092116e+00   -1.0975776442e+01    8.7885015278e-02    2.0480000000e+03    5.1109011211e-02    7.4913024902e-01
        52   -4.5161195911e+01    2.0406961695e+03   -7.9940362950e+01    3.4779167039e+01   -1.1344228417e+01   -5.1102678671e+01   -2.1408374879e+01    3.9149190180e+00   -1.1041533340e+01    8.7885015278e-02    2.0480000000e+03    5.1111237834e-02    7.5175476074e-01
        53   -4.5196763953e+01    2.0439672092e+03   -8.0285076465e+01    3.5088312512e+01   -1.1382533323e+01   -5.1102678671e+01   -2.1844850811e+01    4.0449863406e+00   -1.1074432209e+01    8.7885015278e-02    2.0480000000e+03    5.1122832151e-02    7.5296020508e-01
        54   -4.5195734612e+01    2.0438286003e+03   -8.0245147517e+01    3.5049412905e+01   -1.1446395318e+01   -5.1102678671e+01   -2.1390461821e+01    3.6943882929e+00   -1.1147572232e+01    8.7885015278e-02    2.0480000000e+03    5.1085734719e-02    7.5376892090e-01
        55   -4.5253269521e+01    2.0489652408e+03   -8.0228578752e+01    3.4975309231e+01   -1.1493866390e+01   -5.1102678671e+01   -2.1860097438e+01    4.2280637468e+00   -1.1208564613e+01    8.7885015278e-02    2.0480000000e+03    5.1158231943e-02    7.5204467773e-01
        56   -4.5215359202e+01    2.0457994081e+03   -8.0107277511e+01    3.4891918309e+01   -1.1441522442e+01   -5.1102678671e+01   -2.1623720965e+01    4.0606445671e+00   -1.1158015919e+01    8.7885015278e-02    2.0480000000e+03    5.1108960959e-02    7.5462341309e-01
        57   -4.5114117426e+01    2.0364034237e+03   -7.9984468534e+01    3.4870351108e+01   -1.1434995086e+01   -5.1102678671e+01   -2.1400982899e+01    3.9541881213e+00   -1.1124634310e+01    8.7885015278e-02    2.0480000000e+03    5.1085649961e-02    7.5100708008e-01
        58   -4.5226680432e+01    2.0465901565e+03   -7.9993114731e+01    3.4766434298e+01   -1.1469002995e+01   -5.1102678671e+01   -2.1390339531e+01    3.9689064659e+00   -1.1168634946e+01    8.7885015278e-02    2.0480000000e+03    5.0991023828e-02    7.5224304199e-01
        59   -4.5193115946e+01    2.0435899576e+03   -7.9946882961e+01    3.4753767015e+01   -1.1492368025e+01   -5.1102678671e+01   -2.1020797946e+01    3.6689616815e+00   -1.1192661727e+01    8.7885015278e-02    2.0480000000e+03    5.1079429224e-02    7.5529479980e-01
        60   -4.5204468136e+01    2.0445700185e+03   -8.0583280483e+01    3.5378812347e+01   -1.1392458690e+01   -5.1102678671e+01   -2.2197354540e+01    4.1092114180e+00   -1.1101329001e+01    8.7885015278e-02    2.0480000000e+03    5.1177025144e-02    7.4977111816e-01
        61   -4.5228867407e+01    2.0468047011e+03   -8.0371028054e+01    3.5142160647e+01   -1.1357072140e+01   -5.1102678671e+01   -2.1966910272e+01    4.0556330300e+00   -1.1056293797e+01    8.7885015278e-02    2.0480000000e+03    5.1253398037e-02    7.5321960449e-01
        62   -4.5139333459e+01    2.0387221030e+03   -8.0083631661e+01    3.4944298202e+01   -1.1378957782e+01   -5.1102678671e+01   -2.1474779148e+01    3.8727839406e+00   -1.1073520945e+01    8.7885015278e-02    2.0480000000e+03    5.1112244595e-02    7.5280761719e-01
        63   -4.5234001573e+01    2.0473227020e+03   -8.0172466404e+01    3.4938464831e+01   -1.1453557321e+01   -5.1102678671e+01   -2.1528767985e+01    3.9125375735e+00   -1.1161541410e+01    8.7885015278e-02    2.0480000000e+03    5.1092017534e-02    7.4629211426e-01
        64   -4.5218198220e+01    2.0458429989e+03   -8.0216353655e+01    3.4998155436e+01   -1.1380295175e+01   -5.1102678671e+01   -2.1705540676e+01    3.9721608666e+00   -1.1083729921e+01    8.7885015278e-02    2.0480000000e+03    5.0914134868e-02    7.4588012695e-01
        65   -4.5184639042e+01    2.0427508071e+03   -8.0366984331e+01    3.5182345289e+01   -1.1494985041e+01   -5.1102678671e+01   -2.1693316052e+01    3.9239954330e+00   -1.1201811273e+01    8.7885015278e-02    2.0480000000e+03    5.0911390344e-02    7.5108337402e-01
        66   -4.5204500430e+01    2.0445345357e+03   -8.0051145065e+01    3.4846644635e+01   -1.1379114746e+01   -5.1102678671e+01   -2.1502440927e+01    3.9330892799e+00   -1.1073821782e+01    8.7885015278e-02    2.0480000000e+03    5.1092840083e-02    7.5126647949e-01
        67   -4.5185640814e+01    2.0430096052e+03   -7.9852259788e+01    3.4666618973e+01   -1.1326900532e+01   -5.1102678671e+01   -2.1413279638e+01    3.9905990529e+00   -1.1021873329e+01    8.7885015278e-02    2.0480000000e+03    5.1141163958e-02    7.5344848633e-01
        68   -4.5222333418e+01    2.0462274036e+03   -8.0199058631e+01    3.4976725213e+01   -1.1429879808e+01   -5.1102678671e+01   -2.1913502416e+01    4.2470022640e+00   -1.1135173250e+01    8.7885015278e-02    2.0480000000e+03    5.1092395173e-02    7.5401306152e-01
        69   -4.5172937429e+01    2.0418910696e+03   -7.9962383730e+01    3.4789446301e+01   -1.1420828642e+01   -5.1102678671e+01   -2.1455341370e+01    4.0164649534e+00   -1.1118080223e+01    8.7885015278e-02    2.0480000000e+03    5.1020507720e-02    7.5248718262e-01
        70   -4.5167176285e+01    2.0411533343e+03   -8.0294378266e+01    3.5127201981e+01   -1.1415234556e+01   -5.1102678671e+01   -2.1779688861e+01    4.0032238214e+00   -1.1116111617e+01    8.7885015278e-02    2.0480000000e+03    5.0953206899e-02    7.5158691406e-01
        71   -4.5233393846e+01    2.0471785434e+03   -8.0145791986e+01    3.4912398140e+01   -1.1459909519e+01   -5.1102678671e+01   -2.1637271717e+01    4.0540679217e+00   -1.1164062849e+01    8.7885015278e-02    2.0480000000e+03    5.1190748669e-02    7.4931335449e-01
        72   -4.5225837446e+01    2.0466431859e+03   -8.0163441633e+01    3.4937604187e+01   -1.1420209411e+01   -5.1102678671e+01   -2.1850596085e+01    4.2100425339e+00   -1.1130771799e+01    8.7885015278e-02    2.0480000000e+03    5.1083897156e-02    7.5207519531e-01
        73   -4.5239171463e+01    2.0476769004e+03   -8.0106147237e+01    3.4866975774e+01   -1.1520943965e+01   -5.1102678671e+01   -2.1498709512e+01    4.0161849106e+00   -1.1234911479e+01    8.7885015278e-02    2.0480000000e+03    5.1072688145e-02    7.5291442871e-01
        74   -4.5215639636e+01    2.0455589325e+03   -8.0017935882e+01    3.4802296246e+01   -1.1426998590e+01   -5.1102678671e+01   -2.1392081338e+01    3.9038227171e+00   -1.1147752127e+01    8.7885015278e-02    2.0480000000e+03    5.1102743213e-02    7.5341796875e-01
        75   -4.5172979087e+01    2.0417620396e+03   -8.0219371451e+01    3.5046392364e+01   -1.1397438076e+01   -5.1102678671e+01   -2.1548078372e+01    3.8288236668e+00   -1.1091601315e+01    8.7885015278e-02    2.0480000000e+03    5.1086544673e-02    7.5181579590e-01
        76   -4.5241686536e+01    2.0479587357e+03   -8.0601963134e+01    3.5360276599e+01   -1.1410912640e+01   -5.1102678671e+01   -2.2257121381e+01    4.1687495571e+00   -1.1122296144e+01    8.7885015278e-02    2.0480000000e+03    5.1178682031e-02    7.5247192383e-01
        77   -4.5230397105e+01    2.0468906193e+03   -8.0261876265e+01    3.5031479160e+01   -1.1458137200e+01   -5.1102678671e+01   -2.1599213572e+01    3.8981531781e+00   -1.1165523585e+01    8.7885015278e-02    2.0480000000e+03    5.0963691265e-02    7.5331115723e-01
        78   -4.5218213729e+01    2.0458406145e+03   -8.0414325024e+01    3.5196111295e+01   -1.1314799897e+01   -5.1102678671e+01   -2.2051155414e+01    4.0543089578e+00   -1.1016917483e+01    8.7885015278e-02    2.0480000000e+03    5.1140486145e-02    7.5384521484e-01
        79   -4.5216111120e+01    2.0455213898e+03   -8.0097261120e+01    3.4881150000e+01   -1.1428795171e+01   -5.1102678671e+01   -2.1748069581e+01    4.1822823036e+00   -1.1136664887e+01    8.7885015278e-02    2.0480000000e+03    5.1065105002e-02    7.5169372559e-01
        80   -4.5213170602e+01    2.0453172488e+03   -8.0188942192e+01    3.4975771591e+01   -1.1387498175e+01   -5.1102678671e+01   -2.1732570473e+01    4.0338051270e+00   -1.1086738249e+01    8.7885015278e-02    2.0480000000e+03    5.1284612043e-02    7.5346374512e-01
        81   -4.5182961469e+01    2.0426230744e+03   -8.0156649959e+01    3.4973688490e+01   -1.1478567404e+01   -5.1102678671e+01   -2.1352996746e+01    3.7775928624e+00   -1.1178444455e+01    8.7885015278e-02    2.0480000000e+03    5.1063235571e-02    7.5267028809e-01
        82   -4.5160693603e+01    2.0406411494e+03   -7.9815909405e+01    3.4655215802e+01   -1.1426570397e+01   -5.1102678671e+01   -2.1079226302e+01    3.7925659654e+00   -1.1113444682e+01    8.7885015278e-02    2.0480000000e+03    5.1128236497e-02    7.5294494629e-01
        83   -4.5202009318e+01    2.0443833618e+03   -8.0422833447e+01    3.5220824129e+01   -1.1413174497e+01   -5.1102678671e+01   -2.1939225879e+01    4.0322456007e+00   -1.1111246813e+01    8.7885015278e-02    2.0480000000e+03    5.1125617642e-02    7.5170898438e-01
        84   -4.5206654573e+01    2.0448885383e+03   -8.0138266439e+01    3.4931611866e+01   -1.1442638858e+01   -5.1102678671e+01   -2.1918118310e+01    4.3251693990e+00   -1.1135372112e+01    8.7885015278e-02    2.0480000000e+03    5.0873606182e-02    7.5091552734e-01
        85   -4.5221190239e+01    2.0461971023e+03   -7.9991290541e+01    3.4770100302e+01   -1.1325410085e+01   -5.1102678671e+01   -2.1662479601e+01    4.0992778161e+00   -1.1022161858e+01    8.7885015278e-02    2.0480000000e+03    5.1101875210e-02    7.5085449219e-01
        86   -4.5214001562e+01    2.0460338251e+03   -8.0362888906e+01    3.5148887345e+01   -1.1292697726e+01   -5.1102678671e+01   -2.2136786928e+01    4.1692744182e+00   -1.0984402476e+01    8.7885015278e-02    2.0480000000e+03    5.1301210569e-02    7.5184631348e-01
        87   -4.5224311875e+01    2.0465407974e+03   -8.0196529876e+01    3.4972218001e+01   -1.1421770417e+01   -5.1102678671e+01   -2.1538990020e+01    3.8669092315e+00   -1.1122045898e+01    8.7885015278e-02    2.0480000000e+03    5.0997855701e-02    7.5456237793e-01
        88   -4.5189949629e+01    2.0432216871e+03   -8.0047066639e+01    3.4857117010e+01   -1.1419291950e+01   -5.1102678671e+01   -2.1496066509e+01    3.9709704910e+00   -1.1128505101e+01    8.7885015278e-02    2.0480000000e+03    5.0943813928e-02    7.5605773926e-01
        89   -4.5184421509e+01    2.0427391051e+03   -8.0221144367e+01    3.5036722858e+01   -1.1446203689e+01   -5.1102678671e+01   -2.1638769750e+01    3.9665077424e+00   -1.1157200050e+01    8.7885015278e-02    2.0480000000e+03    5.1181626045e-02    7.5387573242e-01
        90   -4.5164090176e+01    2.0412195194e+03   -8.0499358104e+01    3.5335267927e+01   -1.1285357689e+01   -5.1102678671e+01   -2.2065595850e+01    3.9542741063e+00   -1.0972074211e+01    8.7885015278e-02    2.0480000000e+03    5.1129532878e-02    7.5103759766e-01
        91   -4.5245050759e+01    2.0483725380e+03   -8.0691476857e+01    3.5446426098e+01   -1.1351193664e+01   -5.1102678671e+01   -2.2368904667e+01    4.1313001458e+00   -1.1064107429e+01    8.7885015278e-02    2.0480000000e+03    5.1090422371e-02    7.5386047363e-01
        92   -4.5230150077e+01    2.0468539927e+03   -8.0267954214e+01    3.5037804137e+01   -1.1362616345e+01   -5.1102678671e+01   -2.1820603654e+01    4.0179444564e+00   -1.1063709682e+01    8.7885015278e-02    2.0480000000e+03    5.1212532087e-02    7.5030517578e-01
        93   -4.5232433762e+01    2.0471314641e+03   -8.0107237301e+01    3.4874803539e+01   -1.1451711433e+01   -5.1102678671e+01   -2.1380329660e+01    3.8274824632e+00   -1.1169610278e+01    8.7885015278e-02    2.0480000000e+03    5.1079023110e-02    7.5294494629e-01
        94   -4.5226286700e+01    2.0465442636e+03   -7.9988637236e+01    3.4762350536e+01   -1.1519049443e+01   -5.1102678671e+01   -2.1403407191e+01    4.0364980696e+00   -1.1228550162e+01    8.7885015278e-02    2.0480000000e+03    5.1133490415e-02    7.5205993652e-01
        95   -4.5203530022e+01    2.0445657588e+03   -8.0277831416e+01    3.5074301394e+01   -1.1268045311e+01   -5.1102678671e+01   -2.1995541010e+01    4.0884335769e+00   -1.0962901047e+01    8.7885015278e-02    2.0480000000e+03    5.1332730691e-02    7.5149536133e-01
        96   -4.5139454726e+01    2.0387434760e+03   -7.9807660004e+01    3.4668205279e+01   -1.1407660556e+01   -5.1102678671e+01   -2.1383398511e+01    4.0860777332e+00   -1.1092630946e+01    8.7885015278e-02    2.0480000000e+03    5.1178351904e-02    7.5381469727e-01
        97   -4.5194660981e+01    2.0438029220e+03   -8.0423732807e+01    3.5229071826e+01   -1.1314685479e+01   -5.1102678671e+01   -2.1994055887e+01    3.9876872308e+00   -1.1006286616e+01    8.7885015278e-02    2.0480000000e+03    5.1199612795e-02    7.5157165527e-01
        98   -4.5197794664e+01    2.0439324584e+03   -8.0300426832e+01    3.5102632168e+01   -1.1320521457e+01   -5.1102678671e+01   -2.1847358785e+01    3.9701320818e+00   -1.1018865406e+01    8.7885015278e-02    2.0480000000e+03    5.1075113704e-02    7.5314331055e-01
        99   -4.5179850730e+01    2.0426790584e+03   -7.9961953772e+01    3.4782103042e+01   -1.1357879946e+01   -5.1102678671e+01   -2.1430153106e+01    3.9287579504e+00   -1.1043700024e+01    8.7885015278e-02    2.0480000000e+03    5.1132118794e-02    7.5167846680e-01
       100   -4.5167917574e+01    2.0412551792e+03   -8.0099548979e+01    3.4931631405e+01   -1.1496252091e+01   -5.1102678671e+01   -2.1270747489e+01    3.7701292716e+00   -1.1193472425e+01    8.7885015278e-02    2.0480000000e+03    5.1129726360e-02    7.5085449219e-01
       101   -4.5188109007e+01    2.0431766941e+03   -8.0205313775e+01    3.5017204768e+01   -1.1325569419e+01   -5.1102678671e+01   -2.1775696717e+01    3.9986310323e+00   -1.1019547708e+01    8.7885015278e-02    2.0480000000e+03    5.1093640659e-02    7.5271606445e-01
       102   -4.5210757667e+01    2.0452125451e+03   -7.9947235185e+01    3.4736477518e+01   -1.1416230798e+01   -5.1102678671e+01   -2.1688952860e+01    4.2606271439e+00   -1.1106968939e+01    8.7885015278e-02    2.0480000000e+03    5.1035085063e-02    7.5115966797e-01
       103   -4.5202176028e+01    2.0444731748e+03   -7.9886777827e+01    3.4684601799e+01   -1.1367220428e+01   -5.1102678671e+01   -2.1518680465e+01    4.1018017368e+00   -1.1064520453e+01    8.7885015278e-02    2.0480000000e+03    5.1061780925e-02    7.5149536133e-01
       104   -4.5229071563e+01    2.0467493038e+03   -7.9789050226e+01    3.4559978664e+01   -1.1491070224e+01   -5.1102678671e+01   -2.1192852983e+01    3.9975516518e+00   -1.1193678818e+01    8.7885015278e-02    2.0480000000e+03    5.1182496453e-02    7.5724792480e-01
       105   -4.5213198712e+01    2.0453649834e+03   -8.0087532911e+01    3.4874334199e+01   -1.1346174108e+01   -5.1102678671e+01   -2.1770219043e+01    4.1315389108e+00   -1.1048426053e+01    8.7885015278e-02    2.0480000000e+03    5.1221363567e-02    7.5453186035e-01
       106   -4.5176867948e+01    2.0422475010e+03   -8.0108894954e+01    3.4932027006e+01   -1.1327028793e+01   -5.1102678671e+01   -2.1633262170e+01    3.9540746807e+00   -1.1031565265e+01    8.7885015278e-02    2.0480000000e+03    5.1003654675e-02    7.5234985352e-01
       107   -4.5229169667e+01    2.0468591250e+03   -8.0043497738e+01    3.4814328071e+01   -1.1417911841e+01   -5.1102678671e+01   -2.1540597797e+01    4.0176905717e+00   -1.1110419151e+01    8.7885015278e-02    2.0480000000e+03    5.1054274551e-02    7.5569152832e-01
       108   -4.5188140809e+01    2.0431354961e+03   -7.9817928400e+01    3.4629787591e+01   -1.1406613804e+01   -5.1102678671e+01   -2.1434156002e+01    4.1255200768e+00   -1.1111575227e+01    8.7885015278e-02    2.0480000000e+03    5.1054998386e-02    7.5668334961e-01
       109   -4.5157370609e+01    2.0403863188e+03   -7.9820152628e+01    3.4662782019e+01   -1.1448735057e+01   -5.1102678671e+01   -2.1321203405e+01    4.0524645055e+00   -1.1137656815e+01    8.7885015278e-02    2.0480000000e+03    5.1024244980e-02    7.5239562988e-01
       110   -4.5171719812e+01    2.0415700903e+03   -7.9958020520e+01    3.4786300708e+01   -1.1485445912e+01   -5.1102678671e+01   -2.1348673341e+01    3.9787774040e+00   -1.1194533611e+01    8.7885015278e-02    2.0480000000e+03    5.1131298901e-02    7.5257873535e-01
       111   -4.5229611969e+01    2.0468775863e+03   -8.0105303435e+01    3.4875691466e+01   -1.1428242052e+01   -5.1102678671e+01   -2.1371747940e+01    3.7973652278e+00   -1.1135990461e+01    8.7885015278e-02    2.0480000000e+03    5.1012735942e-02    7.5378417969e-01
       112   -4.5246056511e+01    2.0484230280e+03   -8.0342744658e+01    3.5096688147e+01   -1.1463555772e+01   -5.1102678671e+01   -2.1883257627e+01    4.1067474120e+00   -1.1171748180e+01    8.7885015278e-02    2.0480000000e+03    5.1104192571e-02    7.5331115723e-01
       113   -4.5228593398e+01    2.0466960041e+03   -8.0081764054e+01    3.4853170656e+01   -1.1493601638e+01   -5.1102678671e+01   -2.1762811836e+01    4.2773280915e+00   -1.1194873929e+01    8.7885015278e-02    2.0480000000e+03    5.0995880693e-02    7.5477600098e-01
       114   -4.5227197192e+01    2.0466434862e+03   -8.0324191540e+01    3.5096994349e+01   -1.1419263647e+01   -5.1102678671e+01   -2.2015712032e+01    4.2134628104e+00   -1.1126047192e+01    8.7885015278e-02    2.0480000000e+03    5.1047679492e-02    7.5274658203e-01
       115   -4.5221182576e+01    2.0460545034e+03   -8.0231180633e+01    3.5009998057e+01   -1.1404194980e+01   -5.1102678671e+01   -2.1809162407e+01    4.0848554247e+00   -1.1115520199e+01    8.7885015278e-02    2.0480000000e+03    5.1186740176e-02    7.5167846680e-01
       116   -4.5258033291e+01    2.0493901189e+03   -8.0138668565e+01    3.4880635275e+01   -1.1425698739e+01   -5.1102678671e+01   -2.1751644682e+01    4.1413535277e+00   -1.1129329860e+01    8.7885015278e-02    2.0480000000e+03    5.1317276707e-02    7.5587463379e-01
       117   -4.5260306564e+01    2.0496587061e+03   -7.9885638870e+01    3.4625332306e+01   -1.1392249087e+01   -5.1102678671e+01   -2.1465173788e+01    4.0744626753e+00   -1.1104987662e+01    8.7885015278e-02    2.0480000000e+03    5.1191258992e-02    7.5105285645e-01
       118   -4.5203179816e+01    2.0444980422e+03   -8.0352210596e+01    3.5149030780e+01   -1.1355804569e+01   -5.1102678671e+01   -2.1958314807e+01    4.0645874504e+00   -1.1052538941e+01    8.7885015278e-02    2.0480000000e+03    5.1238787476e-02    7.5271606445e-01
       119   -4.5247207587e+01    2.0485538709e+03   -8.0180940182e+01    3.4933732596e+01   -1.1329750318e+01   -5.1102678671e+01   -2.1937456445e+01    4.1889452521e+00   -1.1034349063e+01    8.7885015278e-02    2.0480000000e+03    5.1209877871e-02    7.5325012207e-01
       120   -4.5215160063e+01    2.0454951995e+03   -8.0426550541e+01    3.5211390478e+01   -1.1282017408e+01   -5.1102678671e+01   -2.1987706966e+01    3.9458525047e+00   -1.0977263119e+01    8.7885015278e-02    2.0480000000e+03    5.1191319856e-02    7.5100708008e-01
       121   -4.5231610476e+01    2.0471413720e+03   -8.0387481627e+01    3.5155871151e+01   -1.1365545331e+01   -5.1102678671e+01   -2.1834281690e+01    3.9150240661e+00   -1.1063275015e+01    8.7885015278e-02    2.0480000000e+03    5.1150200164e-02    7.5205993652e-01
       122   -4.5233145582e+01    2.0472580338e+03   -8.0362793112e+01    3.5129647530e+01   -1.1335277138e+01   -5.1102678671e+01   -2.1772913729e+01    3.8480764257e+00   -1.1038929288e+01    8.7885015278e-02    2.0480000000e+03    5.1040732307e-02    7.5099182129e-01
       123   -4.5138743279e+01    2.0387107027e+03   -8.0236285353e+01    3.5097542073e+01   -1.1322608037e+01   -5.1102678671e+01   -2.1707363499e+01    3.8963648546e+00   -1.1006980956e+01    8.7885015278e-02    2.0480000000e+03    5.0940375535e-02    7.4800109863e-01
       124   -4.5176099238e+01    2.0421549097e+03   -8.0403860698e+01    3.5227761460e+01   -1.1361814057e+01   -5.1102678671e+01   -2.1744847740e+01    3.8054797699e+00   -1.1062141267e+01    8.7885015278e-02    2.0480000000e+03    5.1098429966e-02    7.5378417969e-01
       125   -4.5248119308e+01    2.0485633140e+03   -8.0414219585e+01    3.5166100276e+01   -1.1360306484e+01   -5.1102678671e+01   -2.1970067122e+01    4.0188326919e+00   -1.1066824629e+01    8.7885015278e-02    2.0480000000e+03    5.1131147170e-02    7.5346374512e-01
       126   -4.5191048496e+01    2.0435129658e+03   -8.0779678827e+01    3.5588630331e+01   -1.1360544443e+01   -5.1102678671e+01   -2.2267070028e+01    3.9506143156e+00   -1.1059954520e+01    8.7885015278e-02    2.0480000000e+03    5.1175461331e-02    7.5099182129e-01
       127   -4.5174294864e+01    2.0421366672e+03   -8.0151181572e+01    3.4976886708e+01   -1.1411767388e+01   -5.1102678671e+01   -2.1567469234e+01    3.9307337214e+00   -1.1118288389e+01    8.7885015278e-02    2.0480000000e+03    5.1137900295e-02    7.5202941895e-01
       128   -4.5170734644e+01    2.0415901465e+03   -7.9830736167e+01    3.4660001523e+01   -1.1399677464e+01   -5.1102678671e+01   -2.1336143509e+01    4.0077634775e+00   -1.1094549929e+01    8.7885015278e-02    2.0480000000e+03    5.1070432437e-02    7.5057983398e-01
       129   -4.5200290970e+01    2.0442831598e+03   -8.0088364649e+01    3.4888073679e+01   -1.1409870907e+01   -5.1102678671e+01   -2.1665390800e+01    4.0895757295e+00   -1.1116716992e+01    8.7885015278e-02    2.0480000000e+03    5.1025318682e-02    7.5245666504e-01
       130   -4.5230061848e+01    2.0472455617e+03   -8.0533906065e+01    3.5303844217e+01   -1.1336659694e+01   -5.1102678671e+01   -2.1997423399e+01    3.9028556991e+00   -1.1042029444e+01    8.7885015278e-02    2.0480000000e+03    5.1296422183e-02    7.5482177734e-01
       131   -4.5199469459e+01    2.0441672482e+03   -8.0318861514e+01    3.5119392056e+01   -1.1326261325e+01   -5.1102678671e+01   -2.1776468216e+01    3.8865466979e+00   -1.1027536881e+01    8.7885015278e-02    2.0480000000e+03    5.1214071775e-02    7.5166320801e-01
       132   -4.5181743943e+01    2.0425187630e+03   -8.0107470623e+01    3.4925726680e+01   -1.1393125836e+01   -5.1102678671e+01   -2.1359464645e+01    3.7477985285e+00   -1.1098514396e+01    8.7885015278e-02    2.0480000000e+03    5.1114108167e-02    7.5219726562e-01
       133   -4.5212817988e+01    2.0452279275e+03   -8.0160600832e+01    3.4947782844e+01   -1.1378661317e+01   -5.1102678671e+01   -2.1500103173e+01    3.8208423299e+00   -1.1079606135e+01    8.7885015278e-02    2.0480000000e+03    5.1122128784e-02    7.4911499023e-01
       134   -4.5237113240e+01    2.0475361004e+03   -8.0284521909e+01    3.5047408669e+01   -1.1359247165e+01   -5.1102678671e+01   -2.1836945495e+01    4.0143494221e+00   -1.1059187769e+01    8.7885015278e-02    2.0480000000e+03    5.1077242571e-02    7.5210571289e-01
       135   -4.5226894640e+01    2.0466078811e+03   -8.0218738808e+01    3.4991844168e+01   -1.1339346666e+01   -5.1102678671e+01   -2.1771230755e+01    3.9945172833e+00   -1.1048208821e+01    8.7885015278e-02    2.0480000000e+03    5.1180607473e-02    7.5216674805e-01
       136   -4.5215439802e+01    2.0456746508e+03   -8.0048586490e+01    3.4833146688e+01   -1.1397394063e+01   -5.1102678671e+01   -2.1338917026e+01    3.7904032705e+00   -1.1102414776e+01    8.7885015278e-02    2.0480000000e+03    5.1164998499e-02    7.5308227539e-01
       137   -4.5161453911e+01    2.0407706019e+03   -8.0015257867e+01    3.4853803956e+01   -1.1425896445e+01   -5.1102678671e+01   -2.1299954584e+01    3.8132718330e+00   -1.1121883805e+01    8.7885015278e-02    2.0480000000e+03    5.1055253337e-02    7.5415039062e-01
       138   -4.5194579715e+01    2.0436726905e+03   -8.0594984186e+01    3.5400404471e+01   -1.1368578478e+01   -5.1102678671e+01   -2.2086451715e+01    3.9627246782e+00   -1.1072678495e+01    8.7885015278e-02    2.0480000000e+03    5.1242560103e-02    7.5332641602e-01
       139   -4.5189313611e+01    2.0431754164e+03   -8.0202880808e+01    3.5013567196e+01   -1.1322988146e+01   -5.1102678671e+01   -2.1920425377e+01    4.1432113865e+00   -1.1018644541e+01    8.7885015278e-02    2.0480000000e+03    5.1218858755e-02    7.4896240234e-01
       140   -4.5213768756e+01    2.0455354009e+03   -8.0302740159e+01    3.5088971403e+01   -1.1446396569e+01   -5.1102678671e+01   -2.1644034953e+01    3.8903700337e+00   -1.1145033821e+01    8.7885015278e-02    2.0480000000e+03    5.1009124214e-02    7.5152587891e-01
       141   -4.5244688285e+01    2.0481467203e+03   -8.0039303382e+01    3.4794615097e+01   -1.1360314601e+01   -5.1102678671e+01   -2.1798803590e+01    4.2224934802e+00   -1.1072906524e+01    8.7885015278e-02    2.0480000000e+03    5.1069966050e-02    7.5401306152e-01
       142   -4.5263866814e+01    2.0500684456e+03   -7.9746046368e+01    3.4482179554e+01   -1.1459422728e+01   -5.1102678671e+01   -2.1201769297e+01    4.0178243269e+00   -1.1165128818e+01    8.7885015278e-02    2.0480000000e+03    5.1063834900e-02    7.5271606445e-01
       143   -4.5221131981e+01    2.0461220708e+03   -8.0396884950e+01    3.5175752968e+01   -1.1434064570e+01   -5.1102678671e+01   -2.1991801495e+01    4.1316597868e+00   -1.1139693188e+01    8.7885015278e-02    2.0480000000e+03    5.0991814304e-02    7.5079345703e-01
       144   -4.5214748060e+01    2.0454884277e+03   -8.0350846131e+01    3.5136098071e+01   -1.1435521749e+01   -5.1102678671e+01   -2.1893433012e+01    4.0807873020e+00   -1.1136111256e+01    8.7885015278e-02    2.0480000000e+03    5.1143540679e-02    7.4992370605e-01
       145   -4.5201714332e+01    2.0443477048e+03   -8.0372957785e+01    3.5171243453e+01   -1.1401020929e+01   -5.1102678671e+01   -2.1627428760e+01    3.7581705758e+00   -1.1093201549e+01    8.7885015278e-02    2.0480000000e+03    5.1039552927e-02    7.5102233887e-01
       146   -4.5194027412e+01    2.0436540586e+03   -8.0235222378e+01    3.5041194966e+01   -1.1286101064e+01   -5.1102678671e+01   -2.1879062364e+01    4.0326197215e+00   -1.0981611654e+01    8.7885015278e-02    2.0480000000e+03    5.1008134226e-02    7.4708557129e-01
       147   -4.5176119313e+01    2.0420213753e+03   -8.0851003276e+01    3.5674883963e+01   -1.1531475663e+01   -5.1102678671e+01   -2.2066416080e+01    3.8495671384e+00   -1.1238821231e+01    8.7885015278e-02    2.0480000000e+03    5.1053981790e-02    7.5097656250e-01
       148   -4.5179573044e+01    2.0428569865e+03   -7.9887064867e+01    3.4707491823e+01   -1.1456399496e+01   -5.1102678671e+01   -2.1649034773e+01    4.3210480728e+00   -1.1156212247e+01    8.7885015278e-02    2.0480000000e+03    5.1145916128e-02    7.5331115723e-01
       149   -4.5242817478e+01    2.0481349469e+03   -7.9741712230e+01    3.4498894752e+01   -1.1455059260e+01   -5.1102678671e+01   -2.1259655053e+01    4.0756807540e+00   -1.1164518893e+01    8.7885015278e-02    2.0480000000e+03    5.1098697651e-02    7.5354003906e-01
       150   -4.5164552388e+01    2.0408877503e+03   -7.9764846866e+01    3.4600294478e+01   -1.1529602039e+01   -5.1102678671e+01   -2.0869809474e+01    3.7372433180e+00   -1.1232011954e+01    8.7885015278e-02    2.0480000000e+03    5.1060686648e-02    7.5241088867e-01
       151   -4.5192119593e+01    2.0434646126e+03   -7.9731451681e+01    3.4539332087e+01   -1.1401691408e+01   -5.1102678671e+01   -2.1312937950e+01    4.0858563487e+00   -1.1105732019e+01    8.7885015278e-02    2.0480000000e+03    5.1044712654e-02    7.5262451172e-01
       152   -4.5236008546e+01    2.0473883431e+03   -8.0125044364e+01    3.4889035818e+01   -1.1492426146e+01   -5.1102678671e+01   -2.1507758997e+01    3.9778194504e+00   -1.1200394995e+01    8.7885015278e-02    2.0480000000e+03    5.1119973491e-02    7.5148010254e-01
       153   -4.5209586982e+01    2.0450513431e+03   -8.0216317258e+01    3.5006730276e+01   -1.1372682408e+01   -5.1102678671e+01   -2.1951435727e+01    4.2104795480e+00   -1.1073615065e+01    8.7885015278e-02    2.0480000000e+03    5.1091144570e-02    7.5381469727e-01
       154   -4.5206208620e+01    2.0447535888e+03   -8.0157728099e+01    3.4951519480e+01   -1.1375436638e+01   -5.1102678671e+01   -2.1690374249e+01    4.0107614586e+00   -1.1068335169e+01    8.7885015278e-02    2.0480000000e+03    5.1017926514e-02    7.5074768066e-01
       155   -4.5218118297e+01    2.0457581162e+03   -8.0198434608e+01    3.4980316311e+01   -1.1442632161e+01   -5.1102678671e+01   -2.1598024382e+01    3.9449006066e+00   -1.1149016177e+01    8.7885015278e-02    2.0480000000e+03    5.1109297568e-02    7.5277709961e-01
       156   -4.5180870768e+01    2.0424217199e+03   -8.0493533581e+01    3.5312662813e+01   -1.1391434670e+01   -5.1102678671e+01   -2.1997782617e+01    3.9983623767e+00   -1.1086023338e+01    8.7885015278e-02    2.0480000000e+03    5.1153047839e-02    7.5213623047e-01
       157   -4.5228814310e+01    2.0468432161e+03   -8.0580037596e+01    3.5351223286e+01   -1.1390673646e+01   -5.1102678671e+01   -2.2048167237e+01    3.9614819576e+00   -1.1092505611e+01    8.7885015278e-02    2.0480000000e+03    5.1053219221e-02    7.5354003906e-01
       158   -4.5189515821e+01    2.0433293719e+03   -8.0604251201e+01    3.5414735380e+01   -1.1249108392e+01   -5.1102678671e+01   -2.2403203453e+01    4.1507393151e+00   -1.0935439866e+01    8.7885015278e-02    2.0480000000e+03    5.1189034648e-02    7.4990844727e-01
       159   -4.5167761922e+01    2.0412689077e+03   -8.0513629775e+01    3.5345867853e+01   -1.1298206972e+01   -5.1102678671e+01   -2.1994994662e+01    3.8822505299e+00   -1.0984311121e+01    8.7885015278e-02    2.0480000000e+03    5.1263988271e-02    7.5137329102e-01
       160   -4.5239603664e+01    2.0477982642e+03   -8.0546927241e+01    3.5307323577e+01   -1.1347470910e+01   -5.1102678671e+01   -2.2224963075e+01    4.1281854157e+00   -1.1057731153e+01    8.7885015278e-02    2.0480000000e+03    5.1292367986e-02    7.5024414062e-01
       161   -4.5190426018e+01    2.0432070420e+03   -8.0300951240e+01    3.5110525222e+01   -1.1424489801e+01   -5.1102678671e+01   -2.1739991869e+01    3.9662091016e+00   -1.1132818742e+01    8.7885015278e-02    2.0480000000e+03    5.1199083130e-02    7.5143432617e-01
       162   -4.5177591033e+01    2.0421332860e+03   -8.0057071182e+01    3.4879480149e+01   -1.1349497158e+01   -5.1102678671e+01   -2.1385920936e+01    3.7810255830e+00   -1.1049724949e+01    8.7885015278e-02    2.0480000000e+03    5.1234355735e-02    7.5445556641e-01
       163   -4.5214900326e+01    2.0455680206e+03   -8.0092773044e+01    3.4877872719e+01   -1.1390315648e+01   -5.1102678671e+01   -2.1477051118e+01    3.8772723928e+00   -1.1096734997e+01    8.7885015278e-02    2.0480000000e+03    5.0984304163e-02    7.5045776367e-01
       164   -4.5232564981e+01    2.0472430630e+03   -8.0441151754e+01    3.5208586773e+01   -1.1404224918e+01   -5.1102678671e+01   -2.1876990172e+01    3.9427420072e+00   -1.1099189359e+01    8.7885015278e-02    2.0480000000e+03    5.1107060059e-02    7.5057983398e-01
       165   -4.5241404587e+01    2.0479292636e+03   -8.0262266272e+01    3.5020861685e+01   -1.1477049977e+01   -5.1102678671e+01   -2.1821827088e+01    4.1392894648e+00   -1.1167093949e+01    8.7885015278e-02    2.0480000000e+03    5.1190721902e-02    7.4977111816e-01
       166   -4.5208131582e+01    2.0449514856e+03   -8.0301906199e+01    3.5093774617e+01   -1.1261308413e+01   -5.1102678671e+01   -2.1982089973e+01    4.0441708579e+00   -1.0950928191e+01    8.7885015278e-02    2.0480000000e+03    5.1353170334e-02    7.5276184082e-01
       167   -4.5282932807e+01    2.0516344492e+03   -8.0289324475e+01    3.5006391668e+01   -1.1327836187e+01   -5.1102678671e+01   -2.1610887202e+01    3.7520775853e+00   -1.1030693074e+01    8.7885015278e-02    2.0480000000e+03    5.1498021206e-02    7.5054931641e-01
       168   -4.5240130101e+01    2.0479231818e+03   -8.0148583167e+01    3.4908453066e+01   -1.1458676643e+01   -5.1102678671e+01   -2.1531168723e+01    3.9439408701e+00   -1.1168215424e+01    8.7885015278e-02    2.0480000000e+03    5.1198248049e-02    7.5050354004e-01
       169   -4.5173523226e+01    2.0421186077e+03   -8.0050063420e+01    3.4876540194e+01   -1.1357669176e+01   -5.1102678671e+01   -2.1524016471e+01    3.9343008987e+00   -1.1048126611e+01    8.7885015278e-02    2.0480000000e+03    5.1115269158e-02    7.5224304199e-01
       170   -4.5202767362e+01    2.0444043275e+03   -7.9862704358e+01    3.4659936996e+01   -1.1432247716e+01   -5.1102678671e+01   -2.1375537989e+01    4.0477600184e+00   -1.1128018090e+01    8.7885015278e-02    2.0480000000e+03    5.1030098987e-02    7.5349426270e-01
       171   -4.5202641305e+01    2.0445361860e+03   -7.9660742080e+01    3.4458100774e+01   -1.1462718403e+01   -5.1102678671e+01   -2.1214692053e+01    4.1193470471e+00   -1.1164530589e+01    8.7885015278e-02    2.0480000000e+03    5.1005408027e-02    7.5724792480e-01
       172   -4.5187138796e+01    2.0430731535e+03   -8.0029967043e+01    3.4842828247e+01   -1.1364162205e+01   -5.1102678671e+01   -2.1642171995e+01    4.0790458285e+00   -1.1060688862e+01    8.7885015278e-02    2.0480000000e+03    5.0950425249e-02    7.5285339355e-01
       173   -4.5190649732e+01    2.0433165886e+03   -8.0458787903e+01    3.5268138171e+01   -1.1381593927e+01   -5.1102678671e+01   -2.1854866530e+01    3.8803512253e+00   -1.1082744710e+01    8.7885015278e-02    2.0480000000e+03    5.0995121204e-02    7.4827575684e-01
       174   -4.5174888508e+01    2.0417857564e+03   -7.9873165590e+01    3.4698277082e+01   -1.1432628472e+01   -5.1102678671e+01   -2.1372773970e+01    4.0349155235e+00   -1.1142888216e+01    8.7885015278e-02    2.0480000000e+03    5.1120213699e-02    7.5195312500e-01
       175   -4.5203408442e+01    2.0445844539e+03   -8.0252275323e+01    3.5048866881e+01   -1.1344863764e+01   -5.1102678671e+01   -2.1852292427e+01    4.0475595390e+00   -1.1047877403e+01    8.7885015278e-02    2.0480000000e+03    5.1227315391e-02    7.5311279297e-01
       176   -4.5204982258e+01    2.0446520870e+03   -8.0105804765e+01    3.4900822507e+01   -1.1421657412e+01   -5.1102678671e+01   -2.1465274476e+01    3.8838057940e+00   -1.1140663203e+01    8.7885015278e-02    2.0480000000e+03    5.0872970742e-02    7.5033569336e-01
       177   -4.5214765445e+01    2.0454987922e+03   -8.0151588253e+01    3.4936822808e+01   -1.1583707216e+01   -5.1102678671e+01   -2.1232785707e+01    3.7675833410e+00   -1.1289319926e+01    8.7885015278e-02    2.0480000000e+03    5.1024421812e-02    7.4937438965e-01
       178   -4.5190919716e+01    2.0436100989e+03   -8.0368915094e+01    3.5177995377e+01   -1.1434167055e+01   -5.1102678671e+01   -2.1652345451e+01    3.8202760839e+00   -1.1134899135e+01    8.7885015278e-02    2.0480000000e+03    5.1042275676e-02    7.5392150879e-01
       179   -4.5213964346e+01    2.0453978149e+03   -8.0460808011e+01    3.5246843665e+01   -1.1497504391e+01   -5.1102678671e+01   -2.1896388113e+01    4.0357631640e+00   -1.1213007955e+01    8.7885015278e-02    2.0480000000e+03    5.1030658066e-02    7.5047302246e-01
       180   -4.5259200407e+01    2.0494801909e+03   -8.0441211331e+01    3.5182010924e+01   -1.1505965168e+01   -5.1102678671e+01   -2.1867262007e+01    4.0346945145e+00   -1.1212102750e+01    8.7885015278e-02    2.0480000000e+03    5.1150222939e-02    7.5231933594e-01
       181   -4.5235099814e+01    2.0473932435e+03   -8.0716511624e+01    3.5481411809e+01   -1.1368524992e+01   -5.1102678671e+01   -2.2159225481e+01    3.9139175196e+00   -1.1070244853e+01    8.7885015278e-02    2.0480000000e+03    5.1237120068e-02    7.5059509277e-01
       182   -4.5227636661e+01    2.0467817301e+03   -7.9926357868e+01    3.4698721207e+01   -1.1367138790e+01   -5.1102678671e+01   -2.1362054702e+01    3.9055142946e+00   -1.1063986108e+01    8.7885015278e-02    2.0480000000e+03    5.1124687170e-02    7.5225830078e-01
       183   -4.5203949226e+01    2.0445484617e+03   -8.0274560471e+01    3.5070611245e+01   -1.1414848537e+01   -5.1102678671e+01   -2.1804359794e+01    4.0473265312e+00   -1.1116735619e+01    8.7885015278e-02    2.0480000000e+03    5.1084403945e-02    7.5326538086e-01
       184   -4.5188357540e+01    2.0431459957e+03   -8.0306284057e+01    3.5117926517e+01   -1.1340263150e+01   -5.1102678671e+01   -2.1865009319e+01    4.0016670827e+00   -1.1036329611e+01    8.7885015278e-02    2.0480000000e+03    5.1028548777e-02    7.5305175781e-01
       185   -4.5169445168e+01    2.0414580385e+03   -7.9991521554e+01    3.4822076387e+01   -1.1365361391e+01   -5.1102678671e+01   -2.1479170625e+01    3.9556891330e+00   -1.1057361008e+01    8.7885015278e-02    2.0480000000e+03    5.1094274104e-02    7.5297546387e-01
       186   -4.5219856908e+01    2.0460287664e+03   -8.0069781577e+01    3.4849924669e+01   -1.1210565337e+01   -5.1102678671e+01   -2.1768932197e+01    4.0123946289e+00   -1.0894805692e+01    8.7885015278e-02    2.0480000000e+03    5.1275088208e-02    7.5231933594e-01
       187   -4.5224458139e+01    2.0464715217e+03   -8.0179615353e+01    3.4955157214e+01   -1.1387797229e+01   -5.1102678671e+01   -2.1589126916e+01    3.8999874628e+00   -1.1092771792e+01    8.7885015278e-02    2.0480000000e+03    5.1226504746e-02    7.5173950195e-01
       188   -4.5220397322e+01    2.0460684678e+03   -8.0363681254e+01    3.5143283932e+01   -1.1481493185e+01   -5.1102678671e+01   -2.1717330288e+01    3.9378208907e+00   -1.1199785533e+01    8.7885015278e-02    2.0480000000e+03    5.1200018169e-02    7.5288391113e-01
       189   -4.5216505975e+01    2.0455882440e+03   -8.0084356081e+01    3.4867850106e+01   -1.1358361480e+01   -5.1102678671e+01   -2.1802044213e+01    4.1787282831e+00   -1.1052391457e+01    8.7885015278e-02    2.0480000000e+03    5.1229093083e-02    7.5138854980e-01
       190   -4.5186048361e+01    2.0429229803e+03   -7.9818571824e+01    3.4632523464e+01   -1.1375891726e+01   -5.1102678671e+01   -2.1395967154e+01    4.0559657262e+00   -1.1071814423e+01    8.7885015278e-02    2.0480000000e+03    5.1067509182e-02    7.5415039062e-01
       191   -4.5191551113e+01    2.0435311790e+03   -7.9965936881e+01    3.4774385768e+01   -1.1285939202e+01   -5.1102678671e+01   -2.1532292599e+01    3.9549735906e+00   -1.0980573591e+01    8.7885015278e-02    2.0480000000e+03    5.1258449814e-02    7.5344848633e-01
       192   -4.5244271003e+01    2.0481515670e+03   -8.0379408601e+01    3.5135137597e+01   -1.1403158121e+01   -5.1102678671e+01   -2.1785849907e+01    3.9122780988e+00   -1.1123712680e+01    8.7885015278e-02    2.0480000000e+03    5.1134115171e-02    7.4957275391e-01
       193   -4.5234382474e+01    2.0472622623e+03   -8.0527677606e+01    3.5293295131e+01   -1.1373121268e+01   -5.1102678671e+01   -2.2229676078e+01    4.1777984116e+00   -1.1067843553e+01    8.7885015278e-02    2.0480000000e+03    5.1286711147e-02    7.4763488770e-01
       194   -4.5234878080e+01    2.0473705474e+03   -8.0668997377e+01    3.5434119297e+01   -1.1262134199e+01   -5.1102678671e+01   -2.2457985374e+01    4.1538008679e+00   -1.0956887387e+01    8.7885015278e-02    2.0480000000e+03    5.1288343535e-02    7.5048828125e-01
       195   -4.5249281970e+01    2.0486316171e+03   -8.0238588053e+01    3.4989306083e+01   -1.1377997066e+01   -5.1102678671e+01   -2.1731418218e+01    3.9735059011e+00   -1.1075880236e+01    8.7885015278e-02    2.0480000000e+03    5.1127434761e-02    7.5234985352e-01
       196   -4.5209475043e+01    2.0451212144e+03   -8.0367177872e+01    3.5157702830e+01   -1.1369531782e+01   -5.1102678671e+01   -2.1761359509e+01    3.8663920896e+00   -1.1058001623e+01    8.7885015278e-02    2.0480000000e+03    5.0988298740e-02    7.5280761719e-01
       197   -4.5187297469e+01    2.0430429930e+03   -8.0162887652e+01    3.4975590183e+01   -1.1350562296e+01   -5.1102678671e+01   -2.1865651739e+01    4.1560050538e+00   -1.1035704797e+01    8.7885015278e-02    2.0480000000e+03    5.0921372598e-02    7.5378417969e-01
       198   -4.5152607631e+01    2.0398682105e+03   -8.0203750092e+01    3.5051142461e+01   -1.1381063904e+01   -5.1102678671e+01   -2.1540171327e+01    3.8201638100e+00   -1.1078360106e+01    8.7885015278e-02    2.0480000000e+03    5.1189491062e-02    7.5355529785e-01
       199   -4.5200758673e+01    2.0443903547e+03   -8.0229209016e+01    3.5028450343e+01   -1.1320062235e+01   -5.1102678671e+01   -2.1807964415e+01    4.0014963046e+00   -1.1010811178e+01    8.7885015278e-02    2.0480000000e+03    5.1024049409e-02    7.5189208984e-01
