#   index    LocalEnergy         LocalEnergy_sq      LocalPotential      Kinetic             ElecElec            IonIon              LocalECP            NonLocalECP         MPC                 KEcorr              BlockWeight         BlockCPU            AcceptRatio         
         0   -4.4834911960e+01    2.0117811280e+03   -7.8823414799e+01    3.3988502839e+01   -1.1547779628e+01   -5.1102678671e+01   -1.9878925324e+01    3.7059688247e+00   -1.1217745466e+01    6.7395593700e-02    5.1200000000e+03    1.5127039000e-01    7.5977478027e-01
         1   -4.4848595935e+01    2.0130855862e+03   -7.8866092033e+01    3.4017496098e+01   -1.1545798594e+01   -5.1102678671e+01   -2.0014334871e+01    3.7967201029e+00   -1.1217975081e+01    6.7395593700e-02    5.1200000000e+03    1.5121635813e-01    7.5841674805e-01
         2   -4.4863162073e+01    2.0143607049e+03   -7.9049357158e+01    3.4186195085e+01   -1.1518452372e+01   -5.1102678671e+01   -2.0214737555e+01    3.7865114408e+00   -1.1192201997e+01    6.7395593700e-02    5.1200000000e+03    1.5140000769e-01    7.5926208496e-01
         3   -4.4843264788e+01    2.0126528052e+03   -7.8595294481e+01    3.3752029693e+01   -1.1515196658e+01   -5.1102678671e+01   -1.9819167382e+01    3.8417482296e+00   -1.1185745978e+01    6.7395593700e-02    5.1200000000e+03    1.5120479385e-01    7.5935974121e-01
         4   -4.4849809079e+01    2.0132295517e+03   -7.8740735752e+01    3.3890926673e+01   -1.1527471509e+01   -5.1102678671e+01   -1.9805814509e+01    3.6952289371e+00   -1.1196801500e+01    6.7395593700e-02    5.1200000000e+03    1.5109552583e-01    7.5997924805e-01
         5   -4.4868238368e+01    2.0148125631e+03   -7.9037942945e+01    3.4169704577e+01   -1.1505493649e+01   -5.1102678671e+01   -2.0041190778e+01    3.6114201537e+00   -1.1173408006e+01    6.7395593700e-02    5.1200000000e+03    1.5120143379e-01    7.5845947266e-01
         6   -4.4893328688e+01    2.0171118653e+03   -7.9113421548e+01    3.4220092860e+01   -1.1543283236e+01   -5.1102678671e+01   -2.0132316859e+01    3.6648572183e+00   -1.1226400831e+01    6.7395593700e-02    5.1200000000e+03    1.5121049790e-01    7.5754089355e-01
         7   -4.4871090896e+01    2.0152730117e+03   -7.8900910924e+01    3.4029820028e+01   -1.1430385693e+01   -5.1102678671e+01   -2.0144722722e+01    3.7768761622e+00   -1.1101185524e+01    6.7395593700e-02    5.1200000000e+03    1.5145162122e-01    7.5836181641e-01
         8   -4.4851675557e+01    2.0133919225e+03   -7.8746883554e+01    3.3895207997e+01   -1.1521265659e+01   -5.1102678671e+01   -1.9904675583e+01    3.7817363589e+00   -1.1195814538e+01    6.7395593700e-02    5.1200000000e+03    1.5135573449e-01    7.5897216797e-01
         9   -4.4869940176e+01    2.0150091116e+03   -7.8989071885e+01    3.4119131708e+01   -1.1471063274e+01   -5.1102678671e+01   -2.0222305179e+01    3.8069752392e+00   -1.1140788090e+01    6.7395593700e-02    5.1200000000e+03    1.5127353174e-01    7.5982055664e-01
        10   -4.4863116671e+01    2.0143811971e+03   -7.8976544177e+01    3.4113427506e+01   -1.1541688980e+01   -5.1102678671e+01   -2.0151850413e+01    3.8196738866e+00   -1.1216628488e+01    6.7395593700e-02    5.1200000000e+03    1.5129668956e-01    7.5916748047e-01
        11   -4.4880460300e+01    2.0159809637e+03   -7.8807434876e+01    3.3926974576e+01   -1.1477892789e+01   -5.1102678671e+01   -1.9881891887e+01    3.6550284715e+00   -1.1147445707e+01    6.7395593700e-02    5.1200000000e+03    1.5133867523e-01    7.5890197754e-01
        12   -4.4872941388e+01    2.0153070221e+03   -7.8876701450e+01    3.4003760062e+01   -1.1461135976e+01   -5.1102678671e+01   -2.0000958316e+01    3.6880715126e+00   -1.1134696723e+01    6.7395593700e-02    5.1200000000e+03    1.5145263472e-01    7.5787963867e-01
        13   -4.4858827550e+01    2.0140306126e+03   -7.8925933174e+01    3.4067105624e+01   -1.1588362600e+01   -5.1102678671e+01   -1.9943911805e+01    3.7090199033e+00   -1.1262105278e+01    6.7395593700e-02    5.1200000000e+03    1.5122542128e-01    7.5869140625e-01
        14   -4.4840903104e+01    2.0123767126e+03   -7.8903034909e+01    3.4062131805e+01   -1.1545897658e+01   -5.1102678671e+01   -1.9978137965e+01    3.7236793847e+00   -1.1216689666e+01    6.7395593700e-02    5.1200000000e+03    1.5120653934e-01    7.5849609375e-01
        15   -4.4859284131e+01    2.0140580543e+03   -7.8938239192e+01    3.4078955060e+01   -1.1552730445e+01   -5.1102678671e+01   -1.9982665367e+01    3.6998352909e+00   -1.1239486823e+01    6.7395593700e-02    5.1200000000e+03    1.5130079001e-01    7.5957336426e-01
        16   -4.4839996414e+01    2.0122712243e+03   -7.8802836933e+01    3.3962840518e+01   -1.1563763791e+01   -5.1102678671e+01   -1.9934269152e+01    3.7978746819e+00   -1.1235571931e+01    6.7395593700e-02    5.1200000000e+03    1.5115908675e-01    7.5867004395e-01
        17   -4.4828817802e+01    2.0113755954e+03   -7.8850579546e+01    3.4021761743e+01   -1.1524678829e+01   -5.1102678671e+01   -1.9867295790e+01    3.6440737447e+00   -1.1193961447e+01    6.7395593700e-02    5.1200000000e+03    1.5117553997e-01    7.5728149414e-01
        18   -4.4830410472e+01    2.0114389740e+03   -7.8932965290e+01    3.4102554817e+01   -1.1537340636e+01   -5.1102678671e+01   -2.0032723692e+01    3.7397777103e+00   -1.1211526587e+01    6.7395593700e-02    5.1200000000e+03    1.5111582103e-01    7.5856933594e-01
        19   -4.4850132362e+01    2.0131397800e+03   -7.8980215353e+01    3.4130082991e+01   -1.1545827777e+01   -5.1102678671e+01   -2.0013994590e+01    3.6822856855e+00   -1.1226035649e+01    6.7395593700e-02    5.1200000000e+03    1.5120173334e-01    7.5825805664e-01
        20   -4.4841279770e+01    2.0124586038e+03   -7.8763239780e+01    3.3921960010e+01   -1.1522264463e+01   -5.1102678671e+01   -1.9879566611e+01    3.7412699653e+00   -1.1199602474e+01    6.7395593700e-02    5.1200000000e+03    1.5096963240e-01    7.5943298340e-01
        21   -4.4852001256e+01    2.0133970306e+03   -7.8844019866e+01    3.3992018610e+01   -1.1534104444e+01   -5.1102678671e+01   -1.9980500194e+01    3.7732634421e+00   -1.1217616833e+01    6.7395593700e-02    5.1200000000e+03    1.5102528626e-01    7.5898742676e-01
        22   -4.4867247269e+01    2.0147386868e+03   -7.8879753002e+01    3.4012505733e+01   -1.1566857173e+01   -5.1102678671e+01   -1.9907845513e+01    3.6976283564e+00   -1.1248266209e+01    6.7395593700e-02    5.1200000000e+03    1.5133771443e-01    7.5830993652e-01
        23   -4.4872897937e+01    2.0152534223e+03   -7.8911847397e+01    3.4038949460e+01   -1.1499739784e+01   -5.1102678671e+01   -2.0042048345e+01    3.7326194029e+00   -1.1172296735e+01    6.7395593700e-02    5.1200000000e+03    1.5134362754e-01    7.5880432129e-01
        24   -4.4862036317e+01    2.0142664249e+03   -7.9010443790e+01    3.4148407473e+01   -1.1598122648e+01   -5.1102678671e+01   -2.0054477831e+01    3.7448353599e+00   -1.1280104846e+01    6.7395593700e-02    5.1200000000e+03    1.5124343374e-01    7.5838317871e-01
        25   -4.4824915742e+01    2.0108938536e+03   -7.8874196402e+01    3.4049280659e+01   -1.1560648440e+01   -5.1102678671e+01   -1.9827070134e+01    3.6162008440e+00   -1.1235899134e+01    6.7395593700e-02    5.1200000000e+03    1.5133631872e-01    7.5900878906e-01
        26   -4.4902165813e+01    2.0178789577e+03   -7.8967266498e+01    3.4065100685e+01   -1.1544781542e+01   -5.1102678671e+01   -2.0132026732e+01    3.8122204473e+00   -1.1231606003e+01    6.7395593700e-02    5.1200000000e+03    1.5129907123e-01    7.5844421387e-01
        27   -4.4880888343e+01    2.0159234118e+03   -7.8964942083e+01    3.4084053740e+01   -1.1564237433e+01   -5.1102678671e+01   -2.0029155677e+01    3.7311296976e+00   -1.1246353720e+01    6.7395593700e-02    5.1200000000e+03    1.5143836009e-01    7.5825805664e-01
        28   -4.4839947290e+01    2.0122505375e+03   -7.8643746219e+01    3.3803798929e+01   -1.1527485264e+01   -5.1102678671e+01   -1.9720138148e+01    3.7065558634e+00   -1.1199143559e+01    6.7395593700e-02    5.1200000000e+03    1.5130283851e-01    7.5883483887e-01
        29   -4.4857242492e+01    2.0138476481e+03   -7.8734916431e+01    3.3877673939e+01   -1.1551166551e+01   -5.1102678671e+01   -1.9734783637e+01    3.6537124274e+00   -1.1226792052e+01    6.7395593700e-02    5.1200000000e+03    1.5109077175e-01    7.5876159668e-01
        30   -4.4867330205e+01    2.0147876757e+03   -7.8755930712e+01    3.3888600507e+01   -1.1577936149e+01   -5.1102678671e+01   -1.9917373793e+01    3.8420579014e+00   -1.1263256801e+01    6.7395593700e-02    5.1200000000e+03    1.5103815150e-01    7.5856323242e-01
        31   -4.4876526217e+01    2.0155748480e+03   -7.8841512494e+01    3.3964986277e+01   -1.1508733299e+01   -5.1102678671e+01   -2.0029388966e+01    3.7992884425e+00   -1.1185152708e+01    6.7395593700e-02    5.1200000000e+03    1.5137908626e-01    7.5938720703e-01
        32   -4.4853622191e+01    2.0134073961e+03   -7.8946497725e+01    3.4092875534e+01   -1.1536100028e+01   -5.1102678671e+01   -1.9911056090e+01    3.6033370639e+00   -1.1212464864e+01    6.7395593700e-02    5.1200000000e+03    1.5141285372e-01    7.5743408203e-01
        33   -4.4876324575e+01    2.0156040485e+03   -7.9089761549e+01    3.4213436974e+01   -1.1592915373e+01   -5.1102678671e+01   -2.0068412277e+01    3.6742447732e+00   -1.1272421850e+01    6.7395593700e-02    5.1200000000e+03    1.5114653324e-01    7.5834655762e-01
        34   -4.4859326810e+01    2.0140804030e+03   -7.8829586369e+01    3.3970259560e+01   -1.1552800622e+01   -5.1102678671e+01   -1.9924722593e+01    3.7506155163e+00   -1.1231737898e+01    6.7395593700e-02    5.1200000000e+03    1.5145252463e-01    7.5822448730e-01
        35   -4.4881219417e+01    2.0160090366e+03   -7.8874833491e+01    3.3993614074e+01   -1.1525509636e+01   -5.1102678671e+01   -1.9990178486e+01    3.7435333025e+00   -1.1201227767e+01    6.7395593700e-02    5.1200000000e+03    1.5150397022e-01    7.5965576172e-01
        36   -4.4849474983e+01    2.0132326514e+03   -7.8887782451e+01    3.4038307468e+01   -1.1470906270e+01   -5.1102678671e+01   -2.0053249466e+01    3.7390519558e+00   -1.1136574248e+01    6.7395593700e-02    5.1200000000e+03    1.5134731998e-01    7.5843505859e-01
        37   -4.4869434876e+01    2.0149576538e+03   -7.8824490666e+01    3.3955055791e+01   -1.1539059612e+01   -5.1102678671e+01   -1.9916837187e+01    3.7340848035e+00   -1.1211418307e+01    6.7395593700e-02    5.1200000000e+03    1.5130141040e-01    7.5888061523e-01
        38   -4.4867606470e+01    2.0148711856e+03   -7.8899527413e+01    3.4031920943e+01   -1.1519667641e+01   -5.1102678671e+01   -2.0079072214e+01    3.8018911129e+00   -1.1196934119e+01    6.7395593700e-02    5.1200000000e+03    1.5123946807e-01    7.5934448242e-01
        39   -4.4828340964e+01    2.0112937414e+03   -7.8763914641e+01    3.3935573677e+01   -1.1584251729e+01   -5.1102678671e+01   -1.9720214277e+01    3.6432300356e+00   -1.1259756698e+01    6.7395593700e-02    5.1200000000e+03    1.5127376907e-01    7.5940551758e-01
        40   -4.4856633735e+01    2.0138107265e+03   -7.8697068195e+01    3.3840434460e+01   -1.1476354574e+01   -5.1102678671e+01   -1.9847462507e+01    3.7294275571e+00   -1.1158595801e+01    6.7395593700e-02    5.1200000000e+03    1.5146865252e-01    7.5882568359e-01
        41   -4.4864240948e+01    2.0145720663e+03   -7.9002583216e+01    3.4138342268e+01   -1.1485388328e+01   -5.1102678671e+01   -2.0120786057e+01    3.7062698401e+00   -1.1158897842e+01    6.7395593700e-02    5.1200000000e+03    1.5132365926e-01    7.5845642090e-01
        42   -4.4861222218e+01    2.0143043713e+03   -7.8900531453e+01    3.4039309234e+01   -1.1568160460e+01   -5.1102678671e+01   -2.0009806807e+01    3.7801144853e+00   -1.1236207868e+01    6.7395593700e-02    5.1200000000e+03    1.5117212610e-01    7.5832519531e-01
        43   -4.4862691920e+01    2.0144061683e+03   -7.9146634782e+01    3.4283942862e+01   -1.1555810634e+01   -5.1102678671e+01   -2.0198939209e+01    3.7107937320e+00   -1.1232287865e+01    6.7395593700e-02    5.1200000000e+03    1.5149992994e-01    7.5684509277e-01
        44   -4.4872937418e+01    2.0152420368e+03   -7.9121836333e+01    3.4248898916e+01   -1.1462098556e+01   -5.1102678671e+01   -2.0296043866e+01    3.7389847601e+00   -1.1134566762e+01    6.7395593700e-02    5.1200000000e+03    1.5158402478e-01    7.5766296387e-01
        45   -4.4915844511e+01    2.0190531245e+03   -7.9164246372e+01    3.4248401862e+01   -1.1521610603e+01   -5.1102678671e+01   -2.0352187533e+01    3.8122304345e+00   -1.1207516522e+01    6.7395593700e-02    5.1200000000e+03    1.5145022386e-01    7.5784606934e-01
        46   -4.4861133147e+01    2.0142654704e+03   -7.8874874214e+01    3.4013741068e+01   -1.1528723434e+01   -5.1102678671e+01   -2.0046197826e+01    3.8027257160e+00   -1.1204112422e+01    6.7395593700e-02    5.1200000000e+03    1.5131690302e-01    7.5816040039e-01
        47   -4.4847812393e+01    2.0130306651e+03   -7.8841730681e+01    3.3993918289e+01   -1.1533654965e+01   -5.1102678671e+01   -2.0058810330e+01    3.8534132848e+00   -1.1208028204e+01    6.7395593700e-02    5.1200000000e+03    1.5127861952e-01    7.5833435059e-01
        48   -4.4860711480e+01    2.0142174036e+03   -7.8956744635e+01    3.4096033155e+01   -1.1539037686e+01   -5.1102678671e+01   -2.0011383160e+01    3.6963548826e+00   -1.1213570582e+01    6.7395593700e-02    5.1200000000e+03    1.5136210173e-01    7.5944519043e-01
        49   -4.4885388170e+01    2.0164577896e+03   -7.8957409044e+01    3.4072020873e+01   -1.1603759030e+01   -5.1102678671e+01   -2.0051170369e+01    3.8001990268e+00   -1.1285549923e+01    6.7395593700e-02    5.1200000000e+03    1.5108280723e-01    7.5820922852e-01
        50   -4.4861515111e+01    2.0142553435e+03   -7.9148388537e+01    3.4286873426e+01   -1.1494824648e+01   -5.1102678671e+01   -2.0342218687e+01    3.7913334688e+00   -1.1167686378e+01    6.7395593700e-02    5.1200000000e+03    1.5137099019e-01    7.5905761719e-01
        51   -4.4856073333e+01    2.0137347072e+03   -7.8842149681e+01    3.3986076348e+01   -1.1494198717e+01   -5.1102678671e+01   -1.9888495409e+01    3.6432231160e+00   -1.1170520896e+01    6.7395593700e-02    5.1200000000e+03    1.5129382847e-01    7.5748291016e-01
        52   -4.4843461666e+01    2.0125517813e+03   -7.8818021718e+01    3.3974560053e+01   -1.1588829383e+01   -5.1102678671e+01   -1.9885563934e+01    3.7590502697e+00   -1.1261356483e+01    6.7395593700e-02    5.1200000000e+03    1.5096322247e-01    7.5863342285e-01
        53   -4.4833585233e+01    2.0117478503e+03   -7.8979903012e+01    3.4146317779e+01   -1.1596261285e+01   -5.1102678671e+01   -1.9964234509e+01    3.6832714535e+00   -1.1273566141e+01    6.7395593700e-02    5.1200000000e+03    1.5119903861e-01    7.5862121582e-01
        54   -4.4866418252e+01    2.0146832998e+03   -7.8768060644e+01    3.3901642392e+01   -1.1515422373e+01   -5.1102678671e+01   -1.9994599396e+01    3.8446397960e+00   -1.1185975656e+01    6.7395593700e-02    5.1200000000e+03    1.5130925136e-01    7.5924682617e-01
        55   -4.4822703730e+01    2.0108883066e+03   -7.8626333748e+01    3.3803630018e+01   -1.1487773581e+01   -5.1102678671e+01   -1.9770546661e+01    3.7346651652e+00   -1.1156613397e+01    6.7395593700e-02    5.1200000000e+03    1.5113983668e-01    7.5971069336e-01
        56   -4.4869402114e+01    2.0150927644e+03   -7.9061570610e+01    3.4192168497e+01   -1.1549983056e+01   -5.1102678671e+01   -2.0190134861e+01    3.7812259778e+00   -1.1222991168e+01    6.7395593700e-02    5.1200000000e+03    1.5101829449e-01    7.5772399902e-01
        57   -4.4822555645e+01    2.0108658258e+03   -7.8863948246e+01    3.4041392600e+01   -1.1551394652e+01   -5.1102678671e+01   -1.9891482579e+01    3.6816076567e+00   -1.1222630377e+01    6.7395593700e-02    5.1200000000e+03    1.5111042083e-01    7.5943908691e-01
        58   -4.4813997568e+01    2.0099708572e+03   -7.8775331358e+01    3.3961333790e+01   -1.1451127126e+01   -5.1102678671e+01   -1.9902398249e+01    3.6808726879e+00   -1.1116503369e+01    6.7395593700e-02    5.1200000000e+03    1.5168889200e-01    7.5820312500e-01
        59   -4.4846148574e+01    2.0128451441e+03   -7.8692532734e+01    3.3846384160e+01   -1.1421032802e+01   -5.1102678671e+01   -1.9947356301e+01    3.7785350404e+00   -1.1095564648e+01    6.7395593700e-02    5.1200000000e+03    1.5136087133e-01    7.5990905762e-01
        60   -4.4858165426e+01    2.0139746427e+03   -7.8956253890e+01    3.4098088464e+01   -1.1500164587e+01   -5.1102678671e+01   -1.9961171904e+01    3.6077612724e+00   -1.1174275801e+01    6.7395593700e-02    5.1200000000e+03    1.5139925476e-01    7.5848999023e-01
        61   -4.4874633010e+01    2.0155643751e+03   -7.8768973553e+01    3.3894340543e+01   -1.1475042266e+01   -5.1102678671e+01   -1.9999909464e+01    3.8086568481e+00   -1.1150155346e+01    6.7395593700e-02    5.1200000000e+03    1.5158892710e-01    7.5812988281e-01
        62   -4.4857414825e+01    2.0141099987e+03   -7.9045239446e+01    3.4187824621e+01   -1.1490034766e+01   -5.1102678671e+01   -2.0192259611e+01    3.7397336020e+00   -1.1168783841e+01    6.7395593700e-02    5.1200000000e+03    1.5125758868e-01    7.5866088867e-01
        63   -4.4879886893e+01    2.0157617008e+03   -7.8865404868e+01    3.3985517974e+01   -1.1556931370e+01   -5.1102678671e+01   -1.9838728305e+01    3.6329334783e+00   -1.1229785836e+01    6.7395593700e-02    5.1200000000e+03    1.5119177920e-01    7.5811462402e-01
        64   -4.4833257380e+01    2.0116981348e+03   -7.8830852809e+01    3.3997595429e+01   -1.1494890697e+01   -5.1102678671e+01   -1.9930607072e+01    3.6973236310e+00   -1.1162179481e+01    6.7395593700e-02    5.1200000000e+03    1.5113335624e-01    7.5797729492e-01
        65   -4.4895378307e+01    2.0173099399e+03   -7.9039807685e+01    3.4144429378e+01   -1.1553553329e+01   -5.1102678671e+01   -2.0096302827e+01    3.7127271419e+00   -1.1224108641e+01    6.7395593700e-02    5.1200000000e+03    1.5116830303e-01    7.5938110352e-01
        66   -4.4872239730e+01    2.0156802177e+03   -7.8883146967e+01    3.4010907237e+01   -1.1572448377e+01   -5.1102678671e+01   -1.9879207967e+01    3.6711880478e+00   -1.1242220927e+01    6.7395593700e-02    5.1200000000e+03    1.5127186300e-01    7.5923461914e-01
        67   -4.4809752239e+01    2.0095303005e+03   -7.8913125569e+01    3.4103373330e+01   -1.1512352610e+01   -5.1102678671e+01   -2.0075390409e+01    3.7772961219e+00   -1.1177316171e+01    6.7395593700e-02    5.1200000000e+03    1.5088138203e-01    7.5858154297e-01
        68   -4.4879520168e+01    2.0158359777e+03   -7.9085701081e+01    3.4206180913e+01   -1.1520569266e+01   -5.1102678671e+01   -2.0207776135e+01    3.7453229914e+00   -1.1196452152e+01    6.7395593700e-02    5.1200000000e+03    1.5130973940e-01    7.5841369629e-01
        69   -4.4839432672e+01    2.0122656871e+03   -7.8864969845e+01    3.4025537173e+01   -1.1525236786e+01   -5.1102678671e+01   -1.9883368424e+01    3.6463140360e+00   -1.1201875032e+01    6.7395593700e-02    5.1200000000e+03    1.5127535318e-01    7.5944519043e-01
        70   -4.4912923164e+01    2.0188746786e+03   -7.9144676208e+01    3.4231753044e+01   -1.1520640144e+01   -5.1102678671e+01   -2.0308073291e+01    3.7867158984e+00   -1.1199841741e+01    6.7395593700e-02    5.1200000000e+03    1.5117951823e-01    7.5898742676e-01
        71   -4.4867579378e+01    2.0147462500e+03   -7.8814750663e+01    3.3947171285e+01   -1.1544320755e+01   -5.1102678671e+01   -1.9962262036e+01    3.7945107994e+00   -1.1218744471e+01    6.7395593700e-02    5.1200000000e+03    1.5146619024e-01    7.5895385742e-01
        72   -4.4868771831e+01    2.0149130342e+03   -7.9023328071e+01    3.4154556240e+01   -1.1526611458e+01   -5.1102678671e+01   -2.0000121744e+01    3.6060838021e+00   -1.1205558387e+01    6.7395593700e-02    5.1200000000e+03    1.5124331928e-01    7.5776977539e-01
        73   -4.4861694583e+01    2.0142263438e+03   -7.8986648382e+01    3.4124953799e+01   -1.1520811500e+01   -5.1102678671e+01   -2.0027338432e+01    3.6641802214e+00   -1.1202925853e+01    6.7395593700e-02    5.1200000000e+03    1.5119674642e-01    7.5825195312e-01
        74   -4.4837461066e+01    2.0121530622e+03   -7.8919036174e+01    3.4081575108e+01   -1.1563707334e+01   -5.1102678671e+01   -1.9908877289e+01    3.6562271205e+00   -1.1238464944e+01    6.7395593700e-02    5.1200000000e+03    1.5109597592e-01    7.5907592773e-01
        75   -4.4900301365e+01    2.0177640841e+03   -7.8873421583e+01    3.3973120218e+01   -1.1570284208e+01   -5.1102678671e+01   -2.0036868555e+01    3.8364098518e+00   -1.1249785123e+01    6.7395593700e-02    5.1200000000e+03    1.5126146116e-01    7.5969238281e-01
        76   -4.4822306054e+01    2.0108158710e+03   -7.8853302829e+01    3.4030996775e+01   -1.1545227583e+01   -5.1102678671e+01   -1.9834311756e+01    3.6289151810e+00   -1.1218632255e+01    6.7395593700e-02    5.1200000000e+03    1.5107999078e-01    7.5834960937e-01
        77   -4.4856687820e+01    2.0138087854e+03   -7.8859041099e+01    3.4002353279e+01   -1.1581409230e+01   -5.1102678671e+01   -1.9921390910e+01    3.7464377125e+00   -1.1254486067e+01    6.7395593700e-02    5.1200000000e+03    1.5110677459e-01    7.5855712891e-01
        78   -4.4850108436e+01    2.0132749045e+03   -7.8757962306e+01    3.3907853871e+01   -1.1548504931e+01   -5.1102678671e+01   -1.9753940878e+01    3.6471621743e+00   -1.1225551456e+01    6.7395593700e-02    5.1200000000e+03    1.5127187313e-01    7.5900573730e-01
        79   -4.4893054907e+01    2.0171447401e+03   -7.8950553824e+01    3.4057498917e+01   -1.1450500040e+01   -5.1102678671e+01   -2.0108095256e+01    3.7107201436e+00   -1.1129871873e+01    6.7395593700e-02    5.1200000000e+03    1.5143600398e-01    7.5960083008e-01
        80   -4.4840808922e+01    2.0123547856e+03   -7.8747032467e+01    3.3906223545e+01   -1.1507584913e+01   -5.1102678671e+01   -1.9896914810e+01    3.7601459276e+00   -1.1187412653e+01    6.7395593700e-02    5.1200000000e+03    1.5136073770e-01    7.5968627930e-01
        81   -4.4857081672e+01    2.0139101874e+03   -7.9084714905e+01    3.4227633233e+01   -1.1516274029e+01   -5.1102678671e+01   -2.0195307711e+01    3.7295455062e+00   -1.1185465300e+01    6.7395593700e-02    5.1200000000e+03    1.5123137071e-01    7.5806274414e-01
        82   -4.4850425042e+01    2.0132769851e+03   -7.8758660331e+01    3.3908235289e+01   -1.1538260169e+01   -5.1102678671e+01   -1.9940128538e+01    3.8224070463e+00   -1.1208996852e+01    6.7395593700e-02    5.1200000000e+03    1.5116673467e-01    7.5979309082e-01
        83   -4.4861595062e+01    2.0142247377e+03   -7.8874929917e+01    3.4013334855e+01   -1.1520879149e+01   -5.1102678671e+01   -1.9963116345e+01    3.7117442480e+00   -1.1197388413e+01    6.7395593700e-02    5.1200000000e+03    1.5120778312e-01    7.5858459473e-01
        84   -4.4856878557e+01    2.0138381739e+03   -7.8955113566e+01    3.4098235009e+01   -1.1527399391e+01   -5.1102678671e+01   -2.0047923800e+01    3.7228882966e+00   -1.1203879331e+01    6.7395593700e-02    5.1200000000e+03    1.5137890241e-01    7.5998840332e-01
        85   -4.4829906735e+01    2.0114089719e+03   -7.8903613478e+01    3.4073706744e+01   -1.1470128576e+01   -5.1102678671e+01   -2.0036869883e+01    3.7060636523e+00   -1.1138715242e+01    6.7395593700e-02    5.1200000000e+03    1.5128505307e-01    7.5873413086e-01
        86   -4.4842289535e+01    2.0124493417e+03   -7.8696922065e+01    3.3854632530e+01   -1.1590800439e+01   -5.1102678671e+01   -1.9791073277e+01    3.7876303226e+00   -1.1270561549e+01    6.7395593700e-02    5.1200000000e+03    1.5132595796e-01    7.5986938477e-01
        87   -4.4865162155e+01    2.0146366093e+03   -7.8949346767e+01    3.4084184612e+01   -1.1453676443e+01   -5.1102678671e+01   -2.0195570374e+01    3.8025787218e+00   -1.1128704451e+01    6.7395593700e-02    5.1200000000e+03    1.5136391124e-01    7.5855712891e-01
        88   -4.4903237652e+01    2.0179835574e+03   -7.9154816729e+01    3.4251579077e+01   -1.1537466640e+01   -5.1102678671e+01   -2.0159626139e+01    3.6449547217e+00   -1.1214050165e+01    6.7395593700e-02    5.1200000000e+03    1.5133427739e-01    7.5827331543e-01
        89   -4.4863531380e+01    2.0143066604e+03   -7.8821484040e+01    3.3957952660e+01   -1.1536518247e+01   -5.1102678671e+01   -1.9934629480e+01    3.7523423589e+00   -1.1213544055e+01    6.7395593700e-02    5.1200000000e+03    1.5115487198e-01    7.5942687988e-01
        90   -4.4908935201e+01    2.0186421324e+03   -7.9043283673e+01    3.4134348472e+01   -1.1482402671e+01   -5.1102678671e+01   -2.0202425722e+01    3.7442233906e+00   -1.1158703478e+01    6.7395593700e-02    5.1200000000e+03    1.5154151499e-01    7.5834655762e-01
        91   -4.4866234646e+01    2.0145731318e+03   -7.8831909855e+01    3.3965675209e+01   -1.1552401275e+01   -5.1102678671e+01   -1.9850285419e+01    3.6734555106e+00   -1.1236699581e+01    6.7395593700e-02    5.1200000000e+03    1.5109811271e-01    7.5929870605e-01
        92   -4.4846152968e+01    2.0128727621e+03   -7.8978242190e+01    3.4132089222e+01   -1.1569610874e+01   -5.1102678671e+01   -2.0040416219e+01    3.7344635744e+00   -1.1246827428e+01    6.7395593700e-02    5.1200000000e+03    1.5155006581e-01    7.5881958008e-01
        93   -4.4851614347e+01    2.0133328515e+03   -7.8725720978e+01    3.3874106631e+01   -1.1536946418e+01   -5.1102678671e+01   -1.9829810782e+01    3.7437148940e+00   -1.1213186883e+01    6.7395593700e-02    5.1200000000e+03    1.5138834032e-01    7.5898437500e-01
        94   -4.4819974002e+01    2.0105048401e+03   -7.8814229858e+01    3.3994255856e+01   -1.1534930215e+01   -5.1102678671e+01   -1.9971941673e+01    3.7953207015e+00   -1.1207054155e+01    6.7395593700e-02    5.1200000000e+03    1.5119820501e-01    7.5859680176e-01
        95   -4.4860880761e+01    2.0142528400e+03   -7.8890844251e+01    3.4029963491e+01   -1.1515252134e+01   -5.1102678671e+01   -2.0039311689e+01    3.7663982424e+00   -1.1196439538e+01    6.7395593700e-02    5.1200000000e+03    1.5138236957e-01    7.5903625488e-01
        96   -4.4881051325e+01    2.0160033974e+03   -7.8987646483e+01    3.4106595157e+01   -1.1488308592e+01   -5.1102678671e+01   -2.0230349752e+01    3.8336905332e+00   -1.1165941762e+01    6.7395593700e-02    5.1200000000e+03    1.5135160952e-01    7.5831909180e-01
        97   -4.4853819827e+01    2.0134849768e+03   -7.8992948234e+01    3.4139128407e+01   -1.1584803321e+01   -5.1102678671e+01   -2.0026374758e+01    3.7209085167e+00   -1.1260616598e+01    6.7395593700e-02    5.1200000000e+03    1.5118602625e-01    7.5937500000e-01
        98   -4.4868423349e+01    2.0149113838e+03   -7.8925919490e+01    3.4057496141e+01   -1.1526939720e+01   -5.1102678671e+01   -2.0042744196e+01    3.7464430969e+00   -1.1207449990e+01    6.7395593700e-02    5.1200000000e+03    1.5117282833e-01    7.5863952637e-01
        99   -4.4828389953e+01    2.0113765816e+03   -7.9137156259e+01    3.4308766306e+01   -1.1487901280e+01   -5.1102678671e+01   -2.0315194574e+01    3.7686182656e+00   -1.1155933387e+01    6.7395593700e-02    5.1200000000e+03    1.5132609946e-01    7.5867919922e-01
       100   -4.4810915221e+01    2.0097065984e+03   -7.8631935678e+01    3.3821020457e+01   -1.1556622114e+01   -5.1102678671e+01   -1.9654566579e+01    3.6819316865e+00   -1.1228601887e+01    6.7395593700e-02    5.1200000000e+03    1.5106538929e-01    7.5877990723e-01
       101   -4.4848719906e+01    2.0130283100e+03   -7.8931914371e+01    3.4083194465e+01   -1.1582145246e+01   -5.1102678671e+01   -1.9972915194e+01    3.7258247404e+00   -1.1257433436e+01    6.7395593700e-02    5.1200000000e+03    1.5127041127e-01    7.5830078125e-01
       102   -4.4877665540e+01    2.0157705915e+03   -7.8891311407e+01    3.4013645867e+01   -1.1496540662e+01   -5.1102678671e+01   -2.0066441749e+01    3.7743496746e+00   -1.1173357563e+01    6.7395593700e-02    5.1200000000e+03    1.5159276753e-01    7.5895996094e-01
       103   -4.4868352708e+01    2.0149324055e+03   -7.8835769379e+01    3.3967416671e+01   -1.1534254755e+01   -5.1102678671e+01   -1.9905829437e+01    3.7069934850e+00   -1.1216591787e+01    6.7395593700e-02    5.1200000000e+03    1.5117507660e-01    7.5848083496e-01
       104   -4.4848644558e+01    2.0131400499e+03   -7.8809154184e+01    3.3960509626e+01   -1.1524015830e+01   -5.1102678671e+01   -1.9900432937e+01    3.7179732541e+00   -1.1200869694e+01    6.7395593700e-02    5.1200000000e+03    1.5135702009e-01    7.6062316895e-01
       105   -4.4856304928e+01    2.0138234131e+03   -7.9219569196e+01    3.4363264267e+01   -1.1504079122e+01   -5.1102678671e+01   -2.0247575508e+01    3.6347641051e+00   -1.1178770137e+01    6.7395593700e-02    5.1200000000e+03    1.5130074168e-01    7.5677490234e-01
       106   -4.4871423624e+01    2.0151663873e+03   -7.8990770194e+01    3.4119346571e+01   -1.1536031764e+01   -5.1102678671e+01   -2.0072508742e+01    3.7204489821e+00   -1.1207009341e+01    6.7395593700e-02    5.1200000000e+03    1.5138323414e-01    7.5852661133e-01
       107   -4.4887316033e+01    2.0165464855e+03   -7.8865908030e+01    3.3978591998e+01   -1.1520838658e+01   -5.1102678671e+01   -1.9924908212e+01    3.6825175103e+00   -1.1201728122e+01    6.7395593700e-02    5.1200000000e+03    1.5123398854e-01    7.5951843262e-01
       108   -4.4830503511e+01    2.0114415091e+03   -7.8813109430e+01    3.3982605918e+01   -1.1525191259e+01   -5.1102678671e+01   -1.9930140511e+01    3.7449010118e+00   -1.1196346632e+01    6.7395593700e-02    5.1200000000e+03    1.5122659263e-01    7.5859375000e-01
       109   -4.4853404023e+01    2.0135443964e+03   -7.8913790029e+01    3.4060386006e+01   -1.1515611316e+01   -5.1102678671e+01   -1.9987274402e+01    3.6917743598e+00   -1.1186321933e+01    6.7395593700e-02    5.1200000000e+03    1.5127104254e-01    7.5857543945e-01
       110   -4.4842157001e+01    2.0125356625e+03   -7.8896671297e+01    3.4054514296e+01   -1.1551300251e+01   -5.1102678671e+01   -2.0008059163e+01    3.7653667872e+00   -1.1225220201e+01    6.7395593700e-02    5.1200000000e+03    1.5119223044e-01    7.5857238770e-01
       111   -4.4881935346e+01    2.0160833036e+03   -7.9029411526e+01    3.4147476181e+01   -1.1510009407e+01   -5.1102678671e+01   -2.0169561213e+01    3.7528377645e+00   -1.1184296591e+01    6.7395593700e-02    5.1200000000e+03    1.5146608588e-01    7.5863342285e-01
       112   -4.4858435931e+01    2.0139555652e+03   -7.8820021225e+01    3.3961585294e+01   -1.1539863202e+01   -5.1102678671e+01   -1.9914812061e+01    3.7373327093e+00   -1.1214720670e+01    6.7395593700e-02    5.1200000000e+03    1.5128186667e-01    7.5848388672e-01
       113   -4.4830414095e+01    2.0114084179e+03   -7.8836562762e+01    3.4006148667e+01   -1.1526818154e+01   -5.1102678671e+01   -1.9968200699e+01    3.7611347620e+00   -1.1199174913e+01    6.7395593700e-02    5.1200000000e+03    1.5123449767e-01    7.5843811035e-01
       114   -4.4885796791e+01    2.0164025237e+03   -7.9106521360e+01    3.4220724569e+01   -1.1516843745e+01   -5.1102678671e+01   -2.0107203798e+01    3.6202048539e+00   -1.1201259634e+01    6.7395593700e-02    5.1200000000e+03    1.5125443658e-01    7.5793151855e-01
       115   -4.4851187167e+01    2.0133105447e+03   -7.8967966697e+01    3.4116779530e+01   -1.1525069910e+01   -5.1102678671e+01   -2.0176757268e+01    3.8365391528e+00   -1.1193927734e+01    6.7395593700e-02    5.1200000000e+03    1.5133883164e-01    7.5776977539e-01
       116   -4.4852467689e+01    2.0134650546e+03   -7.8883076287e+01    3.4030608598e+01   -1.1528419853e+01   -5.1102678671e+01   -1.9949567752e+01    3.6975899881e+00   -1.1198456707e+01    6.7395593700e-02    5.1200000000e+03    1.5137320931e-01    7.6117553711e-01
       117   -4.4839532414e+01    2.0123113487e+03   -7.8701563707e+01    3.3862031293e+01   -1.1549815185e+01   -5.1102678671e+01   -1.9758593754e+01    3.7095239027e+00   -1.1220840198e+01    6.7395593700e-02    5.1200000000e+03    1.5110035103e-01    7.5908813477e-01
       118   -4.4866326820e+01    2.0146967827e+03   -7.8975285594e+01    3.4108958774e+01   -1.1530692877e+01   -5.1102678671e+01   -2.0050393898e+01    3.7084798520e+00   -1.1208417717e+01    6.7395593700e-02    5.1200000000e+03    1.5131465390e-01    7.5881958008e-01
       119   -4.4824860415e+01    2.0108810613e+03   -7.8927219101e+01    3.4102358686e+01   -1.1550578034e+01   -5.1102678671e+01   -1.9859635888e+01    3.5856734917e+00   -1.1232688716e+01    6.7395593700e-02    5.1200000000e+03    1.5111878270e-01    7.5789184570e-01
       120   -4.4837102858e+01    2.0120418982e+03   -7.8934973696e+01    3.4097870838e+01   -1.1488207584e+01   -5.1102678671e+01   -2.0003486381e+01    3.6593989400e+00   -1.1159081944e+01    6.7395593700e-02    5.1200000000e+03    1.5126778361e-01    7.5852050781e-01
       121   -4.4819397820e+01    2.0104615679e+03   -7.8881449326e+01    3.4062051507e+01   -1.1536796922e+01   -5.1102678671e+01   -1.9902586306e+01    3.6606125719e+00   -1.1205647215e+01    6.7395593700e-02    5.1200000000e+03    1.5118853341e-01    7.5997619629e-01
       122   -4.4869073772e+01    2.0149935103e+03   -7.8891937693e+01    3.4022863921e+01   -1.1494101934e+01   -5.1102678671e+01   -1.9955906350e+01    3.6607492615e+00   -1.1179647452e+01    6.7395593700e-02    5.1200000000e+03    1.5140792411e-01    7.5920104980e-01
       123   -4.4886537495e+01    2.0165109607e+03   -7.8775354306e+01    3.3888816811e+01   -1.1504770511e+01   -5.1102678671e+01   -1.9985619569e+01    3.8177144456e+00   -1.1183635510e+01    6.7395593700e-02    5.1200000000e+03    1.5134579566e-01    7.5999755859e-01
       124   -4.4865411939e+01    2.0145312013e+03   -7.8860305981e+01    3.3994894042e+01   -1.1503993225e+01   -5.1102678671e+01   -1.9959972393e+01    3.7063383091e+00   -1.1178954919e+01    6.7395593700e-02    5.1200000000e+03    1.5158164161e-01    7.5839843750e-01
       125   -4.4849226846e+01    2.0131997248e+03   -7.8881788983e+01    3.4032562137e+01   -1.1497116723e+01   -5.1102678671e+01   -1.9927230075e+01    3.6452364857e+00   -1.1174927893e+01    6.7395593700e-02    5.1200000000e+03    1.5124503645e-01    7.5827941895e-01
       126   -4.4837673578e+01    2.0121202727e+03   -7.9052928227e+01    3.4215254649e+01   -1.1472411274e+01   -5.1102678671e+01   -2.0290323465e+01    3.8124851834e+00   -1.1141577748e+01    6.7395593700e-02    5.1200000000e+03    1.5225498222e-01    7.5952148437e-01
       127   -4.4851045143e+01    2.0133539210e+03   -7.8891014637e+01    3.4039969494e+01   -1.1532623358e+01   -5.1102678671e+01   -1.9859016973e+01    3.6033043657e+00   -1.1210047449e+01    6.7395593700e-02    5.1200000000e+03    1.5119244476e-01    7.5920410156e-01
       128   -4.4850801857e+01    2.0134001956e+03   -7.9017886436e+01    3.4167084579e+01   -1.1507080187e+01   -5.1102678671e+01   -2.0173707318e+01    3.7655797403e+00   -1.1177799949e+01    6.7395593700e-02    5.1200000000e+03    1.5134460347e-01    7.5792236328e-01
       129   -4.4865271216e+01    2.0145182157e+03   -7.9025242920e+01    3.4159971704e+01   -1.1538130163e+01   -5.1102678671e+01   -2.0108671702e+01    3.7242376164e+00   -1.1221569172e+01    6.7395593700e-02    5.1200000000e+03    1.5142081904e-01    7.5961303711e-01
       130   -4.4882979082e+01    2.0162669619e+03   -7.8970944639e+01    3.4087965557e+01   -1.1524612225e+01   -5.1102678671e+01   -2.0133331948e+01    3.7896782046e+00   -1.1200400637e+01    6.7395593700e-02    5.1200000000e+03    1.5134886473e-01    7.5863647461e-01
       131   -4.4869821534e+01    2.0152619887e+03   -7.9047988430e+01    3.4178166896e+01   -1.1516516592e+01   -5.1102678671e+01   -2.0133289872e+01    3.7044967057e+00   -1.1186144650e+01    6.7395593700e-02    5.1200000000e+03    1.5133305098e-01    7.5873718262e-01
       132   -4.4859198523e+01    2.0139869759e+03   -7.8813655632e+01    3.3954457108e+01   -1.1538886588e+01   -5.1102678671e+01   -1.9917710459e+01    3.7456200857e+00   -1.1224647314e+01    6.7395593700e-02    5.1200000000e+03    1.5127522991e-01    7.5834045410e-01
       133   -4.4856104563e+01    2.0137417449e+03   -7.8642844679e+01    3.3786740116e+01   -1.1520940039e+01   -5.1102678671e+01   -1.9758157108e+01    3.7389311395e+00   -1.1198746881e+01    6.7395593700e-02    5.1200000000e+03    1.5126969929e-01    7.5945129395e-01
       134   -4.4849004376e+01    2.0131921457e+03   -7.8925193787e+01    3.4076189411e+01   -1.1517195214e+01   -5.1102678671e+01   -2.0166138052e+01    3.8608181504e+00   -1.1189398998e+01    6.7395593700e-02    5.1200000000e+03    1.5127102959e-01    7.5954589844e-01
       135   -4.4854183510e+01    2.0138506226e+03   -7.8760714820e+01    3.3906531310e+01   -1.1539994010e+01   -5.1102678671e+01   -1.9969740173e+01    3.8516980344e+00   -1.1212532893e+01    6.7395593700e-02    5.1200000000e+03    1.5115839311e-01    7.6102294922e-01
       136   -4.4872816183e+01    2.0152370239e+03   -7.8879665752e+01    3.4006849569e+01   -1.1507499572e+01   -5.1102678671e+01   -2.0051819093e+01    3.7823315843e+00   -1.1185037752e+01    6.7395593700e-02    5.1200000000e+03    1.5138989698e-01    7.5921325684e-01
       137   -4.4865816290e+01    2.0145847093e+03   -7.8938855982e+01    3.4073039692e+01   -1.1599785669e+01   -5.1102678671e+01   -1.9941960287e+01    3.7055686453e+00   -1.1274626937e+01    6.7395593700e-02    5.1200000000e+03    1.5138183120e-01    7.5907897949e-01
       138   -4.4817296189e+01    2.0102918186e+03   -7.8624242470e+01    3.3806946281e+01   -1.1553703667e+01   -5.1102678671e+01   -1.9638645391e+01    3.6707852590e+00   -1.1223732923e+01    6.7395593700e-02    5.1200000000e+03    1.5113046385e-01    7.6059570312e-01
       139   -4.4833071317e+01    2.0116810235e+03   -7.8752968753e+01    3.3919897436e+01   -1.1452547224e+01   -5.1102678671e+01   -1.9933603070e+01    3.7358602121e+00   -1.1117076149e+01    6.7395593700e-02    5.1200000000e+03    1.5143061442e-01    7.5968933105e-01
       140   -4.4842308272e+01    2.0124873844e+03   -7.8949686919e+01    3.4107378647e+01   -1.1547358846e+01   -5.1102678671e+01   -1.9920007367e+01    3.6203579654e+00   -1.1222043015e+01    6.7395593700e-02    5.1200000000e+03    1.5119517214e-01    7.5904846191e-01
       141   -4.4871480635e+01    2.0150487239e+03   -7.8891355910e+01    3.4019875275e+01   -1.1543811190e+01   -5.1102678671e+01   -1.9972201901e+01    3.7273358522e+00   -1.1221565892e+01    6.7395593700e-02    5.1200000000e+03    1.5117882504e-01    7.5884399414e-01
       142   -4.4821638033e+01    2.0106824415e+03   -7.8798938004e+01    3.3977299971e+01   -1.1577292829e+01   -5.1102678671e+01   -1.9779635419e+01    3.6606689149e+00   -1.1251027277e+01    6.7395593700e-02    5.1200000000e+03    1.5134805559e-01    7.5935668945e-01
       143   -4.4843486768e+01    2.0126721048e+03   -7.8765011020e+01    3.3921524252e+01   -1.1475449959e+01   -5.1102678671e+01   -1.9841220284e+01    3.6543378946e+00   -1.1153392130e+01    6.7395593700e-02    5.1200000000e+03    1.5114149238e-01    7.5946350098e-01
       144   -4.4818842019e+01    2.0103846912e+03   -7.8851649606e+01    3.4032807587e+01   -1.1492250334e+01   -5.1102678671e+01   -1.9950956583e+01    3.6942359818e+00   -1.1166838842e+01    6.7395593700e-02    5.1200000000e+03    1.5106283129e-01    7.5826721191e-01
       145   -4.4847527686e+01    2.0129926267e+03   -7.8976016084e+01    3.4128488398e+01   -1.1486791265e+01   -5.1102678671e+01   -2.0108481534e+01    3.7219353866e+00   -1.1160734003e+01    6.7395593700e-02    5.1200000000e+03    1.5105627184e-01    7.5829772949e-01
       146   -4.4867876183e+01    2.0148206863e+03   -7.8944325061e+01    3.4076448878e+01   -1.1496383922e+01   -5.1102678671e+01   -2.0200696033e+01    3.8554335656e+00   -1.1170364936e+01    6.7395593700e-02    5.1200000000e+03    1.5148967465e-01    7.5789794922e-01
       147   -4.4881942272e+01    2.0160185519e+03   -7.9124300897e+01    3.4242358625e+01   -1.1567473629e+01   -5.1102678671e+01   -2.0145746700e+01    3.6915981030e+00   -1.1240948571e+01    6.7395593700e-02    5.1200000000e+03    1.5124143209e-01    7.5929870605e-01
       148   -4.4854518937e+01    2.0135990602e+03   -7.8916412382e+01    3.4061893445e+01   -1.1515540187e+01   -5.1102678671e+01   -2.0035722266e+01    3.7375287425e+00   -1.1186837988e+01    6.7395593700e-02    5.1200000000e+03    1.5125096354e-01    7.5953674316e-01
       149   -4.4832962900e+01    2.0117139493e+03   -7.8925444565e+01    3.4092481665e+01   -1.1479555739e+01   -5.1102678671e+01   -2.0031457349e+01    3.6882471936e+00   -1.1148715708e+01    6.7395593700e-02    5.1200000000e+03    1.5128970623e-01    7.5857849121e-01
       150   -4.4897151575e+01    2.0174884097e+03   -7.9202266623e+01    3.4305115048e+01   -1.1524031642e+01   -5.1102678671e+01   -2.0191851183e+01    3.6162948729e+00   -1.1201476952e+01    6.7395593700e-02    5.1200000000e+03    1.5125200751e-01    7.5830383301e-01
       151   -4.4892560396e+01    2.0170287432e+03   -7.8969138058e+01    3.4076577662e+01   -1.1548270711e+01   -5.1102678671e+01   -2.0192839612e+01    3.8746509357e+00   -1.1230819010e+01    6.7395593700e-02    5.1200000000e+03    1.5132111251e-01    7.5950012207e-01
       152   -4.4864701126e+01    2.0152535747e+03   -7.8737911089e+01    3.3873209962e+01   -1.1503009925e+01   -5.1102678671e+01   -1.9987158616e+01    3.8549361238e+00   -1.1178440339e+01    6.7395593700e-02    5.1200000000e+03    1.5131050037e-01    7.5928649902e-01
       153   -4.4845492888e+01    2.0127935100e+03   -7.8948108435e+01    3.4102615547e+01   -1.1494590364e+01   -5.1102678671e+01   -2.0017598038e+01    3.6667586384e+00   -1.1166169556e+01    6.7395593700e-02    5.1200000000e+03    1.5127772279e-01    7.5989685059e-01
       154   -4.4813314511e+01    2.0108314201e+03   -7.8916938914e+01    3.4103624403e+01   -1.1575583240e+01   -5.1102678671e+01   -1.9845201724e+01    3.6065247202e+00   -1.1256501943e+01    6.7395593700e-02    5.1200000000e+03    1.5097813036e-01    7.5965270996e-01
       155   -4.4840643640e+01    2.0124034746e+03   -7.8894560242e+01    3.4053916602e+01   -1.1540742179e+01   -5.1102678671e+01   -1.9944822586e+01    3.6936831944e+00   -1.1215978755e+01    6.7395593700e-02    5.1200000000e+03    1.5116610870e-01    7.5835266113e-01
       156   -4.4862899565e+01    2.0142910231e+03   -7.9018443565e+01    3.4155544001e+01   -1.1565428091e+01   -5.1102678671e+01   -1.9983450732e+01    3.6331139281e+00   -1.1244868707e+01    6.7395593700e-02    5.1200000000e+03    1.5108099304e-01    7.5998229980e-01
       157   -4.4831607595e+01    2.0115450447e+03   -7.8759652554e+01    3.3928044959e+01   -1.1503866089e+01   -5.1102678671e+01   -1.9896562783e+01    3.7434549899e+00   -1.1170659940e+01    6.7395593700e-02    5.1200000000e+03    1.5116285268e-01    7.5904541016e-01
       158   -4.4853955411e+01    2.0135799256e+03   -7.8934458831e+01    3.4080503420e+01   -1.1514715170e+01   -5.1102678671e+01   -2.0063418620e+01    3.7463536297e+00   -1.1186176081e+01    6.7395593700e-02    5.1200000000e+03    1.5115725727e-01    7.5836486816e-01
       159   -4.4869015884e+01    2.0149068293e+03   -7.8890320229e+01    3.4021304344e+01   -1.1486481098e+01   -5.1102678671e+01   -2.0044809641e+01    3.7436491816e+00   -1.1168485407e+01    6.7395593700e-02    5.1200000000e+03    1.5130712809e-01    7.5851440430e-01
       160   -4.4870881482e+01    2.0151348465e+03   -7.8604479867e+01    3.3733598386e+01   -1.1498834022e+01   -5.1102678671e+01   -1.9771817946e+01    3.7688507721e+00   -1.1178555519e+01    6.7395593700e-02    5.1200000000e+03    1.5133436957e-01    7.5899658203e-01
       161   -4.4862874335e+01    2.0143156744e+03   -7.9021633769e+01    3.4158759433e+01   -1.1492144449e+01   -5.1102678671e+01   -2.0134452246e+01    3.7076415974e+00   -1.1170592214e+01    6.7395593700e-02    5.1200000000e+03    1.5140934749e-01    7.5763549805e-01
       162   -4.4832458654e+01    2.0116541202e+03   -7.8886280461e+01    3.4053821807e+01   -1.1514337056e+01   -5.1102678671e+01   -2.0061757760e+01    3.7924930255e+00   -1.1183089494e+01    6.7395593700e-02    5.1200000000e+03    1.5120663930e-01    7.5959167480e-01
       163   -4.4859149140e+01    2.0140709822e+03   -7.8868220053e+01    3.4009070913e+01   -1.1499419429e+01   -5.1102678671e+01   -1.9913107635e+01    3.6469856818e+00   -1.1175413454e+01    6.7395593700e-02    5.1200000000e+03    1.5142560544e-01    7.5826416016e-01
       164   -4.4850574018e+01    2.0133255202e+03   -7.9021528249e+01    3.4170954230e+01   -1.1565410499e+01   -5.1102678671e+01   -2.0028649944e+01    3.6752108656e+00   -1.1243794175e+01    6.7395593700e-02    5.1200000000e+03    1.5126868694e-01    7.5877990723e-01
       165   -4.4828216234e+01    2.0111611537e+03   -7.8933533155e+01    3.4105316921e+01   -1.1542195711e+01   -5.1102678671e+01   -1.9916035925e+01    3.6273771523e+00   -1.1222339555e+01    6.7395593700e-02    5.1200000000e+03    1.5123964402e-01    7.5760803223e-01
       166   -4.4860301481e+01    2.0141501622e+03   -7.8939820285e+01    3.4079518804e+01   -1.1590636417e+01   -5.1102678671e+01   -1.9935310790e+01    3.6888055931e+00   -1.1271051850e+01    6.7395593700e-02    5.1200000000e+03    1.5121748453e-01    7.5884399414e-01
       167   -4.4832460688e+01    2.0117105724e+03   -7.8732921231e+01    3.3900460543e+01   -1.1595552082e+01   -5.1102678671e+01   -1.9719460386e+01    3.6847699090e+00   -1.1272288291e+01    6.7395593700e-02    5.1200000000e+03    1.5094237104e-01    7.5951843262e-01
       168   -4.4812577616e+01    2.0098402368e+03   -7.8880813254e+01    3.4068235638e+01   -1.1602864086e+01   -5.1102678671e+01   -1.9873826759e+01    3.6985562613e+00   -1.1279876487e+01    6.7395593700e-02    5.1200000000e+03    1.5112048015e-01    7.5667724609e-01
       169   -4.4853005389e+01    2.0135322374e+03   -7.8940507257e+01    3.4087501868e+01   -1.1556009136e+01   -5.1102678671e+01   -1.9958696983e+01    3.6768775321e+00   -1.1233735006e+01    6.7395593700e-02    5.1200000000e+03    1.5115163469e-01    7.5847473145e-01
       170   -4.4852935924e+01    2.0134742383e+03   -7.8889987202e+01    3.4037051279e+01   -1.1541898369e+01   -5.1102678671e+01   -1.9933627339e+01    3.6882171769e+00   -1.1222356202e+01    6.7395593700e-02    5.1200000000e+03    1.5141464448e-01    7.5916442871e-01
       171   -4.4860553315e+01    2.0141432016e+03   -7.8660890873e+01    3.3800337558e+01   -1.1515659539e+01   -5.1102678671e+01   -1.9796186044e+01    3.7536333816e+00   -1.1188872765e+01    6.7395593700e-02    5.1200000000e+03    1.5123380539e-01    7.5979919434e-01
       172   -4.4892275456e+01    2.0170066315e+03   -7.9005163404e+01    3.4112887948e+01   -1.1520522045e+01   -5.1102678671e+01   -2.0162909482e+01    3.7809467945e+00   -1.1195323639e+01    6.7395593700e-02    5.1200000000e+03    1.5142417002e-01    7.5844421387e-01
       173   -4.4890142468e+01    2.0168627824e+03   -7.9095687585e+01    3.4205545117e+01   -1.1551986360e+01   -5.1102678671e+01   -2.0221270174e+01    3.7802476206e+00   -1.1231414962e+01    6.7395593700e-02    5.1200000000e+03    1.5132092080e-01    7.5838928223e-01
       174   -4.4832859259e+01    2.0116923556e+03   -7.8890203399e+01    3.4057344140e+01   -1.1524306047e+01   -5.1102678671e+01   -1.9886552732e+01    3.6233340513e+00   -1.1194468562e+01    6.7395593700e-02    5.1200000000e+03    1.5126449329e-01    7.5892333984e-01
       175   -4.4859094272e+01    2.0139492044e+03   -7.8863436382e+01    3.4004342110e+01   -1.1482089976e+01   -5.1102678671e+01   -2.0013906882e+01    3.7352391475e+00   -1.1154893019e+01    6.7395593700e-02    5.1200000000e+03    1.5125603588e-01    7.5863037109e-01
       176   -4.4840242716e+01    2.0122489313e+03   -7.9093948386e+01    3.4253705669e+01   -1.1532324126e+01   -5.1102678671e+01   -2.0118801546e+01    3.6598559572e+00   -1.1201168327e+01    6.7395593700e-02    5.1200000000e+03    1.5124356861e-01    7.5906982422e-01
       177   -4.4854298580e+01    2.0135681625e+03   -7.8886632483e+01    3.4032333903e+01   -1.1533028178e+01   -5.1102678671e+01   -1.9969120606e+01    3.7181949720e+00   -1.1204177881e+01    6.7395593700e-02    5.1200000000e+03    1.5097412838e-01    7.5907592773e-01
       178   -4.4856958833e+01    2.0138921894e+03   -7.8739136905e+01    3.3882178073e+01   -1.1504093991e+01   -5.1102678671e+01   -1.9896816536e+01    3.7644522933e+00   -1.1178857530e+01    6.7395593700e-02    5.1200000000e+03    1.5111875724e-01    7.5736389160e-01
       179   -4.4879968594e+01    2.0159385011e+03   -7.9014006245e+01    3.4134037651e+01   -1.1581190747e+01   -5.1102678671e+01   -2.0068781747e+01    3.7386449199e+00   -1.1260044410e+01    6.7395593700e-02    5.1200000000e+03    1.5132832011e-01    7.5847778320e-01
       180   -4.4874615528e+01    2.0154624833e+03   -7.9095393230e+01    3.4220777703e+01   -1.1503389416e+01   -5.1102678671e+01   -2.0176464566e+01    3.6871394234e+00   -1.1180679255e+01    6.7395593700e-02    5.1200000000e+03    1.5150654958e-01    7.5791015625e-01
       181   -4.4843824689e+01    2.0126707148e+03   -7.9085487882e+01    3.4241663193e+01   -1.1504220863e+01   -5.1102678671e+01   -2.0171046937e+01    3.6924585892e+00   -1.1172237332e+01    6.7395593700e-02    5.1200000000e+03    1.5136927767e-01    7.5941162109e-01
       182   -4.4843946699e+01    2.0127014588e+03   -7.8820278850e+01    3.3976332151e+01   -1.1536454323e+01   -5.1102678671e+01   -1.9858395854e+01    3.6772499983e+00   -1.1210882673e+01    6.7395593700e-02    5.1200000000e+03    1.5133245348e-01    7.5901489258e-01
       183   -4.4886112989e+01    2.0164785400e+03   -7.9003659719e+01    3.4117546730e+01   -1.1531420277e+01   -5.1102678671e+01   -2.0205971519e+01    3.8364107484e+00   -1.1201639066e+01    6.7395593700e-02    5.1200000000e+03    1.5135970094e-01    7.5961303711e-01
       184   -4.4864363431e+01    2.0144915727e+03   -7.9041366575e+01    3.4177003144e+01   -1.1533445545e+01   -5.1102678671e+01   -2.0133646243e+01    3.7284038846e+00   -1.1206983924e+01    6.7395593700e-02    5.1200000000e+03    1.5126734312e-01    7.5842590332e-01
       185   -4.4863037393e+01    2.0143914455e+03   -7.8857439801e+01    3.3994402409e+01   -1.1522281169e+01   -5.1102678671e+01   -1.9909073473e+01    3.6765935120e+00   -1.1198952568e+01    6.7395593700e-02    5.1200000000e+03    1.5141132552e-01    7.5892639160e-01
       186   -4.4861600420e+01    2.0142483788e+03   -7.8830594684e+01    3.3968994264e+01   -1.1509195431e+01   -5.1102678671e+01   -1.9912660977e+01    3.6939403953e+00   -1.1192792251e+01    6.7395593700e-02    5.1200000000e+03    1.5116667334e-01    7.5815429687e-01
       187   -4.4816547414e+01    2.0102237201e+03   -7.8893052134e+01    3.4076504720e+01   -1.1521090423e+01   -5.1102678671e+01   -1.9902764465e+01    3.6334814256e+00   -1.1193255317e+01    6.7395593700e-02    5.1200000000e+03    1.5126964647e-01    7.5877075195e-01
       188   -4.4855727995e+01    2.0136895910e+03   -7.9082235839e+01    3.4226507845e+01   -1.1529924698e+01   -5.1102678671e+01   -2.0279037660e+01    3.8294051901e+00   -1.1204193216e+01    6.7395593700e-02    5.1200000000e+03    1.5139613153e-01    7.5849609375e-01
       189   -4.4862919822e+01    2.0143274608e+03   -7.8793615622e+01    3.3930695799e+01   -1.1566961030e+01   -5.1102678671e+01   -1.9901726824e+01    3.7777509034e+00   -1.1244858754e+01    6.7395593700e-02    5.1200000000e+03    1.5133164167e-01    7.5886535645e-01
       190   -4.4830820792e+01    2.0114815140e+03   -7.8812576776e+01    3.3981755984e+01   -1.1502827375e+01   -5.1102678671e+01   -1.9894503901e+01    3.6874331720e+00   -1.1174172126e+01    6.7395593700e-02    5.1200000000e+03    1.5139586150e-01    7.5976257324e-01
       191   -4.4820237186e+01    2.0105344661e+03   -7.8961714014e+01    3.4141476827e+01   -1.1495364497e+01   -5.1102678671e+01   -1.9990332970e+01    3.6266621240e+00   -1.1170710407e+01    6.7395593700e-02    5.1200000000e+03    1.5115840009e-01    7.5900878906e-01
       192   -4.4887759245e+01    2.0165532146e+03   -7.9088262614e+01    3.4200503369e+01   -1.1552182835e+01   -5.1102678671e+01   -2.0208657185e+01    3.7752560777e+00   -1.1232430331e+01    6.7395593700e-02    5.1200000000e+03    1.5157559563e-01    7.5777893066e-01
       193   -4.4852579803e+01    2.0133645109e+03   -7.8957872679e+01    3.4105292877e+01   -1.1492703666e+01   -5.1102678671e+01   -2.0005352907e+01    3.6428625647e+00   -1.1170370980e+01    6.7395593700e-02    5.1200000000e+03    1.5148343013e-01    7.5886230469e-01
       194   -4.4835664131e+01    2.0118989123e+03   -7.8764765417e+01    3.3929101286e+01   -1.1544455081e+01   -5.1102678671e+01   -1.9668977342e+01    3.5513456777e+00   -1.1221958805e+01    6.7395593700e-02    5.1200000000e+03    1.5096993946e-01    7.5907287598e-01
       195   -4.4845832897e+01    2.0128302298e+03   -7.8989569107e+01    3.4143736211e+01   -1.1493807742e+01   -5.1102678671e+01   -2.0160759500e+01    3.7676768055e+00   -1.1168620771e+01    6.7395593700e-02    5.1200000000e+03    1.5126055201e-01    7.5663452148e-01
       196   -4.4851307709e+01    2.0133528051e+03   -7.8906747625e+01    3.4055439915e+01   -1.1495649214e+01   -5.1102678671e+01   -2.0127732675e+01    3.8193129352e+00   -1.1165629526e+01    6.7395593700e-02    5.1200000000e+03    1.5145004527e-01    7.5893554687e-01
       197   -4.4847111862e+01    2.0128859697e+03   -7.8811264532e+01    3.3964152670e+01   -1.1578319824e+01   -5.1102678671e+01   -1.9790115271e+01    3.6598492341e+00   -1.1254868408e+01    6.7395593700e-02    5.1200000000e+03    1.5145161340e-01    7.5959167480e-01
       198   -4.4851263651e+01    2.0133568741e+03   -7.9024114715e+01    3.4172851064e+01   -1.1525485750e+01   -5.1102678671e+01   -2.0069351602e+01    3.6734013077e+00   -1.1202646946e+01    6.7395593700e-02    5.1200000000e+03    1.5133911037e-01    7.5945739746e-01
       199   -4.4845578934e+01    2.0128564812e+03   -7.8772291559e+01    3.3926712624e+01   -1.1507957586e+01   -5.1102678671e+01   -1.9854957779e+01    3.6933024782e+00   -1.1171677530e+01    6.7395593700e-02    5.1200000000e+03    1.5138202432e-01    7.5831298828e-01
