#   index    LocalEnergy         LocalEnergy_sq      LocalPotential      Kinetic             ElecElec            LocalECP            NonLocalECP         BlockWeight         BlockCPU            AcceptRatio         
         0   -1.5851513047e+01    2.5152155584e+02   -2.7559414539e+01    1.1707901492e+01    1.0312452367e+01   -3.9829321965e+01    1.9574550595e+00    5.1200000000e+02    5.5801088135e-04    4.3945312500e-01
         1   -1.5850573325e+01    2.5147995986e+02   -2.7830676600e+01    1.1980103275e+01    1.0270615962e+01   -3.9875672150e+01    1.7743795881e+00    5.1200000000e+02    5.5674045898e-04    4.3587239583e-01
         2   -1.5868133800e+01    2.5205234113e+02   -2.7825967818e+01    1.1957834018e+01    1.0270650545e+01   -4.0204174025e+01    2.1075556617e+00    5.1200000000e+02    5.5573129883e-04    4.3424479167e-01
         3   -1.5880376505e+01    2.5242750990e+02   -2.7689136519e+01    1.1808760014e+01    1.0324754183e+01   -4.0382689412e+01    2.3687987106e+00    5.1200000000e+02    5.5620064941e-04    4.3977864583e-01
         4   -1.5870599427e+01    2.5211700189e+02   -2.7747325826e+01    1.1876726400e+01    1.0376924507e+01   -4.0416222250e+01    2.2919719163e+00    5.1200000000e+02    5.5858961182e-04    4.4596354167e-01
         5   -1.5888731473e+01    2.5268571492e+02   -2.7886389910e+01    1.1997658436e+01    1.0377619795e+01   -4.0733922297e+01    2.4699125922e+00    5.1200000000e+02    5.6101676758e-04    4.5117187500e-01
         6   -1.5893840866e+01    2.5293147257e+02   -2.7801797150e+01    1.1907956284e+01    1.0455664900e+01   -4.0733223716e+01    2.4757616661e+00    5.1200000000e+02    5.6050926270e-04    4.4531250000e-01
         7   -1.5864122149e+01    2.5196573754e+02   -2.7786651257e+01    1.1922529108e+01    1.0347584460e+01   -4.0357460653e+01    2.2232249356e+00    5.1200000000e+02    5.5987758301e-04    4.5833333333e-01
         8   -1.5850603934e+01    2.5149876765e+02   -2.7772006775e+01    1.1921402840e+01    1.0289867119e+01   -3.9988299704e+01    1.9264258106e+00    5.1200000000e+02    5.5822698975e-04    4.5507812500e-01
         9   -1.5845839893e+01    2.5137999344e+02   -2.7973710919e+01    1.2127871027e+01    1.0360933954e+01   -4.0546320108e+01    2.2116752344e+00    5.1200000000e+02    5.6012832764e-04    4.4791666667e-01
        10   -1.5879164584e+01    2.5239387322e+02   -2.7830250568e+01    1.1951085985e+01    1.0457063151e+01   -4.0239060622e+01    1.9517469024e+00    5.1200000000e+02    5.5838602295e-04    4.3717447917e-01
        11   -1.5853345911e+01    2.5161856668e+02   -2.7750458588e+01    1.1897112676e+01    1.0366571225e+01   -4.0077445688e+01    1.9604158755e+00    5.1200000000e+02    5.5873543457e-04    4.4173177083e-01
        12   -1.5881950666e+01    2.5244617937e+02   -2.7692984113e+01    1.1811033447e+01    1.0310684064e+01   -4.0151379319e+01    2.1477111427e+00    5.1200000000e+02    5.5835496582e-04    4.5800781250e-01
        13   -1.5884916983e+01    2.5258743565e+02   -2.7817310371e+01    1.1932393389e+01    1.0289711743e+01   -3.9885144061e+01    1.7781219476e+00    5.1200000000e+02    5.5972142334e-04    4.5052083333e-01
        14   -1.5869909351e+01    2.5213451411e+02   -2.7507785081e+01    1.1637875730e+01    1.0363640992e+01   -3.9959070195e+01    2.0876441221e+00    5.1200000000e+02    5.5837885986e-04    4.4596354167e-01
        15   -1.5877635628e+01    2.5242639994e+02   -2.7627447816e+01    1.1749812187e+01    1.0471223728e+01   -4.0422337793e+01    2.3236662499e+00    5.1200000000e+02    5.5757915039e-04    4.5638020833e-01
        16   -1.5881489265e+01    2.5246103673e+02   -2.7659041880e+01    1.1777552615e+01    1.0348907479e+01   -4.0436883120e+01    2.4289337607e+00    5.1200000000e+02    5.6145307129e-04    4.2317708333e-01
        17   -1.5874739489e+01    2.5242534056e+02   -2.7738965638e+01    1.1864226149e+01    1.0169363579e+01   -3.9860248035e+01    1.9519188183e+00    5.1200000000e+02    5.5470721680e-04    4.4335937500e-01
        18   -1.5877099213e+01    2.5237241443e+02   -2.7375748554e+01    1.1498649340e+01    1.0171700600e+01   -3.9822463442e+01    2.2750142884e+00    5.1200000000e+02    5.5039973633e-04    4.3750000000e-01
        19   -1.5868293664e+01    2.5204084265e+02   -2.7326005000e+01    1.1457711336e+01    1.0162885552e+01   -3.9769324186e+01    2.2804336344e+00    5.1200000000e+02    5.5325148193e-04    4.4531250000e-01
        20   -1.5902198534e+01    2.5316824971e+02   -2.7387071719e+01    1.1484873185e+01    1.0302897991e+01   -3.9931207615e+01    2.2412379049e+00    5.1200000000e+02    5.5062506104e-04    4.4303385417e-01
        21   -1.5900644268e+01    2.5320273912e+02   -2.7555121292e+01    1.1654477024e+01    1.0286780921e+01   -4.0465037244e+01    2.6231350316e+00    5.1200000000e+02    5.5299448975e-04    4.4694010417e-01
        22   -1.5893987598e+01    2.5301522467e+02   -2.7517176924e+01    1.1623189325e+01    1.0270494480e+01   -4.0276437455e+01    2.4887660515e+00    5.1200000000e+02    5.5062051270e-04    4.3261718750e-01
        23   -1.5906112643e+01    2.5334261872e+02   -2.7540807751e+01    1.1634695108e+01    1.0210752438e+01   -4.0246009031e+01    2.4944488418e+00    5.1200000000e+02    5.5094135010e-04    4.3652343750e-01
        24   -1.5908189604e+01    2.5339643990e+02   -2.7988236801e+01    1.2080047197e+01    1.0333646384e+01   -4.0402693732e+01    2.0808105467e+00    5.1200000000e+02    5.5507597656e-04    4.4498697917e-01
        25   -1.5882946920e+01    2.5254272962e+02   -2.7892776342e+01    1.2009829422e+01    1.0238922988e+01   -4.0051401485e+01    1.9197021546e+00    5.1200000000e+02    5.5383135254e-04    4.3977864583e-01
        26   -1.5894746055e+01    2.5293054458e+02   -2.7660813689e+01    1.1766067633e+01    1.0296541275e+01   -4.0157135076e+01    2.1997801121e+00    5.1200000000e+02    5.5362571045e-04    4.2415364583e-01
        27   -1.5894423960e+01    2.5289313801e+02   -2.7640859058e+01    1.1746435098e+01    1.0441595645e+01   -4.0431515647e+01    2.3490609440e+00    5.1200000000e+02    5.6214257324e-04    4.3391927083e-01
        28   -1.5881495965e+01    2.5250309797e+02   -2.7480272997e+01    1.1598777032e+01    1.0346355247e+01   -4.0031859186e+01    2.2052309428e+00    5.1200000000e+02    5.5886655273e-04    4.4042968750e-01
        29   -1.5853202617e+01    2.5158988808e+02   -2.7459423557e+01    1.1606220940e+01    1.0276254417e+01   -3.9750037126e+01    2.0143591525e+00    5.1200000000e+02    5.6182281006e-04    4.5052083333e-01
        30   -1.5839674102e+01    2.5116183021e+02   -2.7353610951e+01    1.1513936849e+01    1.0245423267e+01   -3.9765841369e+01    2.1668071509e+00    5.1200000000e+02    5.6195870117e-04    4.4335937500e-01
        31   -1.5837102903e+01    2.5109114711e+02   -2.7190942857e+01    1.1353839954e+01    1.0278306443e+01   -3.9621357501e+01    2.1521082008e+00    5.1200000000e+02    5.5859566650e-04    4.3359375000e-01
        32   -1.5836696348e+01    2.5106961905e+02   -2.7511313561e+01    1.1674617212e+01    1.0253090049e+01   -3.9962122973e+01    2.1977193637e+00    5.1200000000e+02    5.5545168701e-04    4.4694010417e-01
        33   -1.5840715404e+01    2.5123809145e+02   -2.7411740260e+01    1.1571024856e+01    1.0294744399e+01   -4.0228955483e+01    2.5224708232e+00    5.1200000000e+02    5.5280145508e-04    4.3750000000e-01
        34   -1.5850765492e+01    2.5163211227e+02   -2.7169745787e+01    1.1318980295e+01    1.0150379610e+01   -3.9598249210e+01    2.2781238138e+00    5.1200000000e+02    5.4852583008e-04    4.4498697917e-01
        35   -1.5851354043e+01    2.5157783411e+02   -2.7439362942e+01    1.1588008899e+01    1.0305137380e+01   -3.9748641663e+01    2.0041413412e+00    5.1200000000e+02    5.5569574219e-04    4.5703125000e-01
        36   -1.5881391842e+01    2.5252411315e+02   -2.7329460496e+01    1.1448068654e+01    1.0192284986e+01   -3.9271405605e+01    1.7496601224e+00    5.1200000000e+02    5.5276421875e-04    4.4759114583e-01
        37   -1.5864991737e+01    2.5196601402e+02   -2.7612709013e+01    1.1747717276e+01    1.0252833911e+01   -3.9701650144e+01    1.8361072202e+00    5.1200000000e+02    5.5406939697e-04    4.4270833333e-01
        38   -1.5833829375e+01    2.5102973601e+02   -2.7304686124e+01    1.1470856749e+01    1.0337358405e+01   -3.9623299184e+01    1.9812546547e+00    5.1200000000e+02    5.5704610352e-04    4.6191406250e-01
        39   -1.5848078265e+01    2.5137712070e+02   -2.7915774771e+01    1.2067696507e+01    1.0315967465e+01   -3.9895588983e+01    1.6638467471e+00    5.1200000000e+02    5.7008133057e-04    4.4466145833e-01
        40   -1.5849434646e+01    2.5144457676e+02   -2.7703254367e+01    1.1853819721e+01    1.0424363797e+01   -4.0095686822e+01    1.9680686583e+00    5.1200000000e+02    5.5989774902e-04    4.4010416667e-01
        41   -1.5879835363e+01    2.5242737803e+02   -2.7658738290e+01    1.1778902927e+01    1.0384576096e+01   -3.9909464685e+01    1.8661502991e+00    5.1200000000e+02    5.6088875977e-04    4.5605468750e-01
        42   -1.5870408163e+01    2.5217121542e+02   -2.7441707787e+01    1.1571299624e+01    1.0413429098e+01   -3.9695252177e+01    1.8401152923e+00    5.1200000000e+02    5.5112988281e-04    4.4173177083e-01
        43   -1.5858563502e+01    2.5177730428e+02   -2.7642128036e+01    1.1783564534e+01    1.0400069139e+01   -3.9916062353e+01    1.8738651783e+00    5.1200000000e+02    5.5610977539e-04    4.4433593750e-01
        44   -1.5906104327e+01    2.5330734407e+02   -2.7701241236e+01    1.1795136908e+01    1.0447019122e+01   -4.0196592879e+01    2.0483325215e+00    5.1200000000e+02    5.6007467529e-04    4.4466145833e-01
        45   -1.5881286785e+01    2.5248293598e+02   -2.7769932633e+01    1.1888645849e+01    1.0337799176e+01   -4.0039581818e+01    1.9318500080e+00    5.1200000000e+02    5.5670742676e-04    4.4628906250e-01
        46   -1.5886295200e+01    2.5262810021e+02   -2.8085189598e+01    1.2198894398e+01    1.0378360996e+01   -4.0339991294e+01    1.8764407001e+00    5.1200000000e+02    5.5598600586e-04    4.4238281250e-01
        47   -1.5899582945e+01    2.5303650233e+02   -2.7946122440e+01    1.2046539495e+01    1.0327128554e+01   -4.0295573727e+01    2.0223227334e+00    5.1200000000e+02    5.5678005859e-04    4.2643229167e-01
        48   -1.5891307629e+01    2.5282500465e+02   -2.7631332342e+01    1.1740024713e+01    1.0289051981e+01   -4.0057599167e+01    2.1372148440e+00    5.1200000000e+02    5.5491088867e-04    4.3750000000e-01
        49   -1.5852927392e+01    2.5160240068e+02   -2.7373572705e+01    1.1520645313e+01    1.0253132825e+01   -4.0003512254e+01    2.3768067236e+00    5.1200000000e+02    5.5868166748e-04    4.5279947917e-01
        50   -1.5871478378e+01    2.5218678104e+02   -2.7619774599e+01    1.1748296221e+01    1.0303630572e+01   -3.9896823778e+01    1.9734186072e+00    5.1200000000e+02    5.5426734375e-04    4.4368489583e-01
        51   -1.5860693162e+01    2.5187844426e+02   -2.7579835787e+01    1.1719142625e+01    1.0276353967e+01   -3.9713311082e+01    1.8571213275e+00    5.1200000000e+02    5.5548361572e-04    4.4433593750e-01
        52   -1.5858560167e+01    2.5177793757e+02   -2.7885214902e+01    1.2026654734e+01    1.0285444098e+01   -3.9837700686e+01    1.6670416862e+00    5.1200000000e+02    5.5598572998e-04    4.4661458333e-01
        53   -1.5854145433e+01    2.5157751362e+02   -2.8067738999e+01    1.2213593566e+01    1.0269668304e+01   -4.0091922600e+01    1.7545152976e+00    5.1200000000e+02    5.5430272461e-04    4.4075520833e-01
        54   -1.5864509088e+01    2.5193024978e+02   -2.7690614980e+01    1.1826105892e+01    1.0130094175e+01   -3.9644012863e+01    1.8233037081e+00    5.1200000000e+02    5.4537412842e-04    4.3033854167e-01
        55   -1.5866005887e+01    2.5202949388e+02   -2.7663717475e+01    1.1797711589e+01    1.0281785531e+01   -4.0008575166e+01    2.0630721596e+00    5.1200000000e+02    5.5109675781e-04    4.4791666667e-01
        56   -1.5878858989e+01    2.5241788246e+02   -2.7776727318e+01    1.1897868329e+01    1.0281281051e+01   -4.0233742614e+01    2.1757342457e+00    5.1200000000e+02    5.5188347168e-04    4.3880208333e-01
        57   -1.5867102473e+01    2.5200933118e+02   -2.7913496588e+01    1.2046394114e+01    1.0300767235e+01   -4.0288096915e+01    2.0738330920e+00    5.1200000000e+02    5.5236343262e-04    4.3554687500e-01
        58   -1.5860759330e+01    2.5183034474e+02   -2.7591151937e+01    1.1730392608e+01    1.0259771938e+01   -4.0011158781e+01    2.1602349056e+00    5.1200000000e+02    5.4951885498e-04    4.3977864583e-01
        59   -1.5836574621e+01    2.5106877282e+02   -2.7469126701e+01    1.1632552080e+01    1.0204600170e+01   -3.9836182251e+01    2.1624553796e+00    5.1200000000e+02    5.5333227051e-04    4.3782552083e-01
        60   -1.5814335335e+01    2.5042121843e+02   -2.7373495181e+01    1.1559159846e+01    1.0145493998e+01   -3.9799342757e+01    2.2803535787e+00    5.1200000000e+02    5.4890369629e-04    4.3261718750e-01
        61   -1.5827830726e+01    2.5080440897e+02   -2.7488950122e+01    1.1661119396e+01    1.0223034351e+01   -3.9816311143e+01    2.1043266697e+00    5.1200000000e+02    5.5625638428e-04    4.3945312500e-01
        62   -1.5806324973e+01    2.5010540876e+02   -2.7716096350e+01    1.1909771377e+01    1.0297338307e+01   -4.0200956172e+01    2.1875215144e+00    5.1200000000e+02    5.6312593750e-04    4.4205729167e-01
        63   -1.5838868367e+01    2.5111563774e+02   -2.7515417228e+01    1.1676548862e+01    1.0280249849e+01   -4.0112496578e+01    2.3168295011e+00    5.1200000000e+02    5.5479371826e-04    4.4010416667e-01
        64   -1.5857807090e+01    2.5170559225e+02   -2.7772942018e+01    1.1915134928e+01    1.0269036301e+01   -4.0132357191e+01    2.0903788718e+00    5.1200000000e+02    5.5528381836e-04    4.5638020833e-01
        65   -1.5845965921e+01    2.5135471922e+02   -2.7684807564e+01    1.1838841642e+01    1.0284915311e+01   -4.0232207750e+01    2.2624848753e+00    5.1200000000e+02    5.5833209229e-04    4.4010416667e-01
        66   -1.5833398202e+01    2.5094916274e+02   -2.7931641808e+01    1.2098243607e+01    1.0264751435e+01   -4.0329590389e+01    2.1331971462e+00    5.1200000000e+02    5.5387155029e-04    4.3294270833e-01
        67   -1.5850681720e+01    2.5145065195e+02   -2.7816668323e+01    1.1965986603e+01    1.0279393549e+01   -4.0084252304e+01    1.9881904329e+00    5.1200000000e+02    5.6083992188e-04    4.5052083333e-01
        68   -1.5920062057e+01    2.5646258932e+02   -2.8673299706e+01    1.2753237649e+01    1.0264962878e+01   -4.0351818007e+01    1.4135554229e+00    5.1200000000e+02    5.5647983643e-04    4.4791666667e-01
        69   -1.5824046247e+01    2.5060198539e+02   -2.7895773398e+01    1.2071727151e+01    1.0295218044e+01   -4.0213522045e+01    2.0225306033e+00    5.1200000000e+02    5.5767748535e-04    4.4563802083e-01
        70   -1.5846449745e+01    2.5138451276e+02   -2.7848318064e+01    1.2001868318e+01    1.0350991546e+01   -4.0215698950e+01    2.0163893403e+00    5.1200000000e+02    5.5991547119e-04    4.5996093750e-01
        71   -1.5849706864e+01    2.5148551513e+02   -2.8032646082e+01    1.2182939219e+01    1.0408979536e+01   -4.0655573822e+01    2.2139482038e+00    5.1200000000e+02    5.6246327881e-04    4.4401041667e-01
        72   -1.5862356816e+01    2.5185686373e+02   -2.7767562670e+01    1.1905205854e+01    1.0325960082e+01   -4.0229194794e+01    2.1356720414e+00    5.1200000000e+02    5.5803498291e-04    4.4108072917e-01
        73   -1.5896350178e+01    2.5312407833e+02   -2.7984527196e+01    1.2088177019e+01    1.0305819667e+01   -4.0199399410e+01    1.9090525461e+00    5.1200000000e+02    5.6178326416e-04    4.6061197917e-01
        74   -1.5880419066e+01    2.5245676967e+02   -2.8221966995e+01    1.2341547929e+01    1.0327065877e+01   -4.0213557751e+01    1.6645248796e+00    5.1200000000e+02    5.5816565430e-04    4.2903645833e-01
        75   -1.5871798808e+01    2.5217926799e+02   -2.7994754845e+01    1.2122956037e+01    1.0315152492e+01   -4.0353983973e+01    2.0440766362e+00    5.1200000000e+02    5.5893826172e-04    4.4628906250e-01
        76   -1.5886795536e+01    2.5264552879e+02   -2.7931028769e+01    1.2044233233e+01    1.0341299804e+01   -4.0351800950e+01    2.0794723769e+00    5.1200000000e+02    5.5892484375e-04    4.3326822917e-01
        77   -1.5910282477e+01    2.5342849794e+02   -2.7558787974e+01    1.1648505497e+01    1.0272301057e+01   -4.0128662085e+01    2.2975730544e+00    5.1200000000e+02    5.5890914551e-04    4.5084635417e-01
        78   -1.5880747228e+01    2.5251334922e+02   -2.7699786090e+01    1.1819038861e+01    1.0349431436e+01   -4.0319114343e+01    2.2698968176e+00    5.1200000000e+02    5.5583654785e-04    4.2903645833e-01
        79   -1.5868032570e+01    2.5206331838e+02   -2.7595637141e+01    1.1727604571e+01    1.0293131385e+01   -4.0022275420e+01    2.1335068937e+00    5.1200000000e+02    5.5790929687e-04    4.3847656250e-01
        80   -1.5831580760e+01    2.5103488575e+02   -2.8156827250e+01    1.2325246490e+01    1.0563780956e+01   -4.0649410431e+01    1.9288022246e+00    5.1200000000e+02    5.5966347168e-04    4.2936197917e-01
        81   -1.5864442633e+01    2.5197305689e+02   -2.7709818954e+01    1.1845376321e+01    1.0594163295e+01   -4.0761437243e+01    2.4574549936e+00    5.1200000000e+02    5.6234228760e-04    4.4270833333e-01
        82   -1.5846743598e+01    2.5132582273e+02   -2.7947480966e+01    1.2100737368e+01    1.0541968681e+01   -4.0959498223e+01    2.4700485757e+00    5.1200000000e+02    5.5835439453e-04    4.4270833333e-01
        83   -1.5863617284e+01    2.5185726909e+02   -2.8313097891e+01    1.2449480607e+01    1.0661660996e+01   -4.1520389044e+01    2.5456301571e+00    5.1200000000e+02    5.6415394287e-04    4.3684895833e-01
        84   -1.5895185131e+01    2.5298964828e+02   -2.8001459582e+01    1.2106274451e+01    1.0504598618e+01   -4.0887032263e+01    2.3809740636e+00    5.1200000000e+02    5.6462368408e-04    4.6419270833e-01
        85   -1.5880524032e+01    2.5245562428e+02   -2.8003985071e+01    1.2123461038e+01    1.0450539338e+01   -4.0653036501e+01    2.1985120922e+00    5.1200000000e+02    5.6247483398e-04    4.4791666667e-01
        86   -1.5859250118e+01    2.5183496353e+02   -2.7986998155e+01    1.2127748038e+01    1.0608806132e+01   -4.1043400400e+01    2.4475961125e+00    5.1200000000e+02    5.6935511963e-04    4.4466145833e-01
        87   -1.5838919829e+01    2.5108757598e+02   -2.7850159412e+01    1.2011239582e+01    1.0446739845e+01   -4.0442870867e+01    2.1459716094e+00    5.1200000000e+02    5.6231144043e-04    4.4628906250e-01
        88   -1.5854221178e+01    2.5171881995e+02   -2.7884537477e+01    1.2030316300e+01    1.0548219652e+01   -4.0437628850e+01    2.0048717215e+00    5.1200000000e+02    5.5894356689e-04    4.3815104167e-01
        89   -1.5842908050e+01    2.5120549168e+02   -2.7811023336e+01    1.1968115287e+01    1.0441572120e+01   -4.0383940786e+01    2.1313453293e+00    5.1200000000e+02    5.5891928223e-04    4.4173177083e-01
        90   -1.5878284637e+01    2.5233894390e+02   -2.7593448772e+01    1.1715164136e+01    1.0407844547e+01   -4.0300483825e+01    2.2991905066e+00    5.1200000000e+02    5.6334945068e-04    4.4889322917e-01
        91   -1.5877750479e+01    2.5253134047e+02   -2.7665602424e+01    1.1787851945e+01    1.0301209419e+01   -4.0385345677e+01    2.4185338337e+00    5.1200000000e+02    5.6051229492e-04    4.3522135417e-01
        92   -1.5865601152e+01    2.5199017401e+02   -2.7589353781e+01    1.1723752630e+01    1.0445259766e+01   -4.0671329839e+01    2.6367162917e+00    5.1200000000e+02    5.6009074707e-04    4.3554687500e-01
        93   -1.5890590663e+01    2.5278113345e+02   -2.7445233071e+01    1.1554642409e+01    1.0358980861e+01   -4.0374190624e+01    2.5699766913e+00    5.1200000000e+02    5.5921634277e-04    4.4401041667e-01
        94   -1.5891423190e+01    2.5276523724e+02   -2.7058171348e+01    1.1166748158e+01    1.0341214358e+01   -3.9838103642e+01    2.4387179363e+00    5.1200000000e+02    5.5551843018e-04    4.4368489583e-01
        95   -1.5898096235e+01    2.5346867036e+02   -2.7734713850e+01    1.1836617616e+01    1.0411006196e+01   -4.0091196953e+01    1.9454769064e+00    5.1200000000e+02    5.5527385254e-04    4.7265625000e-01
        96   -1.5892539051e+01    2.5283004445e+02   -2.7591771596e+01    1.1699232545e+01    1.0313053914e+01   -3.9939536765e+01    2.0347112552e+00    5.1200000000e+02    5.5099269287e-04    4.4042968750e-01
        97   -1.5881799699e+01    2.5248397954e+02   -2.7521124806e+01    1.1639325107e+01    1.0278168415e+01   -3.9777060201e+01    1.9777669806e+00    5.1200000000e+02    5.5481120605e-04    4.4401041667e-01
        98   -1.5874994885e+01    2.5227884754e+02   -2.7479967272e+01    1.1604972387e+01    1.0315951256e+01   -3.9748338313e+01    1.9524197849e+00    5.1200000000e+02    5.5913042969e-04    4.5182291667e-01
        99   -1.5880716566e+01    2.5247170658e+02   -2.7571699796e+01    1.1690983230e+01    1.0457160375e+01   -4.0174794335e+01    2.1459341645e+00    5.1200000000e+02    5.5827788086e-04    4.2903645833e-01
       100   -1.5842585898e+01    2.5123083812e+02   -2.7940680526e+01    1.2098094628e+01    1.0471311699e+01   -4.0401203536e+01    1.9892113103e+00    5.1200000000e+02    5.5763262695e-04    4.4726562500e-01
       101   -1.5846487008e+01    2.5139711260e+02   -2.8095947775e+01    1.2249460768e+01    1.0456175256e+01   -4.0296181762e+01    1.7440587312e+00    5.1200000000e+02    5.5682943359e-04    4.4368489583e-01
       102   -1.5832109829e+01    2.5087278046e+02   -2.7607748893e+01    1.1775639064e+01    1.0339795042e+01   -3.9851577067e+01    1.9040331318e+00    5.1200000000e+02    5.5115758545e-04    4.3261718750e-01
       103   -1.5869364376e+01    2.5210423538e+02   -2.7921496342e+01    1.2052131966e+01    1.0427312802e+01   -4.0456483382e+01    2.1076742379e+00    5.1200000000e+02    5.5658935303e-04    4.3717447917e-01
       104   -1.5845228501e+01    2.5139138921e+02   -2.8146839870e+01    1.2301611369e+01    1.0530435768e+01   -4.0577703751e+01    1.9004281134e+00    5.1200000000e+02    5.5555598145e-04    4.3489583333e-01
       105   -1.5845742975e+01    2.5139290222e+02   -2.8324964585e+01    1.2479221610e+01    1.0760705929e+01   -4.0802744125e+01    1.7170736111e+00    5.1200000000e+02    5.5988907471e-04    4.4628906250e-01
       106   -1.5806752238e+01    2.5015381755e+02   -2.8010647619e+01    1.2203895381e+01    1.0701543257e+01   -4.0425809797e+01    1.7136189211e+00    5.1200000000e+02    5.5624528076e-04    4.5117187500e-01
       107   -1.5853404923e+01    2.5162693365e+02   -2.7893712563e+01    1.2040307640e+01    1.0380175688e+01   -4.0071563602e+01    1.7976753515e+00    5.1200000000e+02    5.5609585449e-04    4.4433593750e-01
       108   -1.5852610115e+01    2.5158294767e+02   -2.7604121043e+01    1.1751510927e+01    1.0222031470e+01   -3.9688910309e+01    1.8627577968e+00    5.1200000000e+02    5.5427688477e-04    4.4466145833e-01
       109   -1.5841599036e+01    2.5119865824e+02   -2.7806699204e+01    1.1965100168e+01    1.0296823353e+01   -4.0253084744e+01    2.1495621874e+00    5.1200000000e+02    5.6031915039e-04    4.2740885417e-01
       110   -1.5863833468e+01    2.5194994785e+02   -2.7854474435e+01    1.1990640967e+01    1.0403742056e+01   -4.0530106261e+01    2.2718897704e+00    5.1200000000e+02    5.5650916260e-04    4.3912760417e-01
       111   -1.5897066714e+01    2.5300559826e+02   -2.8206870092e+01    1.2309803378e+01    1.0375385977e+01   -4.0735373152e+01    2.1531170831e+00    5.1200000000e+02    5.5867546631e-04    4.3652343750e-01
       112   -1.5896829110e+01    2.5304825943e+02   -2.7630795195e+01    1.1733966085e+01    1.0249306411e+01   -4.0302668045e+01    2.4225664383e+00    5.1200000000e+02    5.5155110352e-04    4.3815104167e-01
       113   -1.5886031438e+01    2.5263291985e+02   -2.8131406103e+01    1.2245374665e+01    1.0334629808e+01   -4.0573579174e+01    2.1075432628e+00    5.1200000000e+02    5.5479649170e-04    4.3391927083e-01
       114   -1.5852933351e+01    2.5179046837e+02   -2.7518926173e+01    1.1665992822e+01    1.0328301828e+01   -4.0509053652e+01    2.6618256512e+00    5.1200000000e+02    5.5379934326e-04    4.3977864583e-01
       115   -1.5863314377e+01    2.5195314378e+02   -2.7714045501e+01    1.1850731124e+01    1.0336253601e+01   -4.0354265060e+01    2.3039659586e+00    5.1200000000e+02    5.5288428955e-04    4.4075520833e-01
       116   -1.5862438125e+01    2.5187327508e+02   -2.7856564489e+01    1.1994126364e+01    1.0428880971e+01   -4.0452484333e+01    2.1670388727e+00    5.1200000000e+02    5.5263772705e-04    4.3619791667e-01
       117   -1.5869792810e+01    2.5219374640e+02   -2.7811366308e+01    1.1941573498e+01    1.0360026851e+01   -4.0202152521e+01    2.0307593616e+00    5.1200000000e+02    5.5260414307e-04    4.3782552083e-01
       118   -1.5876283411e+01    2.5234307582e+02   -2.8052261159e+01    1.2175977748e+01    1.0326555466e+01   -4.0221264573e+01    1.8424479481e+00    5.1200000000e+02    5.5226267090e-04    4.5247395833e-01
       119   -1.5899701928e+01    2.5313155222e+02   -2.8172891724e+01    1.2273189796e+01    1.0325468761e+01   -4.0088178152e+01    1.5898176669e+00    5.1200000000e+02    5.5534530029e-04    4.3457031250e-01
       120   -1.5883569853e+01    2.5259795531e+02   -2.8263724176e+01    1.2380154322e+01    1.0258840610e+01   -3.9977358743e+01    1.4547939571e+00    5.1200000000e+02    5.5549177734e-04    4.5052083333e-01
       121   -1.5828579372e+01    2.5094543133e+02   -2.7864469716e+01    1.2035890343e+01    1.0211672474e+01   -3.9893774886e+01    1.8176326964e+00    5.1200000000e+02    5.5852357666e-04    4.4368489583e-01
       122   -1.5898942038e+01    2.5300012057e+02   -2.7856813054e+01    1.1957871016e+01    1.0189698638e+01   -3.9810565721e+01    1.7640540290e+00    5.1200000000e+02    5.5504975098e-04    4.3554687500e-01
       123   -1.5875388068e+01    2.5231450703e+02   -2.7489314177e+01    1.1613926110e+01    1.0187573301e+01   -3.9590644590e+01    1.9137571121e+00    5.1200000000e+02    5.5762880371e-04    4.4335937500e-01
       124   -1.5822556786e+01    2.5059343665e+02   -2.7313807078e+01    1.1491250292e+01    1.0275839012e+01   -3.9636631368e+01    2.0469852782e+00    5.1200000000e+02    5.5670048828e-04    4.3457031250e-01
       125   -1.5819145596e+01    2.5049231558e+02   -2.7609612220e+01    1.1790466623e+01    1.0334783785e+01   -3.9991027728e+01    2.0466317235e+00    5.1200000000e+02    5.6029644531e-04    4.4303385417e-01
       126   -1.5873890256e+01    2.5224029143e+02   -2.7558346909e+01    1.1684456653e+01    1.0428180211e+01   -4.0191967534e+01    2.2054404139e+00    5.1200000000e+02    5.6105246094e-04    4.3554687500e-01
       127   -1.5899660754e+01    2.5301486118e+02   -2.7570556607e+01    1.1670895853e+01    1.0339101954e+01   -4.0369126279e+01    2.4594677182e+00    5.1200000000e+02    5.6235995361e-04    4.5377604167e-01
       128   -1.5893012612e+01    2.5282668892e+02   -2.7627667440e+01    1.1734654828e+01    1.0381006851e+01   -4.0442442129e+01    2.4337678377e+00    5.1200000000e+02    5.5722740967e-04    4.4140625000e-01
       129   -1.5896577632e+01    2.5293132313e+02   -2.7717438797e+01    1.1820861166e+01    1.0323653889e+01   -4.0481707170e+01    2.4406144835e+00    5.1200000000e+02    5.5248108398e-04    4.2220052083e-01
       130   -1.5882375518e+01    2.5248963517e+02   -2.7598158521e+01    1.1715783004e+01    1.0256563999e+01   -3.9865573682e+01    2.0108511616e+00    5.1200000000e+02    5.5369836182e-04    4.4628906250e-01
       131   -1.5861939033e+01    2.5183105891e+02   -2.7240405120e+01    1.1378466087e+01    1.0302330281e+01   -3.9808481122e+01    2.2657457208e+00    5.1200000000e+02    5.5541276123e-04    4.4954427083e-01
       132   -1.5879747683e+01    2.5239373964e+02   -2.7238163716e+01    1.1358416032e+01    1.0199717128e+01   -3.9768982056e+01    2.3311012128e+00    5.1200000000e+02    5.6423646240e-04    4.3945312500e-01
       133   -1.5902764843e+01    2.5313566847e+02   -2.7120310902e+01    1.1217546059e+01    1.0179954492e+01   -3.9442815925e+01    2.1425505313e+00    5.1200000000e+02    5.5663259277e-04    4.3457031250e-01
       134   -1.5865358408e+01    2.5199271555e+02   -2.7302247105e+01    1.1436888697e+01    1.0264795894e+01   -3.9862097769e+01    2.2950547698e+00    5.1200000000e+02    5.4981295898e-04    4.4270833333e-01
       135   -1.5829835469e+01    2.5090026084e+02   -2.7379925123e+01    1.1550089654e+01    1.0210145176e+01   -3.9673799643e+01    2.0837293446e+00    5.1200000000e+02    5.4902004394e-04    4.5572916667e-01
       136   -1.5864282647e+01    2.5197698212e+02   -2.7515193832e+01    1.1650911185e+01    1.0212089021e+01   -3.9633789011e+01    1.9065061568e+00    5.1200000000e+02    5.5051181396e-04    4.4889322917e-01
       137   -1.5891282969e+01    2.5278833735e+02   -2.7891308150e+01    1.2000025181e+01    1.0136969818e+01   -3.9526548412e+01    1.4982704448e+00    5.1200000000e+02    5.5147561279e-04    4.4824218750e-01
       138   -1.5836937576e+01    2.5104121777e+02   -2.7665085846e+01    1.1828148270e+01    1.0229541930e+01   -3.9673123443e+01    1.7784956668e+00    5.1200000000e+02    5.5221140869e-04    4.4628906250e-01
       139   -1.5864393043e+01    2.5193714920e+02   -2.7563717626e+01    1.1699324583e+01    1.0222331789e+01   -3.9709128567e+01    1.9230791521e+00    5.1200000000e+02    5.4881613037e-04    4.5019531250e-01
       140   -1.5838811855e+01    2.5109271756e+02   -2.7495174465e+01    1.1656362610e+01    1.0178682899e+01   -3.9404554670e+01    1.7306973062e+00    5.1200000000e+02    5.4935249023e-04    4.5572916667e-01
       141   -1.5852206874e+01    2.5153346031e+02   -2.7419392437e+01    1.1567185563e+01    1.0190691681e+01   -3.9453079112e+01    1.8429949938e+00    5.1200000000e+02    5.5034600342e-04    4.5312500000e-01
       142   -1.5863790535e+01    2.5204294541e+02   -2.7316911801e+01    1.1453121266e+01    1.0215500667e+01   -3.9339758716e+01    1.8073462480e+00    5.1200000000e+02    5.4786854492e-04    4.4791666667e-01
       143   -1.5856684848e+01    2.5167690528e+02   -2.7198166885e+01    1.1341482037e+01    1.0182923475e+01   -3.9295828143e+01    1.9147377828e+00    5.1200000000e+02    5.4585299561e-04    4.3098958333e-01
       144   -1.5879065519e+01    2.5242960401e+02   -2.7006932093e+01    1.1127866574e+01    1.0089038420e+01   -3.8967628620e+01    1.8716581070e+00    5.1200000000e+02    5.4843723145e-04    4.3912760417e-01
       145   -1.5905100832e+01    2.5333062286e+02   -2.7096692745e+01    1.1191591913e+01    1.0279298486e+01   -3.9354378471e+01    1.9783872396e+00    5.1200000000e+02    5.5348287842e-04    4.4856770833e-01
       146   -1.5922996768e+01    2.5388161672e+02   -2.7131623506e+01    1.1208626738e+01    1.0258260775e+01   -3.9403893839e+01    2.0140095573e+00    5.1200000000e+02    5.5327206299e-04    4.4531250000e-01
       147   -1.5883406238e+01    2.5251579495e+02   -2.7012110649e+01    1.1128704411e+01    1.0227234240e+01   -3.8960026686e+01    1.7206817973e+00    5.1200000000e+02    5.5682709229e-04    4.5019531250e-01
       148   -1.5884291751e+01    2.5269732637e+02   -2.7581113060e+01    1.1696821309e+01    1.0322581825e+01   -3.9865718595e+01    1.9620237103e+00    5.1200000000e+02    5.5630368164e-04    4.4205729167e-01
       149   -1.5872982572e+01    2.5226882717e+02   -2.7600157984e+01    1.1727175412e+01    1.0196870701e+01   -3.9541673165e+01    1.7446444802e+00    5.1200000000e+02    5.5654700439e-04    4.4368489583e-01
       150   -1.5884026105e+01    2.5258230640e+02   -2.7545765946e+01    1.1661739841e+01    1.0224577742e+01   -3.9726590577e+01    1.9562468885e+00    5.1200000000e+02    5.5328576172e-04    4.4108072917e-01
       151   -1.5907606105e+01    2.5338402103e+02   -2.7279860061e+01    1.1372253956e+01    1.0187856181e+01   -3.9771854232e+01    2.3041379893e+00    5.1200000000e+02    5.5373631104e-04    4.4173177083e-01
       152   -1.5897332242e+01    2.5301218741e+02   -2.7006634772e+01    1.1109302530e+01    1.0051039985e+01   -3.9294780871e+01    2.2371061143e+00    5.1200000000e+02    5.5195345215e-04    4.5214843750e-01
       153   -1.5900732827e+01    2.5307128874e+02   -2.6979323664e+01    1.1078590837e+01    1.0043714194e+01   -3.8909960476e+01    1.8869226182e+00    5.1200000000e+02    5.5218971191e-04    4.3750000000e-01
       154   -1.5871111693e+01    2.5217474602e+02   -2.6894236427e+01    1.1023124734e+01    1.0142100199e+01   -3.9104775653e+01    2.0684390282e+00    5.1200000000e+02    5.5355668213e-04    4.3945312500e-01
       155   -1.5874571948e+01    2.5237273185e+02   -2.7184635436e+01    1.1310063488e+01    1.0191823849e+01   -3.9103707595e+01    1.7272483093e+00    5.1200000000e+02    5.6574434814e-04    4.4238281250e-01
       156   -1.5858465063e+01    2.5189704137e+02   -2.7054917072e+01    1.1196452009e+01    1.0301791584e+01   -3.9171269661e+01    1.8145610045e+00    5.1200000000e+02    5.5736438232e-04    4.4824218750e-01
       157   -1.5889642958e+01    2.5275133833e+02   -2.6828624628e+01    1.0938981670e+01    1.0396387671e+01   -3.9018066874e+01    1.7930545740e+00    5.1200000000e+02    5.5952447998e-04    4.5735677083e-01
       158   -1.5844329757e+01    2.5126241536e+02   -2.7179595956e+01    1.1335266199e+01    1.0281878629e+01   -3.9124260781e+01    1.6627861957e+00    5.1200000000e+02    5.5871169678e-04    4.4921875000e-01
       159   -1.5864050754e+01    2.5187316435e+02   -2.7530956457e+01    1.1666905702e+01    1.0385424984e+01   -3.9853400016e+01    1.9370185745e+00    5.1200000000e+02    5.6105471680e-04    4.4205729167e-01
       160   -1.5875579846e+01    2.5230089711e+02   -2.7475045226e+01    1.1599465380e+01    1.0306773425e+01   -3.9872801757e+01    2.0909831065e+00    5.1200000000e+02    5.5666918457e-04    4.2805989583e-01
       161   -1.5838088713e+01    2.5111309847e+02   -2.7597448190e+01    1.1759359476e+01    1.0353910096e+01   -3.9592592897e+01    1.6412346117e+00    5.1200000000e+02    5.5816057617e-04    4.3489583333e-01
       162   -1.5798944249e+01    2.4983400441e+02   -2.7400855277e+01    1.1601911029e+01    1.0319926275e+01   -3.9737723409e+01    2.0169418574e+00    5.1200000000e+02    5.5846544922e-04    4.3750000000e-01
       163   -1.5801424704e+01    2.4996219141e+02   -2.7389497176e+01    1.1588072471e+01    1.0396157772e+01   -4.0110478619e+01    2.3248236708e+00    5.1200000000e+02    5.6070215088e-04    4.5377604167e-01
       164   -1.5841477247e+01    2.5116864425e+02   -2.7446633362e+01    1.1605156115e+01    1.0355812081e+01   -3.9866551553e+01    2.0641061092e+00    5.1200000000e+02    5.5659955078e-04    4.4889322917e-01
       165   -1.5871922487e+01    2.5229351938e+02   -2.7373169668e+01    1.1501247181e+01    1.0310370596e+01   -3.9910801458e+01    2.2272611943e+00    5.1200000000e+02    5.5416987793e-04    4.4042968750e-01
       166   -1.5866892841e+01    2.5225745564e+02   -2.7238125605e+01    1.1371232765e+01    1.0367702610e+01   -4.0071163529e+01    2.4653353136e+00    5.1200000000e+02    5.5566356445e-04    4.4856770833e-01
       167   -1.5845572353e+01    2.5136252599e+02   -2.7166934237e+01    1.1321361884e+01    1.0370619556e+01   -3.9998888002e+01    2.4613342095e+00    5.1200000000e+02    5.5688918213e-04    4.3489583333e-01
       168   -1.5850585267e+01    2.5152867802e+02   -2.7652870387e+01    1.1802285121e+01    1.0371539640e+01   -4.0257777925e+01    2.2333678982e+00    5.1200000000e+02    5.5723743652e-04    4.4824218750e-01
       169   -1.5853198174e+01    2.5192645021e+02   -2.8111399412e+01    1.2258201239e+01    1.0227162291e+01   -3.9946045532e+01    1.6074838288e+00    5.1200000000e+02    5.5136636719e-04    4.4368489583e-01
       170   -1.5838499225e+01    2.5117580439e+02   -2.7725758954e+01    1.1887259729e+01    1.0250459783e+01   -4.0087359057e+01    2.1111403209e+00    5.1200000000e+02    5.5327306397e-04    4.5214843750e-01
       171   -1.5823381508e+01    2.5065645140e+02   -2.7867166593e+01    1.2043785086e+01    1.0314468251e+01   -4.0311204870e+01    2.1295700262e+00    5.1200000000e+02    5.5516364502e-04    4.4075520833e-01
       172   -1.5835623516e+01    2.5099600724e+02   -2.7577047170e+01    1.1741423654e+01    1.0301479739e+01   -3.9960737352e+01    2.0822104423e+00    5.1200000000e+02    5.5735415771e-04    4.5312500000e-01
       173   -1.5793624905e+01    2.4970710048e+02   -2.7760272364e+01    1.1966647459e+01    1.0371894709e+01   -3.9992636688e+01    1.8604696152e+00    5.1200000000e+02    5.5870887451e-04    4.4108072917e-01
       174   -1.5821461809e+01    2.5057756199e+02   -2.7487823887e+01    1.1666362077e+01    1.0318135405e+01   -3.9739128902e+01    1.9331696105e+00    5.1200000000e+02    5.5387917480e-04    4.3229166667e-01
       175   -1.5829308138e+01    2.5079525765e+02   -2.7115255496e+01    1.1285947358e+01    1.0246860381e+01   -3.9366802927e+01    2.0046870497e+00    5.1200000000e+02    5.5345656250e-04    4.4270833333e-01
       176   -1.5843669848e+01    2.5126346904e+02   -2.7064933574e+01    1.1221263726e+01    1.0309386871e+01   -3.9454096243e+01    2.0797757980e+00    5.1200000000e+02    5.5638099609e-04    4.3391927083e-01
       177   -1.5842137084e+01    2.5119992499e+02   -2.7402471783e+01    1.1560334699e+01    1.0292735614e+01   -3.9592269756e+01    1.8970623594e+00    5.1200000000e+02    5.5627086914e-04    4.2708333333e-01
       178   -1.5824711100e+01    2.5064693600e+02   -2.7150415246e+01    1.1325704146e+01    1.0221670335e+01   -3.9390167197e+01    2.0180816164e+00    5.1200000000e+02    5.6388173828e-04    4.4791666667e-01
       179   -1.5829562935e+01    2.5083753568e+02   -2.7228508186e+01    1.1398945251e+01    1.0174270207e+01   -3.9532022749e+01    2.1292443559e+00    5.1200000000e+02    5.5720510010e-04    4.4173177083e-01
       180   -1.5876831289e+01    2.5238789681e+02   -2.7618724180e+01    1.1741892892e+01    1.0275292241e+01   -3.9853878706e+01    1.9598622843e+00    5.1200000000e+02    5.5859474365e-04    4.4628906250e-01
       181   -1.5817041249e+01    2.5046797688e+02   -2.7308334947e+01    1.1491293699e+01    1.0354805566e+01   -3.9706641096e+01    2.0435005821e+00    5.1200000000e+02    5.5904187988e-04    4.3750000000e-01
       182   -1.5853937019e+01    2.5161818707e+02   -2.7300638147e+01    1.1446701127e+01    1.0245780000e+01   -3.9586389769e+01    2.0399716221e+00    5.1200000000e+02    5.4951074951e-04    4.4238281250e-01
       183   -1.5842786535e+01    2.5122221182e+02   -2.7337595263e+01    1.1494808729e+01    1.0188808840e+01   -3.9374424570e+01    1.8480204663e+00    5.1200000000e+02    5.5349795898e-04    4.5149739583e-01
       184   -1.5861587435e+01    2.5208292507e+02   -2.7331929860e+01    1.1470342425e+01    1.0159476132e+01   -3.9257451840e+01    1.7660458474e+00    5.1200000000e+02    5.5374414307e-04    4.4596354167e-01
       185   -1.5879394855e+01    2.5243739080e+02   -2.6785319744e+01    1.0905924889e+01    1.0135134816e+01   -3.9134468173e+01    2.2140136134e+00    5.1200000000e+02    5.5744477539e-04    4.6354166667e-01
       186   -1.5880677922e+01    2.5243449183e+02   -2.6986745584e+01    1.1106067662e+01    1.0099839254e+01   -3.9039707015e+01    1.9531221764e+00    5.1200000000e+02    5.5346135010e-04    4.3391927083e-01
       187   -1.5894804321e+01    2.5292715419e+02   -2.7314779966e+01    1.1419975645e+01    1.0202628940e+01   -3.9563156937e+01    2.0457480300e+00    5.1200000000e+02    5.5404935791e-04    4.5279947917e-01
       188   -1.5852634494e+01    2.5156182250e+02   -2.7486759752e+01    1.1634125258e+01    1.0246651332e+01   -3.9805331867e+01    2.0719207835e+00    5.1200000000e+02    5.5244327637e-04    4.3261718750e-01
       189   -1.5887458733e+01    2.5270346013e+02   -2.7420175924e+01    1.1532717192e+01    1.0214461045e+01   -3.9690035817e+01    2.0553988477e+00    5.1200000000e+02    5.5534218994e-04    4.4466145833e-01
       190   -1.5862040798e+01    2.5181219116e+02   -2.7323040945e+01    1.1461000147e+01    1.0189558692e+01   -3.9321002673e+01    1.8084030358e+00    5.1200000000e+02    5.5477288818e-04    4.4824218750e-01
       191   -1.5850464968e+01    2.5153166513e+02   -2.7890924066e+01    1.2040459098e+01    1.0350483326e+01   -3.9989739654e+01    1.7483322616e+00    5.1200000000e+02    5.5896427002e-04    4.5605468750e-01
       192   -1.5798753639e+01    2.5011725175e+02   -2.7962085745e+01    1.2163332106e+01    1.0390395812e+01   -4.0196393072e+01    1.8439115152e+00    5.1200000000e+02    5.5750678711e-04    4.4238281250e-01
       193   -1.5825770087e+01    2.5066346127e+02   -2.7992705650e+01    1.2166935564e+01    1.0438032474e+01   -4.0560231179e+01    2.1294930551e+00    5.1200000000e+02    5.5931373047e-04    4.4791666667e-01
       194   -1.5871291902e+01    2.5211388700e+02   -2.7844798048e+01    1.1973506146e+01    1.0360344980e+01   -4.0367203495e+01    2.1620604673e+00    5.1200000000e+02    5.5538292969e-04    4.4205729167e-01
       195   -1.5863296235e+01    2.5188899580e+02   -2.7637431591e+01    1.1774135356e+01    1.0281597132e+01   -3.9784809950e+01    1.8657812275e+00    5.1200000000e+02    5.5647561279e-04    4.4759114583e-01
       196   -1.5870789156e+01    2.5217673588e+02   -2.7463060302e+01    1.1592271146e+01    1.0351935817e+01   -3.9641540638e+01    1.8265445187e+00    5.1200000000e+02    5.5578624268e-04    4.3847656250e-01
       197   -1.5884168534e+01    2.5251322871e+02   -2.7651190362e+01    1.1767021827e+01    1.0490763791e+01   -4.0315504412e+01    2.1735502592e+00    5.1200000000e+02    5.6190104492e-04    4.5638020833e-01
       198   -1.5886597201e+01    2.5263587920e+02   -2.8020533309e+01    1.2133936108e+01    1.0591044071e+01   -4.0758475535e+01    2.1468981552e+00    5.1200000000e+02    5.5757413818e-04    4.3261718750e-01
       199   -1.5925116592e+01    2.5407176113e+02   -2.8110324450e+01    1.2185207858e+01    1.0551459340e+01   -4.0728102385e+01    2.0663185941e+00    5.1200000000e+02    5.6216753906e-04    4.5507812500e-01
