#   index    LocalEnergy         LocalEnergy_sq      LocalPotential      Kinetic             ElecElec            LocalECP            NonLocalECP         BlockWeight         BlockCPU            AcceptRatio         
         0   -1.5892827748e+01    2.5286427750e+02   -2.7778674994e+01    1.1885847245e+01    1.0387582146e+01   -4.0299520432e+01    2.1332632924e+00    1.3232900000e+05    2.6232405842e-01    9.9877092970e-01
         1   -1.5896709846e+01    2.5299330858e+02   -2.7879072196e+01    1.1982362350e+01    1.0408069424e+01   -4.0432872439e+01    2.1457308185e+00    1.3195600000e+05    2.6648251035e-01    9.9873741479e-01
         2   -1.5902278920e+01    2.5316899708e+02   -2.7883346130e+01    1.1981067210e+01    1.0385463509e+01   -4.0431843183e+01    2.1630335437e+00    1.3220700000e+05    2.6392343438e-01    9.9876786574e-01
         3   -1.5894863457e+01    2.5295972483e+02   -2.7561157378e+01    1.1666293921e+01    1.0317585916e+01   -3.9953029952e+01    2.0742866591e+00    1.3117500000e+05    2.6483133984e-01    9.9876137829e-01
         4   -1.5898034556e+01    2.5302369237e+02   -2.7467179883e+01    1.1569145327e+01    1.0294466580e+01   -3.9782556393e+01    2.0209099303e+00    1.3016900000e+05    2.5739232945e-01    9.9881181575e-01
         5   -1.5886740717e+01    2.5264939051e+02   -2.7528761199e+01    1.1642020482e+01    1.0289613824e+01   -3.9865076758e+01    2.0467017357e+00    1.2985800000e+05    2.5659698383e-01    9.9870961568e-01
         6   -1.5889080028e+01    2.5273130936e+02   -2.7425493832e+01    1.1536413804e+01    1.0260886851e+01   -3.9716155852e+01    2.0297751693e+00    1.2980700000e+05    2.5827832984e-01    9.9876204284e-01
         7   -1.5894362129e+01    2.5289128225e+02   -2.7425817407e+01    1.1531455278e+01    1.0261599893e+01   -3.9750574846e+01    2.0631575457e+00    1.3005800000e+05    2.5663294738e-01    9.9884531328e-01
         8   -1.5899317983e+01    2.5306428649e+02   -2.7423769253e+01    1.1524451270e+01    1.0290441879e+01   -3.9808135774e+01    2.0939246413e+00    1.3041600000e+05    2.5885204027e-01    9.9873497596e-01
         9   -1.5894693982e+01    2.5292102961e+02   -2.7519526661e+01    1.1624832679e+01    1.0267111917e+01   -3.9947155916e+01    2.1605173393e+00    1.3045400000e+05    2.6228634523e-01    9.9875844921e-01
        10   -1.5885080945e+01    2.5260598846e+02   -2.7667439315e+01    1.1782358370e+01    1.0326349765e+01   -4.0164319390e+01    2.1705303099e+00    1.3041000000e+05    2.5788367910e-01    9.9879535225e-01
        11   -1.5896818017e+01    2.5298976658e+02   -2.7590018096e+01    1.1693200079e+01    1.0294647712e+01   -4.0044519740e+01    2.1598539321e+00    1.3024600000e+05    2.5864259953e-01    9.9874453818e-01
        12   -1.5901524280e+01    2.5315547119e+02   -2.7482113822e+01    1.1580589542e+01    1.0304016270e+01   -3.9880292019e+01    2.0941619267e+00    1.3017900000e+05    2.5624470641e-01    9.9880015192e-01
        13   -1.5894048324e+01    2.5290232809e+02   -2.7731953957e+01    1.1837905633e+01    1.0292790555e+01   -4.0013273987e+01    1.9885294758e+00    1.2998500000e+05    2.5664519020e-01    9.9882133978e-01
        14   -1.5890889718e+01    2.5279391585e+02   -2.7592415773e+01    1.1701526055e+01    1.0281160498e+01   -3.9945922410e+01    2.0723461390e+00    1.3086000000e+05    2.6175880516e-01    9.9868686855e-01
        15   -1.5886703200e+01    2.5267106243e+02   -2.7451253736e+01    1.1564550536e+01    1.0266416984e+01   -3.9826634155e+01    2.1089634354e+00    1.3134500000e+05    2.5662637277e-01    9.9880487269e-01
        16   -1.5890979842e+01    2.5281895956e+02   -2.7583124051e+01    1.1692144209e+01    1.0259006712e+01   -4.0030666602e+01    2.1885358394e+00    1.3029200000e+05    2.6037036391e-01    9.9869264899e-01
        17   -1.5892238202e+01    2.5283786630e+02   -2.7631403300e+01    1.1739165098e+01    1.0256317852e+01   -3.9963540969e+01    2.0758198163e+00    1.3016000000e+05    2.5984011527e-01    9.9886574358e-01
        18   -1.5892817587e+01    2.5285058537e+02   -2.7490134737e+01    1.1597317151e+01    1.0248810905e+01   -3.9842928345e+01    2.1039827025e+00    1.3019700000e+05    2.6276895590e-01    9.9872386782e-01
        19   -1.5894337952e+01    2.5288520959e+02   -2.7302656409e+01    1.1408318457e+01    1.0183190925e+01   -3.9542555840e+01    2.0567085058e+00    1.2976900000e+05    2.5653289156e-01    9.9888030400e-01
        20   -1.5901132758e+01    2.5313570498e+02   -2.7451842562e+01    1.1550709804e+01    1.0180950378e+01   -3.9679237934e+01    2.0464449946e+00    1.2991800000e+05    2.6336009129e-01    9.9888664313e-01
        21   -1.5905025804e+01    2.5323465197e+02   -2.7486900129e+01    1.1581874324e+01    1.0201795970e+01   -3.9917801088e+01    2.2291049896e+00    1.3049100000e+05    2.5765624188e-01    9.9882600975e-01
        22   -1.5903738669e+01    2.5319453301e+02   -2.7432297121e+01    1.1528558452e+01    1.0223308024e+01   -3.9846456342e+01    2.1908511975e+00    1.3132200000e+05    2.6308693738e-01    9.9879793321e-01
        23   -1.5891456051e+01    2.5279426499e+02   -2.7348597172e+01    1.1457141122e+01    1.0248135804e+01   -3.9657278981e+01    2.0605460044e+00    1.3156600000e+05    2.6289363617e-01    9.9877983145e-01
        24   -1.5888128948e+01    2.5268899243e+02   -2.7467113403e+01    1.1578984455e+01    1.0188513936e+01   -3.9559200831e+01    1.9035734921e+00    1.3174200000e+05    2.5587758320e-01    9.9878011979e-01
        25   -1.5896820458e+01    2.5297757769e+02   -2.7411060945e+01    1.1514240488e+01    1.0193853621e+01   -3.9599044124e+01    1.9941295581e+00    1.3120900000e+05    2.5968722332e-01    9.9875933079e-01
        26   -1.5906103804e+01    2.5326723156e+02   -2.7568230976e+01    1.1662127173e+01    1.0192584019e+01   -3.9755184326e+01    1.9943693299e+00    1.3022200000e+05    2.5687262684e-01    9.9877603313e-01
        27   -1.5892068422e+01    2.5285189995e+02   -2.7381454240e+01    1.1489385818e+01    1.0207543650e+01   -3.9627551311e+01    2.0385534211e+00    1.3087500000e+05    2.5708827379e-01    9.9883895448e-01
        28   -1.5891643031e+01    2.5280610539e+02   -2.7440131225e+01    1.1548488194e+01    1.0232859631e+01   -3.9775751536e+01    2.1027606796e+00    1.3053300000e+05    2.5403398523e-01    9.9883702104e-01
        29   -1.5890337275e+01    2.5277509640e+02   -2.7629595271e+01    1.1739257996e+01    1.0296782370e+01   -4.0013728911e+01    2.0873512705e+00    1.3022200000e+05    2.5688223711e-01    9.9876915135e-01
        30   -1.5895872964e+01    2.5296350161e+02   -2.7612614407e+01    1.1716741443e+01    1.0277033311e+01   -3.9970485853e+01    2.0808381351e+00    1.2975900000e+05    2.6050452230e-01    9.9875007902e-01
        31   -1.5899352311e+01    2.5304838497e+02   -2.7548235966e+01    1.1648883655e+01    1.0288132114e+01   -3.9849520824e+01    2.0131527442e+00    1.2996300000e+05    2.6301992348e-01    9.9877804409e-01
        32   -1.5881067886e+01    2.5246950535e+02   -2.7499326075e+01    1.1618258189e+01    1.0311116004e+01   -3.9882729774e+01    2.0722876943e+00    1.2991600000e+05    2.6941835641e-01    9.9877959868e-01
        33   -1.5887500611e+01    2.5267665473e+02   -2.7505071584e+01    1.1617570973e+01    1.0319317486e+01   -3.9903872609e+01    2.0794835390e+00    1.3025100000e+05    2.5961642543e-01    9.9887424857e-01
        34   -1.5890076631e+01    2.5277062248e+02   -2.7374786145e+01    1.1484709514e+01    1.0267354813e+01   -3.9587166394e+01    1.9450254362e+00    1.3038500000e+05    2.5882183758e-01    9.9877559891e-01
        35   -1.5898129878e+01    2.5301701550e+02   -2.7438180912e+01    1.1540051034e+01    1.0285435671e+01   -3.9747651314e+01    2.0240347311e+00    1.3045400000e+05    2.6043659246e-01    9.9877752047e-01
        36   -1.5896438725e+01    2.5297428253e+02   -2.7491478749e+01    1.1595040024e+01    1.0298898137e+01   -3.9923612266e+01    2.1332353798e+00    1.3038100000e+05    2.6028770164e-01    9.9879605633e-01
        37   -1.5895053541e+01    2.5294638249e+02   -2.7630655188e+01    1.1735601647e+01    1.0326609518e+01   -4.0024878232e+01    2.0676135268e+00    1.3059000000e+05    2.6017094609e-01    9.9871846996e-01
        38   -1.5898028667e+01    2.5302680490e+02   -2.7711414257e+01    1.1813385590e+01    1.0303408060e+01   -4.0188052950e+01    2.1732306325e+00    1.3034700000e+05    2.5749834566e-01    9.9873830587e-01
        39   -1.5895750691e+01    2.5296326839e+02   -2.7691206520e+01    1.1795455829e+01    1.0345842202e+01   -4.0076034552e+01    2.0389858295e+00    1.2978700000e+05    2.5838377199e-01    9.9875993468e-01
        40   -1.5894456026e+01    2.5291810696e+02   -2.7716374628e+01    1.1821918602e+01    1.0348602707e+01   -4.0183575467e+01    2.1185981322e+00    1.2997300000e+05    2.5720991738e-01    9.9867475567e-01
        41   -1.5888730548e+01    2.5272876025e+02   -2.7817508417e+01    1.1928777869e+01    1.0314887148e+01   -4.0167167142e+01    2.0347715774e+00    1.3011900000e+05    2.5841252461e-01    9.9880963943e-01
        42   -1.5895538729e+01    2.5293467920e+02   -2.7986448922e+01    1.2090910192e+01    1.0368629375e+01   -4.0442757298e+01    2.0876790014e+00    1.2977300000e+05    2.5882467352e-01    9.9883550505e-01
        43   -1.5891023816e+01    2.5281952686e+02   -2.7861454045e+01    1.1970430230e+01    1.0404588688e+01   -4.0405883686e+01    2.1398409527e+00    1.2897300000e+05    2.6096246328e-01    9.9873750048e-01
        44   -1.5908548679e+01    2.5336539269e+02   -2.7922899496e+01    1.2014350817e+01    1.0380708483e+01   -4.0492121565e+01    2.1885135856e+00    1.2906700000e+05    2.5769003613e-01    9.9869435215e-01
        45   -1.5913481090e+01    2.5351888051e+02   -2.7815566005e+01    1.1902084915e+01    1.0383794947e+01   -4.0390902602e+01    2.1915416513e+00    1.2984600000e+05    2.5800573566e-01    9.9874578012e-01
        46   -1.5899409057e+01    2.5306660998e+02   -2.7744275954e+01    1.1844866897e+01    1.0342720970e+01   -4.0192026578e+01    2.1050296538e+00    1.3120000000e+05    2.6208610246e-01    9.9876902921e-01
        47   -1.5896989408e+01    2.5299158363e+02   -2.7595058213e+01    1.1698068805e+01    1.0344089390e+01   -4.0107845264e+01    2.1686976614e+00    1.3166700000e+05    2.6297459883e-01    9.9875919816e-01
        48   -1.5897290357e+01    2.5299872844e+02   -2.7454561757e+01    1.1557271399e+01    1.0270677320e+01   -3.9744400807e+01    2.0191617298e+00    1.3220800000e+05    2.6317880953e-01    9.9872942826e-01
        49   -1.5885424835e+01    2.5263950644e+02   -2.7449281613e+01    1.1563856778e+01    1.0276765438e+01   -3.9786840004e+01    2.0607929522e+00    1.3149000000e+05    2.5820555840e-01    9.9879605069e-01
        50   -1.5887340868e+01    2.5268047252e+02   -2.7668448962e+01    1.1781108094e+01    1.0327898333e+01   -4.0111908473e+01    2.1155611774e+00    1.3206200000e+05    2.6222835664e-01    9.9873016285e-01
        51   -1.5888884611e+01    2.5274647946e+02   -2.7681306259e+01    1.1792421648e+01    1.0321093171e+01   -4.0091497155e+01    2.0890977261e+00    1.3166000000e+05    2.5542290414e-01    9.9865238017e-01
        52   -1.5897625820e+01    2.5301224361e+02   -2.7658933788e+01    1.1761307968e+01    1.0300136804e+01   -4.0021494738e+01    2.0624241449e+00    1.3200300000e+05    2.5470461262e-01    9.9879270035e-01
        53   -1.5886726802e+01    2.5267227611e+02   -2.7634314239e+01    1.1747587436e+01    1.0283046866e+01   -4.0002228567e+01    2.0848674618e+00    1.3159400000e+05    2.5951818797e-01    9.9882105918e-01
        54   -1.5886502713e+01    2.5265618139e+02   -2.7430354570e+01    1.1543851856e+01    1.0268245437e+01   -3.9820665673e+01    2.1220656659e+00    1.3108300000e+05    2.6364687488e-01    9.9884703867e-01
        55   -1.5896370260e+01    2.5297785168e+02   -2.7567237585e+01    1.1670867325e+01    1.0276245948e+01   -3.9970853927e+01    2.1273703935e+00    1.3130700000e+05    2.6222635125e-01    9.9876613790e-01
        56   -1.5897375703e+01    2.5300529121e+02   -2.7355569857e+01    1.1458194154e+01    1.0246400187e+01   -3.9711239626e+01    2.1092695819e+00    1.3145400000e+05    2.6399443297e-01    9.9876016072e-01
        57   -1.5895336581e+01    2.5294652509e+02   -2.7465097776e+01    1.1569761195e+01    1.0217818405e+01   -3.9784640326e+01    2.1017241457e+00    1.3152300000e+05    2.6154217953e-01    9.9867910534e-01
        58   -1.5900560018e+01    2.5309752662e+02   -2.7562386479e+01    1.1661826461e+01    1.0274345315e+01   -3.9935838483e+01    2.0991066891e+00    1.3133700000e+05    2.5728315738e-01    9.9878960105e-01
        59   -1.5902989967e+01    2.5318095887e+02   -2.7487305245e+01    1.1584315278e+01    1.0253549473e+01   -3.9846831638e+01    2.1059769207e+00    1.3052300000e+05    2.5877661539e-01    9.9872972260e-01
        60   -1.5905839631e+01    2.5326123943e+02   -2.7632332045e+01    1.1726492414e+01    1.0249083296e+01   -3.9943587486e+01    2.0621721442e+00    1.3050900000e+05    2.5845603035e-01    9.9879322351e-01
        61   -1.5905763314e+01    2.5326525727e+02   -2.7589264269e+01    1.1683500955e+01    1.0224468354e+01   -3.9976030680e+01    2.1622980574e+00    1.3144800000e+05    2.6053310051e-01    9.9880473346e-01
        62   -1.5895860722e+01    2.5295434278e+02   -2.7590376712e+01    1.1694515989e+01    1.0278307660e+01   -4.0018623488e+01    2.1499391165e+00    1.3143300000e+05    2.6458264801e-01    9.9874228137e-01
        63   -1.5901841006e+01    2.5315711445e+02   -2.7486985092e+01    1.1585144086e+01    1.0230934201e+01   -3.9827180555e+01    2.1092612622e+00    1.3086300000e+05    2.5741893109e-01    9.9871977568e-01
        64   -1.5895812395e+01    2.5295919484e+02   -2.7631596663e+01    1.1735784267e+01    1.0217719615e+01   -3.9928672681e+01    2.0793564040e+00    1.3077800000e+05    2.6119105531e-01    9.9871303937e-01
        65   -1.5882516539e+01    2.5251853949e+02   -2.7550700900e+01    1.1668184362e+01    1.0251723954e+01   -3.9901263126e+01    2.0988382719e+00    1.3040800000e+05    2.6127914691e-01    9.9878933515e-01
        66   -1.5899187547e+01    2.5305055361e+02   -2.7576850550e+01    1.1677663003e+01    1.0241568264e+01   -3.9923361303e+01    2.1049424885e+00    1.2958200000e+05    2.8157194734e-01    9.9877436925e-01
        67   -1.5884821182e+01    2.5260201444e+02   -2.7737897694e+01    1.1853076511e+01    1.0242759579e+01   -4.0018347195e+01    2.0376899231e+00    1.2940100000e+05    2.8019134039e-01    9.9874923888e-01
        68   -1.5892515957e+01    2.5284964130e+02   -2.7649052113e+01    1.1756536156e+01    1.0252186861e+01   -4.0102582027e+01    2.2013430529e+00    1.2979700000e+05    2.8230447582e-01    9.9874188153e-01
        69   -1.5891878366e+01    2.5285459661e+02   -2.7806642965e+01    1.1914764599e+01    1.0312136293e+01   -4.0310587195e+01    2.1918079365e+00    1.3024900000e+05    2.8851516340e-01    9.9871032908e-01
        70   -1.5888400534e+01    2.5272044311e+02   -2.7673508446e+01    1.1785107913e+01    1.0303684555e+01   -4.0075105834e+01    2.0979128331e+00    1.3021400000e+05    2.8885137730e-01    9.9868820730e-01
        71   -1.5891683858e+01    2.5282273074e+02   -2.7555638490e+01    1.1663954632e+01    1.0252475966e+01   -3.9874405317e+01    2.0662908609e+00    1.2934400000e+05    2.8393680191e-01    9.9873336631e-01
        72   -1.5897559380e+01    2.5298480019e+02   -2.7613505875e+01    1.1715946495e+01    1.0264930811e+01   -3.9903748022e+01    2.0253113363e+00    1.2947600000e+05    2.8328032602e-01    9.9881081836e-01
        73   -1.5892819812e+01    2.5285451528e+02   -2.7713278664e+01    1.1820458853e+01    1.0282672077e+01   -4.0068751669e+01    2.0728009274e+00    1.2986000000e+05    2.8777960832e-01    9.9874477721e-01
        74   -1.5889391041e+01    2.5274716283e+02   -2.7685262006e+01    1.1795870965e+01    1.0289759434e+01   -4.0074337896e+01    2.0993164558e+00    1.3039000000e+05    2.7985465078e-01    9.9877925848e-01
        75   -1.5891206604e+01    2.5283172019e+02   -2.7831875333e+01    1.1940668729e+01    1.0346564278e+01   -4.0319705181e+01    2.1412655692e+00    1.2967300000e+05    2.8047918184e-01    9.9879726471e-01
        76   -1.5894614479e+01    2.5291288500e+02   -2.7684970646e+01    1.1790356167e+01    1.0338265886e+01   -4.0134346763e+01    2.1111102310e+00    1.2992800000e+05    2.8273984469e-01    9.9877144827e-01
        77   -1.5892793216e+01    2.5284194798e+02   -2.7566230277e+01    1.1673437061e+01    1.0276140740e+01   -4.0051966157e+01    2.2095951400e+00    1.3048900000e+05    2.8138641387e-01    9.9877626579e-01
        78   -1.5906067332e+01    2.5327012215e+02   -2.7603358628e+01    1.1697291296e+01    1.0298252090e+01   -3.9989958409e+01    2.0883476910e+00    1.3096100000e+05    2.8346865461e-01    9.9874009483e-01
        79   -1.5903456597e+01    2.5321481666e+02   -2.7545771885e+01    1.1642315288e+01    1.0308596954e+01   -3.9981520085e+01    2.1271512456e+00    1.3072300000e+05    2.8671041191e-01    9.9876238744e-01
        80   -1.5885970459e+01    2.5264968940e+02   -2.7479139325e+01    1.1593168866e+01    1.0325053288e+01   -3.9915784806e+01    2.1115921933e+00    1.3031900000e+05    2.8704430535e-01    9.9874026786e-01
        81   -1.5891561780e+01    2.5285198398e+02   -2.7692090356e+01    1.1800528576e+01    1.0328878534e+01   -3.9947793806e+01    1.9268249164e+00    1.3038300000e+05    2.8066891414e-01    9.9869200376e-01
        82   -1.5884131038e+01    2.5259133751e+02   -2.7751122872e+01    1.1866991834e+01    1.0361809277e+01   -4.0129043358e+01    2.0161112100e+00    1.3074400000e+05    2.7913267809e-01    9.9875446918e-01
        83   -1.5893808336e+01    2.5288152958e+02   -2.7641984600e+01    1.1748176264e+01    1.0385126425e+01   -4.0175587065e+01    2.1484760399e+00    1.3062100000e+05    2.8409914922e-01    9.9875243763e-01
        84   -1.5894743138e+01    2.5290382799e+02   -2.7736308277e+01    1.1841565139e+01    1.0354766124e+01   -4.0088448990e+01    1.9973745892e+00    1.3110200000e+05    2.8010512527e-01    9.9880374440e-01
        85   -1.5892460314e+01    2.5284682243e+02   -2.7746383703e+01    1.1853923389e+01    1.0402485191e+01   -4.0245805821e+01    2.0969369271e+00    1.3158100000e+05    2.8085941508e-01    9.9883870425e-01
        86   -1.5892583079e+01    2.5284611447e+02   -2.7840287351e+01    1.1947704272e+01    1.0367086075e+01   -4.0236108703e+01    2.0287352767e+00    1.3104900000e+05    2.8007279063e-01    9.9874745248e-01
        87   -1.5891527698e+01    2.5281798591e+02   -2.7798803843e+01    1.1907276145e+01    1.0355115421e+01   -4.0305864325e+01    2.1519450610e+00    1.3119000000e+05    2.8541660523e-01    9.9873980223e-01
        88   -1.5890800211e+01    2.5279452263e+02   -2.7743195339e+01    1.1852395127e+01    1.0343842901e+01   -4.0251313656e+01    2.1642754164e+00    1.3085700000e+05    2.8232765512e-01    9.9878318931e-01
        89   -1.5878942894e+01    2.5242876142e+02   -2.7706631665e+01    1.1827688771e+01    1.0338971892e+01   -4.0168624234e+01    2.1230206769e+00    1.3018100000e+05    2.8079550699e-01    9.9883143907e-01
        90   -1.5889511929e+01    2.5279158001e+02   -2.7770460031e+01    1.1880948101e+01    1.0337478926e+01   -4.0306261956e+01    2.1983229998e+00    1.3074900000e+05    2.7695454590e-01    9.9868463997e-01
        91   -1.5901293607e+01    2.5312794413e+02   -2.7755134652e+01    1.1853841045e+01    1.0292172963e+01   -4.0133979676e+01    2.0866720619e+00    1.3033600000e+05    2.8047341797e-01    9.9875092379e-01
        92   -1.5904498413e+01    2.5322278398e+02   -2.7646660482e+01    1.1742162069e+01    1.0309379460e+01   -4.0099071321e+01    2.1430313789e+00    1.2998400000e+05    2.8069897676e-01    9.9876145407e-01
        93   -1.5903441833e+01    2.5320023910e+02   -2.7525984862e+01    1.1622543029e+01    1.0283806331e+01   -3.9915387239e+01    2.1055960458e+00    1.2998300000e+05    2.7714719824e-01    9.9878360068e-01
        94   -1.5894784396e+01    2.5291721914e+02   -2.7476306765e+01    1.1581522369e+01    1.0212560992e+01   -3.9808699426e+01    2.1198316690e+00    1.3017500000e+05    2.8021581074e-01    9.9881061143e-01
        95   -1.5898205589e+01    2.5302707543e+02   -2.7422646269e+01    1.1524440680e+01    1.0209924807e+01   -3.9680046578e+01    2.0474755023e+00    1.3031600000e+05    2.7728723457e-01    9.9883372009e-01
        96   -1.5884431465e+01    2.5257259736e+02   -2.7466215951e+01    1.1581784486e+01    1.0246571959e+01   -3.9788803138e+01    2.0760152276e+00    1.3065600000e+05    2.8009096297e-01    9.9877284452e-01
        97   -1.5888611600e+01    2.5271832370e+02   -2.7636502840e+01    1.1747891241e+01    1.0271159365e+01   -4.0012909613e+01    2.1052474082e+00    1.3068400000e+05    2.8288679301e-01    9.9889175358e-01
        98   -1.5886899099e+01    2.5268313283e+02   -2.7612417072e+01    1.1725517973e+01    1.0317992933e+01   -3.9986009247e+01    2.0555992426e+00    1.3116000000e+05    2.9042339152e-01    9.9883493234e-01
        99   -1.5883261998e+01    2.5256334260e+02   -2.7652177281e+01    1.1768915283e+01    1.0320422828e+01   -4.0034322925e+01    2.0617228161e+00    1.3054300000e+05    2.8599783633e-01    9.9869154971e-01
       100   -1.5893288926e+01    2.5287467338e+02   -2.7654046388e+01    1.1760757462e+01    1.0328939556e+01   -4.0003348834e+01    2.0203628896e+00    1.3074600000e+05    2.8857676977e-01    9.9872109122e-01
       101   -1.5904371513e+01    2.5323453532e+02   -2.7815825309e+01    1.1911453796e+01    1.0358061878e+01   -4.0207753446e+01    2.0338662593e+00    1.3074000000e+05    2.8415786188e-01    9.9880637749e-01
       102   -1.5899216378e+01    2.5307287680e+02   -2.7654070165e+01    1.1754853787e+01    1.0353953952e+01   -4.0091884745e+01    2.0838606285e+00    1.3150000000e+05    2.8856455645e-01    9.9869486034e-01
       103   -1.5893282090e+01    2.5287384829e+02   -2.7432015989e+01    1.1538733899e+01    1.0320653100e+01   -3.9870853224e+01    2.1181841351e+00    1.3113100000e+05    2.8504691195e-01    9.9870752205e-01
       104   -1.5894812515e+01    2.5293085610e+02   -2.7551164782e+01    1.1656352267e+01    1.0319112756e+01   -3.9850846018e+01    1.9805684804e+00    1.3122100000e+05    2.8448363832e-01    9.9886576775e-01
       105   -1.5903645458e+01    2.5320870147e+02   -2.7549895287e+01    1.1646249829e+01    1.0329502662e+01   -3.9913081173e+01    2.0336832241e+00    1.3111900000e+05    2.8650997027e-01    9.9877851198e-01
       106   -1.5906123011e+01    2.5328728792e+02   -2.7792576426e+01    1.1886453414e+01    1.0359342333e+01   -4.0211841124e+01    2.0599223649e+00    1.3195700000e+05    2.7956700117e-01    9.9880385436e-01
       107   -1.5910412257e+01    2.5342117692e+02   -2.7807846552e+01    1.1897434296e+01    1.0371902303e+01   -4.0281544743e+01    2.1017958876e+00    1.3251900000e+05    2.8372284902e-01    9.9873954047e-01
       108   -1.5899242757e+01    2.5308109232e+02   -2.7910753958e+01    1.2011511201e+01    1.0400568886e+01   -4.0453763665e+01    2.1424408211e+00    1.3304400000e+05    2.9697029191e-01    9.9875108339e-01
       109   -1.5888116336e+01    2.5269934792e+02   -2.7810201579e+01    1.1922085243e+01    1.0426186305e+01   -4.0362069921e+01    2.1256820378e+00    1.3282200000e+05    2.9261963754e-01    9.9868492756e-01
       110   -1.5882221671e+01    2.5253107318e+02   -2.7957586628e+01    1.2075364957e+01    1.0431168489e+01   -4.0484123356e+01    2.0953682388e+00    1.3267200000e+05    2.9153719313e-01    9.9879425326e-01
       111   -1.5887142367e+01    2.5269373816e+02   -2.7894787724e+01    1.2007645357e+01    1.0412525142e+01   -4.0303727157e+01    1.9964142911e+00    1.3038000000e+05    2.8724299895e-01    9.9873084346e-01
       112   -1.5893310381e+01    2.5288961313e+02   -2.7711666568e+01    1.1818356187e+01    1.0372814708e+01   -4.0116374938e+01    2.0318936621e+00    1.2951400000e+05    2.9111670789e-01    9.9868479622e-01
       113   -1.5894752149e+01    2.5291627961e+02   -2.7636938694e+01    1.1742186545e+01    1.0300732041e+01   -3.9996180113e+01    2.0585093777e+00    1.2978200000e+05    2.8915563602e-01    9.9879915241e-01
       114   -1.5891921462e+01    2.5284163919e+02   -2.7661631124e+01    1.1769709662e+01    1.0325386690e+01   -4.0111407923e+01    2.1243901090e+00    1.3017700000e+05    2.8895618004e-01    9.9875816640e-01
       115   -1.5904769651e+01    2.5323764400e+02   -2.7794105255e+01    1.1889335604e+01    1.0318887002e+01   -4.0175379995e+01    2.0623877382e+00    1.3035800000e+05    2.8357457762e-01    9.9870780977e-01
       116   -1.5898113286e+01    2.5304875969e+02   -2.7637318526e+01    1.1739205240e+01    1.0301615675e+01   -4.0037608246e+01    2.0986740438e+00    1.3108500000e+05    2.8906477242e-01    9.9868849530e-01
       117   -1.5892791143e+01    2.5285462371e+02   -2.7651299724e+01    1.1758508581e+01    1.0312001219e+01   -4.0060178182e+01    2.0968772392e+00    1.3234600000e+05    2.8481056094e-01    9.9876054431e-01
       118   -1.5897056413e+01    2.5300055376e+02   -2.7550724608e+01    1.1653668195e+01    1.0288827463e+01   -3.9870787080e+01    2.0312350094e+00    1.3320800000e+05    2.9333779051e-01    9.9877349590e-01
       119   -1.5904341287e+01    2.5322262028e+02   -2.7408939895e+01    1.1504598608e+01    1.0272739691e+01   -3.9696103192e+01    2.0144236061e+00    1.3292900000e+05    2.9281248285e-01    9.9874243255e-01
       120   -1.5904547174e+01    2.5322849191e+02   -2.7505137583e+01    1.1600590409e+01    1.0267096868e+01   -3.9874311660e+01    2.1020772093e+00    1.3326800000e+05    3.0232046453e-01    9.9876807135e-01
       121   -1.5901620042e+01    2.5315141173e+02   -2.7671395135e+01    1.1769775093e+01    1.0304522071e+01   -4.0064482462e+01    2.0885652563e+00    1.3320500000e+05    3.0198642551e-01    9.9874501854e-01
       122   -1.5889354117e+01    2.5274169353e+02   -2.7527799206e+01    1.1638445089e+01    1.0240879837e+01   -3.9803807310e+01    2.0351282667e+00    1.3418600000e+05    3.1567584598e-01    9.9884780786e-01
       123   -1.5890594437e+01    2.5275851730e+02   -2.7546963471e+01    1.1656369034e+01    1.0269533013e+01   -3.9861854767e+01    2.0453582833e+00    1.3435800000e+05    2.9364675137e-01    9.9875320346e-01
       124   -1.5893290392e+01    2.5286676052e+02   -2.7644171194e+01    1.1750880802e+01    1.0294105144e+01   -4.0017751974e+01    2.0794756364e+00    1.3351200000e+05    2.8299773008e-01    9.9875338685e-01
       125   -1.5897830701e+01    2.5301145589e+02   -2.7522952471e+01    1.1625121769e+01    1.0266933430e+01   -3.9833823513e+01    2.0439376126e+00    1.3359500000e+05    2.9262694551e-01    9.9883702120e-01
       126   -1.5898097106e+01    2.5303860288e+02   -2.7623415448e+01    1.1725318341e+01    1.0268835703e+01   -3.9975425358e+01    2.0831742069e+00    1.3299800000e+05    2.8094728992e-01    9.9873568990e-01
       127   -1.5903393131e+01    2.5320645770e+02   -2.7524608891e+01    1.1621215761e+01    1.0303532309e+01   -3.9925146741e+01    2.0970055402e+00    1.3326800000e+05    2.9830100859e-01    9.9878700247e-01
       128   -1.5897223321e+01    2.5299725883e+02   -2.7473586685e+01    1.1576363364e+01    1.0315293950e+01   -3.9873562491e+01    2.0846818564e+00    1.3279300000e+05    2.7836449281e-01    9.9875512351e-01
       129   -1.5907505133e+01    2.5332631792e+02   -2.7588564033e+01    1.1681058900e+01    1.0318494518e+01   -4.0064609670e+01    2.1575511190e+00    1.3252900000e+05    2.7760905770e-01    9.9875860632e-01
       130   -1.5902608380e+01    2.5316880121e+02   -2.7758779169e+01    1.1856170788e+01    1.0386553046e+01   -4.0404909865e+01    2.2595776501e+00    1.3219400000e+05    2.7473506582e-01    9.9872585928e-01
       131   -1.5902662756e+01    2.5318571485e+02   -2.7988251259e+01    1.2085588504e+01    1.0414259216e+01   -4.0605005778e+01    2.2024953036e+00    1.3225300000e+05    2.7601114695e-01    9.9867694059e-01
       132   -1.5894051352e+01    2.5291460534e+02   -2.7904964387e+01    1.2010913035e+01    1.0408059595e+01   -4.0373994114e+01    2.0609701318e+00    1.3220100000e+05    2.7206246086e-01    9.9872877683e-01
       133   -1.5895460576e+01    2.5294636890e+02   -2.7823938471e+01    1.1928477896e+01    1.0413171362e+01   -4.0290165886e+01    2.0530560532e+00    1.3288000000e+05    2.7590854098e-01    9.9875342398e-01
       134   -1.5898333211e+01    2.5306159589e+02   -2.7777426893e+01    1.1879093682e+01    1.0403011746e+01   -4.0253163170e+01    2.0727245314e+00    1.3273900000e+05    2.7461067367e-01    9.9871823684e-01
       135   -1.5892792570e+01    2.5285562858e+02   -2.7641170055e+01    1.1748377485e+01    1.0384094516e+01   -4.0045677750e+01    2.0204131781e+00    1.3336900000e+05    2.9114764625e-01    9.9869324424e-01
       136   -1.5886315441e+01    2.5266005376e+02   -2.7638637700e+01    1.1752322259e+01    1.0392891728e+01   -4.0122444531e+01    2.0909151031e+00    1.3326000000e+05    2.9934364297e-01    9.9878551699e-01
       137   -1.5892195702e+01    2.5284883853e+02   -2.7661792436e+01    1.1769596734e+01    1.0391571251e+01   -4.0139348004e+01    2.0859843168e+00    1.3369100000e+05    2.9413293516e-01    9.9871122182e-01
       138   -1.5896710869e+01    2.5298846347e+02   -2.7721481180e+01    1.1824770312e+01    1.0417012316e+01   -4.0124035508e+01    1.9855420107e+00    1.3314300000e+05    2.8539624660e-01    9.9877977693e-01
       139   -1.5895337106e+01    2.5299657026e+02   -2.7833338698e+01    1.1938001592e+01    1.0396581857e+01   -4.0290829481e+01    2.0609089259e+00    1.3214600000e+05    2.7758681570e-01    9.9880173679e-01
       140   -1.5898710578e+01    2.5321871268e+02   -2.7711132317e+01    1.1812421739e+01    1.0374217815e+01   -4.0187311935e+01    2.1019618036e+00    1.3237100000e+05    2.7946328355e-01    9.9870420423e-01
       141   -1.5892913299e+01    2.5285325617e+02   -2.7691153040e+01    1.1798239741e+01    1.0314597983e+01   -3.9987252944e+01    1.9815019207e+00    1.3276700000e+05    2.8342374789e-01    9.9881725801e-01
       142   -1.5898707249e+01    2.5303339630e+02   -2.7626620420e+01    1.1727913172e+01    1.0289606184e+01   -3.9938064344e+01    2.0218377399e+00    1.3231500000e+05    2.7891552430e-01    9.9879050116e-01
       143   -1.5903794128e+01    2.5318603599e+02   -2.7555994666e+01    1.1652200538e+01    1.0286359552e+01   -3.9882066230e+01    2.0397120120e+00    1.3281600000e+05    2.8232093773e-01    9.9878650826e-01
       144   -1.5902937191e+01    2.5318249736e+02   -2.7653268572e+01    1.1750331381e+01    1.0325359607e+01   -4.0047771645e+01    2.0691434662e+00    1.3244700000e+05    2.8369388656e-01    9.9870662720e-01
       145   -1.5904912612e+01    2.5324686542e+02   -2.7784230614e+01    1.1879318003e+01    1.0294295460e+01   -4.0168600611e+01    2.0900745369e+00    1.3193800000e+05    2.8111525414e-01    9.9872790697e-01
       146   -1.5906541583e+01    2.5329538686e+02   -2.7834583447e+01    1.1928041864e+01    1.0320548523e+01   -4.0244738623e+01    2.0896066536e+00    1.3154500000e+05    2.7588705156e-01    9.9874076269e-01
       147   -1.5899135429e+01    2.5306612376e+02   -2.7641514397e+01    1.1742378968e+01    1.0341846149e+01   -4.0115569133e+01    2.1322085863e+00    1.3204400000e+05    2.8084676043e-01    9.9870857689e-01
       148   -1.5899954383e+01    2.5308263451e+02   -2.7614776684e+01    1.1714822301e+01    1.0324271627e+01   -4.0019518667e+01    2.0804703556e+00    1.3174700000e+05    2.8466356691e-01    9.9875401917e-01
       149   -1.5893874198e+01    2.5289945927e+02   -2.7663455896e+01    1.1769581698e+01    1.0349676753e+01   -4.0190303997e+01    2.1771713486e+00    1.3126800000e+05    2.8763225738e-01    9.9876077522e-01
       150   -1.5897761189e+01    2.5302598310e+02   -2.7789478468e+01    1.1891717279e+01    1.0407951957e+01   -4.0394313818e+01    2.1968833929e+00    1.3180900000e+05    2.7431192152e-01    9.9874937596e-01
       151   -1.5892852099e+01    2.5286947358e+02   -2.7563029985e+01    1.1670177887e+01    1.0352083065e+01   -4.0198968740e+01    2.2838556894e+00    1.3191600000e+05    2.7655500285e-01    9.9867488930e-01
       152   -1.5899908899e+01    2.5308026292e+02   -2.7484081906e+01    1.1584173007e+01    1.0366628786e+01   -4.0036694609e+01    2.1859839169e+00    1.3215300000e+05    2.7350105762e-01    9.9882716287e-01
       153   -1.5916138905e+01    2.5361569998e+02   -2.7649214037e+01    1.1733075132e+01    1.0323191560e+01   -4.0097658375e+01    2.1252527772e+00    1.3236500000e+05    2.7548894516e-01    9.9878995690e-01
       154   -1.5899206136e+01    2.5306146919e+02   -2.7667205044e+01    1.1767998908e+01    1.0277089925e+01   -4.0023197026e+01    2.0789020575e+00    1.3209500000e+05    2.7610389043e-01    9.9863832144e-01
       155   -1.5885406784e+01    2.5261085477e+02   -2.7756082145e+01    1.1870675360e+01    1.0353112826e+01   -4.0153681039e+01    2.0444860684e+00    1.3194800000e+05    2.7957764117e-01    9.9887453768e-01
       156   -1.5903646557e+01    2.5321239735e+02   -2.7773475647e+01    1.1869829090e+01    1.0325456560e+01   -4.0123873530e+01    2.0249413236e+00    1.3145000000e+05    2.8085987223e-01    9.9868945773e-01
       157   -1.5896612696e+01    2.5297734969e+02   -2.7644678656e+01    1.1748065959e+01    1.0310835636e+01   -3.9965798369e+01    2.0102840780e+00    1.3152500000e+05    2.7666671437e-01    9.9882497379e-01
       158   -1.5901041312e+01    2.5312475061e+02   -2.7693450506e+01    1.1792409195e+01    1.0337629229e+01   -4.0140371310e+01    2.1092915737e+00    1.3214800000e+05    2.7227044953e-01    9.9874386404e-01
       159   -1.5895883074e+01    2.5296587852e+02   -2.7685158469e+01    1.1789275396e+01    1.0349212562e+01   -4.0155116322e+01    2.1207452906e+00    1.3207200000e+05    2.7462385461e-01    9.9870523746e-01
       160   -1.5895390617e+01    2.5292699309e+02   -2.7749496131e+01    1.1854105514e+01    1.0361114498e+01   -4.0239980377e+01    2.1293697470e+00    1.3228800000e+05    2.7943517582e-01    9.9878998332e-01
       161   -1.5897477982e+01    2.5300710673e+02   -2.7754511822e+01    1.1857033841e+01    1.0354555258e+01   -4.0148035865e+01    2.0389687842e+00    1.3242000000e+05    2.8526798621e-01    9.9872655462e-01
       162   -1.5899435689e+01    2.5307356351e+02   -2.7669783669e+01    1.1770347980e+01    1.0321443196e+01   -4.0090235287e+01    2.0990084221e+00    1.3284000000e+05    2.8446562781e-01    9.9879070952e-01
       163   -1.5904743658e+01    2.5322145271e+02   -2.7654493027e+01    1.1749749369e+01    1.0256792334e+01   -3.9985052634e+01    2.0737672728e+00    1.3338000000e+05    2.8736571266e-01    9.9874894303e-01
       164   -1.5908891794e+01    2.5336893565e+02   -2.7605504712e+01    1.1696612919e+01    1.0248499827e+01   -3.9847759697e+01    1.9937551573e+00    1.3395100000e+05    3.0496389184e-01    9.9867726462e-01
       165   -1.5903552099e+01    2.5322558900e+02   -2.7513174616e+01    1.1609622517e+01    1.0297929135e+01   -3.9855646187e+01    2.0445424354e+00    1.3356700000e+05    3.0650548047e-01    9.9870358247e-01
       166   -1.5895386761e+01    2.5295467696e+02   -2.7654892459e+01    1.1759505698e+01    1.0323318484e+01   -4.0020030903e+01    2.0418199594e+00    1.3249200000e+05    2.8643106313e-01    9.9881661477e-01
       167   -1.5901421406e+01    2.5314291695e+02   -2.7578955423e+01    1.1677534016e+01    1.0316237866e+01   -3.9972632052e+01    2.0774387633e+00    1.3254200000e+05    2.7971514211e-01    9.9875388789e-01
       168   -1.5903900034e+01    2.5321704166e+02   -2.7619870413e+01    1.1715970379e+01    1.0304439907e+01   -4.0019323568e+01    2.0950132477e+00    1.3358700000e+05    2.8452249129e-01    9.9880577989e-01
       169   -1.5903018117e+01    2.5316627231e+02   -2.7523482030e+01    1.1620463913e+01    1.0300993092e+01   -3.9893450000e+01    2.0689748775e+00    1.3400900000e+05    2.9080354641e-01    9.9871013247e-01
       170   -1.5898320022e+01    2.5303371146e+02   -2.7688391287e+01    1.1790071265e+01    1.0301798473e+01   -4.0029074608e+01    2.0388848477e+00    1.3437300000e+05    2.8512033301e-01    9.9871527613e-01
       171   -1.5904021352e+01    2.5322152874e+02   -2.7572892775e+01    1.1668871423e+01    1.0261138907e+01   -3.9924877762e+01    2.0908460797e+00    1.3389300000e+05    2.8041227656e-01    9.9873945680e-01
       172   -1.5893375666e+01    2.5286546726e+02   -2.7427631568e+01    1.1534255901e+01    1.0253194774e+01   -3.9802079885e+01    2.1212535433e+00    1.3365400000e+05    2.8972523465e-01    9.9880047508e-01
       173   -1.5896972394e+01    2.5298408206e+02   -2.7415930733e+01    1.1518958340e+01    1.0306462674e+01   -3.9732697098e+01    2.0103036908e+00    1.3347600000e+05    3.0071132746e-01    9.9875355764e-01
       174   -1.5895881744e+01    2.5300749720e+02   -2.7577841670e+01    1.1681959926e+01    1.0316453067e+01   -4.0048846306e+01    2.1545515700e+00    1.3297500000e+05    2.8702658789e-01    9.9881569754e-01
       175   -1.5886379784e+01    2.5267013298e+02   -2.7594029427e+01    1.1707649643e+01    1.0293339926e+01   -4.0008504357e+01    2.1211350038e+00    1.3255900000e+05    2.7234829313e-01    9.9871242809e-01
       176   -1.5884492464e+01    2.5265084057e+02   -2.7678997156e+01    1.1794504693e+01    1.0284964042e+01   -4.0025831468e+01    2.0618702694e+00    1.3274900000e+05    2.8309696840e-01    9.9877479883e-01
       177   -1.5886963015e+01    2.5268351063e+02   -2.7673691317e+01    1.1786728302e+01    1.0252821568e+01   -3.9932876131e+01    2.0063632459e+00    1.3217800000e+05    2.8094226609e-01    9.9872231572e-01
       178   -1.5886155917e+01    2.5264898776e+02   -2.7608699590e+01    1.1722543674e+01    1.0260530312e+01   -3.9837006630e+01    1.9677767280e+00    1.3299400000e+05    2.9094130512e-01    9.9873935130e-01
       179   -1.5881439180e+01    2.5250753552e+02   -2.7642203273e+01    1.1760764093e+01    1.0287853899e+01   -3.9930503003e+01    2.0004458320e+00    1.3270600000e+05    2.8303790348e-01    9.9871663492e-01
       180   -1.5886224836e+01    2.5267300573e+02   -2.7785536587e+01    1.1899311750e+01    1.0302991875e+01   -4.0232947870e+01    2.1444194085e+00    1.3217900000e+05    2.7049318207e-01    9.9872988577e-01
       181   -1.5889477964e+01    2.5276798333e+02   -2.7623163088e+01    1.1733685125e+01    1.0337915306e+01   -4.0068667516e+01    2.1075891216e+00    1.3231500000e+05    2.7399711055e-01    9.9874058376e-01
       182   -1.5882775903e+01    2.5254057971e+02   -2.7581680226e+01    1.1698904323e+01    1.0279307636e+01   -3.9940297584e+01    2.0793097209e+00    1.3305800000e+05    2.8432517758e-01    9.9879127113e-01
       183   -1.5881603755e+01    2.5249981057e+02   -2.7508154858e+01    1.1626551103e+01    1.0242550075e+01   -3.9806615292e+01    2.0559103592e+00    1.3249300000e+05    2.8429915977e-01    9.9876257738e-01
       184   -1.5885822546e+01    2.5261895293e+02   -2.7445629151e+01    1.1559806604e+01    1.0275381773e+01   -3.9770560997e+01    2.0495500731e+00    1.3164900000e+05    2.7958257902e-01    9.9880007495e-01
       185   -1.5897022375e+01    2.5298252280e+02   -2.7368868179e+01    1.1471845804e+01    1.0229202049e+01   -3.9608784223e+01    2.0107139951e+00    1.3164700000e+05    2.7881189602e-01    9.9881229228e-01
       186   -1.5900630433e+01    2.5311229108e+02   -2.7511226715e+01    1.1610596282e+01    1.0234115636e+01   -3.9701341999e+01    1.9559996475e+00    1.3152600000e+05    2.7746205750e-01    9.9877735236e-01
       187   -1.5894902023e+01    2.5292725778e+02   -2.7548761279e+01    1.1653859257e+01    1.0297965346e+01   -3.9945105379e+01    2.0983787535e+00    1.3135600000e+05    2.7267623465e-01    9.9882133502e-01
       188   -1.5898097362e+01    2.5304138658e+02   -2.7531606709e+01    1.1633509348e+01    1.0276154236e+01   -3.9879052602e+01    2.0712916568e+00    1.3092500000e+05    2.7345365176e-01    9.9874475252e-01
       189   -1.5893477573e+01    2.5289333079e+02   -2.7642184440e+01    1.1748706867e+01    1.0258609778e+01   -3.9929080802e+01    2.0282865838e+00    1.3004400000e+05    2.7291980590e-01    9.9870789719e-01
       190   -1.5892910951e+01    2.5285679198e+02   -2.7639482703e+01    1.1746571752e+01    1.0251192863e+01   -3.9961060416e+01    2.0703848500e+00    1.2992500000e+05    2.7207894332e-01    9.9878282553e-01
       191   -1.5889236391e+01    2.5274115880e+02   -2.7554812896e+01    1.1665576505e+01    1.0288103704e+01   -4.0008829926e+01    2.1659133257e+00    1.3013000000e+05    2.7684353574e-01    9.9875135599e-01
       192   -1.5896419369e+01    2.5297797883e+02   -2.7527079247e+01    1.1630659878e+01    1.0257477063e+01   -3.9728368660e+01    1.9438123498e+00    1.3013000000e+05    2.8201039777e-01    9.9879073335e-01
       193   -1.5896115482e+01    2.5295442042e+02   -2.7536840339e+01    1.1640724856e+01    1.0291434033e+01   -3.9861728053e+01    2.0334536809e+00    1.2967000000e+05    2.8377229047e-01    9.9882262848e-01
       194   -1.5893031039e+01    2.5286357757e+02   -2.7556230725e+01    1.1663199686e+01    1.0248321759e+01   -3.9896836487e+01    2.0922840029e+00    1.3023600000e+05    2.8231570055e-01    9.9872034647e-01
       195   -1.5883034734e+01    2.5252408991e+02   -2.7466883168e+01    1.1583848434e+01    1.0300991734e+01   -3.9814589314e+01    2.0467144119e+00    1.2960300000e+05    2.8150715758e-01    9.9884012344e-01
       196   -1.5882195419e+01    2.5250709304e+02   -2.7582939699e+01    1.1700744280e+01    1.0320722447e+01   -3.9937322626e+01    2.0336604799e+00    1.2911900000e+05    2.8638148238e-01    9.9881241026e-01
       197   -1.5889489689e+01    2.5275683269e+02   -2.7498111199e+01    1.1608621510e+01    1.0350579063e+01   -3.9951895286e+01    2.1032050231e+00    1.2923700000e+05    2.8204862055e-01    9.9872448262e-01
       198   -1.5877782726e+01    2.5237105777e+02   -2.7553004776e+01    1.1675222050e+01    1.0344560663e+01   -3.9912889554e+01    2.0153241156e+00    1.2896600000e+05    2.8112062859e-01    9.9877645858e-01
       199   -1.5891645925e+01    2.5285545352e+02   -2.7658809830e+01    1.1767163905e+01    1.0366585269e+01   -4.0014692450e+01    1.9892973507e+00    1.2855000000e+05    2.7332061973e-01    9.9875400129e-01
       200   -1.5891669956e+01    2.5283480418e+02   -2.7727056035e+01    1.1835386079e+01    1.0379045256e+01   -4.0190029051e+01    2.0839277602e+00    1.2901900000e+05    2.8294955574e-01    9.9873774188e-01
       201   -1.5894988847e+01    2.5292746251e+02   -2.7712778782e+01    1.1817789935e+01    1.0351265380e+01   -4.0089116411e+01    2.0250722496e+00    1.2979400000e+05    2.8434199180e-01    9.9869681875e-01
       202   -1.5909733894e+01    2.5337929777e+02   -2.7742176308e+01    1.1832442413e+01    1.0337080814e+01   -4.0233042345e+01    2.1537852235e+00    1.2944000000e+05    2.8239871547e-01    9.9881560217e-01
       203   -1.5908527658e+01    2.5336466753e+02   -2.7753133977e+01    1.1844606320e+01    1.0352176967e+01   -4.0255211974e+01    2.1499010305e+00    1.2972100000e+05    2.8706479992e-01    9.9872351390e-01
       204   -1.5885817025e+01    2.5262960298e+02   -2.7669776050e+01    1.1783959025e+01    1.0311634385e+01   -4.0103025576e+01    2.1216151416e+00    1.3018100000e+05    2.9190004445e-01    9.9874026553e-01
       205   -1.5889058835e+01    2.5274900489e+02   -2.7760757480e+01    1.1871698645e+01    1.0345575546e+01   -4.0161032457e+01    2.0546994310e+00    1.3038900000e+05    2.9113677941e-01    9.9875151722e-01
       206   -1.5895446818e+01    2.5296970597e+02   -2.7630979047e+01    1.1735532229e+01    1.0349339012e+01   -3.9975225256e+01    1.9949071967e+00    1.3046900000e+05    2.8890533473e-01    9.9881201822e-01
       207   -1.5903683044e+01    2.5322784770e+02   -2.7673692491e+01    1.1770009448e+01    1.0376593070e+01   -4.0170967564e+01    2.1206820027e+00    1.3015000000e+05    2.8312457484e-01    9.9875740658e-01
       208   -1.5907074767e+01    2.5331968391e+02   -2.7772179516e+01    1.1865104748e+01    1.0357217803e+01   -4.0302767489e+01    2.1733701709e+00    1.3208800000e+05    2.8391644020e-01    9.9877563824e-01
       209   -1.5899712457e+01    2.5306039187e+02   -2.7567745329e+01    1.1668032872e+01    1.0297146928e+01   -3.9918105706e+01    2.0532134487e+00    1.3271500000e+05    2.8375656242e-01    9.9881581636e-01
       210   -1.5905872803e+01    2.5326698915e+02   -2.7602075850e+01    1.1696203047e+01    1.0307729354e+01   -3.9921136869e+01    2.0113316648e+00    1.3194400000e+05    2.7784787012e-01    9.9881383709e-01
       211   -1.5891317289e+01    2.5280266971e+02   -2.7520706943e+01    1.1629389654e+01    1.0284830626e+01   -3.9736534620e+01    1.9309970506e+00    1.3108100000e+05    2.8070449871e-01    9.9884690963e-01
       212   -1.5897133805e+01    2.5298264359e+02   -2.7555524330e+01    1.1658390526e+01    1.0288955381e+01   -3.9918767846e+01    2.0742881351e+00    1.3013600000e+05    2.8055078789e-01    9.9879240599e-01
       213   -1.5889407575e+01    2.5273293942e+02   -2.7549338942e+01    1.1659931367e+01    1.0322178992e+01   -3.9923337749e+01    2.0518198151e+00    1.2986500000e+05    2.7375434812e-01    9.9876762171e-01
       214   -1.5886377507e+01    2.5267209890e+02   -2.7757103575e+01    1.1870726068e+01    1.0392580864e+01   -4.0214682390e+01    2.0649979514e+00    1.2992300000e+05    2.7350613008e-01    9.9874906157e-01
       215   -1.5892706403e+01    2.5286950561e+02   -2.7648316029e+01    1.1755609626e+01    1.0379280807e+01   -4.0219475199e+01    2.1918783632e+00    1.3057300000e+05    2.7869305012e-01    9.9874129565e-01
       216   -1.5901824601e+01    2.5313593224e+02   -2.7786364476e+01    1.1884539874e+01    1.0365346533e+01   -4.0276512501e+01    2.1248014921e+00    1.3065400000e+05    2.7587325246e-01    9.9877796421e-01
       217   -1.5899764084e+01    2.5308900930e+02   -2.7734384278e+01    1.1834620194e+01    1.0379363700e+01   -4.0302551765e+01    2.1888037877e+00    1.2986200000e+05    2.7799619574e-01    9.9872204358e-01
       218   -1.5904823945e+01    2.5323374428e+02   -2.7564340963e+01    1.1659517018e+01    1.0372219635e+01   -4.0160114011e+01    2.2235534131e+00    1.2868100000e+05    2.7864921246e-01    9.9869563724e-01
       219   -1.5892245101e+01    2.5284444836e+02   -2.7758101045e+01    1.1865855943e+01    1.0408094078e+01   -4.0327467053e+01    2.1612719303e+00    1.2826800000e+05    2.7861678035e-01    9.9874231102e-01
       220   -1.5893328679e+01    2.5288693227e+02   -2.7700476142e+01    1.1807147463e+01    1.0455217321e+01   -4.0373536502e+01    2.2178430391e+00    1.3011700000e+05    2.7950597723e-01    9.9873301350e-01
       221   -1.5895632130e+01    2.5295674772e+02   -2.7792818141e+01    1.1897186011e+01    1.0407855289e+01   -4.0374528335e+01    2.1738549057e+00    1.3079000000e+05    2.7896733297e-01    9.9874127290e-01
       222   -1.5901674890e+01    2.5327711418e+02   -2.7877757657e+01    1.1976082767e+01    1.0426928732e+01   -4.0557804576e+01    2.2531181864e+00    1.3048400000e+05    2.7539774480e-01    9.9874859725e-01
       223   -1.5886549089e+01    2.5265051968e+02   -2.7669561192e+01    1.1783012103e+01    1.0355916579e+01   -4.0134277762e+01    2.1087999915e+00    1.3038400000e+05    2.7519732082e-01    9.9882725607e-01
       224   -1.5891496388e+01    2.5282406945e+02   -2.7535843014e+01    1.1644346627e+01    1.0333689199e+01   -4.0035512688e+01    2.1659804751e+00    1.3073300000e+05    2.7844251145e-01    9.9882081743e-01
       225   -1.5886785000e+01    2.5267558023e+02   -2.7703999878e+01    1.1817214878e+01    1.0404983408e+01   -4.0156748476e+01    2.0477651894e+00    1.2937600000e+05    2.7250022113e-01    9.9877120953e-01
       226   -1.5882506038e+01    2.5254972552e+02   -2.7812246864e+01    1.1929740826e+01    1.0434707367e+01   -4.0351929026e+01    2.1049747943e+00    1.2908800000e+05    2.7642642738e-01    9.9876959181e-01
       227   -1.5879172191e+01    2.5240431383e+02   -2.7663597761e+01    1.1784425570e+01    1.0383465854e+01   -4.0184882345e+01    2.1378187294e+00    1.2920500000e+05    2.7888403152e-01    9.9882358315e-01
       228   -1.5886081806e+01    2.5265301059e+02   -2.7775712964e+01    1.1889631157e+01    1.0404891899e+01   -4.0421899806e+01    2.2412949435e+00    1.2917600000e+05    2.7888628875e-01    9.9869270993e-01
       229   -1.5896882567e+01    2.5300618848e+02   -2.7743414530e+01    1.1846531963e+01    1.0402308310e+01   -4.0272311652e+01    2.1265888121e+00    1.2975000000e+05    2.7567712617e-01    9.9873888415e-01
       230   -1.5885497652e+01    2.5263389460e+02   -2.7683785857e+01    1.1798288205e+01    1.0396598799e+01   -4.0128342008e+01    2.0479573515e+00    1.2986700000e+05    2.7757091906e-01    9.9879479479e-01
       231   -1.5887296292e+01    2.5269275065e+02   -2.7972998062e+01    1.2085701770e+01    1.0444077430e+01   -4.0565835768e+01    2.1487602758e+00    1.2918100000e+05    2.8021460965e-01    9.9865187301e-01
       232   -1.5889812406e+01    2.5279052398e+02   -2.7730072733e+01    1.1840260327e+01    1.0374791779e+01   -4.0117691597e+01    2.0128270845e+00    1.2930200000e+05    2.7993056434e-01    9.9881553334e-01
       233   -1.5893378689e+01    2.5290967571e+02   -2.7746333985e+01    1.1852955295e+01    1.0317128683e+01   -4.0107824199e+01    2.0443615314e+00    1.3004200000e+05    2.7600872316e-01    9.9871518683e-01
       234   -1.5887817213e+01    2.5270246038e+02   -2.7653429610e+01    1.1765612397e+01    1.0345956257e+01   -4.0091808924e+01    2.0924230566e+00    1.3022300000e+05    2.8271982750e-01    9.9878044396e-01
       235   -1.5895940822e+01    2.5296620719e+02   -2.7694666356e+01    1.1798725534e+01    1.0364657755e+01   -4.0126476583e+01    2.0671524720e+00    1.3068700000e+05    2.8146420738e-01    9.9875753390e-01
       236   -1.5888192791e+01    2.5272272232e+02   -2.7686428357e+01    1.1798235566e+01    1.0360283793e+01   -4.0227717338e+01    2.1810051876e+00    1.3109200000e+05    2.7997524566e-01    9.9873900943e-01
       237   -1.5884199513e+01    2.5260182540e+02   -2.7691077630e+01    1.1806878117e+01    1.0404907119e+01   -4.0274664942e+01    2.1786801930e+00    1.2974100000e+05    2.7905033738e-01    9.9874100985e-01
       238   -1.5889041076e+01    2.5273703737e+02   -2.7837636743e+01    1.1948595668e+01    1.0410518089e+01   -4.0297475674e+01    2.0493208419e+00    1.2890200000e+05    2.7932618043e-01    9.9878580423e-01
       239   -1.5888572312e+01    2.5271665734e+02   -2.7691589867e+01    1.1803017556e+01    1.0392489078e+01   -4.0136800014e+01    2.0527210681e+00    1.2888500000e+05    2.7664091922e-01    9.9877141561e-01
       240   -1.5895535058e+01    2.5293884938e+02   -2.7654743911e+01    1.1759208853e+01    1.0388716943e+01   -4.0075317705e+01    2.0318568505e+00    1.2923000000e+05    2.7966400133e-01    9.9877967556e-01
       241   -1.5895132498e+01    2.5293212196e+02   -2.7701854498e+01    1.1806722000e+01    1.0330372918e+01   -4.0088069475e+01    2.0558420591e+00    1.2862200000e+05    2.7197265227e-01    9.9879252164e-01
       242   -1.5897243701e+01    2.5300538852e+02   -2.7562388406e+01    1.1665144705e+01    1.0302991370e+01   -3.9901547528e+01    2.0361677519e+00    1.2886500000e+05    2.7496053285e-01    9.9884227437e-01
       243   -1.5905165579e+01    2.5322952511e+02   -2.7476377071e+01    1.1571211492e+01    1.0284149766e+01   -3.9733894111e+01    1.9733672742e+00    1.2879500000e+05    2.7536368320e-01    9.9876127129e-01
       244   -1.5896500153e+01    2.5295484166e+02   -2.7548393688e+01    1.1651893535e+01    1.0313191448e+01   -3.9963818338e+01    2.1022332015e+00    1.2900500000e+05    2.7511822852e-01    9.9886334694e-01
       245   -1.5902579308e+01    2.5317152143e+02   -2.7707032836e+01    1.1804453528e+01    1.0330880579e+01   -4.0183365415e+01    2.1454520004e+00    1.2960300000e+05    2.7512498684e-01    9.9878684160e-01
       246   -1.5898352654e+01    2.5302377132e+02   -2.7664879494e+01    1.1766526840e+01    1.0301283401e+01   -4.0059093912e+01    2.0929310165e+00    1.2972700000e+05    2.8038852770e-01    9.9872806994e-01
       247   -1.5899638658e+01    2.5307141618e+02   -2.7605073163e+01    1.1705434505e+01    1.0303650710e+01   -4.0038935897e+01    2.1302120240e+00    1.2926800000e+05    2.8152092344e-01    9.9870552655e-01
       248   -1.5906300781e+01    2.5328141886e+02   -2.7733664537e+01    1.1827363757e+01    1.0324198497e+01   -4.0164914204e+01    2.1070511702e+00    1.2969300000e+05    2.8485953965e-01    9.9875862888e-01
       249   -1.5896763322e+01    2.5298445696e+02   -2.7862082876e+01    1.1965319554e+01    1.0374590627e+01   -4.0355581033e+01    2.1189075300e+00    1.3041100000e+05    2.8196432438e-01    9.9875932877e-01
       250   -1.5894480732e+01    2.5290622943e+02   -2.7649056586e+01    1.1754575854e+01    1.0339458558e+01   -4.0076356144e+01    2.0878409996e+00    1.3059000000e+05    2.7990419383e-01    9.9883221544e-01
       251   -1.5902021918e+01    2.5316861380e+02   -2.7827969919e+01    1.1925948001e+01    1.0382335816e+01   -4.0333389754e+01    2.1230840185e+00    1.3079900000e+05    2.8129943121e-01    9.9866958506e-01
       252   -1.5902920174e+01    2.5321045797e+02   -2.7762754876e+01    1.1859834702e+01    1.0409956183e+01   -4.0304085738e+01    2.1313746791e+00    1.3065200000e+05    2.8044034676e-01    9.9872550349e-01
       253   -1.5902784397e+01    2.5318515191e+02   -2.7656301720e+01    1.1753517323e+01    1.0351872761e+01   -4.0130911580e+01    2.1227370994e+00    1.2982200000e+05    2.8011967168e-01    9.9881506534e-01
       254   -1.5898908581e+01    2.5305905757e+02   -2.7598431878e+01    1.1699523297e+01    1.0271323360e+01   -3.9929669192e+01    2.0599139541e+00    1.2915900000e+05    2.8506220027e-01    9.9884114819e-01
       255   -1.5899620666e+01    2.5308133233e+02   -2.7582729744e+01    1.1683109078e+01    1.0267058141e+01   -3.9822346957e+01    1.9725590722e+00    1.2962500000e+05    2.8258379000e-01    9.9882362861e-01
       256   -1.5906193906e+01    2.5330002123e+02   -2.7566344700e+01    1.1660150793e+01    1.0308947786e+01   -3.9918639430e+01    2.0433469442e+00    1.3051400000e+05    2.8199674219e-01    9.9876270803e-01
       257   -1.5888830004e+01    2.5272852645e+02   -2.7669728900e+01    1.1780898896e+01    1.0331308467e+01   -4.0071524239e+01    2.0704868710e+00    1.3038000000e+05    2.7939632828e-01    9.9870407185e-01
       258   -1.5883345173e+01    2.5254966699e+02   -2.7710411263e+01    1.1827066090e+01    1.0346267435e+01   -4.0134842619e+01    2.0781639214e+00    1.3009700000e+05    2.7709046977e-01    9.9869670016e-01
       259   -1.5892363599e+01    2.5284801628e+02   -2.7815932117e+01    1.1923568519e+01    1.0342752545e+01   -4.0239726362e+01    2.0810417002e+00    1.3156300000e+05    2.8219030594e-01    9.9876988075e-01
       260   -1.5900339425e+01    2.5310445322e+02   -2.7788648931e+01    1.1888309505e+01    1.0371673636e+01   -4.0271724414e+01    2.1114018473e+00    1.3157200000e+05    2.8121699609e-01    9.9863830973e-01
       261   -1.5888028389e+01    2.5269528639e+02   -2.7790137899e+01    1.1902109510e+01    1.0370679346e+01   -4.0207918358e+01    2.0471011125e+00    1.3165300000e+05    2.8527263176e-01    9.9873163260e-01
       262   -1.5875929094e+01    2.5232292857e+02   -2.7585134196e+01    1.1709205102e+01    1.0294925807e+01   -3.9877694774e+01    1.9976347709e+00    1.3112300000e+05    2.8863532695e-01    9.9880298851e-01
       263   -1.5881573932e+01    2.5250262307e+02   -2.7620503783e+01    1.1738929851e+01    1.0298011186e+01   -3.9936309326e+01    2.0177943576e+00    1.3080600000e+05    2.8297379234e-01    9.9880244153e-01
       264   -1.5894174636e+01    2.5288768490e+02   -2.7578253923e+01    1.1684079287e+01    1.0241062272e+01   -3.9806537296e+01    1.9872211003e+00    1.3080000000e+05    2.8121200180e-01    9.9878823036e-01
       265   -1.5906009351e+01    2.5327590023e+02   -2.7523277430e+01    1.1617268079e+01    1.0261548995e+01   -3.9822387169e+01    2.0375607436e+00    1.3072600000e+05    2.8019070574e-01    9.9884768192e-01
       266   -1.5894301095e+01    2.5289702418e+02   -2.7641998737e+01    1.1747697642e+01    1.0255870388e+01   -3.9969224560e+01    2.0713554348e+00    1.3031100000e+05    2.7928482840e-01    9.9877915910e-01
       267   -1.5890564439e+01    2.5278164590e+02   -2.7656374294e+01    1.1765809855e+01    1.0277674358e+01   -3.9956310296e+01    2.0222616437e+00    1.3073300000e+05    2.7936695305e-01    9.9878355767e-01
       268   -1.5887340998e+01    2.5275692794e+02   -2.7606674364e+01    1.1719333366e+01    1.0310479735e+01   -3.9966324895e+01    2.0491707964e+00    1.3068800000e+05    2.7879414242e-01    9.9883172200e-01
       269   -1.5888726045e+01    2.5272891446e+02   -2.7585635139e+01    1.1696909093e+01    1.0391710864e+01   -4.0092449337e+01    2.1151033342e+00    1.2975800000e+05    2.7655635605e-01    9.9880307179e-01
       270   -1.5884888295e+01    2.5262038099e+02   -2.7539337974e+01    1.1654449679e+01    1.0324965224e+01   -3.9948960287e+01    2.0846570896e+00    1.2889000000e+05    2.7740539418e-01    9.9880523987e-01
       271   -1.5878729034e+01    2.5240942828e+02   -2.7660163285e+01    1.1781434251e+01    1.0325714261e+01   -4.0013152693e+01    2.0272751467e+00    1.2851300000e+05    2.7941688863e-01    9.9879799494e-01
       272   -1.5881014665e+01    2.5247130429e+02   -2.7501014564e+01    1.1619999900e+01    1.0308947252e+01   -3.9910040299e+01    2.1000784824e+00    1.2914200000e+05    2.8786732918e-01    9.9878918554e-01
       273   -1.5892899085e+01    2.5286287232e+02   -2.7522228230e+01    1.1629329145e+01    1.0310471238e+01   -3.9843916100e+01    2.0112166322e+00    1.2887900000e+05    2.8929880988e-01    9.9871310523e-01
       274   -1.5888663492e+01    2.5272433667e+02   -2.7544531188e+01    1.1655867696e+01    1.0318387912e+01   -3.9934691862e+01    2.0717727618e+00    1.2907500000e+05    2.8230649141e-01    9.9872557084e-01
       275   -1.5880810549e+01    2.5248587445e+02   -2.7528609847e+01    1.1647799298e+01    1.0288109427e+01   -3.9938547286e+01    2.1218280124e+00    1.2881500000e+05    2.8144537711e-01    9.9873188295e-01
       276   -1.5896159748e+01    2.5295412309e+02   -2.7505502123e+01    1.1609342374e+01    1.0265112180e+01   -3.9855156238e+01    2.0845419354e+00    1.3034300000e+05    2.7479876230e-01    9.9873390662e-01
       277   -1.5890772440e+01    2.5281377660e+02   -2.7563149850e+01    1.1672377409e+01    1.0254916351e+01   -3.9946928974e+01    2.1288627721e+00    1.3094400000e+05    2.7701167816e-01    9.9880880674e-01
       278   -1.5900166364e+01    2.5308684722e+02   -2.7562833604e+01    1.1662667239e+01    1.0271651236e+01   -3.9842319837e+01    2.0078349978e+00    1.3103900000e+05    2.7741116117e-01    9.9877656768e-01
       279   -1.5897100698e+01    2.5297928778e+02   -2.7493177331e+01    1.1596076633e+01    1.0270462286e+01   -3.9730560043e+01    1.9669204269e+00    1.3094000000e+05    2.7682587660e-01    9.9879726177e-01
       280   -1.5889981548e+01    2.5277238584e+02   -2.7582677077e+01    1.1692695529e+01    1.0294456420e+01   -3.9834280597e+01    1.9571471002e+00    1.3053200000e+05    2.7881705535e-01    9.9872051428e-01
       281   -1.5891678812e+01    2.5280916361e+02   -2.7594769310e+01    1.1703090498e+01    1.0357549329e+01   -4.0003390822e+01    2.0510721833e+00    1.3035200000e+05    2.8053471813e-01    9.9882779953e-01
       282   -1.5894284942e+01    2.5290776586e+02   -2.7495790666e+01    1.1601505724e+01    1.0386728291e+01   -4.0096810424e+01    2.2142914676e+00    1.3036100000e+05    2.7818721566e-01    9.9873648548e-01
       283   -1.5907243338e+01    2.5330389503e+02   -2.7500896235e+01    1.1593652897e+01    1.0308621023e+01   -3.9953764476e+01    2.1442472186e+00    1.3063100000e+05    2.7871748164e-01    9.9877524743e-01
       284   -1.5898066414e+01    2.5301749048e+02   -2.7625769390e+01    1.1727702976e+01    1.0315116742e+01   -3.9993543186e+01    2.0526570547e+00    1.3130600000e+05    2.8011342316e-01    9.9878529677e-01
       285   -1.5899442966e+01    2.5307520033e+02   -2.7767262696e+01    1.1867819730e+01    1.0336053506e+01   -4.0169721845e+01    2.0664056425e+00    1.3091000000e+05    2.7387825324e-01    9.9871537587e-01
       286   -1.5897155151e+01    2.5299683132e+02   -2.7567653387e+01    1.1670498236e+01    1.0332367423e+01   -3.9920968312e+01    2.0209475018e+00    1.3072600000e+05    2.7535184707e-01    9.9881209727e-01
       287   -1.5892548076e+01    2.5285168922e+02   -2.7514721096e+01    1.1622173020e+01    1.0320229474e+01   -3.9981539424e+01    2.1465888543e+00    1.3134800000e+05    2.8319542867e-01    9.9884146589e-01
       288   -1.5890962440e+01    2.5278262495e+02   -2.7436365019e+01    1.1545402579e+01    1.0344280036e+01   -3.9840519879e+01    2.0598748235e+00    1.3035600000e+05    2.8278069043e-01    9.9881034095e-01
       289   -1.5894350182e+01    2.5291592270e+02   -2.7473739245e+01    1.1579389063e+01    1.0343002132e+01   -3.9928148299e+01    2.1114069219e+00    1.3029400000e+05    2.8217104949e-01    9.9884189385e-01
       290   -1.5896860725e+01    2.5297603956e+02   -2.7710795691e+01    1.1813934966e+01    1.0312168827e+01   -4.0155283489e+01    2.1323189705e+00    1.3153100000e+05    2.8140272180e-01    9.9871901279e-01
       291   -1.5900507376e+01    2.5313340947e+02   -2.7698263827e+01    1.1797756451e+01    1.0316774285e+01   -3.9983688007e+01    1.9686498941e+00    1.3195300000e+05    2.7732086051e-01    9.9881279710e-01
       292   -1.5894505880e+01    2.5292117377e+02   -2.7628372560e+01    1.1733866680e+01    1.0267033428e+01   -4.0042326764e+01    2.1469207761e+00    1.3135200000e+05    2.8942119508e-01    9.9883253046e-01
       293   -1.5908487484e+01    2.5338630703e+02   -2.7761558784e+01    1.1853071299e+01    1.0319087263e+01   -4.0214494197e+01    2.1338481512e+00    1.3114200000e+05    2.8999912020e-01    9.9876796856e-01
       294   -1.5902443882e+01    2.5317905044e+02   -2.7768077595e+01    1.1865633714e+01    1.0326343026e+01   -4.0317666229e+01    2.2232456071e+00    1.2990300000e+05    2.8385837805e-01    9.9878458172e-01
       295   -1.5897850338e+01    2.5305736159e+02   -2.7832570938e+01    1.1934720600e+01    1.0402405680e+01   -4.0488745093e+01    2.2537684754e+00    1.2989700000e+05    2.8116332164e-01    9.9873586391e-01
       296   -1.5888426834e+01    2.5273730434e+02   -2.7839933799e+01    1.1951506965e+01    1.0395983153e+01   -4.0398739812e+01    2.1628228597e+00    1.3057000000e+05    2.7792700449e-01    9.9878720819e-01
       297   -1.5897013967e+01    2.5297825746e+02   -2.7806975051e+01    1.1909961084e+01    1.0376461224e+01   -4.0259942590e+01    2.0765063150e+00    1.3050100000e+05    2.8124622918e-01    9.9879308709e-01
       298   -1.5895839054e+01    2.5294792540e+02   -2.7789737068e+01    1.1893898014e+01    1.0383309315e+01   -4.0292536709e+01    2.1194903262e+00    1.3086200000e+05    2.7759728484e-01    9.9876190116e-01
       299   -1.5899079290e+01    2.5304917639e+02   -2.7639267215e+01    1.1740187925e+01    1.0341064261e+01   -4.0013818619e+01    2.0334871435e+00    1.3175400000e+05    2.7960601820e-01    9.9876031543e-01
       300   -1.5892955582e+01    2.5290526681e+02   -2.7643175103e+01    1.1750219521e+01    1.0370817901e+01   -4.0080244005e+01    2.0662510018e+00    1.3270900000e+05    2.7955595832e-01    9.9873486464e-01
       301   -1.5903346363e+01    2.5322684364e+02   -2.7534607249e+01    1.1631260886e+01    1.0360576696e+01   -4.0019040500e+01    2.1238565548e+00    1.3311500000e+05    2.8587812000e-01    9.9873500574e-01
       302   -1.5898362601e+01    2.5304177063e+02   -2.7692598618e+01    1.1794236017e+01    1.0358124118e+01   -4.0148288994e+01    2.0975662574e+00    1.3364100000e+05    2.9573342965e-01    9.9875168476e-01
       303   -1.5893921291e+01    2.5290737473e+02   -2.7588458954e+01    1.1694537663e+01    1.0354878639e+01   -4.0046828883e+01    2.1034912896e+00    1.3352200000e+05    2.9816772059e-01    9.9870402246e-01
       304   -1.5885917701e+01    2.5264677936e+02   -2.7556507615e+01    1.1670589914e+01    1.0337418879e+01   -3.9879329751e+01    1.9854032574e+00    1.3337400000e+05    3.0123425277e-01    9.9881276626e-01
       305   -1.5897432157e+01    2.5302211231e+02   -2.7620919970e+01    1.1723487813e+01    1.0323762708e+01   -3.9991019090e+01    2.0463364122e+00    1.3300600000e+05    2.8722957590e-01    9.9867922668e-01
       306   -1.5904425816e+01    2.5324081614e+02   -2.7647693649e+01    1.1743267833e+01    1.0341118085e+01   -4.0183681719e+01    2.1948699859e+00    1.3271300000e+05    2.8459715289e-01    9.9873880992e-01
       307   -1.5890601397e+01    2.5280260644e+02   -2.7603167117e+01    1.1712565720e+01    1.0361677523e+01   -4.0092891172e+01    2.1280465322e+00    1.3290600000e+05    2.8258295121e-01    9.9868815500e-01
       308   -1.5897304445e+01    2.5303670944e+02   -2.7710756591e+01    1.1813452146e+01    1.0369228172e+01   -4.0217842146e+01    2.1378573833e+00    1.3340800000e+05    3.0672086500e-01    9.9875678668e-01
       309   -1.5902809130e+01    2.5318003613e+02   -2.7623726569e+01    1.1720917439e+01    1.0348571047e+01   -3.9957918676e+01    1.9856210598e+00    1.3311000000e+05    3.0106442508e-01    9.9878438259e-01
       310   -1.5899155190e+01    2.5304911421e+02   -2.7397257461e+01    1.1498102271e+01    1.0322707295e+01   -3.9813786291e+01    2.0938215354e+00    1.3256200000e+05    2.8177036250e-01    9.9872501907e-01
       311   -1.5878356737e+01    2.5238473812e+02   -2.7463588478e+01    1.1585231740e+01    1.0294212725e+01   -3.9811979704e+01    2.0541785015e+00    1.3209200000e+05    2.7821049996e-01    9.9882681382e-01
       312   -1.5884028693e+01    2.5257569428e+02   -2.7380890113e+01    1.1496861420e+01    1.0229599123e+01   -3.9715119935e+01    2.1046306989e+00    1.3129600000e+05    2.7705285719e-01    9.9870797683e-01
       313   -1.5895095599e+01    2.5290553485e+02   -2.7282295381e+01    1.1387199782e+01    1.0233652711e+01   -3.9638173630e+01    2.1222255377e+00    1.3070900000e+05    2.8018656754e-01    9.9888159587e-01
       314   -1.5899209440e+01    2.5305760535e+02   -2.7517452098e+01    1.1618242658e+01    1.0280762502e+01   -3.9804918949e+01    2.0067043493e+00    1.3046900000e+05    2.8858496469e-01    9.9870100748e-01
       315   -1.5893679942e+01    2.5287781430e+02   -2.7685491698e+01    1.1791811756e+01    1.0319690571e+01   -4.0005854760e+01    2.0006724918e+00    1.3067000000e+05    2.8137207754e-01    9.9880734244e-01
       316   -1.5906329813e+01    2.5329064336e+02   -2.7634994283e+01    1.1728664470e+01    1.0348306270e+01   -4.0161783089e+01    2.1784825356e+00    1.3094600000e+05    2.7400190508e-01    9.9873509807e-01
       317   -1.5896101208e+01    2.5296766656e+02   -2.7592332093e+01    1.1696230885e+01    1.0349724469e+01   -4.0037419591e+01    2.0953630288e+00    1.2990500000e+05    2.7360977969e-01    9.9879618398e-01
       318   -1.5898318935e+01    2.5304862311e+02   -2.7755833005e+01    1.1857514070e+01    1.0378841219e+01   -4.0242460109e+01    2.1077858844e+00    1.2952800000e+05    2.7418525426e-01    9.9870537805e-01
       319   -1.5891499896e+01    2.5282815081e+02   -2.7708597482e+01    1.1817097586e+01    1.0392727346e+01   -4.0173863996e+01    2.0725391675e+00    1.2991400000e+05    2.7925670223e-01    9.9878585718e-01
       320   -1.5886440143e+01    2.5266626300e+02   -2.7599612929e+01    1.1713172786e+01    1.0383082573e+01   -4.0083427844e+01    2.1007323424e+00    1.2933200000e+05    2.8794502383e-01    9.9872466335e-01
       321   -1.5883848037e+01    2.5258369641e+02   -2.7607731267e+01    1.1723883229e+01    1.0350880376e+01   -4.0139426558e+01    2.1808149156e+00    1.2920100000e+05    2.8317792656e-01    9.9875767116e-01
       322   -1.5889646780e+01    2.5275558218e+02   -2.7707477445e+01    1.1817830665e+01    1.0380594499e+01   -4.0252462267e+01    2.1643903223e+00    1.2891000000e+05    2.8071712898e-01    9.9876665140e-01
       323   -1.5896344008e+01    2.5299641008e+02   -2.7732921142e+01    1.1836577134e+01    1.0358127910e+01   -4.0258303786e+01    2.1672547343e+00    1.2906000000e+05    2.7812616172e-01    9.9878502099e-01
       324   -1.5895227054e+01    2.5294172454e+02   -2.7617913573e+01    1.1722686519e+01    1.0361446205e+01   -4.0056123769e+01    2.0767639908e+00    1.2945300000e+05    2.7841347426e-01    9.9882603947e-01
       325   -1.5891191026e+01    2.5280618101e+02   -2.7595039585e+01    1.1703848559e+01    1.0343530026e+01   -4.0053692654e+01    2.1151230429e+00    1.2905900000e+05    2.8022908629e-01    9.9880409555e-01
       326   -1.5901016784e+01    2.5317008530e+02   -2.7641488292e+01    1.1740471509e+01    1.0296900177e+01   -3.9931625185e+01    1.9932367159e+00    1.2987200000e+05    2.7880102949e-01    9.9880915626e-01
       327   -1.5912463109e+01    2.5349583458e+02   -2.7643730022e+01    1.1731266913e+01    1.0267670274e+01   -4.0037151628e+01    2.1257513325e+00    1.3082600000e+05    2.8045245410e-01    9.9877322231e-01
       328   -1.5896224428e+01    2.5296539152e+02   -2.7746872814e+01    1.1850648386e+01    1.0351591118e+01   -4.0180131977e+01    2.0816680446e+00    1.3019500000e+05    2.7915906738e-01    9.9876596563e-01
       329   -1.5883678693e+01    2.5256497530e+02   -2.7660268002e+01    1.1776589309e+01    1.0333902356e+01   -4.0052817977e+01    2.0586476191e+00    1.3029000000e+05    2.7960743637e-01    9.9875095805e-01
       330   -1.5887006876e+01    2.5266533655e+02   -2.7680838644e+01    1.1793831768e+01    1.0332971978e+01   -4.0079768463e+01    2.0659578415e+00    1.3042600000e+05    2.7778849957e-01    9.9881246724e-01
       331   -1.5899043958e+01    2.5308188148e+02   -2.7604696245e+01    1.1705652287e+01    1.0281602061e+01   -3.9945487037e+01    2.0591887310e+00    1.3062800000e+05    2.7978158281e-01    9.9874090653e-01
       332   -1.5901066937e+01    2.5312871787e+02   -2.7363738678e+01    1.1462671741e+01    1.0239678506e+01   -3.9649867446e+01    2.0464502615e+00    1.3073700000e+05    2.7489734059e-01    9.9872156728e-01
       333   -1.5900552278e+01    2.5310249312e+02   -2.7552700633e+01    1.1652148355e+01    1.0246913238e+01   -3.9818994060e+01    2.0193801893e+00    1.3078900000e+05    2.7541760352e-01    9.9878412224e-01
       334   -1.5900892955e+01    2.5311480191e+02   -2.7472077481e+01    1.1571184526e+01    1.0239715465e+01   -3.9730323122e+01    2.0185301757e+00    1.3057600000e+05    2.7753686336e-01    9.9876687952e-01
       335   -1.5887829931e+01    2.5271548172e+02   -2.7588174256e+01    1.1700344324e+01    1.0267049416e+01   -3.9883895481e+01    2.0286718095e+00    1.3145800000e+05    2.8007367945e-01    9.9874868313e-01
       336   -1.5888165543e+01    2.5270181886e+02   -2.7569478559e+01    1.1681313015e+01    1.0274416853e+01   -3.9881664954e+01    2.0377695424e+00    1.3182100000e+05    2.7691837930e-01    9.9888205928e-01
       337   -1.5886708587e+01    2.5265468091e+02   -2.7502415528e+01    1.1615706941e+01    1.0287571685e+01   -3.9843489653e+01    2.0535024403e+00    1.3150700000e+05    2.7990441641e-01    9.9876818153e-01
       338   -1.5887067409e+01    2.5266681600e+02   -2.7472652319e+01    1.1585584910e+01    1.0324916715e+01   -3.9889150030e+01    2.0915809960e+00    1.3104700000e+05    2.7664768746e-01    9.9882488305e-01
       339   -1.5899951754e+01    2.5307884489e+02   -2.7437315763e+01    1.1537364008e+01    1.0298740858e+01   -3.9810684227e+01    2.0746276057e+00    1.3166300000e+05    2.8239054770e-01    9.9885658969e-01
       340   -1.5893173400e+01    2.5285511836e+02   -2.7427366538e+01    1.1534193137e+01    1.0310973679e+01   -3.9778403271e+01    2.0400630552e+00    1.3221400000e+05    2.8051403715e-01    9.9877241790e-01
       341   -1.5887233138e+01    2.5269358698e+02   -2.7445410316e+01    1.1558177178e+01    1.0361639709e+01   -3.9913726499e+01    2.1066764738e+00    1.3264300000e+05    2.7745347199e-01    9.9868214790e-01
       342   -1.5885853307e+01    2.5263968224e+02   -2.7604285980e+01    1.1718432672e+01    1.0374412254e+01   -4.0070063070e+01    2.0913648362e+00    1.3255100000e+05    2.7704188406e-01    9.9879703419e-01
       343   -1.5894552852e+01    2.5292619199e+02   -2.7535960874e+01    1.1641408022e+01    1.0334187927e+01   -3.9960928622e+01    2.0907798204e+00    1.3196700000e+05    2.7641902637e-01    9.9868387106e-01
       344   -1.5889783245e+01    2.5277088381e+02   -2.7668830907e+01    1.1779047662e+01    1.0360337615e+01   -4.0135712194e+01    2.1065436717e+00    1.3188000000e+05    2.7807200766e-01    9.9869407664e-01
       345   -1.5878612077e+01    2.5243909487e+02   -2.7759788106e+01    1.1881176030e+01    1.0380691073e+01   -4.0404574823e+01    2.2640956445e+00    1.3223500000e+05    2.8605664414e-01    9.9881995129e-01
       346   -1.5887007477e+01    2.5266419261e+02   -2.7657160414e+01    1.1770152937e+01    1.0364884968e+01   -4.0102381616e+01    2.0803362347e+00    1.3240200000e+05    2.9315601102e-01    9.9876736978e-01
       347   -1.5890822370e+01    2.5278291313e+02   -2.7767881281e+01    1.1877058911e+01    1.0328649262e+01   -4.0099631574e+01    2.0031010314e+00    1.3265700000e+05    2.8887071301e-01    9.9876880494e-01
       348   -1.5900847622e+01    2.5312897262e+02   -2.7747650665e+01    1.1846803043e+01    1.0319063011e+01   -4.0161183816e+01    2.0944701399e+00    1.3297600000e+05    2.9525343238e-01    9.9880020569e-01
       349   -1.5896817430e+01    2.5297824514e+02   -2.7738960263e+01    1.1842142833e+01    1.0313854123e+01   -4.0092413942e+01    2.0395995558e+00    1.3309000000e+05    2.9760724203e-01    9.9874765226e-01
       350   -1.5903549221e+01    2.5320870255e+02   -2.7761286140e+01    1.1857736919e+01    1.0350466619e+01   -4.0154200879e+01    2.0424481203e+00    1.3371400000e+05    3.1395907375e-01    9.9873143911e-01
       351   -1.5892472190e+01    2.5287592873e+02   -2.7787685370e+01    1.1895213179e+01    1.0384595049e+01   -4.0226975361e+01    2.0546949427e+00    1.3306200000e+05    3.0228462285e-01    9.9872391738e-01
       352   -1.5892069226e+01    2.5286662736e+02   -2.7793543602e+01    1.1901474375e+01    1.0395999601e+01   -4.0285226921e+01    2.0956837178e+00    1.3247100000e+05    2.7695859996e-01    9.9866633833e-01
       353   -1.5901819683e+01    2.5314309959e+02   -2.7779094940e+01    1.1877275258e+01    1.0338707585e+01   -4.0146699872e+01    2.0288973474e+00    1.3289800000e+05    2.8160377621e-01    9.9877095056e-01
       354   -1.5893682463e+01    2.5287484497e+02   -2.7589942375e+01    1.1696259912e+01    1.0341648226e+01   -3.9922780926e+01    1.9911903253e+00    1.3207700000e+05    2.7525807637e-01    9.9877984114e-01
       355   -1.5881167638e+01    2.5247935077e+02   -2.7547132814e+01    1.1665965177e+01    1.0288879338e+01   -3.9929412379e+01    2.0934002264e+00    1.3171100000e+05    2.7963479875e-01    9.9880031114e-01
       356   -1.5889004373e+01    2.5274752908e+02   -2.7577692465e+01    1.1688688093e+01    1.0290931889e+01   -4.0049094550e+01    2.1804701958e+00    1.3037600000e+05    2.7571656086e-01    9.9875597375e-01
       357   -1.5898550746e+01    2.5304179390e+02   -2.7666145204e+01    1.1767594458e+01    1.0286533884e+01   -4.0119411479e+01    2.1667323914e+00    1.3054300000e+05    2.7761649289e-01    9.9876540617e-01
       358   -1.5902495177e+01    2.5316281402e+02   -2.7749379877e+01    1.1846884700e+01    1.0329870287e+01   -4.0158193850e+01    2.0789436866e+00    1.3075100000e+05    2.7540343074e-01    9.9873552839e-01
       359   -1.5904071386e+01    2.5320946375e+02   -2.7458638766e+01    1.1554567380e+01    1.0256562204e+01   -3.9772014720e+01    2.0568137503e+00    1.3022700000e+05    2.8237002648e-01    9.9873961719e-01
       360   -1.5891581754e+01    2.5280334787e+02   -2.7486675081e+01    1.1595093327e+01    1.0317495314e+01   -3.9864909399e+01    2.0607390042e+00    1.3030400000e+05    2.7537914332e-01    9.9880361728e-01
       361   -1.5890917315e+01    2.5278629638e+02   -2.7595282769e+01    1.1704365454e+01    1.0307856262e+01   -3.9926812524e+01    2.0236734932e+00    1.3048900000e+05    2.7648302566e-01    9.9880961099e-01
       362   -1.5885518122e+01    2.5265685431e+02   -2.7623072986e+01    1.1737554864e+01    1.0289673108e+01   -3.9928227475e+01    2.0154813815e+00    1.3015000000e+05    2.7842968594e-01    9.9872728824e-01
       363   -1.5886370669e+01    2.5265405249e+02   -2.7478091407e+01    1.1591720737e+01    1.0251578541e+01   -3.9787212532e+01    2.0575425841e+00    1.2976200000e+05    2.8230548367e-01    9.9880651089e-01
       364   -1.5886437694e+01    2.5264225291e+02   -2.7503626979e+01    1.1617189286e+01    1.0270920820e+01   -3.9783224814e+01    2.0086770149e+00    1.3034300000e+05    2.8104500633e-01    9.9883488134e-01
       365   -1.5885610885e+01    2.5265570083e+02   -2.7632288943e+01    1.1746678059e+01    1.0297169508e+01   -3.9964012957e+01    2.0345545063e+00    1.3025000000e+05    2.8189333738e-01    9.9874388166e-01
       366   -1.5880727603e+01    2.5248749153e+02   -2.7701411471e+01    1.1820683868e+01    1.0356411054e+01   -4.0114005912e+01    2.0561833870e+00    1.3073100000e+05    2.7976346613e-01    9.9868412829e-01
       367   -1.5883399096e+01    2.5257887327e+02   -2.7672734455e+01    1.1789335359e+01    1.0369877024e+01   -4.0094277060e+01    2.0516655809e+00    1.3081000000e+05    2.8423287785e-01    9.9876024280e-01
       368   -1.5882282846e+01    2.5253930986e+02   -2.7408308520e+01    1.1526025674e+01    1.0288859884e+01   -3.9813692339e+01    2.1165239355e+00    1.2979000000e+05    2.8404504262e-01    9.9873619049e-01
       369   -1.5883940406e+01    2.5258846044e+02   -2.7669905518e+01    1.1785965112e+01    1.0368900830e+01   -4.0180071134e+01    2.1412647861e+00    1.3067500000e+05    2.7566862680e-01    9.9875357611e-01
       370   -1.5878725325e+01    2.5244663721e+02   -2.7622370390e+01    1.1743645065e+01    1.0301645136e+01   -4.0016891973e+01    2.0928764476e+00    1.2982800000e+05    2.8205958762e-01    9.9881743221e-01
       371   -1.5882855876e+01    2.5254284405e+02   -2.7651005249e+01    1.1768149373e+01    1.0253062382e+01   -4.0000295602e+01    2.0962279707e+00    1.2906600000e+05    2.8281075656e-01    9.9880536048e-01
       372   -1.5886049342e+01    2.5264697126e+02   -2.7558140699e+01    1.1672091357e+01    1.0254775865e+01   -3.9982385633e+01    2.1694690698e+00    1.2911100000e+05    2.7427895707e-01    9.9883060524e-01
       373   -1.5893884995e+01    2.5290111999e+02   -2.7525114628e+01    1.1631229633e+01    1.0270080153e+01   -3.9870833068e+01    2.0756382868e+00    1.2918200000e+05    2.7141152789e-01    9.9872143335e-01
       374   -1.5892839685e+01    2.5286630274e+02   -2.7332849699e+01    1.1440010014e+01    1.0216651857e+01   -3.9554682030e+01    2.0051804742e+00    1.2968900000e+05    2.7434357020e-01    9.9883948569e-01
       375   -1.5896766072e+01    2.5299365809e+02   -2.7425929496e+01    1.1529163423e+01    1.0252572421e+01   -3.9730768112e+01    2.0522661952e+00    1.2999300000e+05    2.7964753570e-01    9.9888072800e-01
       376   -1.5903433743e+01    2.5317804000e+02   -2.7576942501e+01    1.1673508758e+01    1.0281168959e+01   -3.9961234569e+01    2.1031231096e+00    1.3054700000e+05    2.7648266477e-01    9.9883340342e-01
       377   -1.5901912279e+01    2.5316257247e+02   -2.7527878846e+01    1.1625966568e+01    1.0261673840e+01   -3.9909379418e+01    2.1198267318e+00    1.3026000000e+05    2.7365389340e-01    9.9882446871e-01
       378   -1.5893832459e+01    2.5289882526e+02   -2.7490060349e+01    1.1596227889e+01    1.0267465220e+01   -3.9901516862e+01    2.1439912934e+00    1.3031300000e+05    2.7693681574e-01    9.9877580862e-01
       379   -1.5902112328e+01    2.5321514741e+02   -2.7454226533e+01    1.1552114205e+01    1.0242175310e+01   -3.9781343417e+01    2.0849415741e+00    1.3047300000e+05    2.7699130910e-01    9.9874577267e-01
       380   -1.5891008071e+01    2.5280454481e+02   -2.7566109002e+01    1.1675100932e+01    1.0246978521e+01   -3.9804274255e+01    1.9911867321e+00    1.2995400000e+05    2.8498206234e-01    9.9873947507e-01
       381   -1.5895192918e+01    2.5293837347e+02   -2.7603902292e+01    1.1708709375e+01    1.0241249789e+01   -3.9946879170e+01    2.1017270888e+00    1.3089700000e+05    2.8712384398e-01    9.9881079746e-01
       382   -1.5888980384e+01    2.5273941789e+02   -2.7620071981e+01    1.1731091597e+01    1.0279778370e+01   -3.9956451899e+01    2.0566015479e+00    1.3085500000e+05    2.8093397875e-01    9.9873914630e-01
       383   -1.5884059362e+01    2.5272512968e+02   -2.7521668376e+01    1.1637609013e+01    1.0286577899e+01   -3.9881588631e+01    2.0733423562e+00    1.3106300000e+05    2.8646769379e-01    9.9875730828e-01
       384   -1.5876832601e+01    2.5234584877e+02   -2.7342898522e+01    1.1466065921e+01    1.0256756744e+01   -3.9766526706e+01    2.1668714405e+00    1.3173000000e+05    2.8773461559e-01    9.9876981081e-01
       385   -1.5882739810e+01    2.5255564576e+02   -2.7512673321e+01    1.1629933511e+01    1.0289423657e+01   -3.9851582978e+01    2.0494859999e+00    1.3138200000e+05    2.8230379965e-01    9.9882779594e-01
       386   -1.5890510446e+01    2.5279203054e+02   -2.7522697975e+01    1.1632187529e+01    1.0305768958e+01   -3.9962241525e+01    2.1337745919e+00    1.3075000000e+05    2.7848208816e-01    9.9872803705e-01
       387   -1.5892085871e+01    2.5285933998e+02   -2.7662855938e+01    1.1770770067e+01    1.0314462512e+01   -4.0035659454e+01    2.0583410040e+00    1.3034500000e+05    2.8215310707e-01    9.9875689768e-01
       388   -1.5891070452e+01    2.5296101176e+02   -2.7591314075e+01    1.1700243623e+01    1.0302019541e+01   -4.0060120588e+01    2.1667869723e+00    1.3051100000e+05    2.8011477211e-01    9.9875049837e-01
       389   -1.5893772700e+01    2.5290518233e+02   -2.7601663795e+01    1.1707891095e+01    1.0333952141e+01   -4.0062870973e+01    2.1272550363e+00    1.3145900000e+05    2.7882149906e-01    9.9879570508e-01
       390   -1.5893646029e+01    2.5289250841e+02   -2.7597634857e+01    1.1703988828e+01    1.0327798668e+01   -4.0118757520e+01    2.1933239949e+00    1.3088200000e+05    2.8470924625e-01    9.9879393638e-01
       391   -1.5888373913e+01    2.5271517484e+02   -2.7586217524e+01    1.1697843612e+01    1.0291534561e+01   -3.9994754607e+01    2.1170025216e+00    1.3113600000e+05    2.7985358738e-01    9.9875421997e-01
       392   -1.5879227895e+01    2.5242239014e+02   -2.7782989110e+01    1.1903761214e+01    1.0316596937e+01   -4.0292387539e+01    2.1928014926e+00    1.3148800000e+05    2.8249917117e-01    9.9868795204e-01
       393   -1.5887866083e+01    2.5271594193e+02   -2.7656445476e+01    1.1768579394e+01    1.0279977330e+01   -3.9979382536e+01    2.0429597291e+00    1.3165800000e+05    2.8296836219e-01    9.9873808221e-01
       394   -1.5895766227e+01    2.5295333891e+02   -2.7538990975e+01    1.1643224748e+01    1.0268314691e+01   -3.9836960438e+01    2.0296547711e+00    1.3087400000e+05    2.8376276488e-01    9.9876474109e-01
       395   -1.5894892288e+01    2.5292976456e+02   -2.7455738099e+01    1.1560845811e+01    1.0262070735e+01   -3.9745177792e+01    2.0273689581e+00    1.3124400000e+05    2.8562576566e-01    9.9877550425e-01
       396   -1.5896289713e+01    2.5299420521e+02   -2.7432181836e+01    1.1535892123e+01    1.0215833085e+01   -3.9691358220e+01    2.0433432989e+00    1.3121800000e+05    2.8089378305e-01    9.9871601207e-01
       397   -1.5886738107e+01    2.5267004173e+02   -2.7441938881e+01    1.1555200774e+01    1.0195632882e+01   -3.9676422809e+01    2.0388510459e+00    1.3136700000e+05    2.8461466129e-01    9.9879312692e-01
       398   -1.5885784592e+01    2.5267793679e+02   -2.7359285816e+01    1.1473501224e+01    1.0214431686e+01   -3.9647382266e+01    2.0736647640e+00    1.3193300000e+05    2.8598528086e-01    9.9879576068e-01
       399   -1.5885454891e+01    2.5261399696e+02   -2.7603567510e+01    1.1718112619e+01    1.0247275431e+01   -3.9919552428e+01    2.0687094872e+00    1.3176000000e+05    2.8647041215e-01    9.9870401253e-01
