#   index    LocalEnergy         LocalEnergy_sq      LocalPotential      Kinetic             ElecElec            LocalECP            NonLocalECP         BlockWeight         BlockCPU            AcceptRatio         
         0   -1.5729474396e+01    2.4835677831e+02   -2.6606856632e+01    1.0877382236e+01    1.0125888614e+01   -3.8598496544e+01    1.8657512985e+00    5.1200000000e+02    5.4569903564e-04    4.5084635417e-01
         1   -1.5673114657e+01    2.4657423217e+02   -2.6783113572e+01    1.1109998916e+01    1.0134787339e+01   -3.8614263360e+01    1.6963624483e+00    5.1200000000e+02    5.4354893799e-04    4.4791666667e-01
         2   -1.5705110507e+01    2.4753162718e+02   -2.7008666565e+01    1.1303556058e+01    1.0217429244e+01   -3.9130854060e+01    1.9047582513e+00    5.1200000000e+02    5.4463113037e-04    4.4694010417e-01
         3   -1.5746054761e+01    2.4876701180e+02   -2.6774597245e+01    1.1028542483e+01    1.0178162730e+01   -3.8932429814e+01    1.9796698392e+00    5.1200000000e+02    5.5173018311e-04    4.5605468750e-01
         4   -1.5741991100e+01    2.4867638494e+02   -2.6723539608e+01    1.0981548508e+01    1.0281687021e+01   -3.9087764595e+01    2.0825379663e+00    5.1200000000e+02    5.5157847656e-04    4.5540364583e-01
         5   -1.5765419651e+01    2.4939427762e+02   -2.6718565857e+01    1.0953146206e+01    1.0319010195e+01   -3.9422974143e+01    2.3853980919e+00    5.1200000000e+02    5.5380599609e-04    4.6386718750e-01
         6   -1.5702483034e+01    2.4744478442e+02   -2.6973012033e+01    1.1270528999e+01    1.0296210442e+01   -3.9006721262e+01    1.7374987877e+00    5.1200000000e+02    5.5357484863e-04    4.5149739583e-01
         7   -1.5705149863e+01    2.4765981815e+02   -2.6940632111e+01    1.1235482247e+01    1.0423660510e+01   -3.9583432010e+01    2.2191393888e+00    5.1200000000e+02    5.5560586914e-04    4.4238281250e-01
         8   -1.5674983541e+01    2.4672366526e+02   -2.7021290907e+01    1.1346307366e+01    1.0512878073e+01   -3.9609135348e+01    2.0749663675e+00    5.1200000000e+02    5.5538478271e-04    4.4335937500e-01
         9   -1.5690228493e+01    2.4714303824e+02   -2.6974829061e+01    1.1284600568e+01    1.0495962416e+01   -3.9500100030e+01    2.0293085526e+00    5.1200000000e+02    5.5500948486e-04    4.4368489583e-01
        10   -1.5686204346e+01    2.4698569610e+02   -2.6888153975e+01    1.1201949629e+01    1.0447127363e+01   -3.9569333812e+01    2.2340524741e+00    5.1200000000e+02    5.5154522705e-04    4.4921875000e-01
        11   -1.5613965964e+01    2.4491286082e+02   -2.6816163742e+01    1.1202197779e+01    1.0528126467e+01   -3.9483733259e+01    2.1394430494e+00    5.1200000000e+02    5.5080993164e-04    4.5182291667e-01
        12   -1.5690994402e+01    2.4732827568e+02   -2.7023631355e+01    1.1332636952e+01    1.0445999376e+01   -3.9231289967e+01    1.7616592363e+00    5.1200000000e+02    5.4977272949e-04    4.4921875000e-01
        13   -1.5686984059e+01    2.4725106706e+02   -2.6824325433e+01    1.1137341373e+01    1.0396215767e+01   -3.9273611348e+01    2.0530701488e+00    5.1200000000e+02    5.5411841797e-04    4.6809895833e-01
        14   -1.5730925363e+01    2.4837322219e+02   -2.7026819763e+01    1.1295894400e+01    1.0270669691e+01   -3.9180005064e+01    1.8825156101e+00    5.1200000000e+02    5.5178971924e-04    4.6191406250e-01
        15   -1.5741939047e+01    2.4868264538e+02   -2.6687292104e+01    1.0945353057e+01    1.0288317527e+01   -3.8858273612e+01    1.8826639811e+00    5.1200000000e+02    5.5002302490e-04    4.4921875000e-01
        16   -1.5689673456e+01    2.4706816516e+02   -2.7023375420e+01    1.1333701964e+01    1.0413191401e+01   -3.9288653292e+01    1.8520864712e+00    5.1200000000e+02    5.5194618408e-04    4.4856770833e-01
        17   -1.5670003910e+01    2.4647247542e+02   -2.7015176755e+01    1.1345172846e+01    1.0470657734e+01   -3.9507474224e+01    2.0216397349e+00    5.1200000000e+02    5.5457726807e-04    4.5930989583e-01
        18   -1.5684277389e+01    2.4696387778e+02   -2.7135532186e+01    1.1451254798e+01    1.0477591730e+01   -3.9615909358e+01    2.0027854410e+00    5.1200000000e+02    5.6639958252e-04    4.5768229167e-01
        19   -1.5665591528e+01    2.4644267349e+02   -2.7419440172e+01    1.1753848644e+01    1.0554403505e+01   -3.9832837651e+01    1.8589939739e+00    5.1200000000e+02    5.5817711914e-04    4.5735677083e-01
        20   -1.5689249882e+01    2.4707676620e+02   -2.7387594159e+01    1.1698344277e+01    1.0527734059e+01   -3.9909189376e+01    1.9938611580e+00    5.1200000000e+02    5.5627464844e-04    4.5247395833e-01
        21   -1.5613973605e+01    2.4482250946e+02   -2.7517053924e+01    1.1903080320e+01    1.0559441777e+01   -3.9956693349e+01    1.8801976469e+00    5.1200000000e+02    5.5618961670e-04    4.5410156250e-01
        22   -1.5673728617e+01    2.4662547558e+02   -2.7501376583e+01    1.1827647965e+01    1.0450990186e+01   -3.9801552889e+01    1.8491861198e+00    5.1200000000e+02    5.5145364990e-04    4.5377604167e-01
        23   -1.5665241091e+01    2.4636845282e+02   -2.7217845970e+01    1.1552604879e+01    1.0519723380e+01   -3.9860349106e+01    2.1227797573e+00    5.1200000000e+02    5.5783640625e-04    4.5572916667e-01
        24   -1.5725950720e+01    2.4820161634e+02   -2.7001236059e+01    1.1275285339e+01    1.0385695987e+01   -3.9539379701e+01    2.1524476549e+00    5.1200000000e+02    5.5050264404e-04    4.4010416667e-01
        25   -1.5757867043e+01    2.4917461474e+02   -2.7031912433e+01    1.1274045389e+01    1.0285913203e+01   -3.9347072854e+01    2.0292472185e+00    5.1200000000e+02    5.5160224854e-04    4.5930989583e-01
        26   -1.5735811950e+01    2.4845452339e+02   -2.6953983773e+01    1.1218171823e+01    1.0309043648e+01   -3.9488814516e+01    2.2257870952e+00    5.1200000000e+02    5.5174406738e-04    4.6419270833e-01
        27   -1.5723260087e+01    2.4801469982e+02   -2.6974382974e+01    1.1251122887e+01    1.0342059369e+01   -3.9408324947e+01    2.0918826032e+00    5.1200000000e+02    5.5018122803e-04    4.5638020833e-01
        28   -1.5726064314e+01    2.4809113955e+02   -2.7274375277e+01    1.1548310964e+01    1.0354836921e+01   -3.9521784884e+01    1.8925726859e+00    5.1200000000e+02    5.4888533936e-04    4.4238281250e-01
        29   -1.5735243972e+01    2.4844653341e+02   -2.7294524765e+01    1.1559280792e+01    1.0371443222e+01   -3.9718886379e+01    2.0529183921e+00    5.1200000000e+02    5.5003392090e-04    4.5084635417e-01
        30   -1.5720006959e+01    2.4797594403e+02   -2.7730974662e+01    1.2010967703e+01    1.0428955148e+01   -3.9905347016e+01    1.7454172056e+00    5.1200000000e+02    5.5282578369e-04    4.5898437500e-01
        31   -1.5792400743e+01    2.5017424146e+02   -2.7497774850e+01    1.1705374107e+01    1.0351111137e+01   -3.9843158770e+01    1.9942727828e+00    5.1200000000e+02    5.5228312500e-04    4.4401041667e-01
        32   -1.5835917802e+01    2.5154919666e+02   -2.7640020054e+01    1.1804102252e+01    1.0311091868e+01   -3.9798128257e+01    1.8470163352e+00    5.1200000000e+02    5.5458434326e-04    4.6289062500e-01
        33   -1.5769216028e+01    2.4944045700e+02   -2.7352188782e+01    1.1582972754e+01    1.0251135776e+01   -3.9370550789e+01    1.7672262317e+00    5.1200000000e+02    5.4667483887e-04    4.4498697917e-01
        34   -1.5811941446e+01    2.5080339457e+02   -2.7182989664e+01    1.1371048218e+01    1.0219819487e+01   -3.9167052980e+01    1.7642438292e+00    5.1200000000e+02    5.4850339600e-04    4.4466145833e-01
        35   -1.5747418121e+01    2.4879159552e+02   -2.6943057454e+01    1.1195639333e+01    1.0387401484e+01   -3.9409361996e+01    2.0789030587e+00    5.1200000000e+02    5.4922276611e-04    4.3326822917e-01
        36   -1.5698074731e+01    2.4730289003e+02   -2.6409530134e+01    1.0711455403e+01    1.0383663774e+01   -3.9396977380e+01    2.6037834723e+00    5.1200000000e+02    5.4582538330e-04    4.4368489583e-01
        37   -1.5719083723e+01    2.4795384198e+02   -2.6266019127e+01    1.0546935404e+01    1.0331137879e+01   -3.9198674413e+01    2.6015174076e+00    5.1200000000e+02    5.5084037109e-04    4.5149739583e-01
        38   -1.5739158790e+01    2.4867963927e+02   -2.6867806574e+01    1.1128647784e+01    1.0391643555e+01   -3.9410798648e+01    2.1513485200e+00    5.1200000000e+02    5.5368242187e-04    4.4628906250e-01
        39   -1.5740696553e+01    2.4864221314e+02   -2.7009001867e+01    1.1268305314e+01    1.0547418869e+01   -3.9860389251e+01    2.3039685153e+00    5.1200000000e+02    5.5426487549e-04    4.4759114583e-01
        40   -1.5755851040e+01    2.4908293097e+02   -2.6971044508e+01    1.1215193468e+01    1.0582897974e+01   -4.0123518576e+01    2.5695760931e+00    5.1200000000e+02    5.4982079102e-04    4.5930989583e-01
        41   -1.5750695429e+01    2.4888878574e+02   -2.7360236588e+01    1.1609541159e+01    1.0488930914e+01   -4.0090025367e+01    2.2408578649e+00    5.1200000000e+02    5.6031335693e-04    4.4726562500e-01
        42   -1.5708304988e+01    2.4757086961e+02   -2.7275678745e+01    1.1567373756e+01    1.0572310358e+01   -4.0179807859e+01    2.3318187564e+00    5.1200000000e+02    5.5177614990e-04    4.4694010417e-01
        43   -1.5711158745e+01    2.4773688943e+02   -2.7272045197e+01    1.1560886453e+01    1.0481883946e+01   -4.0174657366e+01    2.4207282221e+00    5.1200000000e+02    5.5316609375e-04    4.3750000000e-01
        44   -1.5756074660e+01    2.4903204987e+02   -2.7509772102e+01    1.1753697442e+01    1.0397340571e+01   -4.0397174183e+01    2.4900615091e+00    5.1200000000e+02    5.5103812012e-04    4.3033854167e-01
        45   -1.5733184211e+01    2.4837458610e+02   -2.7592979355e+01    1.1859795144e+01    1.0504962290e+01   -4.0407401079e+01    2.3094594346e+00    5.1200000000e+02    5.5531901855e-04    4.5442708333e-01
        46   -1.5702483449e+01    2.4753727594e+02   -2.7294522086e+01    1.1592038636e+01    1.0524726265e+01   -4.0252231393e+01    2.4329830427e+00    5.1200000000e+02    5.4909758789e-04    4.5865885417e-01
        47   -1.5752934872e+01    2.4913757086e+02   -2.7504077681e+01    1.1751142809e+01    1.0400995631e+01   -4.0006624331e+01    2.1015510193e+00    5.1200000000e+02    5.5018100098e-04    4.4433593750e-01
        48   -1.5740761544e+01    2.4864911274e+02   -2.7630521709e+01    1.1889760165e+01    1.0465109483e+01   -4.0326183322e+01    2.2305521293e+00    5.1200000000e+02    5.5082349365e-04    4.5084635417e-01
        49   -1.5739591949e+01    2.4858402057e+02   -2.7760113081e+01    1.2020521131e+01    1.0564593995e+01   -4.0568850806e+01    2.2441437304e+00    5.1200000000e+02    5.5223168213e-04    4.6028645833e-01
        50   -1.5796075836e+01    2.5033882006e+02   -2.7755330989e+01    1.1959255152e+01    1.0499386543e+01   -4.0490146499e+01    2.2354289666e+00    5.1200000000e+02    5.5507576172e-04    4.5247395833e-01
        51   -1.5757944103e+01    2.4923569315e+02   -2.8050252529e+01    1.2292308426e+01    1.0577707725e+01   -4.0480537990e+01    1.8525777356e+00    5.1200000000e+02    5.6320176758e-04    4.5735677083e-01
        52   -1.5776272580e+01    2.4966175481e+02   -2.7319588656e+01    1.1543316076e+01    1.0490366327e+01   -4.0150527882e+01    2.3405728986e+00    5.1200000000e+02    5.6044606445e-04    4.4921875000e-01
        53   -1.5745298147e+01    2.4880462020e+02   -2.7148054150e+01    1.1402756003e+01    1.0524843442e+01   -3.9999278317e+01    2.3263807253e+00    5.1200000000e+02    5.5838160889e-04    4.4075520833e-01
        54   -1.5720491334e+01    2.4805864286e+02   -2.7702255087e+01    1.1981763753e+01    1.0657297376e+01   -4.0565352835e+01    2.2058003721e+00    5.1200000000e+02    5.5873452148e-04    4.4140625000e-01
        55   -1.5702138490e+01    2.4747116581e+02   -2.7972851722e+01    1.2270713232e+01    1.0684119673e+01   -4.0854339568e+01    2.1973681732e+00    5.1200000000e+02    5.5908885254e-04    4.4498697917e-01
        56   -1.5729886296e+01    2.4833076274e+02   -2.8241640348e+01    1.2511754053e+01    1.0693403568e+01   -4.1087826131e+01    2.1527822147e+00    5.1200000000e+02    5.6076779053e-04    4.6061197917e-01
        57   -1.5813587219e+01    2.5089168390e+02   -2.8122053881e+01    1.2308466662e+01    1.0598522694e+01   -4.0900818877e+01    2.1802423023e+00    5.1200000000e+02    5.6204913330e-04    4.3717447917e-01
        58   -1.5798215721e+01    2.5041374530e+02   -2.7993692302e+01    1.2195476581e+01    1.0738723792e+01   -4.0885986011e+01    2.1535699176e+00    5.1200000000e+02    5.6308740479e-04    4.3880208333e-01
        59   -1.5790488957e+01    2.5020034690e+02   -2.7739002332e+01    1.1948513375e+01    1.0726342749e+01   -4.0869216872e+01    2.4038717904e+00    5.1200000000e+02    5.6398078857e-04    4.4694010417e-01
        60   -1.5776933680e+01    2.4980687533e+02   -2.7553057487e+01    1.1776123807e+01    1.0642404215e+01   -4.0220985838e+01    2.0255241360e+00    5.1200000000e+02    5.6476543457e-04    4.5768229167e-01
        61   -1.5777592066e+01    2.4976698511e+02   -2.7424910266e+01    1.1647318200e+01    1.0632730189e+01   -4.0079863598e+01    2.0222231423e+00    5.1200000000e+02    5.6183834961e-04    4.4954427083e-01
        62   -1.5765631166e+01    2.4937602977e+02   -2.7633967430e+01    1.1868336264e+01    1.0562352587e+01   -4.0264768723e+01    2.0684487058e+00    5.1200000000e+02    5.6249585205e-04    4.5117187500e-01
        63   -1.5786239887e+01    2.5001903035e+02   -2.7406996483e+01    1.1620756596e+01    1.0539088895e+01   -4.0552990880e+01    2.6069055023e+00    5.1200000000e+02    5.5960013672e-04    4.4726562500e-01
        64   -1.5726267417e+01    2.4817730394e+02   -2.7615097554e+01    1.1888830137e+01    1.0638803384e+01   -4.0444390697e+01    2.1904897585e+00    5.1200000000e+02    5.6754263916e-04    4.7135416667e-01
        65   -1.5774629132e+01    2.4956922198e+02   -2.7588311243e+01    1.1813682111e+01    1.0495185015e+01   -4.0609225984e+01    2.5257297266e+00    5.1200000000e+02    5.6028706299e-04    4.5540364583e-01
        66   -1.5736313762e+01    2.4845773733e+02   -2.7442978819e+01    1.1706665057e+01    1.0527172919e+01   -4.0296374858e+01    2.3262231205e+00    5.1200000000e+02    5.5867271484e-04    4.4628906250e-01
        67   -1.5710455536e+01    2.4764414217e+02   -2.7380939641e+01    1.1670484106e+01    1.0488793998e+01   -3.9988160002e+01    2.1184263627e+00    5.1200000000e+02    5.5594686279e-04    4.4531250000e-01
        68   -1.5791726617e+01    2.5015984979e+02   -2.7037774989e+01    1.1246048372e+01    1.0460633524e+01   -3.9468007554e+01    1.9695990412e+00    5.1200000000e+02    5.5594350342e-04    4.4856770833e-01
        69   -1.5778919412e+01    2.4980185690e+02   -2.7420567200e+01    1.1641647788e+01    1.0445395411e+01   -3.9780020221e+01    1.9140576108e+00    5.1200000000e+02    5.5713574707e-04    4.4075520833e-01
        70   -1.5782256020e+01    2.5000214343e+02   -2.7533557554e+01    1.1751301533e+01    1.0511754145e+01   -4.0081574045e+01    2.0362623464e+00    5.1200000000e+02    5.5772599365e-04    4.3522135417e-01
        71   -1.5782200912e+01    2.4992458511e+02   -2.7512373059e+01    1.1730172147e+01    1.0494264779e+01   -3.9998484244e+01    1.9918464066e+00    5.1200000000e+02    5.5724488037e-04    4.4531250000e-01
        72   -1.5784216084e+01    2.5004209155e+02   -2.7457117382e+01    1.1672901297e+01    1.0453272746e+01   -3.9803159363e+01    1.8927692352e+00    5.1200000000e+02    5.5901999023e-04    4.3880208333e-01
        73   -1.5835460156e+01    2.5158160650e+02   -2.7488974115e+01    1.1653513959e+01    1.0373030546e+01   -3.9909270608e+01    2.0472659478e+00    5.1200000000e+02    5.5922739014e-04    4.5084635417e-01
        74   -1.5777420484e+01    2.4982111729e+02   -2.7411743900e+01    1.1634323416e+01    1.0420947174e+01   -3.9686590508e+01    1.8538994351e+00    5.1200000000e+02    5.5618444336e-04    4.5312500000e-01
        75   -1.5705080261e+01    2.4763835586e+02   -2.7013864042e+01    1.1308783781e+01    1.0549287921e+01   -3.9510233162e+01    1.9470811995e+00    5.1200000000e+02    5.5681181152e-04    4.5865885417e-01
        76   -1.5706335408e+01    2.4769166549e+02   -2.7388756360e+01    1.1682420952e+01    1.0462677083e+01   -3.9872329637e+01    2.0208961932e+00    5.1200000000e+02    5.5168507812e-04    4.5149739583e-01
        77   -1.5726110926e+01    2.4820776867e+02   -2.7457036145e+01    1.1730925218e+01    1.0405020298e+01   -3.9832032106e+01    1.9699756634e+00    5.1200000000e+02    5.5305007080e-04    4.4954427083e-01
        78   -1.5761067010e+01    2.4924438198e+02   -2.7403822289e+01    1.1642755279e+01    1.0379960041e+01   -3.9565422216e+01    1.7816398857e+00    5.1200000000e+02    5.5133809082e-04    4.6028645833e-01
        79   -1.5702463060e+01    2.4756875923e+02   -2.6477023273e+01    1.0774560213e+01    1.0479147423e+01   -3.9314772067e+01    2.3586013718e+00    5.1200000000e+02    5.5118153809e-04    4.6516927083e-01
        80   -1.5734265986e+01    2.4838088387e+02   -2.6816064901e+01    1.1081798915e+01    1.0395808178e+01   -3.9235626336e+01    2.0237532575e+00    5.1200000000e+02    5.5062713623e-04    4.6256510417e-01
        81   -1.5745054308e+01    2.4875356831e+02   -2.6582292878e+01    1.0837238571e+01    1.0408173516e+01   -3.9092759822e+01    2.1022934272e+00    5.1200000000e+02    5.5565787842e-04    4.5670572917e-01
        82   -1.5737481126e+01    2.4852212179e+02   -2.7094411233e+01    1.1356930108e+01    1.0427480073e+01   -3.9563444951e+01    2.0415536447e+00    5.1200000000e+02    5.5438013672e-04    4.5865885417e-01
        83   -1.5773054179e+01    2.4964309860e+02   -2.7356708757e+01    1.1583654578e+01    1.0319270103e+01   -3.9340166620e+01    1.6641877600e+00    5.1200000000e+02    5.5411377441e-04    4.5507812500e-01
        84   -1.5778324745e+01    2.4972143497e+02   -2.7122046102e+01    1.1343721357e+01    1.0316208526e+01   -3.9510400463e+01    2.0721458347e+00    5.1200000000e+02    5.5056786133e-04    4.4401041667e-01
        85   -1.5780449183e+01    2.4992477628e+02   -2.7285871220e+01    1.1505422037e+01    1.0321954420e+01   -3.9392219907e+01    1.7843942672e+00    5.1200000000e+02    5.4882600830e-04    4.3912760417e-01
        86   -1.5726792461e+01    2.4826437449e+02   -2.7170305253e+01    1.1443512792e+01    1.0421123399e+01   -3.9552386171e+01    1.9609575193e+00    5.1200000000e+02    5.4998802979e-04    4.4726562500e-01
        87   -1.5721235242e+01    2.4801347026e+02   -2.7373619667e+01    1.1652384424e+01    1.0448219297e+01   -3.9944293660e+01    2.1224546956e+00    5.1200000000e+02    5.6304811768e-04    4.5898437500e-01
        88   -1.5706673899e+01    2.4748469446e+02   -2.7293071242e+01    1.1586397343e+01    1.0469805350e+01   -3.9920641190e+01    2.1577645972e+00    5.1200000000e+02    5.5294946777e-04    4.5638020833e-01
        89   -1.5719163427e+01    2.4794269611e+02   -2.7300527308e+01    1.1581363881e+01    1.0586697714e+01   -3.9975259703e+01    2.0880346810e+00    5.1200000000e+02    5.5731946289e-04    4.5865885417e-01
        90   -1.5706632514e+01    2.4750131492e+02   -2.7858583252e+01    1.2151950738e+01    1.0564927492e+01   -4.0315804771e+01    1.8922940263e+00    5.1200000000e+02    5.5786288574e-04    4.5410156250e-01
        91   -1.5791342319e+01    2.5017364910e+02   -2.7562342477e+01    1.1771000157e+01    1.0470370053e+01   -4.0243621389e+01    2.2109088595e+00    5.1200000000e+02    5.5837485352e-04    4.6061197917e-01
        92   -1.5717470023e+01    2.4787643697e+02   -2.7527111355e+01    1.1809641332e+01    1.0503782398e+01   -4.0236422535e+01    2.2055287821e+00    5.1200000000e+02    5.5189895020e-04    4.4791666667e-01
        93   -1.5720784289e+01    2.4801364124e+02   -2.7585719713e+01    1.1864935424e+01    1.0567364490e+01   -4.0329615466e+01    2.1765312632e+00    5.1200000000e+02    5.5481355225e-04    4.4075520833e-01
        94   -1.5748678836e+01    2.4877054010e+02   -2.7272622248e+01    1.1523943412e+01    1.0542670063e+01   -3.9965769252e+01    2.1504769408e+00    5.1200000000e+02    5.5343739746e-04    4.4433593750e-01
        95   -1.5722235824e+01    2.4808373264e+02   -2.7753981124e+01    1.2031745300e+01    1.0612503027e+01   -4.0036859190e+01    1.6703750389e+00    5.1200000000e+02    5.5532081787e-04    4.3977864583e-01
        96   -1.5778309108e+01    2.4974081291e+02   -2.7536301946e+01    1.1757992838e+01    1.0493939402e+01   -3.9669557778e+01    1.6393164296e+00    5.1200000000e+02    5.5719538330e-04    4.4921875000e-01
        97   -1.5760359805e+01    2.4932392175e+02   -2.7943794199e+01    1.2183434395e+01    1.0483884626e+01   -4.0084006195e+01    1.6563273692e+00    5.1200000000e+02    5.5485777588e-04    4.5410156250e-01
        98   -1.5734184930e+01    2.4844771454e+02   -2.7552514680e+01    1.1818329750e+01    1.0448745510e+01   -3.9959123765e+01    1.9578635755e+00    5.1200000000e+02    5.5191716064e-04    4.5214843750e-01
        99   -1.5716820637e+01    2.4796940646e+02   -2.7527761808e+01    1.1810941171e+01    1.0407800036e+01   -3.9823508220e+01    1.8879463755e+00    5.1200000000e+02    5.5478656738e-04    4.6223958333e-01
       100   -1.5697443114e+01    2.4742701533e+02   -2.7049143702e+01    1.1351700588e+01    1.0372712798e+01   -3.9437028350e+01    2.0151718506e+00    5.1200000000e+02    5.5760587402e-04    4.7493489583e-01
       101   -1.5713624085e+01    2.4788325904e+02   -2.7109766592e+01    1.1396142507e+01    1.0308087518e+01   -3.9175217578e+01    1.7573634671e+00    5.1200000000e+02    5.5468369873e-04    4.6419270833e-01
       102   -1.5751761473e+01    2.4899294441e+02   -2.7097411371e+01    1.1345649898e+01    1.0339749213e+01   -3.9406289743e+01    1.9691291585e+00    5.1200000000e+02    5.5197248779e-04    4.5345052083e-01
       103   -1.5747040945e+01    2.4895073539e+02   -2.6944984871e+01    1.1197943927e+01    1.0371769270e+01   -3.9663974053e+01    2.3472199110e+00    5.1200000000e+02    5.4916668945e-04    4.5572916667e-01
       104   -1.5773940417e+01    2.4970215978e+02   -2.7023442531e+01    1.1249502115e+01    1.0346024194e+01   -3.9704245882e+01    2.3347791566e+00    5.1200000000e+02    5.4698204346e-04    4.4270833333e-01
       105   -1.5791001739e+01    2.5023031269e+02   -2.6537032870e+01    1.0746031131e+01    1.0229628895e+01   -3.9124860952e+01    2.3581991876e+00    5.1200000000e+02    5.4773701660e-04    4.4596354167e-01
       106   -1.5758480830e+01    2.4916295530e+02   -2.6571833370e+01    1.0813352541e+01    1.0222759746e+01   -3.9208581094e+01    2.4139879776e+00    5.1200000000e+02    5.4917962158e-04    4.6289062500e-01
       107   -1.5749917533e+01    2.4880931711e+02   -2.6628442767e+01    1.0878525234e+01    1.0314229026e+01   -3.9118762153e+01    2.1760903597e+00    5.1200000000e+02    5.5140136719e-04    4.5410156250e-01
       108   -1.5711159280e+01    2.4767062908e+02   -2.6929063259e+01    1.1217903979e+01    1.0373746864e+01   -3.9324707843e+01    2.0218977204e+00    5.1200000000e+02    5.5264555420e-04    4.6158854167e-01
       109   -1.5738342245e+01    2.4867030013e+02   -2.7181086365e+01    1.1442744120e+01    1.0349156050e+01   -3.9370929488e+01    1.8406870727e+00    5.1200000000e+02    5.4760618652e-04    4.4563802083e-01
       110   -1.5743160781e+01    2.4884939306e+02   -2.7303486781e+01    1.1560326000e+01    1.0305117725e+01   -3.9369941071e+01    1.7613365648e+00    5.1200000000e+02    5.5845092529e-04    4.4726562500e-01
       111   -1.5764009434e+01    2.4936121557e+02   -2.7177450725e+01    1.1413441291e+01    1.0271444303e+01   -3.9154250661e+01    1.7053556337e+00    5.1200000000e+02    5.4949562500e-04    4.5312500000e-01
       112   -1.5748743716e+01    2.4888656801e+02   -2.7360176550e+01    1.1611432834e+01    1.0315163910e+01   -3.9174693572e+01    1.4993531121e+00    5.1200000000e+02    5.4769094971e-04    4.5345052083e-01
       113   -1.5698338036e+01    2.4744482878e+02   -2.6961825176e+01    1.1263487139e+01    1.0325090161e+01   -3.9292075264e+01    2.0051599276e+00    5.1200000000e+02    5.4866127197e-04    4.4531250000e-01
       114   -1.5706969477e+01    2.4767341350e+02   -2.6606347301e+01    1.0899377825e+01    1.0449366840e+01   -3.9442147479e+01    2.3864333376e+00    5.1200000000e+02    5.4630025879e-04    4.4108072917e-01
       115   -1.5735331598e+01    2.4850134351e+02   -2.6682477034e+01    1.0947145435e+01    1.0463696796e+01   -3.9635027221e+01    2.4888533906e+00    5.1200000000e+02    5.4994617188e-04    4.5735677083e-01
       116   -1.5743999277e+01    2.4877674576e+02   -2.7227243349e+01    1.1483244072e+01    1.0389364501e+01   -3.9441442122e+01    1.8248342721e+00    5.1200000000e+02    5.5326943848e-04    4.5214843750e-01
       117   -1.5714821195e+01    2.4782668194e+02   -2.7175033678e+01    1.1460212483e+01    1.0465650822e+01   -3.9508580584e+01    1.8678960841e+00    5.1200000000e+02    5.5233942139e-04    4.4889322917e-01
       118   -1.5694877607e+01    2.4719150061e+02   -2.6976779844e+01    1.1281902237e+01    1.0389983462e+01   -3.9325229019e+01    1.9584657134e+00    5.1200000000e+02    5.4931185303e-04    4.4889322917e-01
       119   -1.5705672793e+01    2.4761786737e+02   -2.6787210574e+01    1.1081537781e+01    1.0402950122e+01   -3.9232611085e+01    2.0424503888e+00    5.1200000000e+02    5.5311257324e-04    4.5345052083e-01
       120   -1.5728062541e+01    2.4823512693e+02   -2.6664393384e+01    1.0936330843e+01    1.0281742471e+01   -3.9087496235e+01    2.1413603800e+00    5.1200000000e+02    5.5086457520e-04    4.6028645833e-01
       121   -1.5693453030e+01    2.4715683520e+02   -2.6407259266e+01    1.0713806236e+01    1.0314003082e+01   -3.8911283675e+01    2.1900213268e+00    5.1200000000e+02    5.4935025879e-04    4.6419270833e-01
       122   -1.5765272248e+01    2.4948633242e+02   -2.6945641502e+01    1.1180369254e+01    1.0245463716e+01   -3.9090483047e+01    1.8993778295e+00    5.1200000000e+02    5.4810924316e-04    4.5572916667e-01
       123   -1.5685737715e+01    2.4707017636e+02   -2.7201548861e+01    1.1515811146e+01    1.0367174261e+01   -3.9507815305e+01    1.9390921826e+00    5.1200000000e+02    5.5108024658e-04    4.5182291667e-01
       124   -1.5748493547e+01    2.4898920288e+02   -2.6895877384e+01    1.1147383837e+01    1.0296261252e+01   -3.9233169503e+01    2.0410308674e+00    5.1200000000e+02    5.5257506104e-04    4.5898437500e-01
       125   -1.5746572835e+01    2.4879642861e+02   -2.6725046355e+01    1.0978473519e+01    1.0241863741e+01   -3.9016444962e+01    2.0495348672e+00    5.1200000000e+02    5.5005342529e-04    4.4824218750e-01
       126   -1.5726942524e+01    2.4814573939e+02   -2.6573391624e+01    1.0846449100e+01    1.0268267413e+01   -3.8872212619e+01    2.0305535816e+00    5.1200000000e+02    5.5037088135e-04    4.6028645833e-01
       127   -1.5723091842e+01    2.4802539183e+02   -2.7201773950e+01    1.1478682108e+01    1.0295915930e+01   -3.9263299805e+01    1.7656099257e+00    5.1200000000e+02    5.5407941895e-04    4.4889322917e-01
       128   -1.5717834586e+01    2.4788596442e+02   -2.7040871915e+01    1.1323037329e+01    1.0321045573e+01   -3.9317793227e+01    1.9558757394e+00    5.1200000000e+02    5.4954437500e-04    4.5638020833e-01
       129   -1.5724253166e+01    2.4811753378e+02   -2.6981929588e+01    1.1257676422e+01    1.0338335445e+01   -3.9371283497e+01    2.0510184638e+00    5.1200000000e+02    5.5080932129e-04    4.5312500000e-01
       130   -1.5718946164e+01    2.4802241871e+02   -2.6895730261e+01    1.1176784097e+01    1.0308595842e+01   -3.8975113148e+01    1.7707870456e+00    5.1200000000e+02    5.5262968018e-04    4.6516927083e-01
       131   -1.5685118360e+01    2.4684585343e+02   -2.6691595909e+01    1.1006477548e+01    1.0339478769e+01   -3.8761818759e+01    1.7307440814e+00    5.1200000000e+02    5.4906135498e-04    4.5605468750e-01
       132   -1.5748420685e+01    2.4886047045e+02   -2.6715846299e+01    1.0967425614e+01    1.0383678562e+01   -3.9165664185e+01    2.0661393246e+00    5.1200000000e+02    5.5149930664e-04    4.3977864583e-01
       133   -1.5702036801e+01    2.4746609331e+02   -2.6768820040e+01    1.1066783239e+01    1.0505753352e+01   -3.9112845450e+01    1.8382720577e+00    5.1200000000e+02    5.6052008057e-04    4.5442708333e-01
       134   -1.5707236079e+01    2.4770682997e+02   -2.6872307096e+01    1.1165071017e+01    1.0367999346e+01   -3.9265162235e+01    2.0248557930e+00    5.1200000000e+02    5.4671161133e-04    4.4335937500e-01
       135   -1.5637390330e+01    2.4548562852e+02   -2.6733327395e+01    1.1095937065e+01    1.0426128543e+01   -3.9262516884e+01    2.1030609463e+00    5.1200000000e+02    5.5176100830e-04    4.6549479167e-01
       136   -1.5669156317e+01    2.4642380015e+02   -2.6818563436e+01    1.1149407119e+01    1.0393622351e+01   -3.9045065833e+01    1.8328800463e+00    5.1200000000e+02    5.5091855713e-04    4.5312500000e-01
       137   -1.5647260482e+01    2.4567741133e+02   -2.6617388019e+01    1.0970127537e+01    1.0527763414e+01   -3.9098802291e+01    1.9536508580e+00    5.1200000000e+02    5.5240592041e-04    4.6321614583e-01
       138   -1.5679769722e+01    2.4674678246e+02   -2.6931528214e+01    1.1251758492e+01    1.0430757202e+01   -3.9339707348e+01    1.9774219322e+00    5.1200000000e+02    5.5226550537e-04    4.5703125000e-01
       139   -1.5708119826e+01    2.4766734622e+02   -2.6789505581e+01    1.1081385756e+01    1.0388437839e+01   -3.9179338504e+01    2.0013950842e+00    5.1200000000e+02    5.5339030762e-04    4.6256510417e-01
       140   -1.5712497728e+01    2.4779835615e+02   -2.6830414740e+01    1.1117917012e+01    1.0364498881e+01   -3.9237045028e+01    2.0421314075e+00    5.1200000000e+02    5.5078488037e-04    4.5149739583e-01
       141   -1.5734767112e+01    2.4850062207e+02   -2.6890368501e+01    1.1155601389e+01    1.0343378953e+01   -3.9206275531e+01    1.9725280769e+00    5.1200000000e+02    5.5473870117e-04    4.5117187500e-01
       142   -1.5708463881e+01    2.4755206594e+02   -2.6715684016e+01    1.1007220135e+01    1.0364761367e+01   -3.9150968754e+01    2.0705233702e+00    5.1200000000e+02    5.4952541016e-04    4.5865885417e-01
       143   -1.5769780877e+01    2.4953945771e+02   -2.6969966934e+01    1.1200186057e+01    1.0286127402e+01   -3.9150609351e+01    1.8945150157e+00    5.1200000000e+02    5.5294656982e-04    4.8014322917e-01
       144   -1.5779715123e+01    2.4987214736e+02   -2.7134450833e+01    1.1354735710e+01    1.0308278352e+01   -3.9733148203e+01    2.2904190180e+00    5.1200000000e+02    5.5346150146e-04    4.5865885417e-01
       145   -1.5806488195e+01    2.5073208343e+02   -2.7441054239e+01    1.1634566045e+01    1.0204393036e+01   -3.9521635098e+01    1.8761878234e+00    5.1200000000e+02    5.5238422119e-04    4.4726562500e-01
       146   -1.5798617701e+01    2.5053842526e+02   -2.7101224968e+01    1.1302607267e+01    1.0314839687e+01   -3.9605970417e+01    2.1899057623e+00    5.1200000000e+02    5.5472477539e-04    4.6451822917e-01
       147   -1.5823089602e+01    2.5124318556e+02   -2.7002205686e+01    1.1179116084e+01    1.0153733702e+01   -3.9383397065e+01    2.2274576770e+00    5.1200000000e+02    5.5340958008e-04    4.7037760417e-01
       148   -1.5758819247e+01    2.4920592095e+02   -2.6799875741e+01    1.1041056493e+01    1.0300214399e+01   -3.9281434609e+01    2.1813444692e+00    5.1200000000e+02    5.5336764648e-04    4.5117187500e-01
       149   -1.5784921526e+01    2.4995610251e+02   -2.7024452543e+01    1.1239531017e+01    1.0216001856e+01   -3.9104152309e+01    1.8636979101e+00    5.1200000000e+02    5.5198940430e-04    4.6484375000e-01
       150   -1.5792354064e+01    2.5017829892e+02   -2.6982295715e+01    1.1189941651e+01    1.0127692088e+01   -3.8820476570e+01    1.7104887670e+00    5.1200000000e+02    5.4541801270e-04    4.5638020833e-01
       151   -1.5795904731e+01    2.5026550394e+02   -2.6646407563e+01    1.0850502832e+01    1.0247134304e+01   -3.8923058557e+01    2.0295166898e+00    5.1200000000e+02    5.4956907471e-04    4.4726562500e-01
       152   -1.5794389013e+01    2.5042835392e+02   -2.7050659050e+01    1.1256270037e+01    1.0146779508e+01   -3.8729562235e+01    1.5321236772e+00    5.1200000000e+02    5.4977633789e-04    4.6516927083e-01
       153   -1.5721457092e+01    2.4797106736e+02   -2.6418386640e+01    1.0696929548e+01    1.0126716329e+01   -3.8467134751e+01    1.9220317824e+00    5.1200000000e+02    5.4452906006e-04    4.5117187500e-01
       154   -1.5767244618e+01    2.4944317445e+02   -2.6396651450e+01    1.0629406832e+01    1.0145091686e+01   -3.8430431578e+01    1.8886884419e+00    5.1200000000e+02    5.4784961182e-04    4.6289062500e-01
       155   -1.5758288369e+01    2.4913477826e+02   -2.6514976275e+01    1.0756687906e+01    1.0271288522e+01   -3.8929393520e+01    2.1431287234e+00    5.1200000000e+02    5.5009847412e-04    4.3847656250e-01
       156   -1.5794272854e+01    2.5022077298e+02   -2.6457572651e+01    1.0663299798e+01    1.0279930532e+01   -3.8910845288e+01    2.1733421041e+00    5.1200000000e+02    5.4895080322e-04    4.5214843750e-01
       157   -1.5804082896e+01    2.5060860652e+02   -2.7078735111e+01    1.1274652216e+01    1.0320689724e+01   -3.9420156934e+01    2.0207320991e+00    5.1200000000e+02    5.6663971680e-04    4.6191406250e-01
       158   -1.5794513805e+01    2.5036226341e+02   -2.7018872326e+01    1.1224358521e+01    1.0290910023e+01   -3.9357729430e+01    2.0479470812e+00    5.1200000000e+02    5.4807033936e-04    4.4824218750e-01
       159   -1.5776290659e+01    2.4982548264e+02   -2.6718503695e+01    1.0942213036e+01    1.0330051525e+01   -3.8857034851e+01    1.8084796305e+00    5.1200000000e+02    5.4694761475e-04    4.4628906250e-01
       160   -1.5730017533e+01    2.4844672857e+02   -2.6749725109e+01    1.1019707576e+01    1.0358490835e+01   -3.9075824144e+01    1.9676082004e+00    5.1200000000e+02    5.4876868164e-04    4.5996093750e-01
       161   -1.5728078956e+01    2.4838671237e+02   -2.6983042391e+01    1.1254963435e+01    1.0256865805e+01   -3.9174770873e+01    1.9348626765e+00    5.1200000000e+02    5.5306236816e-04    4.6354166667e-01
       162   -1.5685237472e+01    2.4705891973e+02   -2.6867703037e+01    1.1182465565e+01    1.0239457914e+01   -3.8926874106e+01    1.8197131545e+00    5.1200000000e+02    5.4878546631e-04    4.6875000000e-01
       163   -1.5721724952e+01    2.4816221794e+02   -2.6434654247e+01    1.0712929295e+01    1.0149705705e+01   -3.8562012551e+01    1.9776525992e+00    5.1200000000e+02    5.4800052246e-04    4.6028645833e-01
       164   -1.5764425630e+01    2.4933583696e+02   -2.6524484427e+01    1.0760058797e+01    1.0239067358e+01   -3.8734655319e+01    1.9711035338e+00    5.1200000000e+02    5.4980756836e-04    4.6028645833e-01
       165   -1.5731412369e+01    2.4833144965e+02   -2.7180285226e+01    1.1448872856e+01    1.0255044400e+01   -3.9270456037e+01    1.8351264109e+00    5.1200000000e+02    5.4916592285e-04    4.4498697917e-01
       166   -1.5755361630e+01    2.4910791159e+02   -2.7006509173e+01    1.1251147542e+01    1.0271724700e+01   -3.9187970555e+01    1.9097366822e+00    5.1200000000e+02    5.4708169434e-04    4.4726562500e-01
       167   -1.5778552343e+01    2.4993452743e+02   -2.6899376183e+01    1.1120823840e+01    1.0249629644e+01   -3.9274220985e+01    2.1252151583e+00    5.1200000000e+02    5.4907240479e-04    4.4889322917e-01
       168   -1.5730641006e+01    2.4838715811e+02   -2.7061522171e+01    1.1330881165e+01    1.0299342362e+01   -3.9552724531e+01    2.1918599982e+00    5.1200000000e+02    5.4631320068e-04    4.5638020833e-01
       169   -1.5740255125e+01    2.4881873336e+02   -2.6752032880e+01    1.1011777754e+01    1.0310771086e+01   -3.9447438477e+01    2.3846345114e+00    5.1200000000e+02    5.4887736328e-04    4.4856770833e-01
       170   -1.5715494648e+01    2.4789705341e+02   -2.6711853941e+01    1.0996359293e+01    1.0386913313e+01   -3.9650169828e+01    2.5514025744e+00    5.1200000000e+02    5.4257428711e-04    4.4531250000e-01
       171   -1.5676923970e+01    2.4666689480e+02   -2.6522455460e+01    1.0845531489e+01    1.0359101801e+01   -3.9089826006e+01    2.2082687452e+00    5.1200000000e+02    5.4662254639e-04    4.6549479167e-01
       172   -1.5665149111e+01    2.4628940622e+02   -2.7017360700e+01    1.1352211589e+01    1.0339410760e+01   -3.9398017753e+01    2.0412462935e+00    5.1200000000e+02    5.4112117187e-04    4.2643229167e-01
       173   -1.5708516144e+01    2.4766340546e+02   -2.6945042868e+01    1.1236526724e+01    1.0310527090e+01   -3.9114399020e+01    1.8588290620e+00    5.1200000000e+02    5.4780863770e-04    4.5865885417e-01
       174   -1.5776936918e+01    2.4973200769e+02   -2.7140937314e+01    1.1364000397e+01    1.0190597216e+01   -3.9314741623e+01    1.9832070921e+00    5.1200000000e+02    5.4828698242e-04    4.5670572917e-01
       175   -1.5769215119e+01    2.4951554009e+02   -2.6949559839e+01    1.1180344720e+01    1.0249172952e+01   -3.9391700649e+01    2.1929678574e+00    5.1200000000e+02    5.5389906738e-04    4.6484375000e-01
       176   -1.5744964377e+01    2.4878530532e+02   -2.7025107913e+01    1.1280143535e+01    1.0280507993e+01   -3.9332520947e+01    2.0269050414e+00    5.1200000000e+02    5.4874076904e-04    4.6419270833e-01
       177   -1.5786628459e+01    2.5015735778e+02   -2.7117483080e+01    1.1330854622e+01    1.0293800786e+01   -3.9739394065e+01    2.3281101991e+00    5.1200000000e+02    5.5069387939e-04    4.4205729167e-01
       178   -1.5756489285e+01    2.4922722179e+02   -2.7201843291e+01    1.1445354006e+01    1.0425885579e+01   -3.9856629964e+01    2.2289010941e+00    5.1200000000e+02    5.5275840820e-04    4.3912760417e-01
       179   -1.5759863279e+01    2.4917123969e+02   -2.6940792589e+01    1.1180929310e+01    1.0364224619e+01   -3.9338756811e+01    2.0337396031e+00    5.1200000000e+02    5.5070401611e-04    4.5670572917e-01
       180   -1.5745396595e+01    2.4882576205e+02   -2.6949587547e+01    1.1204190951e+01    1.0314475892e+01   -3.9188864188e+01    1.9248007499e+00    5.1200000000e+02    5.5915680664e-04    4.5019531250e-01
       181   -1.5770798888e+01    2.4963759402e+02   -2.7184463043e+01    1.1413664156e+01    1.0409061131e+01   -3.9446295379e+01    1.8527712044e+00    5.1200000000e+02    5.5411368896e-04    4.6289062500e-01
       182   -1.5837594180e+01    2.5171588248e+02   -2.7227896294e+01    1.1390302114e+01    1.0329173485e+01   -3.9320351785e+01    1.7632820058e+00    5.1200000000e+02    5.5151654541e-04    4.5442708333e-01
       183   -1.5779775633e+01    2.4985498348e+02   -2.7156821458e+01    1.1377045824e+01    1.0311432479e+01   -3.9270814138e+01    1.8025602013e+00    5.1200000000e+02    5.5605723633e-04    4.4108072917e-01
       184   -1.5791239318e+01    2.5023185268e+02   -2.7356337196e+01    1.1565097878e+01    1.0375238079e+01   -3.9987992556e+01    2.2564172802e+00    5.1200000000e+02    5.5303416260e-04    4.6809895833e-01
       185   -1.5781296785e+01    2.4986823572e+02   -2.7589959788e+01    1.1808663002e+01    1.0341572226e+01   -4.0487269587e+01    2.5557375738e+00    5.1200000000e+02    5.5368539795e-04    4.6223958333e-01
       186   -1.5804655325e+01    2.5067767614e+02   -2.7680605040e+01    1.1875949715e+01    1.0375477025e+01   -4.0586934043e+01    2.5308519778e+00    5.1200000000e+02    5.5244786865e-04    4.6419270833e-01
       187   -1.5801373459e+01    2.5067245962e+02   -2.7825539378e+01    1.2024165919e+01    1.0479700626e+01   -4.0299148653e+01    1.9939086494e+00    5.1200000000e+02    5.5374780029e-04    4.4824218750e-01
       188   -1.5725541541e+01    2.4829166472e+02   -2.7609254335e+01    1.1883712794e+01    1.0550890010e+01   -4.0074732160e+01    1.9145878152e+00    5.1200000000e+02    5.5452163330e-04    4.4433593750e-01
       189   -1.5743675388e+01    2.4887155151e+02   -2.7582847870e+01    1.1839172482e+01    1.0469031985e+01   -4.0238891265e+01    2.1870114098e+00    5.1200000000e+02    5.6025113281e-04    4.5247395833e-01
       190   -1.5777569680e+01    2.4990038257e+02   -2.7392781305e+01    1.1615211625e+01    1.0412090418e+01   -4.0139373815e+01    2.3345020920e+00    5.1200000000e+02    5.5584358643e-04    4.4335937500e-01
       191   -1.5796354624e+01    2.5048668459e+02   -2.6854312842e+01    1.1057958218e+01    1.0226793449e+01   -3.9420259386e+01    2.3391530955e+00    5.1200000000e+02    5.5510394775e-04    4.6451822917e-01
       192   -1.5821939887e+01    2.5118414504e+02   -2.7241462403e+01    1.1419522517e+01    1.0287417951e+01   -3.9786954107e+01    2.2580737528e+00    5.1200000000e+02    5.5136667480e-04    4.4824218750e-01
       193   -1.5807732381e+01    2.5073982908e+02   -2.7006236362e+01    1.1198503981e+01    1.0311872631e+01   -3.9564893122e+01    2.2467841286e+00    5.1200000000e+02    5.5218266846e-04    4.7070312500e-01
       194   -1.5764417426e+01    2.4935433640e+02   -2.7127130348e+01    1.1362712922e+01    1.0308948735e+01   -3.9506667448e+01    2.0705883652e+00    5.1200000000e+02    5.4835889404e-04    4.4270833333e-01
       195   -1.5751368263e+01    2.4896357794e+02   -2.7367107953e+01    1.1615739690e+01    1.0333537503e+01   -3.9891607879e+01    2.1909624237e+00    5.1200000000e+02    5.4701785400e-04    4.5475260417e-01
       196   -1.5714124440e+01    2.4774384316e+02   -2.7379328489e+01    1.1665204049e+01    1.0455002626e+01   -3.9800265901e+01    1.9659347859e+00    5.1200000000e+02    5.4955339844e-04    4.3945312500e-01
       197   -1.5692235851e+01    2.4704785138e+02   -2.7455801423e+01    1.1763565572e+01    1.0479944041e+01   -4.0288723377e+01    2.3529779132e+00    5.1200000000e+02    5.5268621094e-04    4.6842447917e-01
       198   -1.5646967475e+01    2.4585263752e+02   -2.7205995597e+01    1.1559028121e+01    1.0587119732e+01   -4.0160084319e+01    2.3669689895e+00    5.1200000000e+02    5.5301104004e-04    4.4986979167e-01
       199   -1.5706287050e+01    2.4752743955e+02   -2.6969578783e+01    1.1263291732e+01    1.0496907812e+01   -3.9695819640e+01    2.2293330463e+00    5.1200000000e+02    5.5333075439e-04    4.4661458333e-01
