#   index    LocalEnergy         LocalEnergy_sq      LocalPotential      Kinetic             ElecElec            LocalECP            NonLocalECP         BlockWeight         BlockCPU            AcceptRatio         
         0   -1.5900838025e+01    2.5310509706e+02   -2.7457002228e+01    1.1556164203e+01    1.0318060977e+01   -3.9864762705e+01    2.0896994993e+00    6.7118000000e+04    1.4298477441e-01    9.9711831055e-01
         1   -1.5900893107e+01    2.5314206900e+02   -2.7516363879e+01    1.1615470772e+01    1.0310161072e+01   -4.0009543555e+01    2.1830186032e+00    6.7462000000e+04    1.4584023980e-01    9.9704291950e-01
         2   -1.5897172395e+01    2.5298742871e+02   -2.7645270990e+01    1.1748098596e+01    1.0306938109e+01   -4.0204843218e+01    2.2526341183e+00    6.7247000000e+04    1.4465702949e-01    9.9692508613e-01
         3   -1.5893216595e+01    2.5285977030e+02   -2.7637557001e+01    1.1744340406e+01    1.0282725749e+01   -3.9911051585e+01    1.9907688358e+00    6.6600000000e+04    1.4634167805e-01    9.9714234339e-01
         4   -1.5904747823e+01    2.5323961720e+02   -2.7707088294e+01    1.1802340471e+01    1.0328902398e+01   -4.0151340465e+01    2.1153497731e+00    6.6482000000e+04    1.3938071660e-01    9.9691685865e-01
         5   -1.5901127212e+01    2.5313510617e+02   -2.7718077085e+01    1.1816949873e+01    1.0366789534e+01   -4.0259026548e+01    2.1741599297e+00    6.6549000000e+04    1.4360758375e-01    9.9686382655e-01
         6   -1.5905512571e+01    2.5327992956e+02   -2.7727694373e+01    1.1822181802e+01    1.0343502408e+01   -4.0296641583e+01    2.2254448027e+00    6.6596000000e+04    1.4606792578e-01    9.9690938942e-01
         7   -1.5903827439e+01    2.5321950895e+02   -2.7757462535e+01    1.1853635096e+01    1.0356759400e+01   -4.0298846824e+01    2.1846248891e+00    6.6383000000e+04    1.4030965133e-01    9.9706056373e-01
         8   -1.5915951443e+01    2.5359675559e+02   -2.7759726786e+01    1.1843775343e+01    1.0355573872e+01   -4.0205559343e+01    2.0902586848e+00    6.6417000000e+04    1.4065294750e-01    9.9703329625e-01
         9   -1.5907165195e+01    2.5343687987e+02   -2.7713580244e+01    1.1806415048e+01    1.0332073643e+01   -4.0103475528e+01    2.0578216419e+00    6.6302000000e+04    1.3881110195e-01    9.9701380459e-01
        10   -1.5898675041e+01    2.5302813688e+02   -2.7540734604e+01    1.1642059563e+01    1.0286893825e+01   -3.9860967995e+01    2.0333395658e+00    6.5876000000e+04    1.3575270531e-01    9.9693863593e-01
        11   -1.5890952148e+01    2.5280372629e+02   -2.7595063879e+01    1.1704111730e+01    1.0352786328e+01   -4.0049274399e+01    2.1014241923e+00    6.5943000000e+04    1.3464002121e-01    9.9686322754e-01
        12   -1.5891705314e+01    2.5282734155e+02   -2.7676598107e+01    1.1784892794e+01    1.0338513809e+01   -4.0153145870e+01    2.1380339537e+00    6.6110000000e+04    1.3693743625e-01    9.9694845188e-01
        13   -1.5883570311e+01    2.5256610220e+02   -2.7721332254e+01    1.1837761943e+01    1.0330978511e+01   -4.0104927798e+01    2.0526170332e+00    6.6006000000e+04    1.3988422172e-01    9.9687819237e-01
        14   -1.5895690026e+01    2.5295485133e+02   -2.7622347642e+01    1.1726657616e+01    1.0299301190e+01   -4.0032473368e+01    2.1108245353e+00    6.5838000000e+04    1.3789633695e-01    9.9702563621e-01
        15   -1.5893581978e+01    2.5288310886e+02   -2.7691579764e+01    1.1797997786e+01    1.0301579487e+01   -4.0082078917e+01    2.0889196657e+00    6.5540000000e+04    1.3569508812e-01    9.9697287175e-01
        16   -1.5892212378e+01    2.5284367878e+02   -2.7665026848e+01    1.1772814470e+01    1.0316871176e+01   -4.0129731512e+01    2.1478334885e+00    6.5030000000e+04    1.3520090012e-01    9.9703834758e-01
        17   -1.5884156538e+01    2.5257305736e+02   -2.7696942690e+01    1.1812786151e+01    1.0299473515e+01   -4.0083568485e+01    2.0871522802e+00    6.4993000000e+04    1.3437519199e-01    9.9698069025e-01
        18   -1.5884633582e+01    2.5261066385e+02   -2.7572852978e+01    1.1688219396e+01    1.0333806275e+01   -4.0010917516e+01    2.1042582627e+00    6.5219000000e+04    1.3656642988e-01    9.9690734251e-01
        19   -1.5875935480e+01    2.5232377183e+02   -2.7511934707e+01    1.1635999227e+01    1.0331174128e+01   -3.9926481864e+01    2.0833730295e+00    6.5264000000e+04    1.3507375520e-01    9.9689890166e-01
        20   -1.5902860143e+01    2.5317579337e+02   -2.7421407826e+01    1.1518547682e+01    1.0324802193e+01   -3.9802091810e+01    2.0558817922e+00    6.5012000000e+04    1.4052554348e-01    9.9703116805e-01
        21   -1.5897676200e+01    2.5299291898e+02   -2.7394016107e+01    1.1496339907e+01    1.0262207400e+01   -3.9735156550e+01    2.0789330437e+00    6.5119000000e+04    1.4078958461e-01    9.9699964672e-01
        22   -1.5897637891e+01    2.5300404426e+02   -2.7423467384e+01    1.1525829492e+01    1.0274495451e+01   -3.9727805088e+01    2.0298422531e+00    6.5404000000e+04    1.3658503645e-01    9.9705639498e-01
        23   -1.5889540304e+01    2.5275514321e+02   -2.7582251628e+01    1.1692711324e+01    1.0302931459e+01   -3.9920663901e+01    2.0354808142e+00    6.5743000000e+04    1.3515938125e-01    9.9713192335e-01
        24   -1.5897989910e+01    2.5305507677e+02   -2.7586389476e+01    1.1688399566e+01    1.0291455677e+01   -3.9902891848e+01    2.0250466953e+00    6.5827000000e+04    1.3903363477e-01    9.9695895283e-01
        25   -1.5897705846e+01    2.5302300620e+02   -2.7676475684e+01    1.1778769839e+01    1.0277908922e+01   -4.0070994105e+01    2.1166094985e+00    6.5946000000e+04    1.3852362027e-01    9.9684531986e-01
        26   -1.5896950029e+01    2.5299215740e+02   -2.7558945484e+01    1.1661995454e+01    1.0294381631e+01   -3.9930408326e+01    2.0770812115e+00    6.6023000000e+04    1.3781427602e-01    9.9691261133e-01
        27   -1.5884887647e+01    2.5261856467e+02   -2.7717107385e+01    1.1832219738e+01    1.0351610048e+01   -4.0084921493e+01    2.0162040603e+00    6.5747000000e+04    1.3674000504e-01    9.9699015520e-01
        28   -1.5893190888e+01    2.5287832547e+02   -2.7639915673e+01    1.1746724785e+01    1.0375449434e+01   -4.0104832443e+01    2.0894673360e+00    6.5864000000e+04    1.3977786277e-01    9.9686722046e-01
        29   -1.5895116373e+01    2.5291945717e+02   -2.7548456512e+01    1.1653340139e+01    1.0330684605e+01   -3.9916542201e+01    2.0374010840e+00    6.5998000000e+04    1.3890551895e-01    9.9690234618e-01
        30   -1.5897433100e+01    2.5299997475e+02   -2.7548579393e+01    1.1651146293e+01    1.0305936505e+01   -3.9888210989e+01    2.0336950911e+00    6.5722000000e+04    1.3622563637e-01    9.9696775744e-01
        31   -1.5890979445e+01    2.5279856666e+02   -2.7608759835e+01    1.1717780390e+01    1.0341889516e+01   -4.0025518170e+01    2.0748688195e+00    6.5837000000e+04    1.3827961066e-01    9.9698699431e-01
        32   -1.5901033450e+01    2.5313714998e+02   -2.7741461633e+01    1.1840428183e+01    1.0356735270e+01   -4.0213868219e+01    2.1156713156e+00    6.6191000000e+04    1.3689934375e-01    9.9712880873e-01
        33   -1.5902657492e+01    2.5318190491e+02   -2.7671408644e+01    1.1768751152e+01    1.0288960407e+01   -4.0189907499e+01    2.2295384486e+00    6.6033000000e+04    1.3406902680e-01    9.9690060732e-01
        34   -1.5896326842e+01    2.5298254266e+02   -2.7665166150e+01    1.1768839308e+01    1.0336929536e+01   -4.0213899768e+01    2.2118040821e+00    6.5413000000e+04    1.3642105902e-01    9.9709320843e-01
        35   -1.5885413433e+01    2.5263192604e+02   -2.7662367286e+01    1.1776953852e+01    1.0308101589e+01   -3.9993276118e+01    2.0228072437e+00    6.5289000000e+04    1.5680922934e-01    9.9685094539e-01
        36   -1.5899327539e+01    2.5307015480e+02   -2.7524101724e+01    1.1624774185e+01    1.0234413354e+01   -3.9778923557e+01    2.0204084785e+00    6.4925000000e+04    1.3893735656e-01    9.9708470420e-01
        37   -1.5893752272e+01    2.5286207924e+02   -2.7471050485e+01    1.1577298213e+01    1.0232985358e+01   -3.9762383466e+01    2.0583476236e+00    6.4883000000e+04    1.3705586941e-01    9.9697078168e-01
        38   -1.5904885171e+01    2.5323749110e+02   -2.7747535748e+01    1.1842650577e+01    1.0253968469e+01   -4.0103323334e+01    2.1018191167e+00    6.5307000000e+04    1.3776529063e-01    9.9688180267e-01
        39   -1.5896977454e+01    2.5299168648e+02   -2.7509742759e+01    1.1612765305e+01    1.0248599351e+01   -3.9771716190e+01    2.0133740801e+00    6.5382000000e+04    1.3500908520e-01    9.9701912924e-01
        40   -1.5886318004e+01    2.5267175238e+02   -2.7526414369e+01    1.1640096365e+01    1.0258380799e+01   -3.9818166037e+01    2.0333708690e+00    6.5800000000e+04    1.3795427457e-01    9.9687155615e-01
        41   -1.5884143383e+01    2.5258525336e+02   -2.7419581305e+01    1.1535437921e+01    1.0240992829e+01   -3.9676057009e+01    2.0154828755e+00    6.5817000000e+04    1.3599913133e-01    9.9695127734e-01
        42   -1.5885556210e+01    2.5262441167e+02   -2.7441003031e+01    1.1555446820e+01    1.0258248239e+01   -3.9726855799e+01    2.0276045291e+00    6.6232000000e+04    1.3998999770e-01    9.9710297437e-01
        43   -1.5887220211e+01    2.5267524961e+02   -2.7656418374e+01    1.1769198163e+01    1.0328390545e+01   -4.0100790315e+01    2.1159813960e+00    6.6775000000e+04    1.5114036988e-01    9.9697492045e-01
        44   -1.5883670498e+01    2.5256388649e+02   -2.7817228287e+01    1.1933557790e+01    1.0355049104e+01   -4.0258066283e+01    2.0857888913e+00    6.6846000000e+04    1.4581734766e-01    9.9684359569e-01
        45   -1.5887660164e+01    2.5269275811e+02   -2.7731389309e+01    1.1843729145e+01    1.0334820167e+01   -4.0142959710e+01    2.0767502337e+00    6.6784000000e+04    1.4392771445e-01    9.9688071273e-01
        46   -1.5889918115e+01    2.5275712379e+02   -2.7679696619e+01    1.1789778504e+01    1.0359820489e+01   -4.0137790754e+01    2.0982736458e+00    6.6308000000e+04    1.4129128773e-01    9.9703773582e-01
        47   -1.5887198291e+01    2.5270054557e+02   -2.7616806492e+01    1.1729608200e+01    1.0306601957e+01   -4.0039210858e+01    2.1158024092e+00    6.6326000000e+04    1.4071571969e-01    9.9685603093e-01
        48   -1.5887298999e+01    2.5267802259e+02   -2.7569770074e+01    1.1682471075e+01    1.0327923588e+01   -3.9970082904e+01    2.0723892422e+00    6.6386000000e+04    1.4071151840e-01    9.9711317217e-01
        49   -1.5891440398e+01    2.5280988035e+02   -2.7588619389e+01    1.1697178991e+01    1.0332514662e+01   -3.9942782259e+01    2.0216482084e+00    6.6631000000e+04    1.4550239676e-01    9.9674047384e-01
        50   -1.5885868512e+01    2.5265642871e+02   -2.7510416949e+01    1.1624548437e+01    1.0285016404e+01   -3.9858367759e+01    2.0629344070e+00    6.6654000000e+04    1.4328201488e-01    9.9685468336e-01
        51   -1.5899169404e+01    2.5308025428e+02   -2.7683633630e+01    1.1784464226e+01    1.0306155174e+01   -4.0052519405e+01    2.0627306011e+00    6.6289000000e+04    1.4408850227e-01    9.9691359475e-01
        52   -1.5900494650e+01    2.5311342046e+02   -2.7546651794e+01    1.1646157144e+01    1.0304727075e+01   -4.0032269577e+01    2.1808907078e+00    6.6089000000e+04    1.3473860488e-01    9.9700165991e-01
        53   -1.5890869226e+01    2.5278546983e+02   -2.7676530392e+01    1.1785661166e+01    1.0298975821e+01   -4.0064190605e+01    2.0886843922e+00    6.5983000000e+04    1.3483311855e-01    9.9685325838e-01
        54   -1.5893776035e+01    2.5288982386e+02   -2.7718014480e+01    1.1824238444e+01    1.0311027446e+01   -4.0097242519e+01    2.0682005936e+00    6.5701000000e+04    1.3694557938e-01    9.9708007296e-01
        55   -1.5880234285e+01    2.5249471958e+02   -2.7617333031e+01    1.1737098745e+01    1.0356841670e+01   -4.0171112918e+01    2.1969382174e+00    6.5502000000e+04    1.3838624387e-01    9.9685271307e-01
        56   -1.5871405349e+01    2.5219371394e+02   -2.7889016210e+01    1.2017610861e+01    1.0388903161e+01   -4.0325286976e+01    2.0473676050e+00    6.5714000000e+04    1.3523535855e-01    9.9688272985e-01
        57   -1.5883824272e+01    2.5259072790e+02   -2.7772046866e+01    1.1888222593e+01    1.0341772123e+01   -4.0150299816e+01    2.0364808273e+00    6.5688000000e+04    1.3596164461e-01    9.9680838735e-01
        58   -1.5881701531e+01    2.5251136227e+02   -2.7717895282e+01    1.1836193751e+01    1.0327757326e+01   -4.0138721314e+01    2.0930687059e+00    6.5320000000e+04    1.3664564574e-01    9.9695332099e-01
        59   -1.5891290250e+01    2.5282648585e+02   -2.7734625611e+01    1.1843335361e+01    1.0344892183e+01   -4.0066993280e+01    1.9874754864e+00    6.5402000000e+04    1.3545290109e-01    9.9697977510e-01
        60   -1.5891504682e+01    2.5280023810e+02   -2.7753325433e+01    1.1861820751e+01    1.0321680405e+01   -3.9960909659e+01    1.8859038213e+00    6.5275000000e+04    1.3455981711e-01    9.9695662480e-01
        61   -1.5891479039e+01    2.5283339750e+02   -2.7725005419e+01    1.1833526380e+01    1.0335166741e+01   -4.0067309332e+01    2.0071371730e+00    6.5131000000e+04    1.3269098582e-01    9.9693992642e-01
        62   -1.5893018922e+01    2.5290239653e+02   -2.7635885395e+01    1.1742866474e+01    1.0334896976e+01   -3.9934426701e+01    1.9636443291e+00    6.5362000000e+04    1.3422269465e-01    9.9705372837e-01
        63   -1.5893301996e+01    2.5288187929e+02   -2.7615081380e+01    1.1721779384e+01    1.0338730687e+01   -4.0027102763e+01    2.0732906965e+00    6.5692000000e+04    1.3687769484e-01    9.9688328150e-01
        64   -1.5879568587e+01    2.5248175765e+02   -2.7636191599e+01    1.1756623012e+01    1.0339553156e+01   -4.0083870869e+01    2.1081261135e+00    6.6114000000e+04    1.3812875422e-01    9.9683294633e-01
        65   -1.5890480626e+01    2.5280206903e+02   -2.7572353150e+01    1.1681872524e+01    1.0299881654e+01   -3.9994412781e+01    2.1221779767e+00    6.6365000000e+04    1.5670939828e-01    9.9718241704e-01
        66   -1.5900061033e+01    2.5309147181e+02   -2.7551839876e+01    1.1651778842e+01    1.0318540680e+01   -3.9940997578e+01    2.0706170219e+00    6.6374000000e+04    1.5994161652e-01    9.9695143209e-01
        67   -1.5894585042e+01    2.5291495980e+02   -2.7643980274e+01    1.1749395231e+01    1.0334229937e+01   -4.0000076543e+01    2.0218663315e+00    6.6689000000e+04    1.6857136098e-01    9.9676229395e-01
        68   -1.5905149530e+01    2.5327480035e+02   -2.7683369036e+01    1.1778219506e+01    1.0360583847e+01   -4.0162627812e+01    2.1186749291e+00    6.6653000000e+04    1.7478197102e-01    9.9683192347e-01
        69   -1.5897464998e+01    2.5298122823e+02   -2.7641703501e+01    1.1744238503e+01    1.0304239694e+01   -4.0100644397e+01    2.1547012016e+00    6.6778000000e+04    1.7497310187e-01    9.9693190128e-01
        70   -1.5892111859e+01    2.5283363659e+02   -2.7631949230e+01    1.1739837372e+01    1.0278098415e+01   -4.0009438974e+01    2.0993913288e+00    6.7098000000e+04    1.7844097508e-01    9.9705658671e-01
        71   -1.5887493865e+01    2.5271675417e+02   -2.7653565473e+01    1.1766071608e+01    1.0341822396e+01   -4.0203187861e+01    2.2077999925e+00    6.7448000000e+04    1.7644051016e-01    9.9693572246e-01
        72   -1.5894036129e+01    2.5292210224e+02   -2.7719222793e+01    1.1825186664e+01    1.0382479025e+01   -4.0355871136e+01    2.2541693177e+00    6.7265000000e+04    1.8191880211e-01    9.9696520404e-01
        73   -1.5880711317e+01    2.5246913101e+02   -2.7889725424e+01    1.2009014107e+01    1.0432252041e+01   -4.0447088612e+01    2.1251111470e+00    6.6927000000e+04    1.7439801684e-01    9.9698544576e-01
        74   -1.5886977646e+01    2.5266923842e+02   -2.7790092359e+01    1.1903114713e+01    1.0370559046e+01   -4.0303786474e+01    2.1431350695e+00    6.6370000000e+04    1.6624991223e-01    9.9687697638e-01
        75   -1.5883733897e+01    2.5256598316e+02   -2.7820124674e+01    1.1936390777e+01    1.0375435578e+01   -4.0236377682e+01    2.0408174305e+00    6.6049000000e+04    1.6382194199e-01    9.9697502306e-01
        76   -1.5895530174e+01    2.5296417201e+02   -2.7639460613e+01    1.1743930439e+01    1.0338374705e+01   -4.0087705117e+01    2.1098697993e+00    6.6062000000e+04    1.6438934570e-01    9.9673122098e-01
        77   -1.5884049086e+01    2.5256974141e+02   -2.7646636388e+01    1.1762587302e+01    1.0331111289e+01   -4.0088082473e+01    2.1103347955e+00    6.6151000000e+04    1.6236686398e-01    9.9687056345e-01
        78   -1.5892425930e+01    2.5287800018e+02   -2.7665018003e+01    1.1772592073e+01    1.0295403896e+01   -4.0129293647e+01    2.1688717474e+00    6.6367000000e+04    1.6203312664e-01    9.9718701463e-01
        79   -1.5902814086e+01    2.5319005733e+02   -2.7670131397e+01    1.1767317311e+01    1.0332676875e+01   -4.0104835665e+01    2.1020273924e+00    6.6091000000e+04    1.6012320637e-01    9.9690812721e-01
        80   -1.5899800871e+01    2.5308956249e+02   -2.7497447412e+01    1.1597646541e+01    1.0320297268e+01   -3.9894321687e+01    2.0765770064e+00    6.5774000000e+04    1.6366531434e-01    9.9690997475e-01
        81   -1.5902335113e+01    2.5344502491e+02   -2.7621846853e+01    1.1719511740e+01    1.0280704495e+01   -3.9921648126e+01    2.0190967792e+00    6.5421000000e+04    1.6246128008e-01    9.9689671396e-01
        82   -1.5898408930e+01    2.5300367838e+02   -2.7531217373e+01    1.1632808443e+01    1.0325650660e+01   -3.9855031580e+01    1.9981635470e+00    6.5386000000e+04    1.5881491750e-01    9.9700521459e-01
        83   -1.5903115627e+01    2.5318561978e+02   -2.7638014278e+01    1.1734898652e+01    1.0325922439e+01   -4.0009330087e+01    2.0453933692e+00    6.5297000000e+04    1.6163380895e-01    9.9696736642e-01
        84   -1.5897930085e+01    2.5300300459e+02   -2.7737474123e+01    1.1839544038e+01    1.0347337284e+01   -4.0162556775e+01    2.0777453681e+00    6.5585000000e+04    1.6575161766e-01    9.9705656596e-01
        85   -1.5895584414e+01    2.5292784752e+02   -2.7628927634e+01    1.1733343220e+01    1.0339862395e+01   -4.0082105715e+01    2.1133156856e+00    6.5643000000e+04    1.6238622941e-01    9.9703965182e-01
        86   -1.5896690510e+01    2.5297702713e+02   -2.7647723057e+01    1.1751032547e+01    1.0326305219e+01   -4.0064704190e+01    2.0906759145e+00    6.5476000000e+04    1.5973599242e-01    9.9681351974e-01
        87   -1.5884148993e+01    2.5258849236e+02   -2.7592386878e+01    1.1708237884e+01    1.0363365938e+01   -4.0050075205e+01    2.0943223893e+00    6.5453000000e+04    1.6209481125e-01    9.9703130114e-01
        88   -1.5895189374e+01    2.5295592987e+02   -2.7619881839e+01    1.1724692465e+01    1.0359583726e+01   -4.0054296600e+01    2.0748310346e+00    6.5276000000e+04    1.5991981137e-01    9.9705897431e-01
        89   -1.5892111181e+01    2.5283338933e+02   -2.7715365056e+01    1.1823253875e+01    1.0377174009e+01   -4.0070181333e+01    1.9776422675e+00    6.5062000000e+04    1.6024478207e-01    9.9685422472e-01
        90   -1.5890689192e+01    2.5276783894e+02   -2.7584700492e+01    1.1694011300e+01    1.0327491803e+01   -3.9928498819e+01    2.0163065239e+00    6.4818000000e+04    1.5939469113e-01    9.9712452830e-01
        91   -1.5892149340e+01    2.5284367600e+02   -2.7653055403e+01    1.1760906063e+01    1.0322999000e+01   -4.0135673416e+01    2.1596190125e+00    6.4881000000e+04    1.5856027672e-01    9.9695122370e-01
        92   -1.5897834593e+01    2.5301742744e+02   -2.7743195574e+01    1.1845360980e+01    1.0343626028e+01   -4.0102578827e+01    2.0157572254e+00    6.5385000000e+04    1.5799607203e-01    9.9691051677e-01
        93   -1.5901883404e+01    2.5315887093e+02   -2.7974725591e+01    1.2072842187e+01    1.0352965943e+01   -4.0574156326e+01    2.2464647924e+00    6.4795000000e+04    1.6027465898e-01    9.9690752282e-01
        94   -1.5894801924e+01    2.5292928578e+02   -2.7963705093e+01    1.2068903169e+01    1.0386498657e+01   -4.0493956293e+01    2.1437525423e+00    6.4551000000e+04    1.6128454496e-01    9.9671283156e-01
        95   -1.5885144611e+01    2.5263978961e+02   -2.7844748911e+01    1.1959604299e+01    1.0349842652e+01   -4.0281053447e+01    2.0864618844e+00    6.4840000000e+04    1.6354708328e-01    9.9698131857e-01
        96   -1.5902327633e+01    2.5316429496e+02   -2.7777430334e+01    1.1875102701e+01    1.0311733848e+01   -4.0104687761e+01    2.0155235794e+00    6.4777000000e+04    1.6333281895e-01    9.9691306905e-01
        97   -1.5896984681e+01    2.5299260192e+02   -2.7728619928e+01    1.1831635247e+01    1.0317986778e+01   -4.0110197941e+01    2.0635912355e+00    6.4413000000e+04    1.6050151492e-01    9.9698877247e-01
        98   -1.5894616472e+01    2.5294305190e+02   -2.7761844660e+01    1.1867228188e+01    1.0326009958e+01   -4.0190691808e+01    2.1028371896e+00    6.4597000000e+04    1.5997940840e-01    9.9694952935e-01
        99   -1.5897724886e+01    2.5298199523e+02   -2.7669887826e+01    1.1772162940e+01    1.0317776852e+01   -3.9975010418e+01    1.9873457402e+00    6.4945000000e+04    1.5914116574e-01    9.9693971874e-01
       100   -1.5898193369e+01    2.5316848258e+02   -2.7765343370e+01    1.1867150001e+01    1.0312033476e+01   -4.0125094525e+01    2.0477176784e+00    6.5244000000e+04    1.5971208633e-01    9.9703768363e-01
       101   -1.5895459236e+01    2.5292886004e+02   -2.7585681261e+01    1.1690222025e+01    1.0302271910e+01   -3.9857243006e+01    1.9692898349e+00    6.5559000000e+04    1.5971341801e-01    9.9696681969e-01
       102   -1.5895635618e+01    2.5293876270e+02   -2.7520901696e+01    1.1625266078e+01    1.0293338252e+01   -3.9926982219e+01    2.1127422715e+00    6.5762000000e+04    1.6071701953e-01    9.9705464681e-01
       103   -1.5891471024e+01    2.5279536252e+02   -2.7578050102e+01    1.1686579078e+01    1.0285264806e+01   -3.9896132978e+01    2.0328180710e+00    6.5736000000e+04    1.5791201137e-01    9.9688159923e-01
       104   -1.5886039772e+01    2.5262815264e+02   -2.7539401457e+01    1.1653361685e+01    1.0253108507e+01   -3.9722146259e+01    1.9296362947e+00    6.5462000000e+04    1.5917076578e-01    9.9685626639e-01
       105   -1.5891286741e+01    2.5280807258e+02   -2.7546554060e+01    1.1655267319e+01    1.0275721568e+01   -3.9849329633e+01    2.0270540055e+00    6.5467000000e+04    1.6260270766e-01    9.9685093448e-01
       106   -1.5891158180e+01    2.5281711217e+02   -2.7536398163e+01    1.1645239983e+01    1.0291082339e+01   -3.9843492405e+01    2.0160119033e+00    6.5837000000e+04    1.5940837621e-01    9.9715932026e-01
       107   -1.5893391975e+01    2.5290712444e+02   -2.7471656350e+01    1.1578264375e+01    1.0258629763e+01   -3.9838283545e+01    2.1079974320e+00    6.6272000000e+04    1.6296736063e-01    9.9691909298e-01
       108   -1.5889332725e+01    2.5275583566e+02   -2.7509582799e+01    1.1620250075e+01    1.0224808280e+01   -3.9766514968e+01    2.0321238890e+00    6.6687000000e+04    1.6864787473e-01    9.9699524174e-01
       109   -1.5891128800e+01    2.5280537633e+02   -2.7525039589e+01    1.1633910789e+01    1.0268424534e+01   -3.9895581344e+01    2.1021172215e+00    6.6760000000e+04    1.7957646922e-01    9.9685732497e-01
       110   -1.5901692519e+01    2.5314150204e+02   -2.7658126015e+01    1.1756433497e+01    1.0258966163e+01   -4.0027100323e+01    2.1100081439e+00    6.6797000000e+04    1.7796726234e-01    9.9690082490e-01
       111   -1.5886882337e+01    2.5263775477e+02   -2.7606817524e+01    1.1719935188e+01    1.0289528167e+01   -3.9877226133e+01    1.9808804410e+00    6.6664000000e+04    1.7432203844e-01    9.9695729182e-01
       112   -1.5876620323e+01    2.5234547565e+02   -2.7633296204e+01    1.1756675881e+01    1.0273548872e+01   -3.9937221289e+01    2.0303762135e+00    6.6418000000e+04    1.6403537750e-01    9.9696171262e-01
       113   -1.5873899520e+01    2.5225657813e+02   -2.7495043256e+01    1.1621143736e+01    1.0280391830e+01   -3.9733192719e+01    1.9577576325e+00    6.6354000000e+04    1.6128916004e-01    9.9701435482e-01
       114   -1.5889947102e+01    2.5277728159e+02   -2.7598654892e+01    1.1708707789e+01    1.0269642222e+01   -3.9830016527e+01    1.9617194124e+00    6.6371000000e+04    1.6304892406e-01    9.9710085193e-01
       115   -1.5884798041e+01    2.5260535134e+02   -2.7647919513e+01    1.1763121473e+01    1.0275770694e+01   -3.9912847938e+01    1.9891577311e+00    6.5814000000e+04    1.6333859164e-01    9.9681210540e-01
       116   -1.5880082381e+01    2.5246168219e+02   -2.7616033468e+01    1.1735951087e+01    1.0307863219e+01   -3.9942649769e+01    2.0187530815e+00    6.5414000000e+04    1.6352665641e-01    9.9695093120e-01
       117   -1.5879954400e+01    2.5245251688e+02   -2.7492294716e+01    1.1612340315e+01    1.0331124097e+01   -3.9947096445e+01    2.1236776332e+00    6.5521000000e+04    1.6313475391e-01    9.9697751598e-01
       118   -1.5878317485e+01    2.5237742876e+02   -2.7562908448e+01    1.1684590964e+01    1.0340159498e+01   -3.9900263697e+01    1.9971957508e+00    6.5455000000e+04    1.6641275566e-01    9.9691419095e-01
       119   -1.5884638284e+01    2.5259637896e+02   -2.7632870614e+01    1.1748232330e+01    1.0343726831e+01   -4.0059993843e+01    2.0833963980e+00    6.4956000000e+04    1.6386475621e-01    9.9698593093e-01
       120   -1.5890890301e+01    2.5280339228e+02   -2.7880139717e+01    1.1989249415e+01    1.0341341614e+01   -4.0380360692e+01    2.1588793613e+00    6.4860000000e+04    1.6205041758e-01    9.9687527411e-01
       121   -1.5897927082e+01    2.5302567355e+02   -2.7529428817e+01    1.1631501735e+01    1.0222103693e+01   -3.9859532113e+01    2.1079996023e+00    6.4734000000e+04    1.6327388711e-01    9.9699245868e-01
       122   -1.5896235761e+01    2.5298745233e+02   -2.7543709804e+01    1.1647474043e+01    1.0226809024e+01   -3.9808853784e+01    2.0383349554e+00    6.4487000000e+04    1.6382105645e-01    9.9686084284e-01
       123   -1.5888664987e+01    2.5274933294e+02   -2.7472251106e+01    1.1583586118e+01    1.0267523061e+01   -3.9842789485e+01    2.1030153190e+00    6.4328000000e+04    1.4763341004e-01    9.9684595399e-01
       124   -1.5888599397e+01    2.5274202233e+02   -2.7552004759e+01    1.1663405361e+01    1.0232131195e+01   -3.9753774973e+01    1.9696390192e+00    6.4535000000e+04    1.4697598789e-01    9.9688801529e-01
       125   -1.5887035119e+01    2.5268161601e+02   -2.7588065819e+01    1.1701030700e+01    1.0268151042e+01   -3.9906525010e+01    2.0503081493e+00    6.4308000000e+04    1.4730184273e-01    9.9683642614e-01
       126   -1.5894104214e+01    2.5291260761e+02   -2.7771431578e+01    1.1877327364e+01    1.0312168670e+01   -4.0160059374e+01    2.0764591261e+00    6.4547000000e+04    1.4941332570e-01    9.9683297692e-01
       127   -1.5892148604e+01    2.5285548997e+02   -2.7731042797e+01    1.1838894192e+01    1.0367458132e+01   -4.0245256830e+01    2.1467559012e+00    6.4955000000e+04    1.4731825258e-01    9.9689267850e-01
       128   -1.5891193064e+01    2.5281394361e+02   -2.7691628753e+01    1.1800435689e+01    1.0378468959e+01   -4.0159705836e+01    2.0896081241e+00    6.4806000000e+04    1.4865391867e-01    9.9693451672e-01
       129   -1.5892809845e+01    2.5285645263e+02   -2.7636698770e+01    1.1743888925e+01    1.0387899592e+01   -4.0104867755e+01    2.0802693936e+00    6.4890000000e+04    1.4960582813e-01    9.9705360956e-01
       130   -1.5906725610e+01    2.5331817843e+02   -2.7694039763e+01    1.1787314153e+01    1.0356219458e+01   -4.0045917612e+01    1.9956583913e+00    6.4891000000e+04    1.4996253871e-01    9.9678119035e-01
       131   -1.5895262678e+01    2.5293788455e+02   -2.7590432227e+01    1.1695169549e+01    1.0366327141e+01   -3.9926605180e+01    1.9698458119e+00    6.5247000000e+04    1.5265975680e-01    9.9690134593e-01
       132   -1.5885071166e+01    2.5259734098e+02   -2.7425181059e+01    1.1540109892e+01    1.0373186095e+01   -3.9764148201e+01    1.9657810466e+00    6.5179000000e+04    1.5152423559e-01    9.9703095441e-01
       133   -1.5880470320e+01    2.5244061847e+02   -2.7485828964e+01    1.1605358645e+01    1.0337923790e+01   -3.9887453307e+01    2.0637005524e+00    6.5124000000e+04    1.4842987410e-01    9.9711026385e-01
       134   -1.5891318022e+01    2.5282491841e+02   -2.7685215160e+01    1.1793897137e+01    1.0304672272e+01   -4.0105181553e+01    2.1152941214e+00    6.5148000000e+04    1.4915792063e-01    9.9688893575e-01
       135   -1.5890381524e+01    2.5280534866e+02   -2.7579501568e+01    1.1689120044e+01    1.0301668630e+01   -3.9825165079e+01    1.9439948815e+00    6.5131000000e+04    1.5039622918e-01    9.9701674457e-01
       136   -1.5890586719e+01    2.5279915824e+02   -2.7402473228e+01    1.1511886509e+01    1.0274555040e+01   -3.9740691125e+01    2.0636628567e+00    6.5338000000e+04    1.4935677949e-01    9.9696246668e-01
       137   -1.5891047406e+01    2.5279695640e+02   -2.7485335856e+01    1.1594288450e+01    1.0341282386e+01   -3.9870962046e+01    2.0443438033e+00    6.5405000000e+04    1.5361286648e-01    9.9691943399e-01
       138   -1.5880193506e+01    2.5245546414e+02   -2.7669706319e+01    1.1789512813e+01    1.0359695734e+01   -4.0140570005e+01    2.1111679519e+00    6.5675000000e+04    1.5593636473e-01    9.9690572443e-01
       139   -1.5884673285e+01    2.5266278895e+02   -2.7759808161e+01    1.1875134876e+01    1.0386980927e+01   -4.0322676268e+01    2.1758871793e+00    6.5900000000e+04    1.5296990918e-01    9.9701085356e-01
       140   -1.5892057849e+01    2.5283203695e+02   -2.7671353622e+01    1.1779295773e+01    1.0336278137e+01   -4.0109387060e+01    2.1017553004e+00    6.5724000000e+04    1.5201939785e-01    9.9697720329e-01
       141   -1.5894752567e+01    2.5292164011e+02   -2.7768512317e+01    1.1873759750e+01    1.0371151412e+01   -4.0245198637e+01    2.1055349085e+00    6.5780000000e+04    1.5122797414e-01    9.9699705282e-01
       142   -1.5900896696e+01    2.5312140389e+02   -2.7729175134e+01    1.1828278438e+01    1.0356263565e+01   -4.0147581629e+01    2.0621429306e+00    6.6006000000e+04    1.5253307160e-01    9.9679216582e-01
       143   -1.5898110390e+01    2.5302462583e+02   -2.7693001566e+01    1.1794891176e+01    1.0346207372e+01   -4.0270648271e+01    2.2314393323e+00    6.6256000000e+04    1.5252129215e-01    9.9676509536e-01
       144   -1.5898881379e+01    2.5306192103e+02   -2.7982912208e+01    1.2084030829e+01    1.0376670199e+01   -4.0503994022e+01    2.1444116154e+00    6.6519000000e+04    1.5531770656e-01    9.9691318799e-01
       145   -1.5895274062e+01    2.5297751017e+02   -2.7785627740e+01    1.1890353678e+01    1.0362227600e+01   -4.0343145491e+01    2.1952901506e+00    6.6730000000e+04    1.6464509340e-01    9.9699024520e-01
       146   -1.5888900507e+01    2.5274358206e+02   -2.7754259263e+01    1.1865358757e+01    1.0360091692e+01   -4.0179385398e+01    2.0650344435e+00    6.6918000000e+04    1.6873259703e-01    9.9691202118e-01
       147   -1.5900685048e+01    2.5315217089e+02   -2.7795757265e+01    1.1895072216e+01    1.0329295224e+01   -4.0168734516e+01    2.0436820271e+00    6.6977000000e+04    1.6264750125e-01    9.9696185036e-01
       148   -1.5898137261e+01    2.5301221702e+02   -2.7655607826e+01    1.1757470565e+01    1.0281869663e+01   -3.9955675978e+01    2.0181984890e+00    6.6813000000e+04    1.6026470324e-01    9.9696191440e-01
       149   -1.5893303154e+01    2.5287967076e+02   -2.7719071103e+01    1.1825767949e+01    1.0278747929e+01   -4.0103648541e+01    2.1058295084e+00    6.6652000000e+04    1.5892281402e-01    9.9704977877e-01
       150   -1.5887838523e+01    2.5268503618e+02   -2.7424085936e+01    1.1536247413e+01    1.0249396929e+01   -3.9736371156e+01    2.0628882913e+00    6.6844000000e+04    1.6150391176e-01    9.9695977951e-01
       151   -1.5882070594e+01    2.5249623550e+02   -2.7646713216e+01    1.1764642623e+01    1.0273124532e+01   -3.9943846189e+01    2.0240084406e+00    6.6460000000e+04    1.5512147164e-01    9.9688606410e-01
       152   -1.5887421657e+01    2.5268130525e+02   -2.7539021280e+01    1.1651599623e+01    1.0289620779e+01   -3.9822242122e+01    1.9936000634e+00    6.5895000000e+04    1.4923228266e-01    9.9699794659e-01
       153   -1.5896715737e+01    2.5308582652e+02   -2.7623666548e+01    1.1726950810e+01    1.0279402488e+01   -3.9922086442e+01    2.0190174073e+00    6.5586000000e+04    1.5148735148e-01    9.9708883043e-01
       154   -1.5892474179e+01    2.5284460587e+02   -2.7656755568e+01    1.1764281389e+01    1.0267664055e+01   -4.0022969500e+01    2.0985498768e+00    6.5743000000e+04    1.5205078133e-01    9.9702645184e-01
       155   -1.5878093188e+01    2.5240893009e+02   -2.7490189035e+01    1.1612095847e+01    1.0286190114e+01   -3.9782933153e+01    2.0065540043e+00    6.5678000000e+04    1.5247103441e-01    9.9693218493e-01
       156   -1.5905249415e+01    2.5326055163e+02   -2.7540428450e+01    1.1635179036e+01    1.0313067631e+01   -3.9954628544e+01    2.1011324629e+00    6.5429000000e+04    1.5163179160e-01    9.9688742498e-01
       157   -1.5902685588e+01    2.5317782533e+02   -2.7549911615e+01    1.1647226027e+01    1.0310557075e+01   -3.9879785657e+01    2.0193169673e+00    6.5912000000e+04    1.5399630359e-01    9.9703136380e-01
       158   -1.5908316160e+01    2.5337869541e+02   -2.7541183187e+01    1.1632867027e+01    1.0324255476e+01   -3.9911510113e+01    2.0460714496e+00    6.6704000000e+04    1.6447435469e-01    9.9687402332e-01
       159   -1.5900819456e+01    2.5312039258e+02   -2.7663000202e+01    1.1762180745e+01    1.0342078614e+01   -4.0128286485e+01    2.1232076698e+00    6.6670000000e+04    1.5945871551e-01    9.9704024274e-01
       160   -1.5897864931e+01    2.5301809676e+02   -2.7605517264e+01    1.1707652333e+01    1.0330553655e+01   -3.9884253839e+01    1.9481829197e+00    6.6290000000e+04    1.5571906336e-01    9.9710677886e-01
       161   -1.5887074017e+01    2.5267621296e+02   -2.7592207190e+01    1.1705133173e+01    1.0304150257e+01   -3.9923548032e+01    2.0271905846e+00    6.5577000000e+04    1.5495803199e-01    9.9697401643e-01
       162   -1.5885588388e+01    2.5263175504e+02   -2.7667234468e+01    1.1781646080e+01    1.0348551618e+01   -4.0041600260e+01    2.0258141739e+00    6.5047000000e+04    1.5426165883e-01    9.9706396118e-01
       163   -1.5892615061e+01    2.5285616526e+02   -2.7798396001e+01    1.1905780939e+01    1.0358542048e+01   -4.0309045946e+01    2.1521078977e+00    6.5214000000e+04    1.5466030230e-01    9.9696224214e-01
       164   -1.5882408696e+01    2.5253754973e+02   -2.7649010559e+01    1.1766601863e+01    1.0326515834e+01   -3.9996028299e+01    2.0205019056e+00    6.4975000000e+04    1.5250735699e-01    9.9709484121e-01
       165   -1.5871722690e+01    2.5216790225e+02   -2.7703509955e+01    1.1831787265e+01    1.0333816169e+01   -4.0093358966e+01    2.0560328419e+00    6.5184000000e+04    1.5519716824e-01    9.9707430789e-01
       166   -1.5886426276e+01    2.5266221999e+02   -2.7686896295e+01    1.1800470019e+01    1.0312545599e+01   -4.0062932563e+01    2.0634906688e+00    6.4951000000e+04    1.5308004633e-01    9.9701475068e-01
       167   -1.5899277768e+01    2.5305654084e+02   -2.7626810049e+01    1.1727532280e+01    1.0285491223e+01   -4.0028023206e+01    2.1157219337e+00    6.4595000000e+04    1.5236256805e-01    9.9691652953e-01
       168   -1.5899011044e+01    2.5304716018e+02   -2.7634035505e+01    1.1735024462e+01    1.0348215380e+01   -4.0053222841e+01    2.0709719555e+00    6.4833000000e+04    1.5069096656e-01    9.9691496660e-01
       169   -1.5896772533e+01    2.5299022324e+02   -2.7670212685e+01    1.1773440152e+01    1.0310206995e+01   -4.0112502277e+01    2.1320825966e+00    6.4620000000e+04    1.5337464250e-01    9.9693110945e-01
       170   -1.5909440729e+01    2.5338421793e+02   -2.7537006923e+01    1.1627566194e+01    1.0272815406e+01   -3.9896968761e+01    2.0871464327e+00    6.4133000000e+04    1.4898410430e-01    9.9687728647e-01
       171   -1.5902672592e+01    2.5319096497e+02   -2.7615204694e+01    1.1712532102e+01    1.0313490054e+01   -3.9999159134e+01    2.0704643865e+00    6.4116000000e+04    1.5039634566e-01    9.9690753724e-01
       172   -1.5901347566e+01    2.5314507583e+02   -2.7674706999e+01    1.1773359433e+01    1.0342280409e+01   -4.0128899461e+01    2.1119120532e+00    6.4507000000e+04    1.4910759180e-01    9.9710332892e-01
       173   -1.5896040333e+01    2.5296216464e+02   -2.7857049984e+01    1.1961009652e+01    1.0385587815e+01   -4.0370027627e+01    2.1273898285e+00    6.4588000000e+04    1.4933314461e-01    9.9677938123e-01
       174   -1.5892657363e+01    2.5285345065e+02   -2.7930241123e+01    1.2037583761e+01    1.0370714244e+01   -4.0417954561e+01    2.1169991929e+00    6.4936000000e+04    1.5166451035e-01    9.9687957454e-01
       175   -1.5896129009e+01    2.5295389848e+02   -2.7701177094e+01    1.1805048085e+01    1.0365279172e+01   -4.0278104797e+01    2.2116485305e+00    6.4734000000e+04    1.5197856156e-01    9.9697244390e-01
       176   -1.5899569213e+01    2.5309193450e+02   -2.7733702606e+01    1.1834133394e+01    1.0370482824e+01   -4.0175689707e+01    2.0715042766e+00    6.4864000000e+04    1.5001241176e-01    9.9697799188e-01
       177   -1.5896801416e+01    2.5299284873e+02   -2.7809587970e+01    1.1912786554e+01    1.0401622335e+01   -4.0372728749e+01    2.1615184433e+00    6.5122000000e+04    1.5161995805e-01    9.9679879864e-01
       178   -1.5883282752e+01    2.5254762872e+02   -2.7687486396e+01    1.1804203644e+01    1.0382829774e+01   -4.0193364362e+01    2.1230481918e+00    6.4810000000e+04    1.5037265297e-01    9.9683546102e-01
       179   -1.5889135931e+01    2.5276294391e+02   -2.7579031233e+01    1.1689895302e+01    1.0317992021e+01   -3.9945690072e+01    2.0486668179e+00    6.4353000000e+04    1.5224773504e-01    9.9680509477e-01
       180   -1.5893076009e+01    2.5287387045e+02   -2.7603111055e+01    1.1710035046e+01    1.0312678982e+01   -3.9957278209e+01    2.0414881714e+00    6.4165000000e+04    1.5135371031e-01    9.9683425447e-01
       181   -1.5895158380e+01    2.5292821246e+02   -2.7628349234e+01    1.1733190853e+01    1.0282551356e+01   -3.9958628948e+01    2.0477283580e+00    6.4399000000e+04    1.5224928090e-01    9.9705495369e-01
       182   -1.5888202482e+01    2.5270954952e+02   -2.7744006728e+01    1.1855804246e+01    1.0326696116e+01   -4.0200072686e+01    2.1293698429e+00    6.4437000000e+04    1.5095485535e-01    9.9681068382e-01
       183   -1.5886117271e+01    2.5264439492e+02   -2.7633020426e+01    1.1746903155e+01    1.0339470217e+01   -4.0071922562e+01    2.0994319188e+00    6.4603000000e+04    1.4802740699e-01    9.9705881126e-01
       184   -1.5887992250e+01    2.5274270609e+02   -2.7588316476e+01    1.1700324226e+01    1.0351829442e+01   -4.0004305366e+01    2.0641594482e+00    6.4675000000e+04    1.5322609594e-01    9.9707494396e-01
       185   -1.5886500679e+01    2.5266409969e+02   -2.7624013522e+01    1.1737512843e+01    1.0300546121e+01   -3.9963829899e+01    2.0392702557e+00    6.4756000000e+04    1.5163846469e-01    9.9698103359e-01
       186   -1.5879862913e+01    2.5243771851e+02   -2.7615722078e+01    1.1735859165e+01    1.0332739592e+01   -3.9921264011e+01    1.9728023421e+00    6.4572000000e+04    1.5122228934e-01    9.9687413773e-01
       187   -1.5889113856e+01    2.5274700166e+02   -2.7589315344e+01    1.1700201488e+01    1.0322741827e+01   -3.9965948520e+01    2.0538913492e+00    6.4704000000e+04    1.5110910238e-01    9.9707324141e-01
       188   -1.5892413939e+01    2.5283107019e+02   -2.7458918501e+01    1.1566504562e+01    1.0301136634e+01   -3.9808860764e+01    2.0488056291e+00    6.4955000000e+04    1.5032037387e-01    9.9708700924e-01
       189   -1.5903877134e+01    2.5319942277e+02   -2.7671707536e+01    1.1767830402e+01    1.0284353358e+01   -3.9987166642e+01    2.0311057483e+00    6.5475000000e+04    1.5400862867e-01    9.9692603718e-01
       190   -1.5894002384e+01    2.5290152660e+02   -2.7667959692e+01    1.1773957308e+01    1.0308463346e+01   -3.9983820881e+01    2.0073978431e+00    6.5419000000e+04    1.5423964437e-01    9.9695701064e-01
       191   -1.5907670765e+01    2.5333468234e+02   -2.7640891372e+01    1.1733220607e+01    1.0317823127e+01   -4.0015382094e+01    2.0566675945e+00    6.5042000000e+04    1.4872947051e-01    9.9684563017e-01
       192   -1.5898115902e+01    2.5302737407e+02   -2.7528471270e+01    1.1630355367e+01    1.0253442996e+01   -3.9886979101e+01    2.1050648356e+00    6.4652000000e+04    1.4880781793e-01    9.9689947990e-01
       193   -1.5896206109e+01    2.5296733276e+02   -2.7633138554e+01    1.1736932445e+01    1.0260794934e+01   -3.9837412677e+01    1.9434791888e+00    6.4563000000e+04    1.4773588980e-01    9.9711677649e-01
       194   -1.5895426435e+01    2.5295640907e+02   -2.7598938971e+01    1.1703512536e+01    1.0286093372e+01   -3.9886856763e+01    2.0018244198e+00    6.4324000000e+04    1.4705828102e-01    9.9684206818e-01
       195   -1.5887432466e+01    2.5268211609e+02   -2.7815037385e+01    1.1927604919e+01    1.0321696831e+01   -4.0257265898e+01    2.1205316818e+00    6.4506000000e+04    1.4957715465e-01    9.9688898198e-01
       196   -1.5890808936e+01    2.5278324110e+02   -2.7664138536e+01    1.1773329600e+01    1.0303409379e+01   -4.0091006995e+01    2.1234590808e+00    6.4547000000e+04    1.5031301352e-01    9.9708992151e-01
       197   -1.5894864074e+01    2.5293892348e+02   -2.7802134576e+01    1.1907270502e+01    1.0342873886e+01   -4.0209312894e+01    2.0643044324e+00    6.4875000000e+04    1.5233043781e-01    9.9702426520e-01
       198   -1.5909113929e+01    2.5339768502e+02   -2.7911521847e+01    1.2002407918e+01    1.0319125021e+01   -4.0304199188e+01    2.0735523194e+00    6.4999000000e+04    1.5484742012e-01    9.9673380659e-01
       199   -1.5899061592e+01    2.5308969317e+02   -2.7972148593e+01    1.2073087001e+01    1.0349516399e+01   -4.0363236574e+01    2.0415715819e+00    6.5445000000e+04    1.5215938785e-01    9.9679640226e-01
       200   -1.5893725356e+01    2.5289332610e+02   -2.7861181698e+01    1.1967456342e+01    1.0373994746e+01   -4.0297409391e+01    2.0622329477e+00    6.5238000000e+04    1.5029550195e-01    9.9681720966e-01
       201   -1.5888532062e+01    2.5272479426e+02   -2.7862027761e+01    1.1973495699e+01    1.0401744052e+01   -4.0348059820e+01    2.0842880062e+00    6.5466000000e+04    1.5424549066e-01    9.9682770872e-01
       202   -1.5886362766e+01    2.5264817983e+02   -2.7745451391e+01    1.1859088625e+01    1.0357312564e+01   -4.0237867949e+01    2.1351039936e+00    6.5772000000e+04    1.5318243383e-01    9.9683969295e-01
       203   -1.5892993900e+01    2.5287807854e+02   -2.7865785578e+01    1.1972791678e+01    1.0395767263e+01   -4.0311593683e+01    2.0500408424e+00    6.5691000000e+04    1.5234489406e-01    9.9677569788e-01
       204   -1.5893649017e+01    2.5290196547e+02   -2.7812339879e+01    1.1918690862e+01    1.0365385325e+01   -4.0254631125e+01    2.0769059201e+00    6.5600000000e+04    1.5187644516e-01    9.9685688530e-01
       205   -1.5902721021e+01    2.5317413652e+02   -2.7759732570e+01    1.1857011549e+01    1.0406783342e+01   -4.0264916817e+01    2.0984009054e+00    6.5970000000e+04    1.5453366680e-01    9.9697319723e-01
       206   -1.5896029750e+01    2.5297571428e+02   -2.7758953925e+01    1.1862924175e+01    1.0412765228e+01   -4.0219595373e+01    2.0478762198e+00    6.5936000000e+04    1.5271102785e-01    9.9694207315e-01
       207   -1.5893506607e+01    2.5286203363e+02   -2.7745458040e+01    1.1851951433e+01    1.0397131169e+01   -4.0176371128e+01    2.0337819192e+00    6.5773000000e+04    1.5348738027e-01    9.9672493283e-01
       208   -1.5888872964e+01    2.5273592375e+02   -2.7583534610e+01    1.1694661646e+01    1.0356958505e+01   -3.9977900995e+01    2.0374078806e+00    6.5223000000e+04    1.5538885738e-01    9.9714924776e-01
       209   -1.5898712993e+01    2.5309340438e+02   -2.7643636395e+01    1.1744923402e+01    1.0369371219e+01   -4.0118912249e+01    2.1059046348e+00    6.5432000000e+04    1.5445766324e-01    9.9675678148e-01
       210   -1.5902550465e+01    2.5317174801e+02   -2.7781182426e+01    1.1878631961e+01    1.0342261475e+01   -4.0341290298e+01    2.2178463977e+00    6.4912000000e+04    1.5059266383e-01    9.9695140004e-01
       211   -1.5897550928e+01    2.5300504941e+02   -2.7612792908e+01    1.1715241980e+01    1.0305353096e+01   -4.0016045780e+01    2.0978997766e+00    6.5286000000e+04    1.4967713344e-01    9.9701781776e-01
       212   -1.5905001635e+01    2.5328303307e+02   -2.7793318683e+01    1.1888317048e+01    1.0358288637e+01   -4.0227456430e+01    2.0758491101e+00    6.5666000000e+04    1.5073804441e-01    9.9693320045e-01
       213   -1.5901447043e+01    2.5314615818e+02   -2.7778891644e+01    1.1877444601e+01    1.0384863440e+01   -4.0330000103e+01    2.1662450192e+00    6.5993000000e+04    1.5190746371e-01    9.9683877504e-01
       214   -1.5897059518e+01    2.5299805251e+02   -2.7519878277e+01    1.1622818758e+01    1.0375079701e+01   -4.0014426868e+01    2.1194688905e+00    6.5940000000e+04    1.5134895328e-01    9.9701083968e-01
       215   -1.5890827998e+01    2.5279114832e+02   -2.7681183035e+01    1.1790355037e+01    1.0379068741e+01   -4.0227155414e+01    2.1669036380e+00    6.5684000000e+04    1.5306155754e-01    9.9678222448e-01
       216   -1.5894949404e+01    2.5295201024e+02   -2.7712470150e+01    1.1817520746e+01    1.0344555588e+01   -4.0069181343e+01    2.0121556041e+00    6.5553000000e+04    1.5214556363e-01    9.9686988004e-01
       217   -1.5885379368e+01    2.5264113451e+02   -2.7732079326e+01    1.1846699958e+01    1.0388251943e+01   -4.0189941797e+01    2.0696105276e+00    6.5589000000e+04    1.4924922387e-01    9.9688697625e-01
       218   -1.5891482461e+01    2.5281254083e+02   -2.7812887944e+01    1.1921405483e+01    1.0401877970e+01   -4.0306409002e+01    2.0916430884e+00    6.5375000000e+04    1.4857254023e-01    9.9683687828e-01
       219   -1.5890650409e+01    2.5279142077e+02   -2.7683715711e+01    1.1793065302e+01    1.0351838240e+01   -3.9981074900e+01    1.9455209494e+00    6.5200000000e+04    1.4774344117e-01    9.9689854471e-01
       220   -1.5891465454e+01    2.5283453382e+02   -2.7613135746e+01    1.1721670292e+01    1.0378758847e+01   -4.0135965886e+01    2.1440712925e+00    6.4877000000e+04    1.4952898699e-01    9.9676055144e-01
       221   -1.5892592808e+01    2.5287960370e+02   -2.7650658657e+01    1.1758065849e+01    1.0386922663e+01   -4.0071518145e+01    2.0339368250e+00    6.5004000000e+04    1.5431100391e-01    9.9704433231e-01
       222   -1.5888475346e+01    2.5276760239e+02   -2.7660418237e+01    1.1771942890e+01    1.0397454890e+01   -4.0113529475e+01    2.0556563483e+00    6.5588000000e+04    1.5390228047e-01    9.9689930918e-01
       223   -1.5892052953e+01    2.5284509653e+02   -2.7614463141e+01    1.1722410188e+01    1.0415731503e+01   -4.0097519237e+01    2.0673245930e+00    6.5779000000e+04    1.5305338383e-01    9.9687121396e-01
       224   -1.5889038608e+01    2.5275979971e+02   -2.7806190578e+01    1.1917151970e+01    1.0427562851e+01   -4.0318222171e+01    2.0844687415e+00    6.5883000000e+04    1.5215166680e-01    9.9677519528e-01
       225   -1.5900820613e+01    2.5313957373e+02   -2.7859540754e+01    1.1958720140e+01    1.0358441772e+01   -4.0358642608e+01    2.1406600827e+00    6.5259000000e+04    1.5060977379e-01    9.9691126639e-01
       226   -1.5898703819e+01    2.5305513439e+02   -2.7717423552e+01    1.1818719734e+01    1.0326576828e+01   -4.0193829968e+01    2.1498295876e+00    6.5308000000e+04    1.5168232996e-01    9.9685818120e-01
       227   -1.5887194457e+01    2.5269552664e+02   -2.7593416940e+01    1.1706222483e+01    1.0344539916e+01   -3.9992313415e+01    2.0543565585e+00    6.5561000000e+04    1.5254679824e-01    9.9702538691e-01
       228   -1.5908203723e+01    2.5333819973e+02   -2.7570818826e+01    1.1662615104e+01    1.0326860030e+01   -3.9945977991e+01    2.0482991340e+00    6.5882000000e+04    1.5285069301e-01    9.9704936659e-01
       229   -1.5900896796e+01    2.5311493364e+02   -2.7686912759e+01    1.1786015963e+01    1.0316286280e+01   -4.0067046578e+01    2.0638475396e+00    6.5960000000e+04    1.5040926156e-01    9.9691539599e-01
       230   -1.5896340715e+01    2.5305878910e+02   -2.7817080710e+01    1.1920739995e+01    1.0350132006e+01   -4.0287236367e+01    2.1200236515e+00    6.5830000000e+04    1.4979569137e-01    9.9673717320e-01
       231   -1.5887058552e+01    2.5268139230e+02   -2.7602564914e+01    1.1715506362e+01    1.0346916717e+01   -4.0012440882e+01    2.0629592508e+00    6.5353000000e+04    1.5484112496e-01    9.9694263760e-01
       232   -1.5894209142e+01    2.5288833479e+02   -2.7610301173e+01    1.1716092030e+01    1.0313536290e+01   -4.0004105588e+01    2.0802681255e+00    6.5429000000e+04    1.5732524574e-01    9.9704691527e-01
       233   -1.5892120413e+01    2.5285985113e+02   -2.7708304717e+01    1.1816184303e+01    1.0309942938e+01   -4.0071488985e+01    2.0532413304e+00    6.5404000000e+04    1.5202330051e-01    9.9707249376e-01
       234   -1.5883861801e+01    2.5257696359e+02   -2.7613088180e+01    1.1729226379e+01    1.0360682994e+01   -4.0147662189e+01    2.1738910150e+00    6.5308000000e+04    1.5326396586e-01    9.9714689589e-01
       235   -1.5881167742e+01    2.5247862017e+02   -2.7565461923e+01    1.1684294180e+01    1.0297594189e+01   -3.9948177817e+01    2.0851217046e+00    6.5136000000e+04    1.5564106676e-01    9.9695377019e-01
       236   -1.5879344635e+01    2.5241519192e+02   -2.7456995353e+01    1.1577650718e+01    1.0316879958e+01   -3.9845795463e+01    2.0719201524e+00    6.4825000000e+04    1.5376994633e-01    9.9710239897e-01
       237   -1.5908493585e+01    2.5334747233e+02   -2.7534936202e+01    1.1626442617e+01    1.0218670017e+01   -3.9765197048e+01    2.0115908290e+00    6.4723000000e+04    1.5161787566e-01    9.9712412093e-01
       238   -1.5903629567e+01    2.5319685658e+02   -2.7559075494e+01    1.1655445927e+01    1.0212904706e+01   -3.9789244796e+01    2.0172645968e+00    6.4989000000e+04    1.4888057805e-01    9.9709418357e-01
       239   -1.5898940080e+01    2.5309397459e+02   -2.7811192377e+01    1.1912252297e+01    1.0291034736e+01   -4.0073845161e+01    1.9716180472e+00    6.4736000000e+04    1.5033865914e-01    9.9676947278e-01
       240   -1.5905137954e+01    2.5324086745e+02   -2.7591098584e+01    1.1685960630e+01    1.0291265236e+01   -3.9867254053e+01    1.9848902329e+00    6.4895000000e+04    1.5363385707e-01    9.9707167087e-01
       241   -1.5899476755e+01    2.5313624995e+02   -2.7551497857e+01    1.1652021102e+01    1.0262817791e+01   -3.9769225942e+01    1.9549102936e+00    6.4961000000e+04    1.5107920609e-01    9.9701846820e-01
       242   -1.5888804729e+01    2.5272075586e+02   -2.7505018847e+01    1.1616214118e+01    1.0236676904e+01   -3.9839404914e+01    2.0977091634e+00    6.5138000000e+04    1.4984253836e-01    9.9709812270e-01
       243   -1.5905516549e+01    2.5326413455e+02   -2.7486725695e+01    1.1581209146e+01    1.0268162973e+01   -3.9818934595e+01    2.0640459273e+00    6.5695000000e+04    1.5046780199e-01    9.9682076623e-01
       244   -1.5900299281e+01    2.5306926691e+02   -2.7640707582e+01    1.1740408301e+01    1.0261954812e+01   -4.0040707367e+01    2.1380449728e+00    6.6024000000e+04    1.5058431348e-01    9.9708407169e-01
       245   -1.5896745131e+01    2.5303064518e+02   -2.7673744769e+01    1.1776999638e+01    1.0290247787e+01   -4.0063932102e+01    2.0999395451e+00    6.6420000000e+04    1.5520532305e-01    9.9700096934e-01
       246   -1.5893506033e+01    2.5291059572e+02   -2.7652593256e+01    1.1759087222e+01    1.0283998165e+01   -3.9889705602e+01    1.9531141816e+00    6.6316000000e+04    1.5278596625e-01    9.9688668077e-01
       247   -1.5897761653e+01    2.5301509437e+02   -2.7468595109e+01    1.1570833455e+01    1.0319216897e+01   -3.9793126849e+01    2.0053148426e+00    6.6199000000e+04    1.5248957039e-01    9.9698629545e-01
       248   -1.5895921262e+01    2.5298548966e+02   -2.7631971313e+01    1.1736050051e+01    1.0310992438e+01   -4.0002305052e+01    2.0593413001e+00    6.6078000000e+04    1.5474334133e-01    9.9696012848e-01
       249   -1.5892256713e+01    2.5283525947e+02   -2.7568091540e+01    1.1675834827e+01    1.0311930354e+01   -3.9826236125e+01    1.9462142304e+00    6.5863000000e+04    1.5090256359e-01    9.9696763832e-01
       250   -1.5888883615e+01    2.5275160754e+02   -2.7574449429e+01    1.1685565814e+01    1.0290338266e+01   -3.9833595523e+01    1.9688078287e+00    6.5556000000e+04    1.5339982203e-01    9.9695201139e-01
       251   -1.5885090098e+01    2.5261365594e+02   -2.7632568263e+01    1.1747478165e+01    1.0246903955e+01   -3.9860818043e+01    1.9813458248e+00    6.5215000000e+04    1.5590834121e-01    9.9671863548e-01
       252   -1.5887559057e+01    2.5270839590e+02   -2.7643124486e+01    1.1755565430e+01    1.0238457501e+01   -3.9919664700e+01    2.0380827126e+00    6.5431000000e+04    1.5311338398e-01    9.9687199313e-01
       253   -1.5888412511e+01    2.5273012905e+02   -2.7497678164e+01    1.1609265653e+01    1.0276361705e+01   -3.9847363013e+01    2.0733231440e+00    6.5537000000e+04    1.5176402887e-01    9.9690974599e-01
       254   -1.5888317255e+01    2.5270962741e+02   -2.7608243090e+01    1.1719925835e+01    1.0287894107e+01   -3.9952944188e+01    2.0568069912e+00    6.5567000000e+04    1.5233716992e-01    9.9695312025e-01
       255   -1.5898588415e+01    2.5303475664e+02   -2.7651497016e+01    1.1752908601e+01    1.0252998446e+01   -3.9979848559e+01    2.0753530964e+00    6.5606000000e+04    1.5018353910e-01    9.9688497343e-01
       256   -1.5884972974e+01    2.5260959227e+02   -2.7629648404e+01    1.1744675430e+01    1.0251440013e+01   -3.9917201224e+01    2.0361128076e+00    6.5832000000e+04    1.5152441297e-01    9.9712296263e-01
       257   -1.5888963591e+01    2.5274156910e+02   -2.7594591777e+01    1.1705628186e+01    1.0245844768e+01   -3.9954110421e+01    2.1136738761e+00    6.5456000000e+04    1.5300927875e-01    9.9690696060e-01
       258   -1.5893433969e+01    2.5290099359e+02   -2.7550812207e+01    1.1657378238e+01    1.0274190707e+01   -3.9844768186e+01    2.0197652719e+00    6.5349000000e+04    1.5333864141e-01    9.9688082334e-01
       259   -1.5893898256e+01    2.5287154598e+02   -2.7472253677e+01    1.1578355422e+01    1.0208816439e+01   -3.9692207762e+01    2.0111376455e+00    6.5112000000e+04    1.5330044434e-01    9.9695245320e-01
       260   -1.5900894063e+01    2.5310865698e+02   -2.7458787285e+01    1.1557893222e+01    1.0229697703e+01   -3.9674147835e+01    1.9856628466e+00    6.5307000000e+04    1.5254547258e-01    9.9703124369e-01
       261   -1.5887882566e+01    2.5271669818e+02   -2.7535071144e+01    1.1647188578e+01    1.0219572306e+01   -3.9794214169e+01    2.0395707198e+00    6.5620000000e+04    1.5427714141e-01    9.9709388417e-01
       262   -1.5900443607e+01    2.5311727378e+02   -2.7633165503e+01    1.1732721896e+01    1.0304824627e+01   -4.0036276910e+01    2.0982867795e+00    6.6051000000e+04    1.5449378508e-01    9.9691668336e-01
       263   -1.5894268780e+01    2.5291308309e+02   -2.7705284503e+01    1.1811015723e+01    1.0347818103e+01   -4.0129189738e+01    2.0760871312e+00    6.6197000000e+04    1.5097886629e-01    9.9695937685e-01
       264   -1.5893765668e+01    2.5290523133e+02   -2.7792398882e+01    1.1898633214e+01    1.0328999027e+01   -4.0193365750e+01    2.0719678407e+00    6.5918000000e+04    1.5114576793e-01    9.9700329745e-01
       265   -1.5896690572e+01    2.5301413917e+02   -2.7611014124e+01    1.1714323552e+01    1.0304924353e+01   -4.0096298532e+01    2.1803600541e+00    6.5408000000e+04    1.5044601051e-01    9.9696580150e-01
       266   -1.5896355414e+01    2.5297000360e+02   -2.7655620226e+01    1.1759264811e+01    1.0268082429e+01   -4.0084372029e+01    2.1606693742e+00    6.5283000000e+04    1.5004147676e-01    9.9687404295e-01
       267   -1.5900612924e+01    2.5309227787e+02   -2.7523414824e+01    1.1622801900e+01    1.0306369859e+01   -3.9916443312e+01    2.0866586296e+00    6.5498000000e+04    1.5247148480e-01    9.9703244560e-01
       268   -1.5893906324e+01    2.5289006209e+02   -2.7490138159e+01    1.1596231836e+01    1.0269366076e+01   -3.9790516325e+01    2.0310120893e+00    6.5527000000e+04    1.5116987336e-01    9.9699905459e-01
       269   -1.5886619712e+01    2.5265091822e+02   -2.7480733045e+01    1.1594113333e+01    1.0274788793e+01   -3.9725192532e+01    1.9696706942e+00    6.5463000000e+04    1.5119887734e-01    9.9708067125e-01
       270   -1.5883938360e+01    2.5258230545e+02   -2.7699712337e+01    1.1815773977e+01    1.0335193952e+01   -4.0183458901e+01    2.1485526121e+00    6.5625000000e+04    1.5418450496e-01    9.9690095040e-01
       271   -1.5885523056e+01    2.5262696262e+02   -2.7696906607e+01    1.1811383551e+01    1.0303939305e+01   -4.0215678866e+01    2.2148329537e+00    6.6234000000e+04    1.5369338312e-01    9.9687955346e-01
       272   -1.5893768134e+01    2.5289099360e+02   -2.7592848870e+01    1.1699080736e+01    1.0265820649e+01   -3.9957831720e+01    2.0991622008e+00    6.6159000000e+04    1.5131950262e-01    9.9686557018e-01
       273   -1.5898807604e+01    2.5306208726e+02   -2.7525982389e+01    1.1627174785e+01    1.0229733212e+01   -3.9805914276e+01    2.0501986754e+00    6.6363000000e+04    1.5483377754e-01    9.9699707855e-01
       274   -1.5904994789e+01    2.5325528262e+02   -2.7295094000e+01    1.1390099211e+01    1.0186984947e+01   -3.9481415705e+01    1.9993367588e+00    6.6490000000e+04    1.5703008609e-01    9.9696695172e-01
       275   -1.5889884263e+01    2.5273058453e+02   -2.7419293084e+01    1.1529408822e+01    1.0206540881e+01   -3.9544049520e+01    1.9182155554e+00    6.6279000000e+04    1.5383361695e-01    9.9718456192e-01
       276   -1.5883383657e+01    2.5255661623e+02   -2.7570909367e+01    1.1687525709e+01    1.0250744960e+01   -3.9894909442e+01    2.0732551148e+00    6.6105000000e+04    1.5526879527e-01    9.9685638069e-01
       277   -1.5891243092e+01    2.5279887919e+02   -2.7686049345e+01    1.1794806253e+01    1.0275237421e+01   -4.0008584921e+01    2.0472981549e+00    6.5770000000e+04    1.5510850875e-01    9.9671982129e-01
       278   -1.5895709688e+01    2.5294201853e+02   -2.7663743469e+01    1.1768033781e+01    1.0237454070e+01   -3.9914819709e+01    2.0136221702e+00    6.5679000000e+04    1.5436894000e-01    9.9697997267e-01
       279   -1.5895196363e+01    2.5298459773e+02   -2.7741310521e+01    1.1846114158e+01    1.0283104879e+01   -4.0094981749e+01    2.0705663488e+00    6.5794000000e+04    1.5369993996e-01    9.9690183333e-01
       280   -1.5905494279e+01    2.5328071717e+02   -2.7517428577e+01    1.1611934297e+01    1.0270405806e+01   -3.9829986102e+01    2.0421517188e+00    6.6049000000e+04    1.5327752676e-01    9.9695670640e-01
       281   -1.5898293778e+01    2.5305251532e+02   -2.7554729902e+01    1.1656436124e+01    1.0290184072e+01   -3.9984000431e+01    2.1390864568e+00    6.6131000000e+04    1.5328478656e-01    9.9695623953e-01
       282   -1.5894204418e+01    2.5288865669e+02   -2.7492640830e+01    1.1598436412e+01    1.0250034378e+01   -3.9819574046e+01    2.0768988384e+00    6.6265000000e+04    1.5373763754e-01    9.9691633444e-01
       283   -1.5883250653e+01    2.5256978234e+02   -2.7554636817e+01    1.1671386163e+01    1.0289782739e+01   -3.9848770650e+01    2.0043510937e+00    6.6231000000e+04    1.5480757988e-01    9.9691837812e-01
       284   -1.5890510272e+01    2.5278159322e+02   -2.7528085617e+01    1.1637575345e+01    1.0271524918e+01   -3.9944739529e+01    2.1451289943e+00    6.5805000000e+04    1.5244226313e-01    9.9689130298e-01
       285   -1.5894776611e+01    2.5294865981e+02   -2.7674144720e+01    1.1779368110e+01    1.0311966946e+01   -4.0212272275e+01    2.2261606084e+00    6.5839000000e+04    1.5215925785e-01    9.9702838931e-01
       286   -1.5881156591e+01    2.5248284762e+02   -2.7554572006e+01    1.1673415414e+01    1.0322665223e+01   -3.9980891798e+01    2.1036545697e+00    6.5779000000e+04    1.5411212246e-01    9.9689838184e-01
       287   -1.5886650720e+01    2.5266435785e+02   -2.7664998304e+01    1.1778347584e+01    1.0329941521e+01   -4.0069109947e+01    2.0741701221e+00    6.5289000000e+04    1.5315044840e-01    9.9682133891e-01
       288   -1.5895142143e+01    2.5294215929e+02   -2.7535431973e+01    1.1640289830e+01    1.0293393543e+01   -3.9930147765e+01    2.1013222496e+00    6.5453000000e+04    1.5076584000e-01    9.9684960006e-01
       289   -1.5888621496e+01    2.5272615253e+02   -2.7483010416e+01    1.1594388920e+01    1.0287647321e+01   -3.9842431732e+01    2.0717739950e+00    6.5704000000e+04    1.5380588332e-01    9.9691350471e-01
       290   -1.5888386041e+01    2.5274612775e+02   -2.7682969456e+01    1.1794583415e+01    1.0297731429e+01   -3.9950755573e+01    1.9700546874e+00    6.5372000000e+04    1.5281571168e-01    9.9692113439e-01
       291   -1.5898277333e+01    2.5302133278e+02   -2.7718958971e+01    1.1820681638e+01    1.0292166523e+01   -4.0157345028e+01    2.1462195343e+00    6.5232000000e+04    1.4968962094e-01    9.9707656043e-01
       292   -1.5895524484e+01    2.5294585700e+02   -2.7597420276e+01    1.1701895792e+01    1.0331028099e+01   -4.0090767193e+01    2.1623188180e+00    6.5222000000e+04    1.5340705113e-01    9.9689605723e-01
       293   -1.5902450202e+01    2.5316905253e+02   -2.7682853432e+01    1.1780403230e+01    1.0331112694e+01   -4.0097618252e+01    2.0836521268e+00    6.5258000000e+04    1.5560660918e-01    9.9702693647e-01
       294   -1.5899430240e+01    2.5308741549e+02   -2.7575134838e+01    1.1675704598e+01    1.0351712631e+01   -4.0005842274e+01    2.0789948052e+00    6.5338000000e+04    1.5570178617e-01    9.9694395698e-01
       295   -1.5891387889e+01    2.5281142308e+02   -2.7566735594e+01    1.1675347705e+01    1.0348443570e+01   -4.0053031370e+01    2.1378522062e+00    6.5553000000e+04    1.5584415105e-01    9.9692609635e-01
       296   -1.5891575000e+01    2.5282261201e+02   -2.7655448785e+01    1.1763873784e+01    1.0315498580e+01   -4.0063589523e+01    2.0926421589e+00    6.5361000000e+04    1.5864610441e-01    9.9687595152e-01
       297   -1.5890948052e+01    2.5282492745e+02   -2.7706077189e+01    1.1815129137e+01    1.0311190977e+01   -4.0084591307e+01    2.0673231403e+00    6.5280000000e+04    1.5979689609e-01    9.9672943292e-01
       298   -1.5885698034e+01    2.5263877747e+02   -2.7557401281e+01    1.1671703247e+01    1.0289971854e+01   -3.9938546081e+01    2.0911729458e+00    6.5375000000e+04    1.5577302867e-01    9.9682028434e-01
       299   -1.5892135767e+01    2.5283378700e+02   -2.7564603557e+01    1.1672467790e+01    1.0309548516e+01   -3.9978934513e+01    2.1047824402e+00    6.5602000000e+04    1.5181024645e-01    9.9701761354e-01
       300   -1.5888582164e+01    2.5275322513e+02   -2.7650424577e+01    1.1761842413e+01    1.0292940480e+01   -4.0007829644e+01    2.0644645865e+00    6.5779000000e+04    1.5048429242e-01    9.9690894944e-01
       301   -1.5890541955e+01    2.5281921792e+02   -2.7731898164e+01    1.1841356209e+01    1.0358165237e+01   -4.0211350067e+01    2.1212866661e+00    6.5810000000e+04    1.4991812055e-01    9.9686269981e-01
       302   -1.5906488276e+01    2.5330563201e+02   -2.7599982893e+01    1.1693494616e+01    1.0305437428e+01   -3.9986480012e+01    2.0810596921e+00    6.5630000000e+04    1.4918608156e-01    9.9706490278e-01
       303   -1.5892332989e+01    2.5283187018e+02   -2.7595395563e+01    1.1703062575e+01    1.0283558125e+01   -3.9941605244e+01    2.0626515560e+00    6.5541000000e+04    1.5052236906e-01    9.9698688475e-01
       304   -1.5894780073e+01    2.5291939221e+02   -2.7624774983e+01    1.1729994910e+01    1.0297271593e+01   -3.9985995279e+01    2.0639487033e+00    6.5241000000e+04    1.5231823039e-01    9.9692266582e-01
       305   -1.5895647547e+01    2.5294374964e+02   -2.7556817750e+01    1.1661170202e+01    1.0322601867e+01   -3.9841125011e+01    1.9617053939e+00    6.5427000000e+04    1.5022476430e-01    9.9706776993e-01
       306   -1.5891093642e+01    2.5278567848e+02   -2.7535736867e+01    1.1644643226e+01    1.0315232527e+01   -3.9839679151e+01    1.9887097562e+00    6.5328000000e+04    1.4981846465e-01    9.9707504418e-01
       307   -1.5899817771e+01    2.5309861319e+02   -2.7483037583e+01    1.1583219812e+01    1.0289256468e+01   -3.9844892847e+01    2.0725987961e+00    6.5343000000e+04    1.5179038617e-01    9.9685896850e-01
       308   -1.5892401354e+01    2.5286175281e+02   -2.7612053148e+01    1.1719651794e+01    1.0290002974e+01   -3.9873199166e+01    1.9711430437e+00    6.5115000000e+04    1.5207292426e-01    9.9686513633e-01
       309   -1.5895995269e+01    2.5299366683e+02   -2.7354968909e+01    1.1458973641e+01    1.0281950221e+01   -3.9645707243e+01    2.0087881130e+00    6.5162000000e+04    1.5060774047e-01    9.9702737266e-01
       310   -1.5899282528e+01    2.5306485594e+02   -2.7516595986e+01    1.1617313458e+01    1.0308846994e+01   -3.9862436489e+01    2.0369935089e+00    6.5443000000e+04    1.5129449992e-01    9.9682359338e-01
       311   -1.5907700654e+01    2.5332809186e+02   -2.7446347961e+01    1.1538647307e+01    1.0319918195e+01   -3.9922356066e+01    2.1560899099e+00    6.5628000000e+04    1.5199560805e-01    9.9683803646e-01
       312   -1.5896477240e+01    2.5299343166e+02   -2.7483823664e+01    1.1587346424e+01    1.0259426352e+01   -3.9747132717e+01    2.0038827019e+00    6.5800000000e+04    1.5381589672e-01    9.9697709270e-01
       313   -1.5892526348e+01    2.5282486646e+02   -2.7466462128e+01    1.1573935780e+01    1.0254280083e+01   -3.9823070533e+01    2.1023283215e+00    6.5654000000e+04    1.5340058906e-01    9.9727848561e-01
       314   -1.5889734774e+01    2.5275599870e+02   -2.7592070357e+01    1.1702335583e+01    1.0258821403e+01   -3.9887897109e+01    2.0370053486e+00    6.5863000000e+04    1.5675857141e-01    9.9691455332e-01
       315   -1.5891656255e+01    2.5282216726e+02   -2.7726026735e+01    1.1834370480e+01    1.0307877046e+01   -3.9982408829e+01    1.9485050476e+00    6.5978000000e+04    1.5687252105e-01    9.9706414158e-01
       316   -1.5888092018e+01    2.5270527551e+02   -2.7627140816e+01    1.1739048798e+01    1.0328049498e+01   -4.0019773663e+01    2.0645833485e+00    6.5520000000e+04    1.5616091164e-01    9.9697567091e-01
       317   -1.5890586685e+01    2.5283155779e+02   -2.7853030928e+01    1.1962444243e+01    1.0383857435e+01   -4.0366504373e+01    2.1296160095e+00    6.5087000000e+04    1.5316198465e-01    9.9694824662e-01
       318   -1.5891261248e+01    2.5282200800e+02   -2.7722788666e+01    1.1831527417e+01    1.0348496136e+01   -4.0152263029e+01    2.0809782282e+00    6.4624000000e+04    1.5153196371e-01    9.9693781513e-01
       319   -1.5897362452e+01    2.5300320658e+02   -2.7715676648e+01    1.1818314195e+01    1.0326954622e+01   -4.0153122803e+01    2.1104915336e+00    6.4170000000e+04    1.5049288414e-01    9.9696383294e-01
       320   -1.5899131303e+01    2.5307169539e+02   -2.7650558992e+01    1.1751427689e+01    1.0300359462e+01   -3.9912152483e+01    1.9612340300e+00    6.4649000000e+04    1.5009725977e-01    9.9697219055e-01
       321   -1.5893614963e+01    2.5287277040e+02   -2.7451079893e+01    1.1557464930e+01    1.0284121970e+01   -3.9757604556e+01    2.0224026923e+00    6.4836000000e+04    1.4859409805e-01    9.9705576651e-01
       322   -1.5891903251e+01    2.5284145466e+02   -2.7368387390e+01    1.1476484139e+01    1.0267051713e+01   -3.9735278321e+01    2.0998392177e+00    6.5248000000e+04    1.5170588547e-01    9.9708725771e-01
       323   -1.5902102290e+01    2.5315017293e+02   -2.7685321131e+01    1.1783218841e+01    1.0220242877e+01   -4.0014509541e+01    2.1089455332e+00    6.5049000000e+04    1.5312335238e-01    9.9693744453e-01
       324   -1.5897491417e+01    2.5300274013e+02   -2.7634829803e+01    1.1737338386e+01    1.0243631321e+01   -3.9920893035e+01    2.0424319109e+00    6.5072000000e+04    1.5285340570e-01    9.9696275181e-01
       325   -1.5882585447e+01    2.5253486417e+02   -2.7534696572e+01    1.1652111125e+01    1.0281559467e+01   -3.9906200371e+01    2.0899443315e+00    6.5154000000e+04    1.5271880137e-01    9.9672816855e-01
       326   -1.5888110508e+01    2.5273760275e+02   -2.7541378179e+01    1.1653267671e+01    1.0294606044e+01   -3.9912180609e+01    2.0761963869e+00    6.5252000000e+04    1.5462195551e-01    9.9714944965e-01
       327   -1.5886250192e+01    2.5265564211e+02   -2.7607287490e+01    1.1721037297e+01    1.0280858461e+01   -3.9938463250e+01    2.0503172994e+00    6.5129000000e+04    1.5396509270e-01    9.9688078962e-01
       328   -1.5894406943e+01    2.5292245802e+02   -2.7457657598e+01    1.1563250655e+01    1.0259442968e+01   -3.9758709690e+01    2.0416091241e+00    6.5037000000e+04    1.5587837309e-01    9.9706610066e-01
       329   -1.5898680886e+01    2.5305346509e+02   -2.7429539707e+01    1.1530858821e+01    1.0306390570e+01   -3.9819850670e+01    2.0839203925e+00    6.4805000000e+04    1.5574939223e-01    9.9723093026e-01
       330   -1.5891087949e+01    2.5277915023e+02   -2.7635521935e+01    1.1744433985e+01    1.0302321626e+01   -4.0056948041e+01    2.1191044803e+00    6.4773000000e+04    1.5332013098e-01    9.9690328272e-01
       331   -1.5882896248e+01    2.5251528850e+02   -2.7524507680e+01    1.1641611432e+01    1.0263555890e+01   -3.9807505132e+01    2.0194415627e+00    6.5217000000e+04    1.5521196375e-01    9.9689510392e-01
       332   -1.5891496441e+01    2.5278890742e+02   -2.7407462854e+01    1.1515966413e+01    1.0263157596e+01   -3.9870291734e+01    2.1996712846e+00    6.5849000000e+04    1.5325285512e-01    9.9707070844e-01
       333   -1.5893011699e+01    2.5287958024e+02   -2.7514217450e+01    1.1621205751e+01    1.0246043357e+01   -3.9814595793e+01    2.0543349861e+00    6.5800000000e+04    1.5125974785e-01    9.9676267675e-01
       334   -1.5881469255e+01    2.5249679262e+02   -2.7566415216e+01    1.1684945962e+01    1.0287039971e+01   -3.9872836950e+01    2.0193817620e+00    6.5680000000e+04    1.5394025387e-01    9.9685724806e-01
       335   -1.5881125262e+01    2.5248291256e+02   -2.7742696137e+01    1.1861570875e+01    1.0358287362e+01   -4.0182484135e+01    2.0815006358e+00    6.5547000000e+04    1.5173980324e-01    9.9684210757e-01
       336   -1.5904234953e+01    2.5323723556e+02   -2.7655287422e+01    1.1751052470e+01    1.0336739041e+01   -4.0047991242e+01    2.0559647783e+00    6.5710000000e+04    1.5234929949e-01    9.9710060616e-01
       337   -1.5889444039e+01    2.5276121873e+02   -2.7625753904e+01    1.1736309865e+01    1.0359597309e+01   -4.0101616317e+01    2.1162651044e+00    6.5876000000e+04    1.5598266934e-01    9.9683121088e-01
       338   -1.5890406037e+01    2.5280245554e+02   -2.7707512546e+01    1.1817106509e+01    1.0331450792e+01   -4.0121506722e+01    2.0825433847e+00    6.6401000000e+04    1.5876110480e-01    9.9682365064e-01
       339   -1.5889257179e+01    2.5275823381e+02   -2.7677001077e+01    1.1787743898e+01    1.0320782869e+01   -4.0117158907e+01    2.1193749611e+00    6.6609000000e+04    1.6398649059e-01    9.9684560190e-01
       340   -1.5895543765e+01    2.5295909885e+02   -2.7566206941e+01    1.1670663175e+01    1.0301828984e+01   -3.9935863004e+01    2.0678270784e+00    6.6179000000e+04    1.5504229297e-01    9.9691175855e-01
       341   -1.5889592483e+01    2.5276436743e+02   -2.7560044367e+01    1.1670451884e+01    1.0323923610e+01   -3.9966188273e+01    2.0822202959e+00    6.6118000000e+04    1.5589611445e-01    9.9703422010e-01
       342   -1.5891458022e+01    2.5282835921e+02   -2.7590573656e+01    1.1699115634e+01    1.0337002907e+01   -4.0020376059e+01    2.0927994959e+00    6.6068000000e+04    1.5274777293e-01    9.9688270086e-01
       343   -1.5883480588e+01    2.5258567701e+02   -2.7498839835e+01    1.1615359246e+01    1.0317151683e+01   -3.9921269992e+01    2.1052784732e+00    6.5772000000e+04    1.5303807297e-01    9.9684782819e-01
       344   -1.5880616554e+01    2.5248320480e+02   -2.7540123551e+01    1.1659506997e+01    1.0309333909e+01   -3.9941126251e+01    2.0916687909e+00    6.5516000000e+04    1.5302303504e-01    9.9680808802e-01
       345   -1.5894104199e+01    2.5290933268e+02   -2.7638298561e+01    1.1744194361e+01    1.0300893773e+01   -3.9973545564e+01    2.0343532303e+00    6.5568000000e+04    1.5330029250e-01    9.9714199642e-01
       346   -1.5900358610e+01    2.5310311546e+02   -2.7533545416e+01    1.1633186807e+01    1.0313874737e+01   -3.9920318664e+01    2.0728985102e+00    6.5747000000e+04    1.5328968922e-01    9.9682094960e-01
       347   -1.5893860714e+01    2.5292155751e+02   -2.7525691236e+01    1.1631830522e+01    1.0320307544e+01   -3.9750815811e+01    1.9048170316e+00    6.5734000000e+04    1.5165281418e-01    9.9685602111e-01
       348   -1.5885815820e+01    2.5267451797e+02   -2.7441150078e+01    1.1555334257e+01    1.0272505421e+01   -3.9680268283e+01    1.9666127849e+00    6.5722000000e+04    1.5415074914e-01    9.9700263544e-01
       349   -1.5889770569e+01    2.5277622371e+02   -2.7530318163e+01    1.1640547594e+01    1.0290546368e+01   -3.9843672686e+01    2.0228081551e+00    6.5685000000e+04    1.5290524508e-01    9.9703814731e-01
       350   -1.5891763689e+01    2.5285104876e+02   -2.7556065028e+01    1.1664301339e+01    1.0298277297e+01   -3.9901653959e+01    2.0473116342e+00    6.5560000000e+04    1.5515496109e-01    9.9699264296e-01
       351   -1.5890154958e+01    2.5275983349e+02   -2.7662408130e+01    1.1772253173e+01    1.0316764461e+01   -4.0041156412e+01    2.0619838207e+00    6.5409000000e+04    1.5169378039e-01    9.9688093447e-01
       352   -1.5887109895e+01    2.5267659331e+02   -2.7742116672e+01    1.1855006777e+01    1.0357157814e+01   -4.0104346510e+01    2.0050720236e+00    6.5722000000e+04    1.5511347477e-01    9.9677095540e-01
       353   -1.5878683707e+01    2.5239999878e+02   -2.7658384541e+01    1.1779700834e+01    1.0303295167e+01   -4.0009550314e+01    2.0478706067e+00    6.5803000000e+04    1.5509928816e-01    9.9688224974e-01
       354   -1.5869916206e+01    2.5211773538e+02   -2.7544106383e+01    1.1674190177e+01    1.0291115131e+01   -3.9867229471e+01    2.0320079568e+00    6.5715000000e+04    1.5172475199e-01    9.9709658410e-01
       355   -1.5878730815e+01    2.5243504769e+02   -2.7653122106e+01    1.1774391291e+01    1.0295979215e+01   -3.9892477598e+01    1.9433762764e+00    6.5396000000e+04    1.5292193566e-01    9.9700076631e-01
       356   -1.5873871189e+01    2.5225955769e+02   -2.7664947405e+01    1.1791076216e+01    1.0324243682e+01   -4.0069179513e+01    2.0799884257e+00    6.5253000000e+04    1.5463860500e-01    9.9686293663e-01
       357   -1.5886186494e+01    2.5264761190e+02   -2.7532645817e+01    1.1646459323e+01    1.0322099613e+01   -3.9782189316e+01    1.9274438861e+00    6.5534000000e+04    1.5738901977e-01    9.9674452158e-01
       358   -1.5894386045e+01    2.5292354704e+02   -2.7456052274e+01    1.1561666228e+01    1.0348568720e+01   -3.9929087331e+01    2.1244663368e+00    6.5292000000e+04    1.5552524965e-01    9.9711326050e-01
       359   -1.5887808066e+01    2.5268455587e+02   -2.7516375647e+01    1.1628567581e+01    1.0326578252e+01   -4.0072523136e+01    2.2295692363e+00    6.5112000000e+04    1.5320789453e-01    9.9694183866e-01
       360   -1.5887583067e+01    2.5272243550e+02   -2.7609886833e+01    1.1722303766e+01    1.0344244234e+01   -4.0060561473e+01    2.1064304050e+00    6.5024000000e+04    1.5128016992e-01    9.9693188261e-01
       361   -1.5894859726e+01    2.5292823938e+02   -2.7442865976e+01    1.1548006250e+01    1.0328132782e+01   -3.9756843970e+01    1.9858452122e+00    6.5143000000e+04    1.5302331168e-01    9.9686219120e-01
       362   -1.5892979728e+01    2.5286832171e+02   -2.7557921627e+01    1.1664941899e+01    1.0332753948e+01   -3.9967361607e+01    2.0766860324e+00    6.5057000000e+04    1.5618840289e-01    9.9693269784e-01
       363   -1.5890128481e+01    2.5277612137e+02   -2.7442271445e+01    1.1552142963e+01    1.0318360744e+01   -3.9745047189e+01    1.9844150000e+00    6.5368000000e+04    1.5405947605e-01    9.9711100361e-01
       364   -1.5888030488e+01    2.5269157552e+02   -2.7502806853e+01    1.1614776365e+01    1.0288800828e+01   -3.9766905941e+01    1.9752982603e+00    6.4998000000e+04    1.5351842660e-01    9.9699062794e-01
       365   -1.5890047951e+01    2.5277913580e+02   -2.7795939970e+01    1.1905892020e+01    1.0342589918e+01   -4.0261279600e+01    2.1227497117e+00    6.4985000000e+04    1.5409247875e-01    9.9681646156e-01
       366   -1.5882392291e+01    2.5251212171e+02   -2.7884944744e+01    1.2002552453e+01    1.0369547235e+01   -4.0318241972e+01    2.0637499926e+00    6.5497000000e+04    1.5599465039e-01    9.9687053760e-01
       367   -1.5891497898e+01    2.5280722755e+02   -2.7813337654e+01    1.1921839755e+01    1.0314464701e+01   -4.0229415631e+01    2.1016132764e+00    6.5141000000e+04    1.5061896516e-01    9.9693072796e-01
       368   -1.5883281158e+01    2.5257185077e+02   -2.7710856689e+01    1.1827575532e+01    1.0344546221e+01   -4.0238029245e+01    2.1826263353e+00    6.4989000000e+04    1.5573954332e-01    9.9686327993e-01
       369   -1.5884940992e+01    2.5260818249e+02   -2.7760913717e+01    1.1875972725e+01    1.0342200922e+01   -4.0102366382e+01    1.9992517436e+00    6.5217000000e+04    1.5469006820e-01    9.9698996449e-01
       370   -1.5882803860e+01    2.5256024856e+02   -2.7700995661e+01    1.1818191802e+01    1.0346932121e+01   -4.0063396935e+01    2.0154691520e+00    6.5816000000e+04    1.5292241891e-01    9.9700963320e-01
       371   -1.5880797281e+01    2.5248692415e+02   -2.7665164587e+01    1.1784367306e+01    1.0350735357e+01   -4.0143242971e+01    2.1273430276e+00    6.5777000000e+04    1.5699077438e-01    9.9704056293e-01
       372   -1.5887435302e+01    2.5269377673e+02   -2.7544464661e+01    1.1657029359e+01    1.0317126717e+01   -3.9942056112e+01    2.0804647340e+00    6.5472000000e+04    1.5601748957e-01    9.9694050274e-01
       373   -1.5881273774e+01    2.5248535246e+02   -2.7543592180e+01    1.1662318406e+01    1.0320880379e+01   -3.9937139187e+01    2.0726666290e+00    6.5364000000e+04    1.5596983961e-01    9.9694854270e-01
       374   -1.5900867026e+01    2.5313218495e+02   -2.7680110190e+01    1.1779243164e+01    1.0329646735e+01   -4.0130910418e+01    2.1211534941e+00    6.5525000000e+04    1.5387945852e-01    9.9692950136e-01
       375   -1.5892743029e+01    2.5287661093e+02   -2.7738161163e+01    1.1845418134e+01    1.0327800573e+01   -4.0176796166e+01    2.1108344291e+00    6.5777000000e+04    1.5716652195e-01    9.9681442038e-01
       376   -1.5887587575e+01    2.5270470250e+02   -2.7715777395e+01    1.1828189820e+01    1.0342795872e+01   -4.0162478866e+01    2.1039055994e+00    6.6197000000e+04    1.5550470098e-01    9.9686890128e-01
       377   -1.5898045248e+01    2.5303600429e+02   -2.7778965075e+01    1.1880919828e+01    1.0301459226e+01   -4.0235205369e+01    2.1547810671e+00    6.6261000000e+04    1.5549533859e-01    9.9679861944e-01
       378   -1.5897724175e+01    2.5300606709e+02   -2.7709270743e+01    1.1811546568e+01    1.0337558318e+01   -4.0142333278e+01    2.0955042164e+00    6.5706000000e+04    1.5532115934e-01    9.9687242456e-01
       379   -1.5894863171e+01    2.5293536928e+02   -2.7698061972e+01    1.1803198800e+01    1.0340598952e+01   -4.0217257737e+01    2.1785968135e+00    6.5779000000e+04    1.5555781387e-01    9.9682971333e-01
       380   -1.5899777126e+01    2.5307735722e+02   -2.7474235308e+01    1.1574458182e+01    1.0260239961e+01   -3.9849625518e+01    2.1151502493e+00    6.5652000000e+04    1.5768193484e-01    9.9686563711e-01
       381   -1.5901625035e+01    2.5314223728e+02   -2.7480859048e+01    1.1579234012e+01    1.0294513914e+01   -3.9892148230e+01    2.1167752689e+00    6.5479000000e+04    1.5680836512e-01    9.9705439146e-01
       382   -1.5898459196e+01    2.5304547367e+02   -2.7643634732e+01    1.1745175536e+01    1.0309819321e+01   -4.0037974344e+01    2.0845202915e+00    6.5956000000e+04    1.5435121918e-01    9.9680067465e-01
       383   -1.5895216582e+01    2.5293921586e+02   -2.7571047505e+01    1.1675830923e+01    1.0307556547e+01   -3.9935307987e+01    2.0567039353e+00    6.5891000000e+04    1.5270324582e-01    9.9701561484e-01
       384   -1.5893265428e+01    2.5289298591e+02   -2.7780507745e+01    1.1887242317e+01    1.0341429051e+01   -4.0304316149e+01    2.1823793522e+00    6.5906000000e+04    1.5884317582e-01    9.9687612030e-01
       385   -1.5889134696e+01    2.5274007692e+02   -2.7755633408e+01    1.1866498713e+01    1.0357426658e+01   -4.0213904787e+01    2.1008447212e+00    6.6152000000e+04    1.5326714270e-01    9.9697852216e-01
       386   -1.5888168357e+01    2.5271617595e+02   -2.7773387600e+01    1.1885219244e+01    1.0397026818e+01   -4.0322762467e+01    2.1523480479e+00    6.5744000000e+04    1.5541897176e-01    9.9703678962e-01
       387   -1.5886565282e+01    2.5266850173e+02   -2.7658785509e+01    1.1772220227e+01    1.0342223275e+01   -4.0281626422e+01    2.2806176379e+00    6.6016000000e+04    1.5620495730e-01    9.9691520635e-01
       388   -1.5890004502e+01    2.5278790859e+02   -2.7594840366e+01    1.1704835865e+01    1.0333247596e+01   -3.9991731310e+01    2.0636433483e+00    6.6179000000e+04    1.6481217883e-01    9.9682394701e-01
       389   -1.5888178029e+01    2.5272121765e+02   -2.7703550060e+01    1.1815372031e+01    1.0300349782e+01   -4.0049189828e+01    2.0452899852e+00    6.6298000000e+04    1.5345985715e-01    9.9698084535e-01
       390   -1.5890415574e+01    2.5278653196e+02   -2.7726641407e+01    1.1836225833e+01    1.0287528651e+01   -4.0052657112e+01    2.0384870536e+00    6.6076000000e+04    1.5585700410e-01    9.9703879998e-01
       391   -1.5890181530e+01    2.5276372216e+02   -2.7640066538e+01    1.1749885009e+01    1.0314633444e+01   -4.0105930318e+01    2.1512303355e+00    6.5960000000e+04    1.5447873441e-01    9.9706351109e-01
       392   -1.5892050120e+01    2.5284124794e+02   -2.7606133159e+01    1.1714083039e+01    1.0322220478e+01   -3.9928334120e+01    1.9999804820e+00    6.6452000000e+04    1.6126092508e-01    9.9710579988e-01
       393   -1.5896093482e+01    2.5297097570e+02   -2.7645018115e+01    1.1748924633e+01    1.0319653836e+01   -3.9929034979e+01    1.9643630290e+00    6.6313000000e+04    1.5455812707e-01    9.9700478169e-01
       394   -1.5888628656e+01    2.5271535605e+02   -2.7507552787e+01    1.1618924131e+01    1.0299566711e+01   -3.9800021890e+01    1.9929023915e+00    6.6128000000e+04    1.5421360629e-01    9.9713125512e-01
       395   -1.5898451851e+01    2.5306305417e+02   -2.7510795411e+01    1.1612343559e+01    1.0303983628e+01   -3.9894749301e+01    2.0799702621e+00    6.6325000000e+04    1.5689076977e-01    9.9709712241e-01
       396   -1.5890782215e+01    2.5279054416e+02   -2.7514891338e+01    1.1624109123e+01    1.0311334532e+01   -3.9821431758e+01    1.9952058883e+00    6.6361000000e+04    1.6183674715e-01    9.9711028410e-01
       397   -1.5905293771e+01    2.5327975728e+02   -2.7571002960e+01    1.1665709189e+01    1.0311456828e+01   -3.9966393785e+01    2.0839339963e+00    6.6308000000e+04    1.5348672258e-01    9.9676764873e-01
       398   -1.5886439733e+01    2.5266964241e+02   -2.7550916593e+01    1.1664476860e+01    1.0336855712e+01   -3.9933728462e+01    2.0459561567e+00    6.6207000000e+04    1.5512227785e-01    9.9695938784e-01
       399   -1.5888279954e+01    2.5272202876e+02   -2.7641028443e+01    1.1752748488e+01    1.0337458224e+01   -4.0119639686e+01    2.1411530194e+00    6.5893000000e+04    1.5272555793e-01    9.9668423240e-01
