#   index    LocalEnergy         LocalEnergy_sq      LocalPotential      Kinetic             Coulomb             BlockWeight         BlockCPU            AcceptRatio         
         0   -5.0000000000e-01    2.5000000000e-01   -9.6965717609e-01    4.6965717609e-01   -9.6965717609e-01    1.2800000000e+04    6.1617488574e-03    9.9046875000e-01
         1   -5.0000000000e-01    2.5000000000e-01   -9.8357570138e-01    4.8357570138e-01   -9.8357570138e-01    1.2800000000e+04    6.1059252979e-03    9.8968750000e-01
         2   -5.0000000000e-01    2.5000000000e-01   -1.0514965096e+00    5.5149650961e-01   -1.0514965096e+00    1.2800000000e+04    6.0712824805e-03    9.8835937500e-01
         3   -5.0000000000e-01    2.5000000000e-01   -9.5379385930e-01    4.5379385930e-01   -9.5379385930e-01    1.2800000000e+04    6.0768193604e-03    9.8984375000e-01
         4   -5.0000000000e-01    2.5000000000e-01   -1.0104118288e+00    5.1041182884e-01   -1.0104118288e+00    1.2800000000e+04    6.0562816895e-03    9.8914062500e-01
         5   -5.0000000000e-01    2.5000000000e-01   -9.7704199029e-01    4.7704199029e-01   -9.7704199029e-01    1.2800000000e+04    6.0784579199e-03    9.8968750000e-01
         6   -5.0000000000e-01    2.5000000000e-01   -9.8134948815e-01    4.8134948815e-01   -9.8134948815e-01    1.2800000000e+04    6.0744143994e-03    9.8914062500e-01
         7   -5.0000000000e-01    2.5000000000e-01   -1.0518011703e+00    5.5180117027e-01   -1.0518011703e+00    1.2800000000e+04    6.0733835645e-03    9.8984375000e-01
         8   -5.0000000000e-01    2.5000000000e-01   -1.0395154026e+00    5.3951540258e-01   -1.0395154026e+00    1.2800000000e+04    6.0672456689e-03    9.8812500000e-01
         9   -5.0000000000e-01    2.5000000000e-01   -1.0263692695e+00    5.2636926950e-01   -1.0263692695e+00    1.2800000000e+04    6.0471694385e-03    9.8710937500e-01
        10   -5.0000000000e-01    2.5000000000e-01   -9.7069278145e-01    4.7069278145e-01   -9.7069278145e-01    1.2800000000e+04    6.0830574854e-03    9.9054687500e-01
        11   -5.0000000000e-01    2.5000000000e-01   -9.5516588109e-01    4.5516588109e-01   -9.5516588109e-01    1.2800000000e+04    6.0914969141e-03    9.9195312500e-01
        12   -5.0000000000e-01    2.5000000000e-01   -1.0273862869e+00    5.2738628692e-01   -1.0273862869e+00    1.2800000000e+04    6.0636853564e-03    9.8882812500e-01
        13   -5.0000000000e-01    2.5000000000e-01   -1.0074281612e+00    5.0742816117e-01   -1.0074281612e+00    1.2800000000e+04    6.0736076416e-03    9.8812500000e-01
        14   -5.0000000000e-01    2.5000000000e-01   -9.0220144979e-01    4.0220144979e-01   -9.0220144979e-01    1.2800000000e+04    6.0590766309e-03    9.8992187500e-01
        15   -5.0000000000e-01    2.5000000000e-01   -9.6952529310e-01    4.6952529310e-01   -9.6952529310e-01    1.2800000000e+04    6.0825318408e-03    9.9023437500e-01
        16   -5.0000000000e-01    2.5000000000e-01   -1.0580496479e+00    5.5804964792e-01   -1.0580496479e+00    1.2800000000e+04    6.0938783350e-03    9.9070312500e-01
        17   -5.0000000000e-01    2.5000000000e-01   -1.0113863086e+00    5.1138630855e-01   -1.0113863086e+00    1.2800000000e+04    6.0763300098e-03    9.8976562500e-01
        18   -5.0000000000e-01    2.5000000000e-01   -9.6350250443e-01    4.6350250443e-01   -9.6350250443e-01    1.2800000000e+04    6.0817553857e-03    9.9078125000e-01
        19   -5.0000000000e-01    2.5000000000e-01   -1.0045299999e+00    5.0452999994e-01   -1.0045299999e+00    1.2800000000e+04    6.0566879053e-03    9.8898437500e-01
        20   -5.0000000000e-01    2.5000000000e-01   -9.9967915081e-01    4.9967915081e-01   -9.9967915081e-01    1.2800000000e+04    6.0768197656e-03    9.9039062500e-01
        21   -5.0000000000e-01    2.5000000000e-01   -1.0093164669e+00    5.0931646692e-01   -1.0093164669e+00    1.2800000000e+04    6.0821458350e-03    9.9062500000e-01
        22   -5.0000000000e-01    2.5000000000e-01   -1.0185492841e+00    5.1854928410e-01   -1.0185492841e+00    1.2800000000e+04    6.0801539990e-03    9.8921875000e-01
        23   -5.0000000000e-01    2.5000000000e-01   -9.8770975543e-01    4.8770975543e-01   -9.8770975543e-01    1.2800000000e+04    6.0748599756e-03    9.9031250000e-01
        24   -5.0000000000e-01    2.5000000000e-01   -1.0045442157e+00    5.0454421572e-01   -1.0045442157e+00    1.2800000000e+04    6.0719916943e-03    9.9171875000e-01
        25   -5.0000000000e-01    2.5000000000e-01   -1.0468932025e+00    5.4689320247e-01   -1.0468932025e+00    1.2800000000e+04    6.0696513916e-03    9.8875000000e-01
        26   -5.0000000000e-01    2.5000000000e-01   -1.0330980072e+00    5.3309800718e-01   -1.0330980072e+00    1.2800000000e+04    6.0805906738e-03    9.8921875000e-01
        27   -5.0000000000e-01    2.5000000000e-01   -1.0079308793e+00    5.0793087928e-01   -1.0079308793e+00    1.2800000000e+04    6.0874324658e-03    9.8968750000e-01
        28   -5.0000000000e-01    2.5000000000e-01   -9.5598606038e-01    4.5598606038e-01   -9.5598606038e-01    1.2800000000e+04    6.0843537939e-03    9.9031250000e-01
        29   -5.0000000000e-01    2.5000000000e-01   -1.0170251831e+00    5.1702518310e-01   -1.0170251831e+00    1.2800000000e+04    6.0585926367e-03    9.8875000000e-01
        30   -5.0000000000e-01    2.5000000000e-01   -9.2963939390e-01    4.2963939390e-01   -9.2963939390e-01    1.2800000000e+04    6.0854793848e-03    9.9070312500e-01
        31   -5.0000000000e-01    2.5000000000e-01   -1.0554872756e+00    5.5548727561e-01   -1.0554872756e+00    1.2800000000e+04    6.0782376562e-03    9.8820312500e-01
        32   -5.0000000000e-01    2.5000000000e-01   -1.0062478154e+00    5.0624781538e-01   -1.0062478154e+00    1.2800000000e+04    6.0715407031e-03    9.8921875000e-01
        33   -5.0000000000e-01    2.5000000000e-01   -1.0037532409e+00    5.0375324088e-01   -1.0037532409e+00    1.2800000000e+04    6.0734078662e-03    9.8851562500e-01
        34   -5.0000000000e-01    2.5000000000e-01   -9.5942453316e-01    4.5942453316e-01   -9.5942453316e-01    1.2800000000e+04    6.0651708203e-03    9.9140625000e-01
        35   -5.0000000000e-01    2.5000000000e-01   -1.0060372009e+00    5.0603720093e-01   -1.0060372009e+00    1.2800000000e+04    6.0717643115e-03    9.8843750000e-01
        36   -5.0000000000e-01    2.5000000000e-01   -1.0356539424e+00    5.3565394238e-01   -1.0356539424e+00    1.2800000000e+04    6.0738618555e-03    9.8820312500e-01
        37   -5.0000000000e-01    2.5000000000e-01   -1.0626077218e+00    5.6260772182e-01   -1.0626077218e+00    1.2800000000e+04    6.0747464014e-03    9.8843750000e-01
        38   -5.0000000000e-01    2.5000000000e-01   -1.0355199861e+00    5.3551998613e-01   -1.0355199861e+00    1.2800000000e+04    6.0725172607e-03    9.8812500000e-01
        39   -5.0000000000e-01    2.5000000000e-01   -1.0338785433e+00    5.3387854331e-01   -1.0338785433e+00    1.2800000000e+04    6.0655910840e-03    9.8968750000e-01
        40   -5.0000000000e-01    2.5000000000e-01   -1.0310554107e+00    5.3105541072e-01   -1.0310554107e+00    1.2800000000e+04    6.0719257861e-03    9.8984375000e-01
        41   -5.0000000000e-01    2.5000000000e-01   -1.0190802040e+00    5.1908020405e-01   -1.0190802040e+00    1.2800000000e+04    6.0877216553e-03    9.9015625000e-01
        42   -5.0000000000e-01    2.5000000000e-01   -9.4744608557e-01    4.4744608557e-01   -9.4744608557e-01    1.2800000000e+04    6.0900109619e-03    9.9148437500e-01
        43   -5.0000000000e-01    2.5000000000e-01   -9.1231666396e-01    4.1231666396e-01   -9.1231666396e-01    1.2800000000e+04    6.0902110791e-03    9.9078125000e-01
        44   -5.0000000000e-01    2.5000000000e-01   -1.0526948498e+00    5.5269484982e-01   -1.0526948498e+00    1.2800000000e+04    6.0500297461e-03    9.8765625000e-01
        45   -5.0000000000e-01    2.5000000000e-01   -1.0162046804e+00    5.1620468041e-01   -1.0162046804e+00    1.2800000000e+04    6.0833842432e-03    9.9070312500e-01
        46   -5.0000000000e-01    2.5000000000e-01   -1.0807626412e+00    5.8076264116e-01   -1.0807626412e+00    1.2800000000e+04    6.0824905615e-03    9.8882812500e-01
        47   -5.0000000000e-01    2.5000000000e-01   -1.0282665906e+00    5.2826659064e-01   -1.0282665906e+00    1.2800000000e+04    6.0615987012e-03    9.8750000000e-01
        48   -5.0000000000e-01    2.5000000000e-01   -1.0320393737e+00    5.3203937368e-01   -1.0320393737e+00    1.2800000000e+04    6.0729080762e-03    9.8890625000e-01
        49   -5.0000000000e-01    2.5000000000e-01   -9.5910761908e-01    4.5910761908e-01   -9.5910761908e-01    1.2800000000e+04    6.0648123633e-03    9.9023437500e-01
        50   -5.0000000000e-01    2.5000000000e-01   -9.9092802559e-01    4.9092802559e-01   -9.9092802559e-01    1.2800000000e+04    6.0769765723e-03    9.8953125000e-01
        51   -5.0000000000e-01    2.5000000000e-01   -1.0368089292e+00    5.3680892923e-01   -1.0368089292e+00    1.2800000000e+04    6.0771296387e-03    9.8859375000e-01
        52   -5.0000000000e-01    2.5000000000e-01   -1.0632524530e+00    5.6325245304e-01   -1.0632524530e+00    1.2800000000e+04    6.0786630811e-03    9.8882812500e-01
        53   -5.0000000000e-01    2.5000000000e-01   -1.0196383114e+00    5.1963831145e-01   -1.0196383114e+00    1.2800000000e+04    6.0832364746e-03    9.8945312500e-01
        54   -5.0000000000e-01    2.5000000000e-01   -1.0130338025e+00    5.1303380254e-01   -1.0130338025e+00    1.2800000000e+04    6.0697894531e-03    9.9015625000e-01
        55   -5.0000000000e-01    2.5000000000e-01   -1.0513540653e+00    5.5135406529e-01   -1.0513540653e+00    1.2800000000e+04    6.0896914209e-03    9.9031250000e-01
        56   -5.0000000000e-01    2.5000000000e-01   -1.0061255758e+00    5.0612557582e-01   -1.0061255758e+00    1.2800000000e+04    6.0791581689e-03    9.8960937500e-01
        57   -5.0000000000e-01    2.5000000000e-01   -1.0331020569e+00    5.3310205691e-01   -1.0331020569e+00    1.2800000000e+04    6.0615334473e-03    9.8695312500e-01
        58   -5.0000000000e-01    2.5000000000e-01   -9.9070466599e-01    4.9070466599e-01   -9.9070466599e-01    1.2800000000e+04    6.0736028662e-03    9.8820312500e-01
        59   -5.0000000000e-01    2.5000000000e-01   -1.0068510895e+00    5.0685108948e-01   -1.0068510895e+00    1.2800000000e+04    6.0601289404e-03    9.9046875000e-01
        60   -5.0000000000e-01    2.5000000000e-01   -1.0009866574e+00    5.0098665735e-01   -1.0009866574e+00    1.2800000000e+04    6.0780556934e-03    9.8960937500e-01
        61   -5.0000000000e-01    2.5000000000e-01   -1.0135505978e+00    5.1355059784e-01   -1.0135505978e+00    1.2800000000e+04    6.0773663477e-03    9.8906250000e-01
        62   -5.0000000000e-01    2.5000000000e-01   -1.0098831073e+00    5.0988310733e-01   -1.0098831073e+00    1.2800000000e+04    6.0704401953e-03    9.8835937500e-01
        63   -5.0000000000e-01    2.5000000000e-01   -9.7656324049e-01    4.7656324049e-01   -9.7656324049e-01    1.2800000000e+04    6.0648387744e-03    9.8820312500e-01
        64   -5.0000000000e-01    2.5000000000e-01   -9.4257324723e-01    4.4257324723e-01   -9.4257324723e-01    1.2800000000e+04    6.0552458203e-03    9.8968750000e-01
        65   -5.0000000000e-01    2.5000000000e-01   -9.4791857069e-01    4.4791857069e-01   -9.4791857069e-01    1.2800000000e+04    6.0774265332e-03    9.8937500000e-01
        66   -5.0000000000e-01    2.5000000000e-01   -1.0864948768e+00    5.8649487681e-01   -1.0864948768e+00    1.2800000000e+04    6.0608125879e-03    9.8742187500e-01
        67   -5.0000000000e-01    2.5000000000e-01   -1.0164987120e+00    5.1649871196e-01   -1.0164987120e+00    1.2800000000e+04    6.0784256592e-03    9.8992187500e-01
        68   -5.0000000000e-01    2.5000000000e-01   -1.0564908736e+00    5.5649087357e-01   -1.0564908736e+00    1.2800000000e+04    6.0731680713e-03    9.8882812500e-01
        69   -5.0000000000e-01    2.5000000000e-01   -1.0050173800e+00    5.0501738004e-01   -1.0050173800e+00    1.2800000000e+04    6.0458335889e-03    9.8843750000e-01
        70   -5.0000000000e-01    2.5000000000e-01   -9.7041495206e-01    4.7041495206e-01   -9.7041495206e-01    1.2800000000e+04    6.0831384619e-03    9.9039062500e-01
        71   -5.0000000000e-01    2.5000000000e-01   -9.9872682014e-01    4.9872682014e-01   -9.9872682014e-01    1.2800000000e+04    6.0828156934e-03    9.8984375000e-01
        72   -5.0000000000e-01    2.5000000000e-01   -1.0336124849e+00    5.3361248495e-01   -1.0336124849e+00    1.2800000000e+04    6.0651361621e-03    9.8882812500e-01
        73   -5.0000000000e-01    2.5000000000e-01   -1.0221708416e+00    5.2217084163e-01   -1.0221708416e+00    1.2800000000e+04    6.0711481299e-03    9.8843750000e-01
        74   -5.0000000000e-01    2.5000000000e-01   -9.2819092189e-01    4.2819092189e-01   -9.2819092189e-01    1.2800000000e+04    6.0724915381e-03    9.9187500000e-01
        75   -5.0000000000e-01    2.5000000000e-01   -9.9230134494e-01    4.9230134494e-01   -9.9230134494e-01    1.2800000000e+04    6.0821062842e-03    9.9007812500e-01
        76   -5.0000000000e-01    2.5000000000e-01   -9.8365137321e-01    4.8365137321e-01   -9.8365137321e-01    1.2800000000e+04    6.0863714844e-03    9.8945312500e-01
        77   -5.0000000000e-01    2.5000000000e-01   -9.9927304015e-01    4.9927304015e-01   -9.9927304015e-01    1.2800000000e+04    6.0876236426e-03    9.9023437500e-01
        78   -5.0000000000e-01    2.5000000000e-01   -1.0409995662e+00    5.4099956624e-01   -1.0409995662e+00    1.2800000000e+04    6.0646889600e-03    9.8820312500e-01
        79   -5.0000000000e-01    2.5000000000e-01   -1.0205092437e+00    5.2050924365e-01   -1.0205092437e+00    1.2800000000e+04    6.0609528125e-03    9.8968750000e-01
        80   -5.0000000000e-01    2.5000000000e-01   -1.0044591565e+00    5.0445915652e-01   -1.0044591565e+00    1.2800000000e+04    6.0795601074e-03    9.9062500000e-01
        81   -5.0000000000e-01    2.5000000000e-01   -9.8303072549e-01    4.8303072549e-01   -9.8303072549e-01    1.2800000000e+04    6.0805559619e-03    9.9007812500e-01
        82   -5.0000000000e-01    2.5000000000e-01   -1.0093384762e+00    5.0933847621e-01   -1.0093384762e+00    1.2800000000e+04    6.0807619775e-03    9.8906250000e-01
        83   -5.0000000000e-01    2.5000000000e-01   -9.5819562547e-01    4.5819562547e-01   -9.5819562547e-01    1.2800000000e+04    6.0753375879e-03    9.8914062500e-01
        84   -5.0000000000e-01    2.5000000000e-01   -9.6573149946e-01    4.6573149946e-01   -9.6573149946e-01    1.2800000000e+04    6.0620733252e-03    9.9007812500e-01
        85   -5.0000000000e-01    2.5000000000e-01   -9.6412036817e-01    4.6412036817e-01   -9.6412036817e-01    1.2800000000e+04    6.0869377441e-03    9.9046875000e-01
        86   -5.0000000000e-01    2.5000000000e-01   -9.6936317480e-01    4.6936317480e-01   -9.6936317480e-01    1.2800000000e+04    6.0781900342e-03    9.9015625000e-01
        87   -5.0000000000e-01    2.5000000000e-01   -9.5451949116e-01    4.5451949116e-01   -9.5451949116e-01    1.2800000000e+04    6.0831773438e-03    9.9000000000e-01
        88   -5.0000000000e-01    2.5000000000e-01   -1.0368439441e+00    5.3684394405e-01   -1.0368439441e+00    1.2800000000e+04    6.0815958887e-03    9.8890625000e-01
        89   -5.0000000000e-01    2.5000000000e-01   -1.0530820318e+00    5.5308203178e-01   -1.0530820318e+00    1.2800000000e+04    6.0547791016e-03    9.8796875000e-01
        90   -5.0000000000e-01    2.5000000000e-01   -9.8050289114e-01    4.8050289114e-01   -9.8050289114e-01    1.2800000000e+04    6.0791581494e-03    9.8960937500e-01
        91   -5.0000000000e-01    2.5000000000e-01   -1.0249270983e+00    5.2492709831e-01   -1.0249270983e+00    1.2800000000e+04    6.0804946631e-03    9.8914062500e-01
        92   -5.0000000000e-01    2.5000000000e-01   -9.9324169493e-01    4.9324169493e-01   -9.9324169493e-01    1.2800000000e+04    6.0827306885e-03    9.9070312500e-01
        93   -5.0000000000e-01    2.5000000000e-01   -1.0287252989e+00    5.2872529888e-01   -1.0287252989e+00    1.2800000000e+04    6.0764446582e-03    9.8765625000e-01
        94   -5.0000000000e-01    2.5000000000e-01   -9.4845283842e-01    4.4845283842e-01   -9.4845283842e-01    1.2800000000e+04    6.0657612109e-03    9.9007812500e-01
        95   -5.0000000000e-01    2.5000000000e-01   -9.6300396878e-01    4.6300396878e-01   -9.6300396878e-01    1.2800000000e+04    6.0758111865e-03    9.8953125000e-01
        96   -5.0000000000e-01    2.5000000000e-01   -9.6563643109e-01    4.6563643109e-01   -9.6563643109e-01    1.2800000000e+04    6.0765179150e-03    9.9015625000e-01
        97   -5.0000000000e-01    2.5000000000e-01   -1.0384025934e+00    5.3840259338e-01   -1.0384025934e+00    1.2800000000e+04    6.0746185010e-03    9.8929687500e-01
        98   -5.0000000000e-01    2.5000000000e-01   -1.0132821271e+00    5.1328212714e-01   -1.0132821271e+00    1.2800000000e+04    6.0793987207e-03    9.8992187500e-01
        99   -5.0000000000e-01    2.5000000000e-01   -9.5102223014e-01    4.5102223014e-01   -9.5102223014e-01    1.2800000000e+04    6.0737945312e-03    9.9109375000e-01
       100   -5.0000000000e-01    2.5000000000e-01   -9.6029708370e-01    4.6029708370e-01   -9.6029708370e-01    1.2800000000e+04    6.0698705566e-03    9.8953125000e-01
       101   -5.0000000000e-01    2.5000000000e-01   -9.5095632293e-01    4.5095632293e-01   -9.5095632293e-01    1.2800000000e+04    6.0892301611e-03    9.8968750000e-01
       102   -5.0000000000e-01    2.5000000000e-01   -1.0252896841e+00    5.2528968405e-01   -1.0252896841e+00    1.2800000000e+04    6.0775509229e-03    9.8906250000e-01
       103   -5.0000000000e-01    2.5000000000e-01   -9.6941498479e-01    4.6941498479e-01   -9.6941498479e-01    1.2800000000e+04    6.0827717529e-03    9.9046875000e-01
       104   -5.0000000000e-01    2.5000000000e-01   -1.0417059056e+00    5.4170590560e-01   -1.0417059056e+00    1.2800000000e+04    6.0558480762e-03    9.8937500000e-01
       105   -5.0000000000e-01    2.5000000000e-01   -9.9320379557e-01    4.9320379557e-01   -9.9320379557e-01    1.2800000000e+04    6.0836116211e-03    9.8921875000e-01
       106   -5.0000000000e-01    2.5000000000e-01   -1.0265995024e+00    5.2659950244e-01   -1.0265995024e+00    1.2800000000e+04    6.0745478467e-03    9.8906250000e-01
       107   -5.0000000000e-01    2.5000000000e-01   -1.0056257844e+00    5.0562578438e-01   -1.0056257844e+00    1.2800000000e+04    6.0871826758e-03    9.9085937500e-01
       108   -5.0000000000e-01    2.5000000000e-01   -9.6742314991e-01    4.6742314991e-01   -9.6742314991e-01    1.2800000000e+04    6.0894146338e-03    9.9093750000e-01
       109   -5.0000000000e-01    2.5000000000e-01   -9.7719532147e-01    4.7719532147e-01   -9.7719532147e-01    1.2800000000e+04    6.0530123145e-03    9.8921875000e-01
       110   -5.0000000000e-01    2.5000000000e-01   -1.0081265036e+00    5.0812650365e-01   -1.0081265036e+00    1.2800000000e+04    6.0755786084e-03    9.8960937500e-01
       111   -5.0000000000e-01    2.5000000000e-01   -9.8096450960e-01    4.8096450960e-01   -9.8096450960e-01    1.2800000000e+04    6.0835344092e-03    9.9031250000e-01
       112   -5.0000000000e-01    2.5000000000e-01   -9.9332388103e-01    4.9332388103e-01   -9.9332388103e-01    1.2800000000e+04    6.0732105957e-03    9.8914062500e-01
       113   -5.0000000000e-01    2.5000000000e-01   -1.0173740843e+00    5.1737408428e-01   -1.0173740843e+00    1.2800000000e+04    6.0872333203e-03    9.9046875000e-01
       114   -5.0000000000e-01    2.5000000000e-01   -1.0283503558e+00    5.2835035575e-01   -1.0283503558e+00    1.2800000000e+04    6.0731581494e-03    9.8921875000e-01
       115   -5.0000000000e-01    2.5000000000e-01   -1.0315898368e+00    5.3158983683e-01   -1.0315898368e+00    1.2800000000e+04    6.0760973633e-03    9.8929687500e-01
       116   -5.0000000000e-01    2.5000000000e-01   -1.0278770498e+00    5.2787704977e-01   -1.0278770498e+00    1.2800000000e+04    6.0762079443e-03    9.8945312500e-01
       117   -5.0000000000e-01    2.5000000000e-01   -1.0454648101e+00    5.4546481010e-01   -1.0454648101e+00    1.2800000000e+04    6.0839030957e-03    9.9023437500e-01
       118   -5.0000000000e-01    2.5000000000e-01   -9.4150008539e-01    4.4150008539e-01   -9.4150008539e-01    1.2800000000e+04    6.0936889307e-03    9.9195312500e-01
       119   -5.0000000000e-01    2.5000000000e-01   -9.4775703489e-01    4.4775703489e-01   -9.4775703489e-01    1.2800000000e+04    6.0516467285e-03    9.8843750000e-01
       120   -5.0000000000e-01    2.5000000000e-01   -1.0201159365e+00    5.2011593650e-01   -1.0201159365e+00    1.2800000000e+04    6.0813462695e-03    9.9039062500e-01
       121   -5.0000000000e-01    2.5000000000e-01   -1.0265430885e+00    5.2654308853e-01   -1.0265430885e+00    1.2800000000e+04    6.0849064697e-03    9.9015625000e-01
       122   -5.0000000000e-01    2.5000000000e-01   -1.0416447749e+00    5.4164477487e-01   -1.0416447749e+00    1.2800000000e+04    6.0781151074e-03    9.8929687500e-01
       123   -5.0000000000e-01    2.5000000000e-01   -9.9339654585e-01    4.9339654585e-01   -9.9339654585e-01    1.2800000000e+04    6.0754802979e-03    9.8867187500e-01
       124   -5.0000000000e-01    2.5000000000e-01   -1.0178939575e+00    5.1789395748e-01   -1.0178939575e+00    1.2800000000e+04    6.0485728174e-03    9.8796875000e-01
       125   -5.0000000000e-01    2.5000000000e-01   -1.0194820379e+00    5.1948203791e-01   -1.0194820379e+00    1.2800000000e+04    6.0820171973e-03    9.8976562500e-01
       126   -5.0000000000e-01    2.5000000000e-01   -1.0096799176e+00    5.0967991759e-01   -1.0096799176e+00    1.2800000000e+04    6.0832718604e-03    9.9000000000e-01
       127   -5.0000000000e-01    2.5000000000e-01   -9.8654629665e-01    4.8654629665e-01   -9.8654629665e-01    1.2800000000e+04    6.0807228174e-03    9.9015625000e-01
       128   -5.0000000000e-01    2.5000000000e-01   -1.0029193151e+00    5.0291931506e-01   -1.0029193151e+00    1.2800000000e+04    6.0832378125e-03    9.9070312500e-01
       129   -5.0000000000e-01    2.5000000000e-01   -1.0087085080e+00    5.0870850802e-01   -1.0087085080e+00    1.2800000000e+04    6.0622529590e-03    9.8976562500e-01
       130   -5.0000000000e-01    2.5000000000e-01   -1.0576671450e+00    5.5766714501e-01   -1.0576671450e+00    1.2800000000e+04    6.0839549316e-03    9.9000000000e-01
       131   -5.0000000000e-01    2.5000000000e-01   -1.0274025145e+00    5.2740251453e-01   -1.0274025145e+00    1.2800000000e+04    6.0797574463e-03    9.8976562500e-01
       132   -5.0000000000e-01    2.5000000000e-01   -9.2288608475e-01    4.2288608475e-01   -9.2288608475e-01    1.2800000000e+04    6.0866305713e-03    9.9156250000e-01
       133   -5.0000000000e-01    2.5000000000e-01   -9.8525253264e-01    4.8525253264e-01   -9.8525253264e-01    1.2800000000e+04    6.0895955615e-03    9.8968750000e-01
       134   -5.0000000000e-01    2.5000000000e-01   -9.9613986784e-01    4.9613986784e-01   -9.9613986784e-01    1.2800000000e+04    6.0749296338e-03    9.9148437500e-01
       135   -5.0000000000e-01    2.5000000000e-01   -9.6672013210e-01    4.6672013210e-01   -9.6672013210e-01    1.2800000000e+04    6.1019057959e-03    9.9218750000e-01
       136   -5.0000000000e-01    2.5000000000e-01   -1.0133231918e+00    5.1332319177e-01   -1.0133231918e+00    1.2800000000e+04    6.0788562500e-03    9.8914062500e-01
       137   -5.0000000000e-01    2.5000000000e-01   -1.0012819891e+00    5.0128198911e-01   -1.0012819891e+00    1.2800000000e+04    6.0760177295e-03    9.8914062500e-01
       138   -5.0000000000e-01    2.5000000000e-01   -9.7647908772e-01    4.7647908772e-01   -9.7647908772e-01    1.2800000000e+04    6.0862244482e-03    9.9007812500e-01
       139   -5.0000000000e-01    2.5000000000e-01   -9.4938535302e-01    4.4938535302e-01   -9.4938535302e-01    1.2800000000e+04    6.0603997949e-03    9.8960937500e-01
       140   -5.0000000000e-01    2.5000000000e-01   -9.8972603866e-01    4.8972603866e-01   -9.8972603866e-01    1.2800000000e+04    6.0879122803e-03    9.9062500000e-01
       141   -5.0000000000e-01    2.5000000000e-01   -9.5949118041e-01    4.5949118041e-01   -9.5949118041e-01    1.2800000000e+04    6.0782277148e-03    9.8984375000e-01
       142   -5.0000000000e-01    2.5000000000e-01   -9.9972661109e-01    4.9972661109e-01   -9.9972661109e-01    1.2800000000e+04    6.0831824414e-03    9.8937500000e-01
       143   -5.0000000000e-01    2.5000000000e-01   -1.0072804428e+00    5.0728044277e-01   -1.0072804428e+00    1.2800000000e+04    6.0795503027e-03    9.8937500000e-01
       144   -5.0000000000e-01    2.5000000000e-01   -9.9493613143e-01    4.9493613143e-01   -9.9493613143e-01    1.2800000000e+04    6.0619539160e-03    9.8984375000e-01
       145   -5.0000000000e-01    2.5000000000e-01   -1.0230394913e+00    5.2303949132e-01   -1.0230394913e+00    1.2800000000e+04    6.0783060156e-03    9.9000000000e-01
       146   -5.0000000000e-01    2.5000000000e-01   -9.9772520562e-01    4.9772520562e-01   -9.9772520562e-01    1.2800000000e+04    6.0806627490e-03    9.8906250000e-01
       147   -5.0000000000e-01    2.5000000000e-01   -9.8181189809e-01    4.8181189809e-01   -9.8181189809e-01    1.2800000000e+04    6.0748394873e-03    9.9078125000e-01
       148   -5.0000000000e-01    2.5000000000e-01   -1.0117639114e+00    5.1176391138e-01   -1.0117639114e+00    1.2800000000e+04    6.0766166699e-03    9.8914062500e-01
       149   -5.0000000000e-01    2.5000000000e-01   -9.2560479760e-01    4.2560479760e-01   -9.2560479760e-01    1.2800000000e+04    6.0857902148e-03    9.9031250000e-01
       150   -5.0000000000e-01    2.5000000000e-01   -9.8534726976e-01    4.8534726976e-01   -9.8534726976e-01    1.2800000000e+04    6.0697992725e-03    9.9023437500e-01
       151   -5.0000000000e-01    2.5000000000e-01   -1.0635789791e+00    5.6357897909e-01   -1.0635789791e+00    1.2800000000e+04    6.0777924854e-03    9.8906250000e-01
       152   -5.0000000000e-01    2.5000000000e-01   -1.0356715418e+00    5.3567154182e-01   -1.0356715418e+00    1.2800000000e+04    6.0715131738e-03    9.8867187500e-01
       153   -5.0000000000e-01    2.5000000000e-01   -9.9021584119e-01    4.9021584119e-01   -9.9021584119e-01    1.2800000000e+04    6.0792778418e-03    9.8984375000e-01
       154   -5.0000000000e-01    2.5000000000e-01   -9.5947707743e-01    4.5947707743e-01   -9.5947707743e-01    1.2800000000e+04    6.0723570703e-03    9.8937500000e-01
       155   -5.0000000000e-01    2.5000000000e-01   -1.0226523548e+00    5.2265235478e-01   -1.0226523548e+00    1.2800000000e+04    6.0542820752e-03    9.8804687500e-01
       156   -5.0000000000e-01    2.5000000000e-01   -1.0744638673e+00    5.7446386726e-01   -1.0744638673e+00    1.2800000000e+04    6.0784708838e-03    9.8898437500e-01
       157   -5.0000000000e-01    2.5000000000e-01   -9.7901314308e-01    4.7901314308e-01   -9.7901314308e-01    1.2800000000e+04    6.0823492334e-03    9.9007812500e-01
       158   -5.0000000000e-01    2.5000000000e-01   -9.4450033494e-01    4.4450033494e-01   -9.4450033494e-01    1.2800000000e+04    6.0833313379e-03    9.9031250000e-01
       159   -5.0000000000e-01    2.5000000000e-01   -1.0172097101e+00    5.1720971013e-01   -1.0172097101e+00    1.2800000000e+04    6.0826073047e-03    9.9023437500e-01
       160   -5.0000000000e-01    2.5000000000e-01   -1.0044480042e+00    5.0444800425e-01   -1.0044480042e+00    1.2800000000e+04    6.0582879541e-03    9.8953125000e-01
       161   -5.0000000000e-01    2.5000000000e-01   -9.8684403353e-01    4.8684403353e-01   -9.8684403353e-01    1.2800000000e+04    6.0764674707e-03    9.8992187500e-01
       162   -5.0000000000e-01    2.5000000000e-01   -1.0169330997e+00    5.1693309971e-01   -1.0169330997e+00    1.2800000000e+04    6.0725955518e-03    9.8820312500e-01
       163   -5.0000000000e-01    2.5000000000e-01   -1.0169427845e+00    5.1694278449e-01   -1.0169427845e+00    1.2800000000e+04    6.0712342041e-03    9.8851562500e-01
       164   -5.0000000000e-01    2.5000000000e-01   -9.7727537457e-01    4.7727537457e-01   -9.7727537457e-01    1.2800000000e+04    6.0884498340e-03    9.9078125000e-01
       165   -5.0000000000e-01    2.5000000000e-01   -1.0153510736e+00    5.1535107362e-01   -1.0153510736e+00    1.2800000000e+04    6.0522872656e-03    9.8890625000e-01
       166   -5.0000000000e-01    2.5000000000e-01   -1.0015507062e+00    5.0155070619e-01   -1.0015507062e+00    1.2800000000e+04    6.0797417725e-03    9.9007812500e-01
       167   -5.0000000000e-01    2.5000000000e-01   -9.9963286922e-01    4.9963286922e-01   -9.9963286922e-01    1.2800000000e+04    6.0828343359e-03    9.8945312500e-01
       168   -5.0000000000e-01    2.5000000000e-01   -9.9534278909e-01    4.9534278909e-01   -9.9534278909e-01    1.2800000000e+04    6.0945853418e-03    9.9109375000e-01
       169   -5.0000000000e-01    2.5000000000e-01   -1.0107551888e+00    5.1075518883e-01   -1.0107551888e+00    1.2800000000e+04    6.0630063037e-03    9.8625000000e-01
       170   -5.0000000000e-01    2.5000000000e-01   -1.0019215299e+00    5.0192152989e-01   -1.0019215299e+00    1.2800000000e+04    6.0663822607e-03    9.9000000000e-01
       171   -5.0000000000e-01    2.5000000000e-01   -1.0057463670e+00    5.0574636700e-01   -1.0057463670e+00    1.2800000000e+04    6.0835567871e-03    9.9039062500e-01
       172   -5.0000000000e-01    2.5000000000e-01   -1.0205868643e+00    5.2058686433e-01   -1.0205868643e+00    1.2800000000e+04    6.0712013867e-03    9.8843750000e-01
       173   -5.0000000000e-01    2.5000000000e-01   -9.9633167849e-01    4.9633167849e-01   -9.9633167849e-01    1.2800000000e+04    6.0881742920e-03    9.8992187500e-01
       174   -5.0000000000e-01    2.5000000000e-01   -9.9572714388e-01    4.9572714388e-01   -9.9572714388e-01    1.2800000000e+04    6.0867226123e-03    9.9164062500e-01
       175   -5.0000000000e-01    2.5000000000e-01   -9.7868640075e-01    4.7868640075e-01   -9.7868640075e-01    1.2800000000e+04    6.0658494971e-03    9.9101562500e-01
       176   -5.0000000000e-01    2.5000000000e-01   -9.9139263483e-01    4.9139263483e-01   -9.9139263483e-01    1.2800000000e+04    6.0842064111e-03    9.9031250000e-01
       177   -5.0000000000e-01    2.5000000000e-01   -9.7580988477e-01    4.7580988477e-01   -9.7580988477e-01    1.2800000000e+04    6.0718115869e-03    9.8757812500e-01
       178   -5.0000000000e-01    2.5000000000e-01   -9.2466466115e-01    4.2466466115e-01   -9.2466466115e-01    1.2800000000e+04    6.0906084570e-03    9.9132812500e-01
       179   -5.0000000000e-01    2.5000000000e-01   -1.0036272935e+00    5.0362729351e-01   -1.0036272935e+00    1.2800000000e+04    6.0777197559e-03    9.8898437500e-01
       180   -5.0000000000e-01    2.5000000000e-01   -9.7440618336e-01    4.7440618336e-01   -9.7440618336e-01    1.2800000000e+04    6.0709294922e-03    9.9132812500e-01
       181   -5.0000000000e-01    2.5000000000e-01   -1.0261428261e+00    5.2614282611e-01   -1.0261428261e+00    1.2800000000e+04    6.0751320898e-03    9.8757812500e-01
       182   -5.0000000000e-01    2.5000000000e-01   -1.0322220933e+00    5.3222209326e-01   -1.0322220933e+00    1.2800000000e+04    6.0682449365e-03    9.8796875000e-01
       183   -5.0000000000e-01    2.5000000000e-01   -9.8265825832e-01    4.8265825832e-01   -9.8265825832e-01    1.2800000000e+04    6.0803435596e-03    9.8953125000e-01
       184   -5.0000000000e-01    2.5000000000e-01   -9.7310719843e-01    4.7310719843e-01   -9.7310719843e-01    1.2800000000e+04    6.0781941699e-03    9.9007812500e-01
       185   -5.0000000000e-01    2.5000000000e-01   -9.4651756903e-01    4.4651756903e-01   -9.4651756903e-01    1.2800000000e+04    6.0718937598e-03    9.9125000000e-01
       186   -5.0000000000e-01    2.5000000000e-01   -1.0151606898e+00    5.1516068983e-01   -1.0151606898e+00    1.2800000000e+04    6.0830501563e-03    9.8921875000e-01
       187   -5.0000000000e-01    2.5000000000e-01   -1.0449097697e+00    5.4490976973e-01   -1.0449097697e+00    1.2800000000e+04    6.0879623535e-03    9.8992187500e-01
       188   -5.0000000000e-01    2.5000000000e-01   -1.0434991087e+00    5.4349910869e-01   -1.0434991087e+00    1.2800000000e+04    6.0880351953e-03    9.9117187500e-01
       189   -5.0000000000e-01    2.5000000000e-01   -1.0487002196e+00    5.4870021962e-01   -1.0487002196e+00    1.2800000000e+04    6.0603369922e-03    9.8773437500e-01
       190   -5.0000000000e-01    2.5000000000e-01   -1.0060884837e+00    5.0608848369e-01   -1.0060884837e+00    1.2800000000e+04    6.0531821289e-03    9.8898437500e-01
       191   -5.0000000000e-01    2.5000000000e-01   -1.0184531708e+00    5.1845317076e-01   -1.0184531708e+00    1.2800000000e+04    6.0828446338e-03    9.9109375000e-01
       192   -5.0000000000e-01    2.5000000000e-01   -9.7504487893e-01    4.7504487893e-01   -9.7504487893e-01    1.2800000000e+04    6.0763252246e-03    9.8921875000e-01
       193   -5.0000000000e-01    2.5000000000e-01   -1.0191587417e+00    5.1915874175e-01   -1.0191587417e+00    1.2800000000e+04    6.0676027637e-03    9.8757812500e-01
       194   -5.0000000000e-01    2.5000000000e-01   -1.0139616504e+00    5.1396165037e-01   -1.0139616504e+00    1.2800000000e+04    6.0809311182e-03    9.8992187500e-01
       195   -5.0000000000e-01    2.5000000000e-01   -1.0038703308e+00    5.0387033076e-01   -1.0038703308e+00    1.2800000000e+04    6.0580188525e-03    9.9000000000e-01
       196   -5.0000000000e-01    2.5000000000e-01   -9.9481419588e-01    4.9481419588e-01   -9.9481419588e-01    1.2800000000e+04    6.0786625977e-03    9.8945312500e-01
       197   -5.0000000000e-01    2.5000000000e-01   -9.9031325002e-01    4.9031325002e-01   -9.9031325002e-01    1.2800000000e+04    6.0792802393e-03    9.8992187500e-01
       198   -5.0000000000e-01    2.5000000000e-01   -1.0434783569e+00    5.4347835693e-01   -1.0434783569e+00    1.2800000000e+04    6.0708169629e-03    9.8796875000e-01
       199   -5.0000000000e-01    2.5000000000e-01   -1.0154804313e+00    5.1548043125e-01   -1.0154804313e+00    1.2800000000e+04    6.0665680908e-03    9.8867187500e-01
       200   -5.0000000000e-01    2.5000000000e-01   -1.0130600320e+00    5.1306003205e-01   -1.0130600320e+00    1.2800000000e+04    6.0618060107e-03    9.9023437500e-01
       201   -5.0000000000e-01    2.5000000000e-01   -1.0060096928e+00    5.0600969275e-01   -1.0060096928e+00    1.2800000000e+04    6.0811486768e-03    9.8945312500e-01
       202   -5.0000000000e-01    2.5000000000e-01   -9.4758921773e-01    4.4758921773e-01   -9.4758921773e-01    1.2800000000e+04    6.0898093066e-03    9.9117187500e-01
       203   -5.0000000000e-01    2.5000000000e-01   -1.0367438119e+00    5.3674381186e-01   -1.0367438119e+00    1.2800000000e+04    6.0731509863e-03    9.8937500000e-01
       204   -5.0000000000e-01    2.5000000000e-01   -1.0118963836e+00    5.1189638358e-01   -1.0118963836e+00    1.2800000000e+04    6.0768284033e-03    9.8960937500e-01
       205   -5.0000000000e-01    2.5000000000e-01   -9.5834955970e-01    4.5834955970e-01   -9.5834955970e-01    1.2800000000e+04    6.0671542578e-03    9.9054687500e-01
       206   -5.0000000000e-01    2.5000000000e-01   -9.6735106726e-01    4.6735106726e-01   -9.6735106726e-01    1.2800000000e+04    6.0791587256e-03    9.8906250000e-01
       207   -5.0000000000e-01    2.5000000000e-01   -9.8145515552e-01    4.8145515552e-01   -9.8145515552e-01    1.2800000000e+04    6.0801835254e-03    9.9000000000e-01
       208   -5.0000000000e-01    2.5000000000e-01   -1.0394196070e+00    5.3941960700e-01   -1.0394196070e+00    1.2800000000e+04    6.0738677344e-03    9.8906250000e-01
       209   -5.0000000000e-01    2.5000000000e-01   -1.0020220156e+00    5.0202201561e-01   -1.0020220156e+00    1.2800000000e+04    6.0734698486e-03    9.8992187500e-01
       210   -5.0000000000e-01    2.5000000000e-01   -9.4912555469e-01    4.4912555469e-01   -9.4912555469e-01    1.2800000000e+04    6.0609699219e-03    9.8976562500e-01
       211   -5.0000000000e-01    2.5000000000e-01   -9.5803145727e-01    4.5803145727e-01   -9.5803145727e-01    1.2800000000e+04    6.0905815332e-03    9.9140625000e-01
       212   -5.0000000000e-01    2.5000000000e-01   -1.0022095557e+00    5.0220955569e-01   -1.0022095557e+00    1.2800000000e+04    6.0734787744e-03    9.8937500000e-01
       213   -5.0000000000e-01    2.5000000000e-01   -1.0116659280e+00    5.1166592798e-01   -1.0116659280e+00    1.2800000000e+04    6.0884310742e-03    9.9023437500e-01
       214   -5.0000000000e-01    2.5000000000e-01   -1.0059617365e+00    5.0596173651e-01   -1.0059617365e+00    1.2800000000e+04    6.0791916504e-03    9.8992187500e-01
       215   -5.0000000000e-01    2.5000000000e-01   -1.0045564303e+00    5.0455643027e-01   -1.0045564303e+00    1.2800000000e+04    6.0597051074e-03    9.8937500000e-01
       216   -5.0000000000e-01    2.5000000000e-01   -1.0075004193e+00    5.0750041927e-01   -1.0075004193e+00    1.2800000000e+04    6.0867094629e-03    9.9039062500e-01
       217   -5.0000000000e-01    2.5000000000e-01   -1.0368210216e+00    5.3682102161e-01   -1.0368210216e+00    1.2800000000e+04    6.0804462109e-03    9.9015625000e-01
       218   -5.0000000000e-01    2.5000000000e-01   -9.9000101217e-01    4.9000101217e-01   -9.9000101217e-01    1.2800000000e+04    6.0749045020e-03    9.8960937500e-01
       219   -5.0000000000e-01    2.5000000000e-01   -1.0323103734e+00    5.3231037340e-01   -1.0323103734e+00    1.2800000000e+04    6.0808471729e-03    9.9015625000e-01
       220   -5.0000000000e-01    2.5000000000e-01   -1.0492911896e+00    5.4929118957e-01   -1.0492911896e+00    1.2800000000e+04    6.0622423633e-03    9.9000000000e-01
       221   -5.0000000000e-01    2.5000000000e-01   -1.0447527321e+00    5.4475273207e-01   -1.0447527321e+00    1.2800000000e+04    6.0729740332e-03    9.8843750000e-01
       222   -5.0000000000e-01    2.5000000000e-01   -1.0339897808e+00    5.3398978079e-01   -1.0339897808e+00    1.2800000000e+04    6.0715624170e-03    9.8921875000e-01
       223   -5.0000000000e-01    2.5000000000e-01   -9.8707288947e-01    4.8707288947e-01   -9.8707288947e-01    1.2800000000e+04    6.0856487354e-03    9.8984375000e-01
       224   -5.0000000000e-01    2.5000000000e-01   -1.0322789650e+00    5.3227896502e-01   -1.0322789650e+00    1.2800000000e+04    6.0709979785e-03    9.8859375000e-01
       225   -5.0000000000e-01    2.5000000000e-01   -1.0116883527e+00    5.1168835275e-01   -1.0116883527e+00    1.2800000000e+04    6.0629800781e-03    9.8937500000e-01
       226   -5.0000000000e-01    2.5000000000e-01   -1.0095772034e+00    5.0957720345e-01   -1.0095772034e+00    1.2800000000e+04    6.0758536182e-03    9.8898437500e-01
       227   -5.0000000000e-01    2.5000000000e-01   -9.7924730024e-01    4.7924730024e-01   -9.7924730024e-01    1.2800000000e+04    6.0842588623e-03    9.9031250000e-01
       228   -5.0000000000e-01    2.5000000000e-01   -1.0139027042e+00    5.1390270416e-01   -1.0139027042e+00    1.2800000000e+04    6.0686332227e-03    9.8906250000e-01
       229   -5.0000000000e-01    2.5000000000e-01   -1.0164197878e+00    5.1641978785e-01   -1.0164197878e+00    1.2800000000e+04    6.0726663428e-03    9.8937500000e-01
       230   -5.0000000000e-01    2.5000000000e-01   -9.8416985130e-01    4.8416985130e-01   -9.8416985130e-01    1.2800000000e+04    6.0726881055e-03    9.9046875000e-01
       231   -5.0000000000e-01    2.5000000000e-01   -9.4781524971e-01    4.4781524971e-01   -9.4781524971e-01    1.2800000000e+04    6.0749061426e-03    9.8867187500e-01
       232   -5.0000000000e-01    2.5000000000e-01   -9.5191569462e-01    4.5191569462e-01   -9.5191569462e-01    1.2800000000e+04    6.0818533789e-03    9.8992187500e-01
       233   -5.0000000000e-01    2.5000000000e-01   -9.9349714685e-01    4.9349714685e-01   -9.9349714685e-01    1.2800000000e+04    6.0727473828e-03    9.8929687500e-01
       234   -5.0000000000e-01    2.5000000000e-01   -9.8496380629e-01    4.8496380629e-01   -9.8496380629e-01    1.2800000000e+04    6.0834943506e-03    9.9023437500e-01
       235   -5.0000000000e-01    2.5000000000e-01   -1.0513284681e+00    5.5132846806e-01   -1.0513284681e+00    1.2800000000e+04    6.0556264404e-03    9.8882812500e-01
       236   -5.0000000000e-01    2.5000000000e-01   -1.0217502631e+00    5.2175026308e-01   -1.0217502631e+00    1.2800000000e+04    6.0808059619e-03    9.8890625000e-01
       237   -5.0000000000e-01    2.5000000000e-01   -1.0128801987e+00    5.1288019865e-01   -1.0128801987e+00    1.2800000000e+04    6.0804740381e-03    9.9000000000e-01
       238   -5.0000000000e-01    2.5000000000e-01   -9.2693742963e-01    4.2693742963e-01   -9.2693742963e-01    1.2800000000e+04    6.0848181543e-03    9.8976562500e-01
       239   -5.0000000000e-01    2.5000000000e-01   -1.0529911236e+00    5.5299112356e-01   -1.0529911236e+00    1.2800000000e+04    6.0779228418e-03    9.9000000000e-01
       240   -5.0000000000e-01    2.5000000000e-01   -1.0306196599e+00    5.3061965991e-01   -1.0306196599e+00    1.2800000000e+04    6.0556975293e-03    9.9039062500e-01
       241   -5.0000000000e-01    2.5000000000e-01   -1.0170784921e+00    5.1707849212e-01   -1.0170784921e+00    1.2800000000e+04    6.0759613721e-03    9.8828125000e-01
       242   -5.0000000000e-01    2.5000000000e-01   -1.0166232235e+00    5.1662322349e-01   -1.0166232235e+00    1.2800000000e+04    6.0806255957e-03    9.8906250000e-01
       243   -5.0000000000e-01    2.5000000000e-01   -1.0422721052e+00    5.4227210524e-01   -1.0422721052e+00    1.2800000000e+04    6.0729927979e-03    9.8773437500e-01
       244   -5.0000000000e-01    2.5000000000e-01   -1.0618483156e+00    5.6184831556e-01   -1.0618483156e+00    1.2800000000e+04    6.0718412012e-03    9.8851562500e-01
       245   -5.0000000000e-01    2.5000000000e-01   -9.9640311862e-01    4.9640311862e-01   -9.9640311862e-01    1.2800000000e+04    6.0638228564e-03    9.8875000000e-01
       246   -5.0000000000e-01    2.5000000000e-01   -9.6899131842e-01    4.6899131842e-01   -9.6899131842e-01    1.2800000000e+04    6.0829651465e-03    9.8945312500e-01
       247   -5.0000000000e-01    2.5000000000e-01   -9.9559731009e-01    4.9559731009e-01   -9.9559731009e-01    1.2800000000e+04    6.0712622217e-03    9.8929687500e-01
       248   -5.0000000000e-01    2.5000000000e-01   -9.8876887689e-01    4.8876887689e-01   -9.8876887689e-01    1.2800000000e+04    6.0761161084e-03    9.8906250000e-01
       249   -5.0000000000e-01    2.5000000000e-01   -1.0532334257e+00    5.5323342567e-01   -1.0532334257e+00    1.2800000000e+04    6.0695750830e-03    9.8937500000e-01
       250   -5.0000000000e-01    2.5000000000e-01   -1.0178256845e+00    5.1782568452e-01   -1.0178256845e+00    1.2800000000e+04    6.0572446289e-03    9.8851562500e-01
       251   -5.0000000000e-01    2.5000000000e-01   -9.9652317415e-01    4.9652317415e-01   -9.9652317415e-01    1.2800000000e+04    6.0839825879e-03    9.8976562500e-01
       252   -5.0000000000e-01    2.5000000000e-01   -9.3293021390e-01    4.3293021390e-01   -9.3293021390e-01    1.2800000000e+04    6.0832289990e-03    9.9023437500e-01
       253   -5.0000000000e-01    2.5000000000e-01   -1.0248385830e+00    5.2483858300e-01   -1.0248385830e+00    1.2800000000e+04    6.0862946143e-03    9.8976562500e-01
       254   -5.0000000000e-01    2.5000000000e-01   -9.0887791858e-01    4.0887791858e-01   -9.0887791858e-01    1.2800000000e+04    6.0930968848e-03    9.9164062500e-01
       255   -5.0000000000e-01    2.5000000000e-01   -9.5935326046e-01    4.5935326046e-01   -9.5935326046e-01    1.2800000000e+04    6.0590135596e-03    9.8960937500e-01
       256   -5.0000000000e-01    2.5000000000e-01   -9.6678059043e-01    4.6678059043e-01   -9.6678059043e-01    1.2800000000e+04    6.0731552393e-03    9.8843750000e-01
       257   -5.0000000000e-01    2.5000000000e-01   -9.9012025545e-01    4.9012025545e-01   -9.9012025545e-01    1.2800000000e+04    6.0917152930e-03    9.9023437500e-01
       258   -5.0000000000e-01    2.5000000000e-01   -1.0595723346e+00    5.5957233464e-01   -1.0595723346e+00    1.2800000000e+04    6.0615803760e-03    9.8632812500e-01
       259   -5.0000000000e-01    2.5000000000e-01   -1.0130877456e+00    5.1308774558e-01   -1.0130877456e+00    1.2800000000e+04    6.0683877393e-03    9.8875000000e-01
       260   -5.0000000000e-01    2.5000000000e-01   -9.8510163419e-01    4.8510163419e-01   -9.8510163419e-01    1.2800000000e+04    6.0538567578e-03    9.8914062500e-01
       261   -5.0000000000e-01    2.5000000000e-01   -1.0622389603e+00    5.6223896033e-01   -1.0622389603e+00    1.2800000000e+04    6.0900435498e-03    9.9125000000e-01
       262   -5.0000000000e-01    2.5000000000e-01   -9.9230348398e-01    4.9230348398e-01   -9.9230348398e-01    1.2800000000e+04    6.0831970166e-03    9.9054687500e-01
       263   -5.0000000000e-01    2.5000000000e-01   -9.6571402454e-01    4.6571402454e-01   -9.6571402454e-01    1.2800000000e+04    6.0900431250e-03    9.9078125000e-01
       264   -5.0000000000e-01    2.5000000000e-01   -9.5796220858e-01    4.5796220858e-01   -9.5796220858e-01    1.2800000000e+04    6.0778358398e-03    9.8914062500e-01
       265   -5.0000000000e-01    2.5000000000e-01   -9.5041261978e-01    4.5041261978e-01   -9.5041261978e-01    1.2800000000e+04    6.0666155811e-03    9.9125000000e-01
       266   -5.0000000000e-01    2.5000000000e-01   -1.0081575414e+00    5.0815754142e-01   -1.0081575414e+00    1.2800000000e+04    6.0817676025e-03    9.9023437500e-01
       267   -5.0000000000e-01    2.5000000000e-01   -1.0746907116e+00    5.7469071163e-01   -1.0746907116e+00    1.2800000000e+04    6.0873252344e-03    9.8976562500e-01
       268   -5.0000000000e-01    2.5000000000e-01   -9.9130758227e-01    4.9130758227e-01   -9.9130758227e-01    1.2800000000e+04    6.0906617822e-03    9.9062500000e-01
       269   -5.0000000000e-01    2.5000000000e-01   -1.0122340135e+00    5.1223401351e-01   -1.0122340135e+00    1.2800000000e+04    6.0909742822e-03    9.9023437500e-01
       270   -5.0000000000e-01    2.5000000000e-01   -9.5397887636e-01    4.5397887636e-01   -9.5397887636e-01    1.2800000000e+04    6.0655099658e-03    9.9062500000e-01
       271   -5.0000000000e-01    2.5000000000e-01   -1.0068793368e+00    5.0687933679e-01   -1.0068793368e+00    1.2800000000e+04    6.0881194922e-03    9.8992187500e-01
       272   -5.0000000000e-01    2.5000000000e-01   -9.8423416365e-01    4.8423416365e-01   -9.8423416365e-01    1.2800000000e+04    6.0835077686e-03    9.9070312500e-01
       273   -5.0000000000e-01    2.5000000000e-01   -9.5482399796e-01    4.5482399796e-01   -9.5482399796e-01    1.2800000000e+04    6.0866798926e-03    9.9023437500e-01
       274   -5.0000000000e-01    2.5000000000e-01   -1.0221050132e+00    5.2210501320e-01   -1.0221050132e+00    1.2800000000e+04    6.0696116211e-03    9.8859375000e-01
       275   -5.0000000000e-01    2.5000000000e-01   -1.0212413732e+00    5.2124137323e-01   -1.0212413732e+00    1.2800000000e+04    6.0528432861e-03    9.8882812500e-01
       276   -5.0000000000e-01    2.5000000000e-01   -1.0150849753e+00    5.1508497526e-01   -1.0150849753e+00    1.2800000000e+04    6.0823138232e-03    9.8921875000e-01
       277   -5.0000000000e-01    2.5000000000e-01   -1.0008016755e+00    5.0080167548e-01   -1.0008016755e+00    1.2800000000e+04    6.0789376904e-03    9.8906250000e-01
       278   -5.0000000000e-01    2.5000000000e-01   -9.8790120003e-01    4.8790120003e-01   -9.8790120003e-01    1.2800000000e+04    6.0825050000e-03    9.9015625000e-01
       279   -5.0000000000e-01    2.5000000000e-01   -1.0445728017e+00    5.4457280172e-01   -1.0445728017e+00    1.2800000000e+04    6.0667006152e-03    9.8718750000e-01
       280   -5.0000000000e-01    2.5000000000e-01   -9.9874598430e-01    4.9874598430e-01   -9.9874598430e-01    1.2800000000e+04    6.0549255811e-03    9.8843750000e-01
       281   -5.0000000000e-01    2.5000000000e-01   -9.8494374376e-01    4.8494374376e-01   -9.8494374376e-01    1.2800000000e+04    6.0918566943e-03    9.9039062500e-01
       282   -5.0000000000e-01    2.5000000000e-01   -9.8720595665e-01    4.8720595665e-01   -9.8720595665e-01    1.2800000000e+04    6.0799625537e-03    9.8976562500e-01
       283   -5.0000000000e-01    2.5000000000e-01   -9.8266316462e-01    4.8266316462e-01   -9.8266316462e-01    1.2800000000e+04    6.0813520850e-03    9.9007812500e-01
       284   -5.0000000000e-01    2.5000000000e-01   -9.8945754445e-01    4.8945754445e-01   -9.8945754445e-01    1.2800000000e+04    6.0755997363e-03    9.8976562500e-01
       285   -5.0000000000e-01    2.5000000000e-01   -9.9480143350e-01    4.9480143350e-01   -9.9480143350e-01    1.2800000000e+04    6.0607390381e-03    9.8867187500e-01
       286   -5.0000000000e-01    2.5000000000e-01   -9.6625180651e-01    4.6625180651e-01   -9.6625180651e-01    1.2800000000e+04    6.0785510693e-03    9.8859375000e-01
       287   -5.0000000000e-01    2.5000000000e-01   -9.9185282645e-01    4.9185282645e-01   -9.9185282645e-01    1.2800000000e+04    6.0793178516e-03    9.8984375000e-01
       288   -5.0000000000e-01    2.5000000000e-01   -9.9796797206e-01    4.9796797206e-01   -9.9796797206e-01    1.2800000000e+04    6.0732425635e-03    9.8828125000e-01
       289   -5.0000000000e-01    2.5000000000e-01   -1.0143280015e+00    5.1432800152e-01   -1.0143280015e+00    1.2800000000e+04    6.0831127734e-03    9.9015625000e-01
       290   -5.0000000000e-01    2.5000000000e-01   -9.7950721291e-01    4.7950721291e-01   -9.7950721291e-01    1.2800000000e+04    6.0581592676e-03    9.8960937500e-01
       291   -5.0000000000e-01    2.5000000000e-01   -1.0035783397e+00    5.0357833967e-01   -1.0035783397e+00    1.2800000000e+04    6.0787271973e-03    9.8859375000e-01
       292   -5.0000000000e-01    2.5000000000e-01   -9.5397198357e-01    4.5397198357e-01   -9.5397198357e-01    1.2800000000e+04    6.0819140332e-03    9.9085937500e-01
       293   -5.0000000000e-01    2.5000000000e-01   -1.0495829919e+00    5.4958299188e-01   -1.0495829919e+00    1.2800000000e+04    6.0776424121e-03    9.8953125000e-01
       294   -5.0000000000e-01    2.5000000000e-01   -1.0060945268e+00    5.0609452682e-01   -1.0060945268e+00    1.2800000000e+04    6.0731468555e-03    9.8875000000e-01
       295   -5.0000000000e-01    2.5000000000e-01   -9.7725496364e-01    4.7725496364e-01   -9.7725496364e-01    1.2800000000e+04    6.0693522314e-03    9.9054687500e-01
       296   -5.0000000000e-01    2.5000000000e-01   -9.6870999735e-01    4.6870999735e-01   -9.6870999735e-01    1.2800000000e+04    6.0794350439e-03    9.8906250000e-01
       297   -5.0000000000e-01    2.5000000000e-01   -1.0057223555e+00    5.0572235546e-01   -1.0057223555e+00    1.2800000000e+04    6.0891767139e-03    9.9101562500e-01
       298   -5.0000000000e-01    2.5000000000e-01   -1.0482499898e+00    5.4824998984e-01   -1.0482499898e+00    1.2800000000e+04    6.0644799902e-03    9.8757812500e-01
       299   -5.0000000000e-01    2.5000000000e-01   -1.0029691614e+00    5.0296916137e-01   -1.0029691614e+00    1.2800000000e+04    6.0776766748e-03    9.8953125000e-01
       300   -5.0000000000e-01    2.5000000000e-01   -1.0040470134e+00    5.0404701342e-01   -1.0040470134e+00    1.2800000000e+04    6.0510223486e-03    9.8960937500e-01
       301   -5.0000000000e-01    2.5000000000e-01   -9.7399227150e-01    4.7399227150e-01   -9.7399227150e-01    1.2800000000e+04    6.0708476416e-03    9.8898437500e-01
       302   -5.0000000000e-01    2.5000000000e-01   -1.0346290701e+00    5.3462907011e-01   -1.0346290701e+00    1.2800000000e+04    6.0816786768e-03    9.9046875000e-01
       303   -5.0000000000e-01    2.5000000000e-01   -9.8025082995e-01    4.8025082995e-01   -9.8025082995e-01    1.2800000000e+04    6.0920490723e-03    9.9148437500e-01
       304   -5.0000000000e-01    2.5000000000e-01   -1.0356391070e+00    5.3563910700e-01   -1.0356391070e+00    1.2800000000e+04    6.0895496729e-03    9.9078125000e-01
       305   -5.0000000000e-01    2.5000000000e-01   -1.0675931633e+00    5.6759316326e-01   -1.0675931633e+00    1.2800000000e+04    6.0913110254e-03    9.8929687500e-01
       306   -5.0000000000e-01    2.5000000000e-01   -1.0467262814e+00    5.4672628141e-01   -1.0467262814e+00    1.2800000000e+04    6.0485316895e-03    9.8765625000e-01
       307   -5.0000000000e-01    2.5000000000e-01   -9.6900352319e-01    4.6900352319e-01   -9.6900352319e-01    1.2800000000e+04    6.0797783252e-03    9.9015625000e-01
       308   -5.0000000000e-01    2.5000000000e-01   -9.8118787268e-01    4.8118787268e-01   -9.8118787268e-01    1.2800000000e+04    6.0831263379e-03    9.9085937500e-01
       309   -5.0000000000e-01    2.5000000000e-01   -9.4315037404e-01    4.4315037404e-01   -9.4315037404e-01    1.2800000000e+04    6.0980517041e-03    9.9203125000e-01
       310   -5.0000000000e-01    2.5000000000e-01   -9.9449720859e-01    4.9449720859e-01   -9.9449720859e-01    1.2800000000e+04    6.0940522070e-03    9.9101562500e-01
       311   -5.0000000000e-01    2.5000000000e-01   -9.8006258630e-01    4.8006258630e-01   -9.8006258630e-01    1.2800000000e+04    6.0587806055e-03    9.8812500000e-01
       312   -5.0000000000e-01    2.5000000000e-01   -9.7048686802e-01    4.7048686802e-01   -9.7048686802e-01    1.2800000000e+04    6.0764705713e-03    9.8929687500e-01
       313   -5.0000000000e-01    2.5000000000e-01   -1.0443735574e+00    5.4437355738e-01   -1.0443735574e+00    1.2800000000e+04    6.0874350439e-03    9.8921875000e-01
       314   -5.0000000000e-01    2.5000000000e-01   -1.0618262311e+00    5.6182623112e-01   -1.0618262311e+00    1.2800000000e+04    6.0717102979e-03    9.8875000000e-01
       315   -5.0000000000e-01    2.5000000000e-01   -1.0646027187e+00    5.6460271867e-01   -1.0646027187e+00    1.2800000000e+04    6.0721897461e-03    9.8804687500e-01
       316   -5.0000000000e-01    2.5000000000e-01   -9.8986765916e-01    4.8986765916e-01   -9.8986765916e-01    1.2800000000e+04    6.0570797900e-03    9.8953125000e-01
       317   -5.0000000000e-01    2.5000000000e-01   -1.0050517946e+00    5.0505179461e-01   -1.0050517946e+00    1.2800000000e+04    6.0885392480e-03    9.9078125000e-01
       318   -5.0000000000e-01    2.5000000000e-01   -9.8607390242e-01    4.8607390242e-01   -9.8607390242e-01    1.2800000000e+04    6.0819037891e-03    9.9015625000e-01
       319   -5.0000000000e-01    2.5000000000e-01   -1.0086696667e+00    5.0866966669e-01   -1.0086696667e+00    1.2800000000e+04    6.0820939551e-03    9.8992187500e-01
       320   -5.0000000000e-01    2.5000000000e-01   -9.6637836617e-01    4.6637836617e-01   -9.6637836617e-01    1.2800000000e+04    6.0876179150e-03    9.9101562500e-01
       321   -5.0000000000e-01    2.5000000000e-01   -9.8220945268e-01    4.8220945268e-01   -9.8220945268e-01    1.2800000000e+04    6.0613690137e-03    9.9101562500e-01
       322   -5.0000000000e-01    2.5000000000e-01   -1.0154430467e+00    5.1544304673e-01   -1.0154430467e+00    1.2800000000e+04    6.0777144482e-03    9.8984375000e-01
       323   -5.0000000000e-01    2.5000000000e-01   -1.0530355548e+00    5.5303555479e-01   -1.0530355548e+00    1.2800000000e+04    6.0752665088e-03    9.8882812500e-01
       324   -5.0000000000e-01    2.5000000000e-01   -9.3445925337e-01    4.3445925337e-01   -9.3445925337e-01    1.2800000000e+04    6.0776355420e-03    9.8992187500e-01
       325   -5.0000000000e-01    2.5000000000e-01   -9.5682211229e-01    4.5682211229e-01   -9.5682211229e-01    1.2800000000e+04    6.0886730762e-03    9.9093750000e-01
       326   -5.0000000000e-01    2.5000000000e-01   -9.6241723896e-01    4.6241723896e-01   -9.6241723896e-01    1.2800000000e+04    6.0688096582e-03    9.9054687500e-01
       327   -5.0000000000e-01    2.5000000000e-01   -9.7689399837e-01    4.7689399837e-01   -9.7689399837e-01    1.2800000000e+04    6.0961334521e-03    9.9148437500e-01
       328   -5.0000000000e-01    2.5000000000e-01   -1.0612769374e+00    5.6127693738e-01   -1.0612769374e+00    1.2800000000e+04    6.0748508301e-03    9.8820312500e-01
       329   -5.0000000000e-01    2.5000000000e-01   -9.7504604396e-01    4.7504604396e-01   -9.7504604396e-01    1.2800000000e+04    6.0886223682e-03    9.9171875000e-01
       330   -5.0000000000e-01    2.5000000000e-01   -1.0387180621e+00    5.3871806212e-01   -1.0387180621e+00    1.2800000000e+04    6.0866795898e-03    9.9039062500e-01
       331   -5.0000000000e-01    2.5000000000e-01   -9.7985505778e-01    4.7985505778e-01   -9.7985505778e-01    1.2800000000e+04    6.0599686963e-03    9.8976562500e-01
       332   -5.0000000000e-01    2.5000000000e-01   -9.5627134208e-01    4.5627134208e-01   -9.5627134208e-01    1.2800000000e+04    6.0830026416e-03    9.9046875000e-01
       333   -5.0000000000e-01    2.5000000000e-01   -9.6955819274e-01    4.6955819274e-01   -9.6955819274e-01    1.2800000000e+04    6.0935114502e-03    9.8968750000e-01
       334   -5.0000000000e-01    2.5000000000e-01   -9.6093220498e-01    4.6093220498e-01   -9.6093220498e-01    1.2800000000e+04    6.0804850244e-03    9.9031250000e-01
       335   -5.0000000000e-01    2.5000000000e-01   -9.7601243364e-01    4.7601243364e-01   -9.7601243364e-01    1.2800000000e+04    6.0798915039e-03    9.8968750000e-01
       336   -5.0000000000e-01    2.5000000000e-01   -9.8106320307e-01    4.8106320307e-01   -9.8106320307e-01    1.2800000000e+04    6.0633186768e-03    9.9085937500e-01
       337   -5.0000000000e-01    2.5000000000e-01   -9.7965915102e-01    4.7965915102e-01   -9.7965915102e-01    1.2800000000e+04    6.0781352881e-03    9.9039062500e-01
       338   -5.0000000000e-01    2.5000000000e-01   -1.0033091277e+00    5.0330912770e-01   -1.0033091277e+00    1.2800000000e+04    6.0741083350e-03    9.8937500000e-01
       339   -5.0000000000e-01    2.5000000000e-01   -1.0613589372e+00    5.6135893719e-01   -1.0613589372e+00    1.2800000000e+04    6.1844280859e-03    9.8851562500e-01
       340   -5.0000000000e-01    2.5000000000e-01   -9.4863249199e-01    4.4863249199e-01   -9.4863249199e-01    1.2800000000e+04    6.0867834229e-03    9.9101562500e-01
       341   -5.0000000000e-01    2.5000000000e-01   -9.5372254161e-01    4.5372254161e-01   -9.5372254161e-01    1.2800000000e+04    6.0627558057e-03    9.9046875000e-01
       342   -5.0000000000e-01    2.5000000000e-01   -9.8241718631e-01    4.8241718631e-01   -9.8241718631e-01    1.2800000000e+04    6.0871847217e-03    9.9093750000e-01
       343   -5.0000000000e-01    2.5000000000e-01   -1.0092439069e+00    5.0924390690e-01   -1.0092439069e+00    1.2800000000e+04    6.0765859717e-03    9.8890625000e-01
       344   -5.0000000000e-01    2.5000000000e-01   -1.0179195054e+00    5.1791950541e-01   -1.0179195054e+00    1.2800000000e+04    6.0717937451e-03    9.8843750000e-01
       345   -5.0000000000e-01    2.5000000000e-01   -1.0214348179e+00    5.2143481788e-01   -1.0214348179e+00    1.2800000000e+04    6.0801493408e-03    9.8953125000e-01
       346   -5.0000000000e-01    2.5000000000e-01   -9.9489112551e-01    4.9489112551e-01   -9.9489112551e-01    1.2800000000e+04    6.0611211572e-03    9.8960937500e-01
       347   -5.0000000000e-01    2.5000000000e-01   -1.0130803119e+00    5.1308031192e-01   -1.0130803119e+00    1.2800000000e+04    6.0740301904e-03    9.8898437500e-01
       348   -5.0000000000e-01    2.5000000000e-01   -9.8283091343e-01    4.8283091343e-01   -9.8283091343e-01    1.2800000000e+04    6.0819800439e-03    9.8984375000e-01
       349   -5.0000000000e-01    2.5000000000e-01   -9.6884217018e-01    4.6884217018e-01   -9.6884217018e-01    1.2800000000e+04    6.0807180371e-03    9.9007812500e-01
       350   -5.0000000000e-01    2.5000000000e-01   -1.0477784766e+00    5.4777847662e-01   -1.0477784766e+00    1.2800000000e+04    6.0659156494e-03    9.8734375000e-01
       351   -5.0000000000e-01    2.5000000000e-01   -9.8548146429e-01    4.8548146429e-01   -9.8548146429e-01    1.2800000000e+04    6.0576542529e-03    9.8953125000e-01
       352   -5.0000000000e-01    2.5000000000e-01   -9.7849085935e-01    4.7849085935e-01   -9.7849085935e-01    1.2800000000e+04    6.0890321094e-03    9.9015625000e-01
       353   -5.0000000000e-01    2.5000000000e-01   -9.7236178501e-01    4.7236178501e-01   -9.7236178501e-01    1.2800000000e+04    6.0753926270e-03    9.8984375000e-01
       354   -5.0000000000e-01    2.5000000000e-01   -1.0117784479e+00    5.1177844792e-01   -1.0117784479e+00    1.2800000000e+04    6.0723139941e-03    9.8859375000e-01
       355   -5.0000000000e-01    2.5000000000e-01   -1.0129923773e+00    5.1299237728e-01   -1.0129923773e+00    1.2800000000e+04    6.0820767236e-03    9.8921875000e-01
       356   -5.0000000000e-01    2.5000000000e-01   -1.0067877019e+00    5.0678770195e-01   -1.0067877019e+00    1.2800000000e+04    6.0524502344e-03    9.8820312500e-01
       357   -5.0000000000e-01    2.5000000000e-01   -9.9259870116e-01    4.9259870116e-01   -9.9259870116e-01    1.2800000000e+04    6.0869927051e-03    9.9109375000e-01
       358   -5.0000000000e-01    2.5000000000e-01   -1.0034858104e+00    5.0348581044e-01   -1.0034858104e+00    1.2800000000e+04    6.0777905176e-03    9.8906250000e-01
       359   -5.0000000000e-01    2.5000000000e-01   -9.9727666164e-01    4.9727666164e-01   -9.9727666164e-01    1.2800000000e+04    6.0808335693e-03    9.9156250000e-01
       360   -5.0000000000e-01    2.5000000000e-01   -9.6413347111e-01    4.6413347111e-01   -9.6413347111e-01    1.2800000000e+04    6.0822276025e-03    9.9000000000e-01
       361   -5.0000000000e-01    2.5000000000e-01   -9.7592815493e-01    4.7592815493e-01   -9.7592815493e-01    1.2800000000e+04    6.0635094629e-03    9.9000000000e-01
       362   -5.0000000000e-01    2.5000000000e-01   -9.5132145904e-01    4.5132145904e-01   -9.5132145904e-01    1.2800000000e+04    6.0862110742e-03    9.9195312500e-01
       363   -5.0000000000e-01    2.5000000000e-01   -9.9629185231e-01    4.9629185231e-01   -9.9629185231e-01    1.2800000000e+04    6.0873424658e-03    9.9039062500e-01
       364   -5.0000000000e-01    2.5000000000e-01   -9.6084737465e-01    4.6084737465e-01   -9.6084737465e-01    1.2800000000e+04    6.0763444482e-03    9.8976562500e-01
       365   -5.0000000000e-01    2.5000000000e-01   -9.8469564121e-01    4.8469564121e-01   -9.8469564121e-01    1.2800000000e+04    6.0828777148e-03    9.8937500000e-01
       366   -5.0000000000e-01    2.5000000000e-01   -9.4883963584e-01    4.4883963584e-01   -9.4883963584e-01    1.2800000000e+04    6.0607869482e-03    9.8992187500e-01
       367   -5.0000000000e-01    2.5000000000e-01   -1.0208580711e+00    5.2085807111e-01   -1.0208580711e+00    1.2800000000e+04    6.0806893506e-03    9.8953125000e-01
       368   -5.0000000000e-01    2.5000000000e-01   -1.0248179440e+00    5.2481794403e-01   -1.0248179440e+00    1.2800000000e+04    6.0796211328e-03    9.9023437500e-01
       369   -5.0000000000e-01    2.5000000000e-01   -1.0213522203e+00    5.2135222026e-01   -1.0213522203e+00    1.2800000000e+04    6.0798994727e-03    9.9070312500e-01
       370   -5.0000000000e-01    2.5000000000e-01   -9.8707366895e-01    4.8707366895e-01   -9.8707366895e-01    1.2800000000e+04    6.0803472803e-03    9.8875000000e-01
       371   -5.0000000000e-01    2.5000000000e-01   -9.9263663393e-01    4.9263663393e-01   -9.9263663393e-01    1.2800000000e+04    6.0592906689e-03    9.9054687500e-01
       372   -5.0000000000e-01    2.5000000000e-01   -1.0256847145e+00    5.2568471447e-01   -1.0256847145e+00    1.2800000000e+04    6.0787010303e-03    9.8929687500e-01
       373   -5.0000000000e-01    2.5000000000e-01   -1.0346756957e+00    5.3467569566e-01   -1.0346756957e+00    1.2800000000e+04    6.0763451221e-03    9.8796875000e-01
       374   -5.0000000000e-01    2.5000000000e-01   -9.8598901926e-01    4.8598901926e-01   -9.8598901926e-01    1.2800000000e+04    6.0873960156e-03    9.9132812500e-01
       375   -5.0000000000e-01    2.5000000000e-01   -1.0146076641e+00    5.1460766413e-01   -1.0146076641e+00    1.2800000000e+04    6.0874485596e-03    9.9054687500e-01
       376   -5.0000000000e-01    2.5000000000e-01   -1.0309937944e+00    5.3099379441e-01   -1.0309937944e+00    1.2800000000e+04    6.0607428711e-03    9.8843750000e-01
       377   -5.0000000000e-01    2.5000000000e-01   -1.0177155653e+00    5.1771556535e-01   -1.0177155653e+00    1.2800000000e+04    6.0832661963e-03    9.9007812500e-01
       378   -5.0000000000e-01    2.5000000000e-01   -1.0210029565e+00    5.2100295648e-01   -1.0210029565e+00    1.2800000000e+04    6.0660366797e-03    9.8703125000e-01
       379   -5.0000000000e-01    2.5000000000e-01   -9.3410394106e-01    4.3410394106e-01   -9.3410394106e-01    1.2800000000e+04    6.0841747168e-03    9.9109375000e-01
       380   -5.0000000000e-01    2.5000000000e-01   -1.0015922288e+00    5.0159222882e-01   -1.0015922288e+00    1.2800000000e+04    6.0904881885e-03    9.9015625000e-01
       381   -5.0000000000e-01    2.5000000000e-01   -1.0465193945e+00    5.4651939452e-01   -1.0465193945e+00    1.2800000000e+04    6.0472549023e-03    9.8796875000e-01
       382   -5.0000000000e-01    2.5000000000e-01   -1.0029445666e+00    5.0294456658e-01   -1.0029445666e+00    1.2800000000e+04    6.0827338379e-03    9.9062500000e-01
       383   -5.0000000000e-01    2.5000000000e-01   -9.9502719045e-01    4.9502719045e-01   -9.9502719045e-01    1.2800000000e+04    6.0895023926e-03    9.9062500000e-01
       384   -5.0000000000e-01    2.5000000000e-01   -9.9849769339e-01    4.9849769339e-01   -9.9849769339e-01    1.2800000000e+04    6.0682133594e-03    9.8875000000e-01
       385   -5.0000000000e-01    2.5000000000e-01   -9.4905087627e-01    4.4905087627e-01   -9.4905087627e-01    1.2800000000e+04    6.0938990234e-03    9.9148437500e-01
       386   -5.0000000000e-01    2.5000000000e-01   -1.0335451240e+00    5.3354512402e-01   -1.0335451240e+00    1.2800000000e+04    6.0684494678e-03    9.8984375000e-01
       387   -5.0000000000e-01    2.5000000000e-01   -1.0225473441e+00    5.2254734406e-01   -1.0225473441e+00    1.2800000000e+04    6.0845214355e-03    9.8937500000e-01
       388   -5.0000000000e-01    2.5000000000e-01   -9.9612058042e-01    4.9612058042e-01   -9.9612058042e-01    1.2800000000e+04    6.0828105469e-03    9.9023437500e-01
       389   -5.0000000000e-01    2.5000000000e-01   -9.9245573390e-01    4.9245573390e-01   -9.9245573390e-01    1.2800000000e+04    6.0746146338e-03    9.8851562500e-01
       390   -5.0000000000e-01    2.5000000000e-01   -9.8815335067e-01    4.8815335067e-01   -9.8815335067e-01    1.2800000000e+04    6.0784183740e-03    9.8968750000e-01
       391   -5.0000000000e-01    2.5000000000e-01   -9.8951745985e-01    4.8951745985e-01   -9.8951745985e-01    1.2800000000e+04    6.0645693359e-03    9.9023437500e-01
       392   -5.0000000000e-01    2.5000000000e-01   -1.0651892646e+00    5.6518926457e-01   -1.0651892646e+00    1.2800000000e+04    6.0736147021e-03    9.8804687500e-01
       393   -5.0000000000e-01    2.5000000000e-01   -1.0467143003e+00    5.4671430034e-01   -1.0467143003e+00    1.2800000000e+04    6.0712709082e-03    9.8906250000e-01
       394   -5.0000000000e-01    2.5000000000e-01   -1.0346960281e+00    5.3469602807e-01   -1.0346960281e+00    1.2800000000e+04    6.0742094678e-03    9.8875000000e-01
       395   -5.0000000000e-01    2.5000000000e-01   -9.9535309944e-01    4.9535309944e-01   -9.9535309944e-01    1.2800000000e+04    6.0889002100e-03    9.9117187500e-01
       396   -5.0000000000e-01    2.5000000000e-01   -9.9703338880e-01    4.9703338880e-01   -9.9703338880e-01    1.2800000000e+04    6.0666509229e-03    9.9062500000e-01
       397   -5.0000000000e-01    2.5000000000e-01   -1.0117432619e+00    5.1174326192e-01   -1.0117432619e+00    1.2800000000e+04    6.0851595264e-03    9.9031250000e-01
       398   -5.0000000000e-01    2.5000000000e-01   -9.6016850461e-01    4.6016850461e-01   -9.6016850461e-01    1.2800000000e+04    6.0787040039e-03    9.9046875000e-01
       399   -5.0000000000e-01    2.5000000000e-01   -9.4944407971e-01    4.4944407971e-01   -9.4944407971e-01    1.2800000000e+04    6.0963951807e-03    9.9226562500e-01
       400   -5.0000000000e-01    2.5000000000e-01   -9.8488087760e-01    4.8488087760e-01   -9.8488087760e-01    1.2800000000e+04    6.0763029004e-03    9.9054687500e-01
       401   -5.0000000000e-01    2.5000000000e-01   -9.9049630508e-01    4.9049630508e-01   -9.9049630508e-01    1.2800000000e+04    6.0546880615e-03    9.8921875000e-01
       402   -5.0000000000e-01    2.5000000000e-01   -9.9219472474e-01    4.9219472474e-01   -9.9219472474e-01    1.2800000000e+04    6.0928195801e-03    9.9070312500e-01
       403   -5.0000000000e-01    2.5000000000e-01   -1.0039123270e+00    5.0391232702e-01   -1.0039123270e+00    1.2800000000e+04    6.0829756543e-03    9.8968750000e-01
       404   -5.0000000000e-01    2.5000000000e-01   -9.5170610831e-01    4.5170610831e-01   -9.5170610831e-01    1.2800000000e+04    6.0733958936e-03    9.8851562500e-01
       405   -5.0000000000e-01    2.5000000000e-01   -9.7616376770e-01    4.7616376770e-01   -9.7616376770e-01    1.2800000000e+04    6.0759982617e-03    9.8992187500e-01
       406   -5.0000000000e-01    2.5000000000e-01   -9.8945945122e-01    4.8945945122e-01   -9.8945945122e-01    1.2800000000e+04    6.0649372803e-03    9.8937500000e-01
       407   -5.0000000000e-01    2.5000000000e-01   -9.7097813132e-01    4.7097813132e-01   -9.7097813132e-01    1.2800000000e+04    6.0849077002e-03    9.8929687500e-01
       408   -5.0000000000e-01    2.5000000000e-01   -1.0124586715e+00    5.1245867148e-01   -1.0124586715e+00    1.2800000000e+04    6.0868096631e-03    9.9054687500e-01
       409   -5.0000000000e-01    2.5000000000e-01   -9.9996639507e-01    4.9996639507e-01   -9.9996639507e-01    1.2800000000e+04    6.0841815527e-03    9.9000000000e-01
       410   -5.0000000000e-01    2.5000000000e-01   -9.7654334442e-01    4.7654334442e-01   -9.7654334442e-01    1.2800000000e+04    6.0907777051e-03    9.9093750000e-01
       411   -5.0000000000e-01    2.5000000000e-01   -1.0431961502e+00    5.4319615017e-01   -1.0431961502e+00    1.2800000000e+04    6.0593412402e-03    9.8898437500e-01
       412   -5.0000000000e-01    2.5000000000e-01   -9.8075478033e-01    4.8075478033e-01   -9.8075478033e-01    1.2800000000e+04    6.0870226611e-03    9.9078125000e-01
       413   -5.0000000000e-01    2.5000000000e-01   -1.0176467673e+00    5.1764676725e-01   -1.0176467673e+00    1.2800000000e+04    6.0835327295e-03    9.8867187500e-01
       414   -5.0000000000e-01    2.5000000000e-01   -1.0199278719e+00    5.1992787185e-01   -1.0199278719e+00    1.2800000000e+04    6.0720678418e-03    9.8812500000e-01
       415   -5.0000000000e-01    2.5000000000e-01   -9.5935763082e-01    4.5935763082e-01   -9.5935763082e-01    1.2800000000e+04    6.0897801758e-03    9.9062500000e-01
       416   -5.0000000000e-01    2.5000000000e-01   -9.5842400694e-01    4.5842400694e-01   -9.5842400694e-01    1.2800000000e+04    6.0694280518e-03    9.9140625000e-01
       417   -5.0000000000e-01    2.5000000000e-01   -9.6472705181e-01    4.6472705181e-01   -9.6472705181e-01    1.2800000000e+04    6.0877816895e-03    9.9015625000e-01
       418   -5.0000000000e-01    2.5000000000e-01   -9.8052327229e-01    4.8052327229e-01   -9.8052327229e-01    1.2800000000e+04    6.0928743604e-03    9.9117187500e-01
       419   -5.0000000000e-01    2.5000000000e-01   -1.0184714874e+00    5.1847148738e-01   -1.0184714874e+00    1.2800000000e+04    6.0818712207e-03    9.8945312500e-01
       420   -5.0000000000e-01    2.5000000000e-01   -1.0153297481e+00    5.1532974807e-01   -1.0153297481e+00    1.2800000000e+04    6.0820762695e-03    9.9000000000e-01
       421   -5.0000000000e-01    2.5000000000e-01   -1.0014478790e+00    5.0144787902e-01   -1.0014478790e+00    1.2800000000e+04    6.0568189795e-03    9.8976562500e-01
       422   -5.0000000000e-01    2.5000000000e-01   -9.8572542943e-01    4.8572542943e-01   -9.8572542943e-01    1.2800000000e+04    6.0771954346e-03    9.8906250000e-01
       423   -5.0000000000e-01    2.5000000000e-01   -1.0069741313e+00    5.0697413131e-01   -1.0069741313e+00    1.2800000000e+04    6.0900557373e-03    9.9062500000e-01
       424   -5.0000000000e-01    2.5000000000e-01   -9.8739477839e-01    4.8739477839e-01   -9.8739477839e-01    1.2800000000e+04    6.0851823047e-03    9.9078125000e-01
       425   -5.0000000000e-01    2.5000000000e-01   -1.0194609390e+00    5.1946093896e-01   -1.0194609390e+00    1.2800000000e+04    6.0822144482e-03    9.9062500000e-01
       426   -5.0000000000e-01    2.5000000000e-01   -1.0595908343e+00    5.5959083431e-01   -1.0595908343e+00    1.2800000000e+04    6.0589894287e-03    9.8921875000e-01
       427   -5.0000000000e-01    2.5000000000e-01   -1.0673973020e+00    5.6739730198e-01   -1.0673973020e+00    1.2800000000e+04    6.0774353809e-03    9.8867187500e-01
       428   -5.0000000000e-01    2.5000000000e-01   -9.9557019782e-01    4.9557019782e-01   -9.9557019782e-01    1.2800000000e+04    6.0908546143e-03    9.9125000000e-01
       429   -5.0000000000e-01    2.5000000000e-01   -9.4400320687e-01    4.4400320687e-01   -9.4400320687e-01    1.2800000000e+04    6.0898191211e-03    9.9062500000e-01
       430   -5.0000000000e-01    2.5000000000e-01   -9.8521282228e-01    4.8521282228e-01   -9.8521282228e-01    1.2800000000e+04    6.0873749365e-03    9.9015625000e-01
       431   -5.0000000000e-01    2.5000000000e-01   -9.8741359410e-01    4.8741359410e-01   -9.8741359410e-01    1.2800000000e+04    6.0639309863e-03    9.9007812500e-01
       432   -5.0000000000e-01    2.5000000000e-01   -9.9151725363e-01    4.9151725363e-01   -9.9151725363e-01    1.2800000000e+04    6.0750974658e-03    9.8945312500e-01
       433   -5.0000000000e-01    2.5000000000e-01   -1.0710915648e+00    5.7109156479e-01   -1.0710915648e+00    1.2800000000e+04    6.0782584180e-03    9.8914062500e-01
       434   -5.0000000000e-01    2.5000000000e-01   -1.0721747895e+00    5.7217478949e-01   -1.0721747895e+00    1.2800000000e+04    6.0705878857e-03    9.8921875000e-01
       435   -5.0000000000e-01    2.5000000000e-01   -9.7092586525e-01    4.7092586525e-01   -9.7092586525e-01    1.2800000000e+04    6.0824939355e-03    9.8945312500e-01
       436   -5.0000000000e-01    2.5000000000e-01   -1.0155946923e+00    5.1559469231e-01   -1.0155946923e+00    1.2800000000e+04    6.0579844092e-03    9.9062500000e-01
       437   -5.0000000000e-01    2.5000000000e-01   -9.9811991229e-01    4.9811991229e-01   -9.9811991229e-01    1.2800000000e+04    6.0788556982e-03    9.8921875000e-01
       438   -5.0000000000e-01    2.5000000000e-01   -9.8442338685e-01    4.8442338685e-01   -9.8442338685e-01    1.2800000000e+04    6.0913460254e-03    9.9039062500e-01
       439   -5.0000000000e-01    2.5000000000e-01   -1.0328156785e+00    5.3281567850e-01   -1.0328156785e+00    1.2800000000e+04    6.0841549023e-03    9.8960937500e-01
       440   -5.0000000000e-01    2.5000000000e-01   -1.0570914832e+00    5.5709148319e-01   -1.0570914832e+00    1.2800000000e+04    6.0769909912e-03    9.8984375000e-01
       441   -5.0000000000e-01    2.5000000000e-01   -9.8624082393e-01    4.8624082393e-01   -9.8624082393e-01    1.2800000000e+04    6.0672039551e-03    9.9000000000e-01
       442   -5.0000000000e-01    2.5000000000e-01   -9.9252193838e-01    4.9252193838e-01   -9.9252193838e-01    1.2800000000e+04    6.0753160205e-03    9.8820312500e-01
       443   -5.0000000000e-01    2.5000000000e-01   -9.9647247546e-01    4.9647247546e-01   -9.9647247546e-01    1.2800000000e+04    6.0846463379e-03    9.9062500000e-01
       444   -5.0000000000e-01    2.5000000000e-01   -1.0224787877e+00    5.2247878769e-01   -1.0224787877e+00    1.2800000000e+04    6.0739268115e-03    9.8906250000e-01
       445   -5.0000000000e-01    2.5000000000e-01   -1.0447115203e+00    5.4471152032e-01   -1.0447115203e+00    1.2800000000e+04    6.0842973682e-03    9.8968750000e-01
       446   -5.0000000000e-01    2.5000000000e-01   -9.9621780109e-01    4.9621780109e-01   -9.9621780109e-01    1.2800000000e+04    6.0596063623e-03    9.8929687500e-01
       447   -5.0000000000e-01    2.5000000000e-01   -1.0276019164e+00    5.2760191637e-01   -1.0276019164e+00    1.2800000000e+04    6.0682397266e-03    9.8773437500e-01
       448   -5.0000000000e-01    2.5000000000e-01   -1.0164084217e+00    5.1640842167e-01   -1.0164084217e+00    1.2800000000e+04    6.0840751904e-03    9.9039062500e-01
       449   -5.0000000000e-01    2.5000000000e-01   -9.7195256668e-01    4.7195256668e-01   -9.7195256668e-01    1.2800000000e+04    6.0828584717e-03    9.9046875000e-01
       450   -5.0000000000e-01    2.5000000000e-01   -1.0031078239e+00    5.0310782390e-01   -1.0031078239e+00    1.2800000000e+04    6.0808324121e-03    9.8914062500e-01
       451   -5.0000000000e-01    2.5000000000e-01   -1.0193286278e+00    5.1932862783e-01   -1.0193286278e+00    1.2800000000e+04    6.0618375195e-03    9.9015625000e-01
       452   -5.0000000000e-01    2.5000000000e-01   -9.5537102809e-01    4.5537102809e-01   -9.5537102809e-01    1.2800000000e+04    6.0825589844e-03    9.9023437500e-01
       453   -5.0000000000e-01    2.5000000000e-01   -9.9205151995e-01    4.9205151995e-01   -9.9205151995e-01    1.2800000000e+04    6.0876280225e-03    9.8890625000e-01
       454   -5.0000000000e-01    2.5000000000e-01   -1.0739891195e+00    5.7398911952e-01   -1.0739891195e+00    1.2800000000e+04    6.0773367041e-03    9.8914062500e-01
       455   -5.0000000000e-01    2.5000000000e-01   -1.0148844747e+00    5.1488447474e-01   -1.0148844747e+00    1.2800000000e+04    6.0779935107e-03    9.8898437500e-01
       456   -5.0000000000e-01    2.5000000000e-01   -1.0412808992e+00    5.4128089922e-01   -1.0412808992e+00    1.2800000000e+04    6.0559847363e-03    9.8914062500e-01
       457   -5.0000000000e-01    2.5000000000e-01   -1.0213545101e+00    5.2135451012e-01   -1.0213545101e+00    1.2800000000e+04    6.0756249561e-03    9.9039062500e-01
       458   -5.0000000000e-01    2.5000000000e-01   -1.0026271895e+00    5.0262718951e-01   -1.0026271895e+00    1.2800000000e+04    6.0761353223e-03    9.8953125000e-01
       459   -5.0000000000e-01    2.5000000000e-01   -9.8643487248e-01    4.8643487248e-01   -9.8643487248e-01    1.2800000000e+04    6.0821539502e-03    9.8984375000e-01
       460   -5.0000000000e-01    2.5000000000e-01   -1.0405711763e+00    5.4057117634e-01   -1.0405711763e+00    1.2800000000e+04    6.0820670410e-03    9.8984375000e-01
       461   -5.0000000000e-01    2.5000000000e-01   -1.0409280045e+00    5.4092800450e-01   -1.0409280045e+00    1.2800000000e+04    6.0715387744e-03    9.8890625000e-01
       462   -5.0000000000e-01    2.5000000000e-01   -9.9138574760e-01    4.9138574760e-01   -9.9138574760e-01    1.2800000000e+04    6.0584210449e-03    9.8968750000e-01
       463   -5.0000000000e-01    2.5000000000e-01   -1.0066954438e+00    5.0669544380e-01   -1.0066954438e+00    1.2800000000e+04    6.0874605029e-03    9.9054687500e-01
       464   -5.0000000000e-01    2.5000000000e-01   -9.5483513609e-01    4.5483513609e-01   -9.5483513609e-01    1.2800000000e+04    6.0862111475e-03    9.9085937500e-01
       465   -5.0000000000e-01    2.5000000000e-01   -9.6319669820e-01    4.6319669820e-01   -9.6319669820e-01    1.2800000000e+04    6.0994062061e-03    9.9132812500e-01
       466   -5.0000000000e-01    2.5000000000e-01   -9.8331683693e-01    4.8331683693e-01   -9.8331683693e-01    1.2800000000e+04    6.0792228027e-03    9.8984375000e-01
       467   -5.0000000000e-01    2.5000000000e-01   -9.9542205398e-01    4.9542205398e-01   -9.9542205398e-01    1.2800000000e+04    6.0552231006e-03    9.8835937500e-01
       468   -5.0000000000e-01    2.5000000000e-01   -9.9384433230e-01    4.9384433230e-01   -9.9384433230e-01    1.2800000000e+04    6.0895727881e-03    9.8984375000e-01
       469   -5.0000000000e-01    2.5000000000e-01   -1.0194279187e+00    5.1942791872e-01   -1.0194279187e+00    1.2800000000e+04    6.0815714062e-03    9.8984375000e-01
       470   -5.0000000000e-01    2.5000000000e-01   -9.2197071884e-01    4.2197071884e-01   -9.2197071884e-01    1.2800000000e+04    6.0917220605e-03    9.9187500000e-01
       471   -5.0000000000e-01    2.5000000000e-01   -9.4247587200e-01    4.4247587200e-01   -9.4247587200e-01    1.2800000000e+04    6.0754685938e-03    9.8976562500e-01
       472   -5.0000000000e-01    2.5000000000e-01   -9.9390568157e-01    4.9390568157e-01   -9.9390568157e-01    1.2800000000e+04    6.0624589648e-03    9.8945312500e-01
       473   -5.0000000000e-01    2.5000000000e-01   -1.0172385407e+00    5.1723854071e-01   -1.0172385407e+00    1.2800000000e+04    6.0879254980e-03    9.9054687500e-01
       474   -5.0000000000e-01    2.5000000000e-01   -9.7449930457e-01    4.7449930457e-01   -9.7449930457e-01    1.2800000000e+04    6.0748915381e-03    9.8921875000e-01
       475   -5.0000000000e-01    2.5000000000e-01   -9.6370528012e-01    4.6370528012e-01   -9.6370528012e-01    1.2800000000e+04    6.0698977246e-03    9.8898437500e-01
       476   -5.0000000000e-01    2.5000000000e-01   -1.0194561483e+00    5.1945614827e-01   -1.0194561483e+00    1.2800000000e+04    6.0729568408e-03    9.8898437500e-01
       477   -5.0000000000e-01    2.5000000000e-01   -9.3962711503e-01    4.3962711503e-01   -9.3962711503e-01    1.2800000000e+04    6.0608109131e-03    9.9031250000e-01
       478   -5.0000000000e-01    2.5000000000e-01   -1.0209429310e+00    5.2094293102e-01   -1.0209429310e+00    1.2800000000e+04    6.0779219336e-03    9.8984375000e-01
       479   -5.0000000000e-01    2.5000000000e-01   -9.6175492097e-01    4.6175492097e-01   -9.6175492097e-01    1.2800000000e+04    6.0839491406e-03    9.9000000000e-01
       480   -5.0000000000e-01    2.5000000000e-01   -1.0130305928e+00    5.1303059283e-01   -1.0130305928e+00    1.2800000000e+04    6.0812431299e-03    9.8890625000e-01
       481   -5.0000000000e-01    2.5000000000e-01   -1.0297146348e+00    5.2971463482e-01   -1.0297146348e+00    1.2800000000e+04    6.0832232568e-03    9.9078125000e-01
       482   -5.0000000000e-01    2.5000000000e-01   -1.0543468376e+00    5.5434683761e-01   -1.0543468376e+00    1.2800000000e+04    6.0501434082e-03    9.8781250000e-01
       483   -5.0000000000e-01    2.5000000000e-01   -9.5777339254e-01    4.5777339254e-01   -9.5777339254e-01    1.2800000000e+04    6.0856858691e-03    9.8968750000e-01
       484   -5.0000000000e-01    2.5000000000e-01   -9.9073621823e-01    4.9073621823e-01   -9.9073621823e-01    1.2800000000e+04    6.0713766455e-03    9.8898437500e-01
       485   -5.0000000000e-01    2.5000000000e-01   -9.9753841902e-01    4.9753841902e-01   -9.9753841902e-01    1.2800000000e+04    6.0921399854e-03    9.9062500000e-01
       486   -5.0000000000e-01    2.5000000000e-01   -1.0762791809e+00    5.7627918087e-01   -1.0762791809e+00    1.2800000000e+04    6.0823547998e-03    9.9070312500e-01
       487   -5.0000000000e-01    2.5000000000e-01   -9.9147279894e-01    4.9147279894e-01   -9.9147279894e-01    1.2800000000e+04    6.0634025928e-03    9.8914062500e-01
       488   -5.0000000000e-01    2.5000000000e-01   -9.5949630386e-01    4.5949630386e-01   -9.5949630386e-01    1.2800000000e+04    6.0935563281e-03    9.9117187500e-01
       489   -5.0000000000e-01    2.5000000000e-01   -1.0107903047e+00    5.1079030466e-01   -1.0107903047e+00    1.2800000000e+04    6.0715005322e-03    9.8867187500e-01
       490   -5.0000000000e-01    2.5000000000e-01   -1.0317623214e+00    5.3176232143e-01   -1.0317623214e+00    1.2800000000e+04    6.0722083643e-03    9.8757812500e-01
       491   -5.0000000000e-01    2.5000000000e-01   -9.3509035912e-01    4.3509035912e-01   -9.3509035912e-01    1.2800000000e+04    6.0941101465e-03    9.9218750000e-01
       492   -5.0000000000e-01    2.5000000000e-01   -9.8776617482e-01    4.8776617482e-01   -9.8776617482e-01    1.2800000000e+04    6.0683648145e-03    9.9015625000e-01
       493   -5.0000000000e-01    2.5000000000e-01   -1.0212178464e+00    5.2121784637e-01   -1.0212178464e+00    1.2800000000e+04    6.0773218506e-03    9.8929687500e-01
       494   -5.0000000000e-01    2.5000000000e-01   -9.4272982299e-01    4.4272982299e-01   -9.4272982299e-01    1.2800000000e+04    6.0952376172e-03    9.9218750000e-01
       495   -5.0000000000e-01    2.5000000000e-01   -1.0358599068e+00    5.3585990678e-01   -1.0358599068e+00    1.2800000000e+04    6.0729822314e-03    9.8789062500e-01
       496   -5.0000000000e-01    2.5000000000e-01   -1.0428063806e+00    5.4280638059e-01   -1.0428063806e+00    1.2800000000e+04    6.0698118506e-03    9.8820312500e-01
       497   -5.0000000000e-01    2.5000000000e-01   -1.0225502058e+00    5.2255020584e-01   -1.0225502058e+00    1.2800000000e+04    6.0526062744e-03    9.8812500000e-01
       498   -5.0000000000e-01    2.5000000000e-01   -9.5251415571e-01    4.5251415571e-01   -9.5251415571e-01    1.2800000000e+04    6.0790603076e-03    9.8765625000e-01
       499   -5.0000000000e-01    2.5000000000e-01   -9.4666189632e-01    4.4666189632e-01   -9.4666189632e-01    1.2800000000e+04    6.0927834229e-03    9.9046875000e-01
