#   index    LocalEnergy         LocalEnergy_sq      LocalPotential      Kinetic             Coulomb             BlockWeight         BlockCPU            AcceptRatio         
         0   -5.4745547900e-01    1.6632060256e+00   -1.2883657654e+00    7.4091028645e-01   -1.2883657654e+00    1.2800000000e+02    5.5829931643e-05    1.0000000000e+00
         1   -5.4195836004e-01    1.3909701973e+00   -1.2950314106e+00    7.5307305051e-01   -1.2950314106e+00    1.2800000000e+02    5.8813164074e-05    1.0000000000e+00
         2   -5.6192774437e-01    1.7129694844e+00   -1.3217474392e+00    7.5981969483e-01   -1.3217474392e+00    1.2800000000e+02    6.0136015609e-05    1.0000000000e+00
         3   -5.5310963408e-01    1.4900531637e+00   -1.3189324032e+00    7.6582276914e-01   -1.3189324032e+00    1.2800000000e+02    6.0065561534e-05    1.0000000000e+00
         4   -5.2559883195e-01    1.1283168696e+00   -1.2987012681e+00    7.7310243613e-01   -1.2987012681e+00    1.2800000000e+02    5.9946645500e-05    1.0000000000e+00
         5   -5.4213346623e-01    1.6426974576e+00   -1.3233966692e+00    7.8126320297e-01   -1.3233966692e+00    1.2800000000e+02    5.9947021477e-05    1.0000000000e+00
         6   -6.1595931664e-01    3.2202533985e+00   -1.3949301093e+00    7.7897079268e-01   -1.3949301093e+00    1.2800000000e+02    5.9891098648e-05    1.0000000000e+00
         7   -6.7674312518e-01    4.1571092376e+00   -1.4546344033e+00    7.7789127809e-01   -1.4546344033e+00    1.2800000000e+02    5.9766269526e-05    1.0000000000e+00
         8   -6.3748836738e-01    2.7502642519e+00   -1.4078092438e+00    7.7032087646e-01   -1.4078092438e+00    1.2800000000e+02    6.0220478499e-05    1.0000000000e+00
         9   -6.7206446908e-01    4.3463190902e+00   -1.4449733661e+00    7.7290889703e-01   -1.4449733661e+00    1.2800000000e+02    6.0439692380e-05    1.0000000000e+00
        10   -7.8429644408e-01    8.8971903227e+00   -1.5503122959e+00    7.6601585179e-01   -1.5503122959e+00    1.2800000000e+02    5.9870463879e-05    1.0000000000e+00
        11   -6.5810889883e-01    3.8879639960e+00   -1.4282484756e+00    7.7013957674e-01   -1.4282484756e+00    1.2800000000e+02    6.0062163097e-05    1.0000000000e+00
        12   -7.3437349885e-01    6.9419402383e+00   -1.5021135871e+00    7.6774008823e-01   -1.5021135871e+00    1.2800000000e+02    6.0416542958e-05    1.0000000000e+00
        13   -5.5091731065e-01    1.6877740033e+00   -1.3159610952e+00    7.6504378455e-01   -1.3159610952e+00    1.2800000000e+02    5.9741767576e-05    1.0000000000e+00
        14   -5.4951585257e-01    1.5568615492e+00   -1.3254760812e+00    7.7596022862e-01   -1.3254760812e+00    1.2800000000e+02    6.0872524411e-05    1.0000000000e+00
        15   -5.2252885740e-01    1.1915872520e+00   -1.2949446568e+00    7.7241579942e-01   -1.2949446568e+00    1.2800000000e+02    6.0113662141e-05    1.0000000000e+00
        16   -4.8004795306e-01    7.5504096256e-01   -1.2535090175e+00    7.7346106443e-01   -1.2535090175e+00    1.2800000000e+02    5.9989633808e-05    1.0000000000e+00
        17   -5.3084798270e-01    1.8166477319e+00   -1.3022377951e+00    7.7138981236e-01   -1.3022377951e+00    1.2800000000e+02    5.9847846675e-05    1.0000000000e+00
        18   -5.2709800961e-01    1.6276671837e+00   -1.2998512388e+00    7.7275322916e-01   -1.2998512388e+00    1.2800000000e+02    6.0425454109e-05    1.0000000000e+00
        19   -4.6865900326e-01    6.6759421859e-01   -1.2478090139e+00    7.7915001059e-01   -1.2478090139e+00    1.2800000000e+02    5.9564604516e-05    1.0000000000e+00
        20   -4.5535307361e-01    5.3234416258e-01   -1.2300036112e+00    7.7465053758e-01   -1.2300036112e+00    1.2800000000e+02    6.0213344742e-05    1.0000000000e+00
        21   -4.5823869352e-01    5.0319434373e-01   -1.2358947562e+00    7.7765606269e-01   -1.2358947562e+00    1.2800000000e+02    5.9878227553e-05    1.0000000000e+00
        22   -4.6730522312e-01    5.1326277255e-01   -1.2460441680e+00    7.7873894487e-01   -1.2460441680e+00    1.2800000000e+02    6.0308955092e-05    1.0000000000e+00
        23   -4.7590001130e-01    4.7285957061e-01   -1.2563921144e+00    7.8049210306e-01   -1.2563921144e+00    1.2800000000e+02    6.0405537109e-05    1.0000000000e+00
        24   -4.5886050364e-01    4.5200968816e-01   -1.2425106486e+00    7.8365014496e-01   -1.2425106486e+00    1.2800000000e+02    5.9923862317e-05    1.0000000000e+00
        25   -4.4319857879e-01    4.0251657360e-01   -1.2336190291e+00    7.9042045027e-01   -1.2336190291e+00    1.2800000000e+02    6.0185966799e-05    1.0000000000e+00
        26   -4.5134965345e-01    4.3923390830e-01   -1.2392087071e+00    7.8785905361e-01   -1.2392087071e+00    1.2800000000e+02    6.0007412127e-05    1.0000000000e+00
        27   -4.7664158530e-01    5.5910204677e-01   -1.2625694863e+00    7.8592790102e-01   -1.2625694863e+00    1.2800000000e+02    6.0307211925e-05    1.0000000000e+00
        28   -4.6344068937e-01    4.9192587693e-01   -1.2344851415e+00    7.7104445214e-01   -1.2344851415e+00    1.2800000000e+02    6.0638588860e-05    1.0000000000e+00
        29   -4.5327736613e-01    4.4604368109e-01   -1.2291645346e+00    7.7588716849e-01   -1.2291645346e+00    1.2800000000e+02    6.0562797820e-05    1.0000000000e+00
        30   -4.6052619121e-01    4.4781853569e-01   -1.2289225951e+00    7.6839640390e-01   -1.2289225951e+00    1.2800000000e+02    6.0111733386e-05    1.0000000000e+00
        31   -4.4919067214e-01    4.1186021112e-01   -1.2206420107e+00    7.7145133852e-01   -1.2206420107e+00    1.2800000000e+02    6.0356957995e-05    1.0000000000e+00
        32   -4.5320035351e-01    4.3956113534e-01   -1.2308001498e+00    7.7759979633e-01   -1.2308001498e+00    1.2800000000e+02    5.9976582016e-05    1.0000000000e+00
        33   -4.5099905622e-01    4.3955433635e-01   -1.2297330464e+00    7.7873399017e-01   -1.2297330464e+00    1.2800000000e+02    6.0447451126e-05    1.0000000000e+00
        34   -4.4373874265e-01    3.9444832460e-01   -1.2187575335e+00    7.7501879083e-01   -1.2187575335e+00    1.2800000000e+02    6.0068710933e-05    1.0000000000e+00
        35   -4.5187239781e-01    4.3269815832e-01   -1.2178301590e+00    7.6595776117e-01   -1.2178301590e+00    1.2800000000e+02    6.0142807637e-05    1.0000000000e+00
        36   -4.6590009392e-01    4.8848171303e-01   -1.2321360159e+00    7.6623592200e-01   -1.2321360159e+00    1.2800000000e+02    6.0365913058e-05    1.0000000000e+00
        37   -4.4771864605e-01    4.3430952480e-01   -1.2040295931e+00    7.5631094708e-01   -1.2040295931e+00    1.2800000000e+02    6.0527407211e-05    1.0000000000e+00
        38   -4.4117717839e-01    4.2531384376e-01   -1.1992988324e+00    7.5812165403e-01   -1.1992988324e+00    1.2800000000e+02    6.2690258812e-05    1.0000000000e+00
        39   -4.3437050491e-01    4.5349523872e-01   -1.2009816026e+00    7.6661109768e-01   -1.2009816026e+00    1.2800000000e+02    6.0256381808e-05    1.0000000000e+00
        40   -4.3286793534e-01    4.0422423001e-01   -1.1932217302e+00    7.6035379484e-01   -1.1932217302e+00    1.2800000000e+02    6.0102739276e-05    1.0000000000e+00
        41   -4.2780533207e-01    3.9531837991e-01   -1.1789722823e+00    7.5116695023e-01   -1.1789722823e+00    1.2800000000e+02    6.0194428720e-05    1.0000000000e+00
        42   -4.2139033801e-01    4.3174175442e-01   -1.1553603132e+00    7.3396997518e-01   -1.1553603132e+00    1.2800000000e+02    6.0234135752e-05    1.0000000000e+00
        43   -4.1968026184e-01    3.9757009591e-01   -1.1485111627e+00    7.2883090087e-01   -1.1485111627e+00    1.2800000000e+02    5.9827509780e-05    1.0000000000e+00
        44   -4.1176433634e-01    3.6372659241e-01   -1.1431485704e+00    7.3138423403e-01   -1.1431485704e+00    1.2800000000e+02    5.9568740213e-05    1.0000000000e+00
        45   -4.1560975997e-01    3.6237357807e-01   -1.1473934720e+00    7.3178371200e-01   -1.1473934720e+00    1.2800000000e+02    5.9838916023e-05    1.0000000000e+00
        46   -4.1958789154e-01    3.6360857450e-01   -1.1458979465e+00    7.2631005499e-01   -1.1458979465e+00    1.2800000000e+02    6.0151699223e-05    1.0000000000e+00
        47   -4.1822085789e-01    3.5639062890e-01   -1.1368977589e+00    7.1867690104e-01   -1.1368977589e+00    1.2800000000e+02    6.0456523446e-05    1.0000000000e+00
        48   -4.0203997170e-01    3.3578332593e-01   -1.1224052573e+00    7.2036528564e-01   -1.1224052573e+00    1.2800000000e+02    5.9915825208e-05    1.0000000000e+00
        49   -4.0126355588e-01    3.4250800151e-01   -1.1127838933e+00    7.1152033742e-01   -1.1127838933e+00    1.2800000000e+02    6.0065283204e-05    1.0000000000e+00
        50   -3.9112059782e-01    3.3066290210e-01   -1.1198676614e+00    7.2874706359e-01   -1.1198676614e+00    1.2800000000e+02    6.0023564462e-05    1.0000000000e+00
        51   -3.9545507216e-01    3.6861937276e-01   -1.1296670954e+00    7.3421202326e-01   -1.1296670954e+00    1.2800000000e+02    7.5305654310e-05    1.0000000000e+00
        52   -4.0545531091e-01    4.1773457067e-01   -1.1452843596e+00    7.3982904871e-01   -1.1452843596e+00    1.2800000000e+02    5.9749531232e-05    1.0000000000e+00
        53   -4.0070205996e-01    3.5749714043e-01   -1.1473724622e+00    7.4667040220e-01   -1.1473724622e+00    1.2800000000e+02    6.0531396457e-05    1.0000000000e+00
        54   -4.1170311347e-01    4.4659433716e-01   -1.1587489142e+00    7.4704580070e-01   -1.1587489142e+00    1.2800000000e+02    6.0403735329e-05    1.0000000000e+00
        55   -4.1027001335e-01    3.7763833152e-01   -1.1468271006e+00    7.3655708723e-01   -1.1468271006e+00    1.2800000000e+02    6.0170014645e-05    1.0000000000e+00
        56   -4.1242506810e-01    3.8255309928e-01   -1.1433334640e+00    7.3090839593e-01   -1.1433334640e+00    1.2800000000e+02    6.0631743139e-05    1.0000000000e+00
        57   -4.2370420627e-01    3.8620464437e-01   -1.1453394802e+00    7.2163527396e-01   -1.1453394802e+00    1.2800000000e+02    6.0282973646e-05    1.0000000000e+00
        58   -4.1608443867e-01    3.5640849118e-01   -1.1369655369e+00    7.2088109818e-01   -1.1369655369e+00    1.2800000000e+02    5.9474804676e-05    1.0000000000e+00
        59   -4.1872921157e-01    3.5279578848e-01   -1.1345560254e+00    7.1582681384e-01   -1.1345560254e+00    1.2800000000e+02    6.0121162104e-05    1.0000000000e+00
        60   -4.3179909417e-01    4.0360693241e-01   -1.1509113568e+00    7.1911226263e-01   -1.1509113568e+00    1.2800000000e+02    6.0039809572e-05    1.0000000000e+00
        61   -4.3852894625e-01    4.2782031908e-01   -1.1490977450e+00    7.1056879874e-01   -1.1490977450e+00    1.2800000000e+02    6.0560742138e-05    1.0000000000e+00
        62   -4.3997052588e-01    4.1541650945e-01   -1.1580316381e+00    7.1806111222e-01   -1.1580316381e+00    1.2800000000e+02    5.9933867181e-05    1.0000000000e+00
        63   -4.4003623132e-01    4.0662847518e-01   -1.1509122993e+00    7.1087606799e-01   -1.1509122993e+00    1.2800000000e+02    6.0131562492e-05    1.0000000000e+00
        64   -4.3255829522e-01    4.0094444597e-01   -1.1443869987e+00    7.1182870345e-01   -1.1443869987e+00    1.2800000000e+02    6.0160302727e-05    1.0000000000e+00
        65   -4.2925831860e-01    3.8535021774e-01   -1.1534145386e+00    7.2415622004e-01   -1.1534145386e+00    1.2800000000e+02    6.0040419896e-05    1.0000000000e+00
        66   -4.1582117266e-01    3.6504307273e-01   -1.1402103905e+00    7.2438921787e-01   -1.1402103905e+00    1.2800000000e+02    6.0083593748e-05    1.0000000000e+00
        67   -3.9734363144e-01    3.2868361093e-01   -1.1256287453e+00    7.2828511390e-01   -1.1256287453e+00    1.2800000000e+02    5.9954077152e-05    1.0000000000e+00
        68   -3.9847567881e-01    3.3045169587e-01   -1.1241068274e+00    7.2563114857e-01   -1.1241068274e+00    1.2800000000e+02    6.0324941380e-05    1.0000000000e+00
        69   -4.0009944205e-01    3.2636467225e-01   -1.1081023758e+00    7.0800293371e-01   -1.1081023758e+00    1.2800000000e+02    6.0444038109e-05    1.0000000000e+00
        70   -4.0552093176e-01    3.3535068325e-01   -1.1138549755e+00    7.0833404377e-01   -1.1138549755e+00    1.2800000000e+02    6.0208784181e-05    1.0000000000e+00
        71   -4.0866799215e-01    3.4665804456e-01   -1.1159304469e+00    7.0726245472e-01   -1.1159304469e+00    1.2800000000e+02    6.0080092773e-05    1.0000000000e+00
        72   -4.2914829615e-01    4.0763842326e-01   -1.1437418015e+00    7.1459350537e-01   -1.1437418015e+00    1.2800000000e+02    5.9988154312e-05    1.0000000000e+00
        73   -4.3816145787e-01    5.0776634888e-01   -1.1693263914e+00    7.3116493353e-01   -1.1693263914e+00    1.2800000000e+02    6.0641821300e-05    1.0000000000e+00
        74   -4.5951793193e-01    6.1299371904e-01   -1.1951864368e+00    7.3566850486e-01   -1.1951864368e+00    1.2800000000e+02    5.9984335930e-05    1.0000000000e+00
        75   -4.5346770489e-01    6.2674761729e-01   -1.1932503204e+00    7.3978261548e-01   -1.1932503204e+00    1.2800000000e+02    6.0100312542e-05    1.0000000000e+00
        76   -4.3940518228e-01    4.7833162175e-01   -1.1780526111e+00    7.3864742879e-01   -1.1780526111e+00    1.2800000000e+02    6.0515229460e-05    1.0000000000e+00
        77   -4.3122010720e-01    4.7080214701e-01   -1.1677389553e+00    7.3651884812e-01   -1.1677389553e+00    1.2800000000e+02    6.0337993173e-05    1.0000000000e+00
        78   -4.3759928438e-01    4.9632121169e-01   -1.1840417091e+00    7.4644242477e-01   -1.1840417091e+00    1.2800000000e+02    6.0368891585e-05    1.0000000000e+00
        79   -4.4018150885e-01    5.2165854626e-01   -1.1925304699e+00    7.5234896104e-01   -1.1925304699e+00    1.2800000000e+02    5.9949340816e-05    1.0000000000e+00
        80   -4.4503248163e-01    5.2044626547e-01   -1.1900919145e+00    7.4505943288e-01   -1.1900919145e+00    1.2800000000e+02    6.0014643555e-05    1.0000000000e+00
        81   -4.3602255022e-01    4.5817816057e-01   -1.1809838364e+00    7.4496128619e-01   -1.1809838364e+00    1.2800000000e+02    6.0288857430e-05    1.0000000000e+00
        82   -4.3173694030e-01    4.2165193439e-01   -1.1804471562e+00    7.4871021595e-01   -1.1804471562e+00    1.2800000000e+02    6.0012724596e-05    1.0000000000e+00
        83   -4.3879390978e-01    4.2992792672e-01   -1.1885057532e+00    7.4971184338e-01   -1.1885057532e+00    1.2800000000e+02    6.0215434594e-05    1.0000000000e+00
        84   -4.3984316124e-01    4.1983539735e-01   -1.1891513031e+00    7.4930814186e-01   -1.1891513031e+00    1.2800000000e+02    5.9729999997e-05    1.0000000000e+00
        85   -4.3367478900e-01    3.9223190073e-01   -1.1865850887e+00    7.5291029971e-01   -1.1865850887e+00    1.2800000000e+02    6.0165092776e-05    1.0000000000e+00
        86   -4.3294589543e-01    3.8824933268e-01   -1.1970540906e+00    7.6410819521e-01   -1.1970540906e+00    1.2800000000e+02    5.9950874014e-05    1.0000000000e+00
        87   -4.2662018308e-01    3.7182565447e-01   -1.1915171679e+00    7.6489698486e-01   -1.1915171679e+00    1.2800000000e+02    6.0276601577e-05    1.0000000000e+00
        88   -4.1208653728e-01    3.3977547558e-01   -1.1779935318e+00    7.6590699448e-01   -1.1779935318e+00    1.2800000000e+02    5.9807871104e-05    1.0000000000e+00
        89   -4.2280927680e-01    3.6492684312e-01   -1.2007044248e+00    7.7789514804e-01   -1.2007044248e+00    1.2800000000e+02    6.0082622056e-05    1.0000000000e+00
        90   -4.2519955815e-01    3.7573286586e-01   -1.2018361037e+00    7.7663654554e-01   -1.2018361037e+00    1.2800000000e+02    5.9441713884e-05    1.0000000000e+00
        91   -4.3059059669e-01    3.8205145045e-01   -1.2022078639e+00    7.7161726717e-01   -1.2022078639e+00    1.2800000000e+02    6.0356088866e-05    1.0000000000e+00
        92   -4.3546127185e-01    4.3409345665e-01   -1.1963763908e+00    7.6091511891e-01   -1.1963763908e+00    1.2800000000e+02    6.0282431654e-05    1.0000000000e+00
        93   -4.3305582833e-01    3.8879264950e-01   -1.1841571721e+00    7.5110134372e-01   -1.1841571721e+00    1.2800000000e+02    6.0223632833e-05    1.0000000000e+00
        94   -4.3271736754e-01    4.1258912805e-01   -1.1839514810e+00    7.5123411342e-01   -1.1839514810e+00    1.2800000000e+02    5.9727451156e-05    1.0000000000e+00
        95   -4.3659098479e-01    4.1531646851e-01   -1.1899515036e+00    7.5336051884e-01   -1.1899515036e+00    1.2800000000e+02    5.9978559559e-05    1.0000000000e+00
        96   -4.2695250297e-01    3.8536382366e-01   -1.1867736064e+00    7.5982110346e-01   -1.1867736064e+00    1.2800000000e+02    6.0207363269e-05    1.0000000000e+00
        97   -4.2965689506e-01    4.0036051001e-01   -1.2025538724e+00    7.7289697735e-01   -1.2025538724e+00    1.2800000000e+02    6.0169711915e-05    1.0000000000e+00
        98   -4.4431460191e-01    4.5547251293e-01   -1.2173984331e+00    7.7308383122e-01   -1.2173984331e+00    1.2800000000e+02    5.9706396481e-05    1.0000000000e+00
        99   -4.4778841495e-01    4.6327056440e-01   -1.2213328737e+00    7.7354445872e-01   -1.2213328737e+00    1.2800000000e+02    6.0115751936e-05    1.0000000000e+00
       100   -4.3899136897e-01    4.3282966133e-01   -1.2140608099e+00    7.7506944093e-01   -1.2140608099e+00    1.2800000000e+02    6.0374301789e-05    1.0000000000e+00
       101   -4.3482694338e-01    3.9670262148e-01   -1.2065365768e+00    7.7170963344e-01   -1.2065365768e+00    1.2800000000e+02    6.0106040021e-05    1.0000000000e+00
       102   -4.3024913350e-01    4.3042715226e-01   -1.2048349261e+00    7.7458579255e-01   -1.2048349261e+00    1.2800000000e+02    5.9988164058e-05    1.0000000000e+00
       103   -4.4425895286e-01    5.6736773913e-01   -1.2202669660e+00    7.7600801316e-01   -1.2202669660e+00    1.2800000000e+02    6.0583071267e-05    1.0000000000e+00
       104   -4.4370175071e-01    4.9215939504e-01   -1.2148910511e+00    7.7118930042e-01   -1.2148910511e+00    1.2800000000e+02    6.0267241214e-05    1.0000000000e+00
       105   -4.3790789461e-01    4.3846482027e-01   -1.2106937970e+00    7.7278590243e-01   -1.2106937970e+00    1.2800000000e+02    6.0397534185e-05    1.0000000000e+00
       106   -4.3263119534e-01    4.3907440608e-01   -1.2110124158e+00    7.7838122048e-01   -1.2110124158e+00    1.2800000000e+02    6.0418593748e-05    1.0000000000e+00
       107   -4.2354831923e-01    4.0541871298e-01   -1.2050567244e+00    7.8150840514e-01   -1.2050567244e+00    1.2800000000e+02    5.9771035168e-05    1.0000000000e+00
       108   -4.2567876973e-01    3.9145024525e-01   -1.2076846639e+00    7.8200589414e-01   -1.2076846639e+00    1.2800000000e+02    6.0191113281e-05    1.0000000000e+00
       109   -4.2984932433e-01    4.3021699436e-01   -1.2098343039e+00    7.7998497955e-01   -1.2098343039e+00    1.2800000000e+02    5.9793198226e-05    1.0000000000e+00
       110   -4.5321086406e-01    6.9158355095e-01   -1.2312403025e+00    7.7802943844e-01   -1.2312403025e+00    1.2800000000e+02    6.0520800812e-05    1.0000000000e+00
       111   -5.1408546637e-01    2.2359571814e+00   -1.2944196666e+00    7.8033420027e-01   -1.2944196666e+00    1.2800000000e+02    6.0101962891e-05    1.0000000000e+00
       112   -4.4309238587e-01    7.0604390418e-01   -1.2277832707e+00    7.8469088483e-01   -1.2277832707e+00    1.2800000000e+02    5.9929487314e-05    1.0000000000e+00
       113   -4.2879247118e-01    5.5917198056e-01   -1.2178394551e+00    7.8904698393e-01   -1.2178394551e+00    1.2800000000e+02    5.9878144533e-05    1.0000000000e+00
       114   -4.2239135920e-01    4.7539419180e-01   -1.2180833435e+00    7.9569198427e-01   -1.2180833435e+00    1.2800000000e+02    6.0109858403e-05    1.0000000000e+00
       115   -4.3055416491e-01    5.6672113529e-01   -1.2155476424e+00    7.8499347745e-01   -1.2155476424e+00    1.2800000000e+02    6.0324536097e-05    1.0000000000e+00
       116   -4.3127659044e-01    5.1842410804e-01   -1.2150067277e+00    7.8373013729e-01   -1.2150067277e+00    1.2800000000e+02    5.9788388683e-05    1.0000000000e+00
       117   -4.5343292917e-01    6.9897754793e-01   -1.2383025567e+00    7.8486962751e-01   -1.2383025567e+00    1.2800000000e+02    5.9892827164e-05    1.0000000000e+00
       118   -4.3248958436e-01    4.9275174438e-01   -1.2129036061e+00    7.8041402178e-01   -1.2129036061e+00    1.2800000000e+02    5.9929633817e-05    1.0000000000e+00
       119   -4.3857871609e-01    4.4845739314e-01   -1.2183926221e+00    7.7981390605e-01   -1.2183926221e+00    1.2800000000e+02    6.0172412095e-05    1.0000000000e+00
       120   -4.4978933902e-01    4.7934279272e-01   -1.2344733610e+00    7.8468402202e-01   -1.2344733610e+00    1.2800000000e+02    6.0070712912e-05    1.0000000000e+00
       121   -4.6673432903e-01    4.8807687593e-01   -1.2455409501e+00    7.7880662108e-01   -1.2455409501e+00    1.2800000000e+02    5.9991000988e-05    1.0000000000e+00
       122   -4.7832152345e-01    5.7482797761e-01   -1.2601317852e+00    7.8181026171e-01   -1.2601317852e+00    1.2800000000e+02    5.9884428712e-05    1.0000000000e+00
       123   -4.7246739219e-01    6.0696789575e-01   -1.2545273549e+00    7.8205996276e-01   -1.2545273549e+00    1.2800000000e+02    5.9610346682e-05    1.0000000000e+00
       124   -4.4417457755e-01    4.5219198555e-01   -1.2277058341e+00    7.8353125651e-01   -1.2277058341e+00    1.2800000000e+02    6.0351860359e-05    1.0000000000e+00
       125   -4.5306008934e-01    4.4838122924e-01   -1.2346323575e+00    7.8157226813e-01   -1.2346323575e+00    1.2800000000e+02    5.9720048824e-05    1.0000000000e+00
       126   -4.9097863570e-01    6.5374739630e-01   -1.2839944205e+00    7.9301578476e-01   -1.2839944205e+00    1.2800000000e+02    6.0155507814e-05    1.0000000000e+00
       127   -4.8230143577e-01    6.0754927686e-01   -1.2848663570e+00    8.0256492122e-01   -1.2848663570e+00    1.2800000000e+02    5.9985742173e-05    1.0000000000e+00
       128   -4.8930514650e-01    7.0419397444e-01   -1.2886847944e+00    7.9937964792e-01   -1.2886847944e+00    1.2800000000e+02    6.0120371085e-05    1.0000000000e+00
       129   -5.0618889697e-01    7.5226124887e-01   -1.3016500800e+00    7.9546118300e-01   -1.3016500800e+00    1.2800000000e+02    6.0063081069e-05    1.0000000000e+00
       130   -4.9977579397e-01    7.3562166947e-01   -1.2951455646e+00    7.9536977065e-01   -1.2951455646e+00    1.2800000000e+02    6.0066831065e-05    1.0000000000e+00
       131   -5.2857886627e-01    8.6308801435e-01   -1.3246778161e+00    7.9609894987e-01   -1.3246778161e+00    1.2800000000e+02    6.0448320287e-05    1.0000000000e+00
       132   -5.8723643558e-01    1.9008766936e+00   -1.3766679130e+00    7.8943147741e-01   -1.3766679130e+00    1.2800000000e+02    6.0418681642e-05    1.0000000000e+00
       133   -7.1163962516e-01    5.8351023620e+00   -1.4971752055e+00    7.8553558039e-01   -1.4971752055e+00    1.2800000000e+02    6.0389731459e-05    1.0000000000e+00
       134   -6.1185217497e-01    1.5314012812e+00   -1.3965299439e+00    7.8467776897e-01   -1.3965299439e+00    1.2800000000e+02    6.0126982437e-05    1.0000000000e+00
       135   -6.5976857676e-01    1.9488672547e+00   -1.4529003544e+00    7.9313177761e-01   -1.4529003544e+00    1.2800000000e+02    6.0251406236e-05    1.0000000000e+00
       136   -6.4593777790e-01    1.8833586575e+00   -1.4454323838e+00    7.9949460588e-01   -1.4454323838e+00    1.2800000000e+02    6.0546933575e-05    1.0000000000e+00
       137   -7.1212995532e-01    3.6454459745e+00   -1.5134326838e+00    8.0130272850e-01   -1.5134326838e+00    1.2800000000e+02    6.0748125001e-05    1.0000000000e+00
       138   -1.0673404374e+00    3.3929977167e+01   -1.8694684179e+00    8.0212798044e-01   -1.8694684179e+00    1.2800000000e+02    6.0333291025e-05    1.0000000000e+00
       139   -6.4121967677e-01    2.0553915218e+00   -1.4404910032e+00    7.9927132638e-01   -1.4404910032e+00    1.2800000000e+02    6.0495297863e-05    1.0000000000e+00
       140   -6.3580414542e-01    2.2701057486e+00   -1.4444749029e+00    8.0867075749e-01   -1.4444749029e+00    1.2800000000e+02    6.0049965818e-05    1.0000000000e+00
       141   -5.7340201523e-01    1.2830798718e+00   -1.3861289492e+00    8.1272693394e-01   -1.3861289492e+00    1.2800000000e+02    6.0099482443e-05    1.0000000000e+00
       142   -5.4515781744e-01    9.6810483871e-01   -1.3573568765e+00    8.1219905908e-01   -1.3573568765e+00    1.2800000000e+02    6.0880209961e-05    1.0000000000e+00
       143   -5.2820886308e-01    8.6060316678e-01   -1.3400157928e+00    8.1180692970e-01   -1.3400157928e+00    1.2800000000e+02    6.0469067400e-05    1.0000000000e+00
       144   -5.3618961778e-01    1.0509045538e+00   -1.3489259343e+00    8.1273631649e-01   -1.3489259343e+00    1.2800000000e+02    6.0289501967e-05    1.0000000000e+00
       145   -5.0449190079e-01    8.7830650378e-01   -1.3131202584e+00    8.0862835758e-01   -1.3131202584e+00    1.2800000000e+02    6.0452831988e-05    1.0000000000e+00
       146   -5.3727406859e-01    1.3311587707e+00   -1.3361970828e+00    7.9892301423e-01   -1.3361970828e+00    1.2800000000e+02    6.0562978533e-05    1.0000000000e+00
       147   -5.0566143162e-01    6.9682653738e-01   -1.2867965436e+00    7.8113511194e-01   -1.2867965436e+00    1.2800000000e+02    6.0254194327e-05    1.0000000000e+00
       148   -5.2194132187e-01    1.0116924115e+00   -1.3112577506e+00    7.8931642877e-01   -1.3112577506e+00    1.2800000000e+02    6.0630502933e-05    1.0000000000e+00
       149   -5.5755347336e-01    1.6760448636e+00   -1.3463665779e+00    7.8881310452e-01   -1.3463665779e+00    1.2800000000e+02    6.0070566395e-05    1.0000000000e+00
       150   -5.2624160119e-01    1.1892988375e+00   -1.3056844344e+00    7.7944283320e-01   -1.3056844344e+00    1.2800000000e+02    6.0281225561e-05    1.0000000000e+00
       151   -5.0937277025e-01    7.2568326706e-01   -1.2871019763e+00    7.7772920609e-01   -1.2871019763e+00    1.2800000000e+02    6.0648735339e-05    1.0000000000e+00
       152   -5.2199079972e-01    7.3537370457e-01   -1.3030818045e+00    7.8109100477e-01   -1.3030818045e+00    1.2800000000e+02    6.0350532223e-05    1.0000000000e+00
       153   -5.3339203646e-01    7.1843267189e-01   -1.3144010309e+00    7.8100899441e-01   -1.3144010309e+00    1.2800000000e+02    6.0276357420e-05    1.0000000000e+00
       154   -5.3486220448e-01    8.2443313271e-01   -1.3182441682e+00    7.8338196368e-01   -1.3182441682e+00    1.2800000000e+02    6.0685141587e-05    1.0000000000e+00
       155   -5.4674914305e-01    1.0097458185e+00   -1.3266975215e+00    7.7994837848e-01   -1.3266975215e+00    1.2800000000e+02    6.1004174789e-05    1.0000000000e+00
       156   -5.2081193823e-01    7.4395830797e-01   -1.3033194757e+00    7.8250753746e-01   -1.3033194757e+00    1.2800000000e+02    6.0028969710e-05    1.0000000000e+00
       157   -5.5066966967e-01    1.0964093829e+00   -1.3418079684e+00    7.9113829868e-01   -1.3418079684e+00    1.2800000000e+02    6.0111860364e-05    1.0000000000e+00
       158   -5.4869747429e-01    1.1367758833e+00   -1.3508012236e+00    8.0210374932e-01   -1.3508012236e+00    1.2800000000e+02    6.0270761733e-05    1.0000000000e+00
       159   -5.2697159582e-01    8.6626589298e-01   -1.3271655249e+00    8.0019392905e-01   -1.3271655249e+00    1.2800000000e+02    6.0042241216e-05    1.0000000000e+00
       160   -5.5295710058e-01    1.2420699054e+00   -1.3546761057e+00    8.0171900512e-01   -1.3546761057e+00    1.2800000000e+02    6.0058154276e-05    1.0000000000e+00
       161   -5.6587747507e-01    1.6242369025e+00   -1.3629509702e+00    7.9707349517e-01   -1.3629509702e+00    1.2800000000e+02    6.0009780260e-05    1.0000000000e+00
       162   -6.9872362338e-01    6.4975689129e+00   -1.4999044441e+00    8.0118082073e-01   -1.4999044441e+00    1.2800000000e+02    6.0007612294e-05    1.0000000000e+00
       163   -5.7096296920e-01    2.1811085082e+00   -1.3779506576e+00    8.0698768845e-01   -1.3779506576e+00    1.2800000000e+02    6.0529179724e-05    1.0000000000e+00
       164   -4.9769716351e-01    6.2233530179e-01   -1.3025167642e+00    8.0481960072e-01   -1.3025167642e+00    1.2800000000e+02    6.0252592757e-05    1.0000000000e+00
       165   -4.7807530277e-01    4.8364442327e-01   -1.2859187331e+00    8.0784343035e-01   -1.2859187331e+00    1.2800000000e+02    6.0573002941e-05    1.0000000000e+00
       166   -4.6303968754e-01    4.2834940827e-01   -1.2626249296e+00    7.9958524205e-01   -1.2626249296e+00    1.2800000000e+02    6.0766679681e-05    1.0000000000e+00
       167   -4.5718436456e-01    4.4624460830e-01   -1.2531346542e+00    7.9595028969e-01   -1.2531346542e+00    1.2800000000e+02    6.0859799806e-05    1.0000000000e+00
       168   -4.4630068833e-01    4.3900603296e-01   -1.2487804888e+00    8.0247980043e-01   -1.2487804888e+00    1.2800000000e+02    6.0300263673e-05    1.0000000000e+00
       169   -4.6212789557e-01    5.3638038566e-01   -1.2668568652e+00    8.0472896968e-01   -1.2668568652e+00    1.2800000000e+02    6.0311269522e-05    1.0000000000e+00
       170   -4.8582310850e-01    7.1136029408e-01   -1.3003920568e+00    8.1456894828e-01   -1.3003920568e+00    1.2800000000e+02    6.1201928681e-05    1.0000000000e+00
       171   -4.8989192873e-01    9.1052631928e-01   -1.3126339747e+00    8.2274204597e-01   -1.3126339747e+00    1.2800000000e+02    6.0844946297e-05    1.0000000000e+00
       172   -4.5785408320e-01    5.8209567781e-01   -1.2860699321e+00    8.2821584892e-01   -1.2860699321e+00    1.2800000000e+02    6.0773496095e-05    1.0000000000e+00
       173   -4.5431261014e-01    5.1359051903e-01   -1.2871215637e+00    8.3280895351e-01   -1.2871215637e+00    1.2800000000e+02    6.0903481419e-05    1.0000000000e+00
       174   -4.5274948212e-01    5.6795455852e-01   -1.2942017132e+00    8.4145223111e-01   -1.2942017132e+00    1.2800000000e+02    6.0414335938e-05    1.0000000000e+00
       175   -4.2472672754e-01    4.1531356020e-01   -1.2560699998e+00    8.3134327225e-01   -1.2560699998e+00    1.2800000000e+02    6.0191606462e-05    1.0000000000e+00
       176   -4.2354100969e-01    4.2586826048e-01   -1.2543879783e+00    8.3084696856e-01   -1.2543879783e+00    1.2800000000e+02    7.5031748050e-05    1.0000000000e+00
       177   -4.1090948797e-01    3.7066970642e-01   -1.2449634847e+00    8.3405399673e-01   -1.2449634847e+00    1.2800000000e+02    5.9880322262e-05    1.0000000000e+00
       178   -4.1284818603e-01    3.9181075488e-01   -1.2490503083e+00    8.3620212228e-01   -1.2490503083e+00    1.2800000000e+02    6.0266581997e-05    1.0000000000e+00
       179   -4.0802908243e-01    3.8680069362e-01   -1.2405477894e+00    8.3251870693e-01   -1.2405477894e+00    1.2800000000e+02    6.0324013681e-05    1.0000000000e+00
       180   -4.2700848509e-01    4.1876168131e-01   -1.2606030888e+00    8.3359460367e-01   -1.2606030888e+00    1.2800000000e+02    6.0465009753e-05    1.0000000000e+00
       181   -4.1732900161e-01    3.9651673930e-01   -1.2507523987e+00    8.3342339708e-01   -1.2507523987e+00    1.2800000000e+02    6.0377084974e-05    1.0000000000e+00
       182   -4.0654899528e-01    3.5044545645e-01   -1.2351778850e+00    8.2862888974e-01   -1.2351778850e+00    1.2800000000e+02    6.0011874996e-05    1.0000000000e+00
       183   -4.0715314912e-01    3.4228834637e-01   -1.2334101689e+00    8.2625701976e-01   -1.2334101689e+00    1.2800000000e+02    5.9720532189e-05    9.9218750000e-01
       184   -3.9949010865e-01    3.3626961194e-01   -1.2344966055e+00    8.3500649687e-01   -1.2344966055e+00    1.2800000000e+02    6.0493642582e-05    1.0000000000e+00
       185   -3.9978699403e-01    3.4100486994e-01   -1.2242262729e+00    8.2443927889e-01   -1.2242262729e+00    1.2800000000e+02    5.9971660161e-05    1.0000000000e+00
       186   -3.7752308884e-01    3.0463788537e-01   -1.2013950551e+00    8.2387196621e-01   -1.2013950551e+00    1.2800000000e+02    6.0494379881e-05    1.0000000000e+00
       187   -3.8003091844e-01    3.2380093297e-01   -1.2160657999e+00    8.3603488150e-01   -1.2160657999e+00    1.2800000000e+02    6.0068901352e-05    1.0000000000e+00
       188   -3.8761320179e-01    3.4081538239e-01   -1.2284777101e+00    8.4086450831e-01   -1.2284777101e+00    1.2800000000e+02    5.9999160175e-05    1.0000000000e+00
       189   -3.8924918696e-01    3.4844179130e-01   -1.2309947777e+00    8.4174559077e-01   -1.2309947777e+00    1.2800000000e+02    6.0218271489e-05    1.0000000000e+00
       190   -3.8725661372e-01    3.4210826371e-01   -1.2312221663e+00    8.4396555263e-01   -1.2312221663e+00    1.2800000000e+02    6.0237568334e-05    1.0000000000e+00
       191   -3.6792973608e-01    3.0568164444e-01   -1.2101102207e+00    8.4218048462e-01   -1.2101102207e+00    1.2800000000e+02    6.0137592772e-05    1.0000000000e+00
       192   -3.7446415559e-01    3.3156847286e-01   -1.2180758220e+00    8.4361166640e-01   -1.2180758220e+00    1.2800000000e+02    6.0424150373e-05    1.0000000000e+00
       193   -3.6029219665e-01    3.0857500971e-01   -1.1992215816e+00    8.3892938495e-01   -1.1992215816e+00    1.2800000000e+02    6.0510820312e-05    1.0000000000e+00
       194   -3.6378921385e-01    3.0942020086e-01   -1.2099513539e+00    8.4616214007e-01   -1.2099513539e+00    1.2800000000e+02    5.9737392565e-05    1.0000000000e+00
       195   -3.4846448299e-01    2.8643628923e-01   -1.2107644116e+00    8.6229992865e-01   -1.2107644116e+00    1.2800000000e+02    6.0286123055e-05    1.0000000000e+00
       196   -3.5595522005e-01    2.9804331844e-01   -1.2129057943e+00    8.5695057428e-01   -1.2129057943e+00    1.2800000000e+02    5.9961928685e-05    1.0000000000e+00
       197   -3.6148425290e-01    3.0459417285e-01   -1.2100206243e+00    8.4853637135e-01   -1.2100206243e+00    1.2800000000e+02    5.9631362294e-05    1.0000000000e+00
       198   -3.6023432706e-01    3.0088650441e-01   -1.2179581427e+00    8.5772381567e-01   -1.2179581427e+00    1.2800000000e+02    6.0111992202e-05    1.0000000000e+00
       199   -3.7292315976e-01    3.3675319885e-01   -1.2297200612e+00    8.5679690139e-01   -1.2297200612e+00    1.2800000000e+02    6.0025507807e-05    1.0000000000e+00
       200   -3.6863881669e-01    3.2462087315e-01   -1.2189836834e+00    8.5034486668e-01   -1.2189836834e+00    1.2800000000e+02    6.0450942389e-05    1.0000000000e+00
       201   -3.7340047449e-01    3.4836845278e-01   -1.2227035480e+00    8.4930307354e-01   -1.2227035480e+00    1.2800000000e+02    6.0593896489e-05    1.0000000000e+00
       202   -3.9206220082e-01    3.9179664815e-01   -1.2356765421e+00    8.4361434129e-01   -1.2356765421e+00    1.2800000000e+02    6.0242275381e-05    1.0000000000e+00
       203   -3.9881700731e-01    4.1148937723e-01   -1.2493808398e+00    8.5056383248e-01   -1.2493808398e+00    1.2800000000e+02    6.0270942374e-05    1.0000000000e+00
       204   -3.8009157082e-01    3.8261156015e-01   -1.2288920962e+00    8.4880052542e-01   -1.2288920962e+00    1.2800000000e+02    6.0072558608e-05    1.0000000000e+00
       205   -4.0300179133e-01    5.2297026170e-01   -1.2446162790e+00    8.4161448767e-01   -1.2446162790e+00    1.2800000000e+02    6.0322231441e-05    1.0000000000e+00
       206   -3.7622811720e-01    3.7714896896e-01   -1.2227439569e+00    8.4651583972e-01   -1.2227439569e+00    1.2800000000e+02    5.9947241233e-05    1.0000000000e+00
       207   -3.9546247494e-01    4.7558460092e-01   -1.2319342766e+00    8.3647180167e-01   -1.2319342766e+00    1.2800000000e+02    6.0087226554e-05    1.0000000000e+00
       208   -4.1222259124e-01    7.4791224727e-01   -1.2505847440e+00    8.3836215279e-01   -1.2505847440e+00    1.2800000000e+02    6.0426342788e-05    1.0000000000e+00
       209   -3.8547491503e-01    4.2510641161e-01   -1.2327737436e+00    8.4729882852e-01   -1.2327737436e+00    1.2800000000e+02    6.0693222672e-05    1.0000000000e+00
       210   -4.3038789822e-01    1.1385246100e+00   -1.2727317240e+00    8.4234382576e-01   -1.2727317240e+00    1.2800000000e+02    6.0531625962e-05    1.0000000000e+00
       211   -4.3349947604e-01    8.3601727340e-01   -1.2759490382e+00    8.4244956214e-01   -1.2759490382e+00    1.2800000000e+02    5.9978369137e-05    1.0000000000e+00
       212   -4.3875233864e-01    7.0208154169e-01   -1.2879109149e+00    8.4915857630e-01   -1.2879109149e+00    1.2800000000e+02    6.0115830102e-05    1.0000000000e+00
       213   -4.2331276643e-01    5.7687550675e-01   -1.2817578741e+00    8.5844510771e-01   -1.2817578741e+00    1.2800000000e+02    6.0325922828e-05    1.0000000000e+00
       214   -4.4469000502e-01    9.2860240817e-01   -1.2974394436e+00    8.5274943854e-01   -1.2974394436e+00    1.2800000000e+02    5.9855698233e-05    1.0000000000e+00
       215   -6.6474770563e-01    1.0540418028e+01   -1.5256221298e+00    8.6087442421e-01   -1.5256221298e+00    1.2800000000e+02    5.9423891607e-05    1.0000000000e+00
       216   -5.5033985912e-01    4.1054050120e+00   -1.4089485582e+00    8.5860869908e-01   -1.4089485582e+00    1.2800000000e+02    6.0389335935e-05    1.0000000000e+00
       217   -4.3127728832e-01    1.0257615266e+00   -1.2877907618e+00    8.5651347351e-01   -1.2877907618e+00    1.2800000000e+02    5.9921279281e-05    1.0000000000e+00
       218   -4.0462398118e-01    6.6203303449e-01   -1.2566342622e+00    8.5201028104e-01   -1.2566342622e+00    1.2800000000e+02    6.0040200196e-05    1.0000000000e+00
       219   -3.9863866778e-01    5.2356104108e-01   -1.2509298287e+00    8.5229116093e-01   -1.2509298287e+00    1.2800000000e+02    6.0439702153e-05    1.0000000000e+00
       220   -3.9558009516e-01    4.5951131480e-01   -1.2388232918e+00    8.4324319662e-01   -1.2388232918e+00    1.2800000000e+02    5.9742309567e-05    1.0000000000e+00
       221   -3.7721592706e-01    3.6637397265e-01   -1.2166193409e+00    8.3940341387e-01   -1.2166193409e+00    1.2800000000e+02    6.0456772456e-05    1.0000000000e+00
       222   -3.6523289795e-01    3.4643745459e-01   -1.2121848010e+00    8.4695190302e-01   -1.2121848010e+00    1.2800000000e+02    5.9759121097e-05    1.0000000000e+00
       223   -3.5795016782e-01    3.1013607264e-01   -1.2127371169e+00    8.5478694911e-01   -1.2127371169e+00    1.2800000000e+02    5.9785815463e-05    1.0000000000e+00
       224   -3.6071362905e-01    3.0017038087e-01   -1.2176465761e+00    8.5693294703e-01   -1.2176465761e+00    1.2800000000e+02    5.9896738300e-05    1.0000000000e+00
       225   -3.5824651155e-01    2.9242203945e-01   -1.2121435858e+00    8.5389707424e-01   -1.2121435858e+00    1.2800000000e+02    6.0103461905e-05    1.0000000000e+00
       226   -3.6936660867e-01    3.0726516171e-01   -1.2181708090e+00    8.4880420029e-01   -1.2181708090e+00    1.2800000000e+02    6.0041464831e-05    1.0000000000e+00
       227   -3.7307745842e-01    3.2590978228e-01   -1.2182309057e+00    8.4515344725e-01   -1.2182309057e+00    1.2800000000e+02    5.9928090835e-05    1.0000000000e+00
       228   -3.6981851791e-01    3.1798392021e-01   -1.2204863426e+00    8.5066782470e-01   -1.2204863426e+00    1.2800000000e+02    5.9987255842e-05    1.0000000000e+00
       229   -3.6010424662e-01    3.0157018450e-01   -1.2132001579e+00    8.5309591131e-01   -1.2132001579e+00    1.2800000000e+02    6.0343193365e-05    1.0000000000e+00
       230   -3.5757072738e-01    3.2075453554e-01   -1.2139611629e+00    8.5639043547e-01   -1.2139611629e+00    1.2800000000e+02    5.9615966801e-05    1.0000000000e+00
       231   -3.7173119026e-01    3.5875586500e-01   -1.2132902578e+00    8.4155906751e-01   -1.2132902578e+00    1.2800000000e+02    5.9890234375e-05    1.0000000000e+00
       232   -3.9752225658e-01    6.2006000673e-01   -1.2362433761e+00    8.3872111956e-01   -1.2362433761e+00    1.2800000000e+02    6.0279418921e-05    1.0000000000e+00
       233   -4.1434976457e-01    8.9740192743e-01   -1.2627446185e+00    8.4839485396e-01   -1.2627446185e+00    1.2800000000e+02    6.0049916996e-05    1.0000000000e+00
       234   -3.7925081856e-01    4.5175296198e-01   -1.2278960038e+00    8.4864518523e-01   -1.2278960038e+00    1.2800000000e+02    6.0102958994e-05    1.0000000000e+00
       235   -3.6638512384e-01    3.7968891644e-01   -1.2162113932e+00    8.4982626933e-01   -1.2162113932e+00    1.2800000000e+02    6.0241752958e-05    1.0000000000e+00
       236   -3.5512778661e-01    3.1571555366e-01   -1.2060453601e+00    8.5091757351e-01   -1.2060453601e+00    1.2800000000e+02    6.0396015630e-05    1.0000000000e+00
       237   -3.5750795948e-01    3.2628735452e-01   -1.2098336749e+00    8.5232571541e-01   -1.2098336749e+00    1.2800000000e+02    5.9756406252e-05    1.0000000000e+00
       238   -3.6388517676e-01    4.0027481495e-01   -1.2213046618e+00    8.5741948499e-01   -1.2213046618e+00    1.2800000000e+02    5.9973476549e-05    1.0000000000e+00
       239   -3.7013180754e-01    4.5837332650e-01   -1.2252283096e+00    8.5509650210e-01   -1.2252283096e+00    1.2800000000e+02    5.9978115221e-05    1.0000000000e+00
       240   -3.7898414237e-01    5.5856318713e-01   -1.2375050744e+00    8.5852093199e-01   -1.2375050744e+00    1.2800000000e+02    6.0132563469e-05    1.0000000000e+00
       241   -3.8242537142e-01    5.2071248277e-01   -1.2463047843e+00    8.6387941285e-01   -1.2463047843e+00    1.2800000000e+02    5.9761538132e-05    1.0000000000e+00
       242   -3.7049287140e-01    3.8776146490e-01   -1.2383108040e+00    8.6781793264e-01   -1.2383108040e+00    1.2800000000e+02    6.0194980438e-05    1.0000000000e+00
       243   -3.7598347698e-01    3.9927709804e-01   -1.2373056126e+00    8.6132213563e-01   -1.2373056126e+00    1.2800000000e+02    6.0227749032e-05    1.0000000000e+00
       244   -3.9752670051e-01    4.8599718008e-01   -1.2525830712e+00    8.5505637070e-01   -1.2525830712e+00    1.2800000000e+02    6.0061689442e-05    1.0000000000e+00
       245   -4.0136559470e-01    5.3780147346e-01   -1.2487406012e+00    8.4737500651e-01   -1.2487406012e+00    1.2800000000e+02    5.9789677724e-05    1.0000000000e+00
       246   -3.7586639912e-01    4.0737260456e-01   -1.2264133664e+00    8.5054696726e-01   -1.2264133664e+00    1.2800000000e+02    6.0020996109e-05    1.0000000000e+00
       247   -3.7547667986e-01    4.4817881157e-01   -1.2239961011e+00    8.4851942129e-01   -1.2239961011e+00    1.2800000000e+02    5.9768730459e-05    1.0000000000e+00
       248   -3.7346567711e-01    3.6462408377e-01   -1.2139135736e+00    8.4044789646e-01   -1.2139135736e+00    1.2800000000e+02    6.1045766600e-05    1.0000000000e+00
       249   -3.8066830905e-01    3.8536206654e-01   -1.2210524623e+00    8.4038415324e-01   -1.2210524623e+00    1.2800000000e+02    6.0004614248e-05    1.0000000000e+00
       250   -3.8987715406e-01    4.0347466399e-01   -1.2282606884e+00    8.3838353437e-01   -1.2282606884e+00    1.2800000000e+02    6.0068544929e-05    1.0000000000e+00
       251   -3.7825326497e-01    3.6255179405e-01   -1.2171311778e+00    8.3887791280e-01   -1.2171311778e+00    1.2800000000e+02    5.9819794956e-05    1.0000000000e+00
       252   -3.9213474041e-01    3.8922046710e-01   -1.2176666690e+00    8.2553192857e-01   -1.2176666690e+00    1.2800000000e+02    6.0277602540e-05    1.0000000000e+00
       253   -4.0642063237e-01    3.9735903814e-01   -1.2304094811e+00    8.2398884875e-01   -1.2304094811e+00    1.2800000000e+02    6.0323740254e-05    1.0000000000e+00
       254   -4.0185172504e-01    3.9715579427e-01   -1.2245209329e+00    8.2266920791e-01   -1.2245209329e+00    1.2800000000e+02    5.9941708987e-05    1.0000000000e+00
       255   -4.1678476544e-01    4.5906620160e-01   -1.2458357205e+00    8.2905095510e-01   -1.2458357205e+00    1.2800000000e+02    6.0102197263e-05    1.0000000000e+00
       256   -4.0248270944e-01    4.1195904756e-01   -1.2358677425e+00    8.3338503310e-01   -1.2358677425e+00    1.2800000000e+02    6.0251337899e-05    1.0000000000e+00
       257   -4.1958880409e-01    4.7923010074e-01   -1.2477391540e+00    8.2815034986e-01   -1.2477391540e+00    1.2800000000e+02    6.0306845690e-05    1.0000000000e+00
       258   -4.1100869107e-01    4.7526412671e-01   -1.2441627857e+00    8.3315409464e-01   -1.2441627857e+00    1.2800000000e+02    5.9765566395e-05    1.0000000000e+00
       259   -4.0365582472e-01    4.4640934770e-01   -1.2357839047e+00    8.3212807995e-01   -1.2357839047e+00    1.2800000000e+02    6.0353642567e-05    1.0000000000e+00
       260   -4.0585250760e-01    4.4993088304e-01   -1.2498116639e+00    8.4395915627e-01   -1.2498116639e+00    1.2800000000e+02    5.9829819314e-05    1.0000000000e+00
       261   -3.8282309242e-01    3.6101199391e-01   -1.2370407976e+00    8.5421770521e-01   -1.2370407976e+00    1.2800000000e+02    6.0364135731e-05    1.0000000000e+00
       262   -3.7089337414e-01    3.3947554276e-01   -1.2276973716e+00    8.5680399746e-01   -1.2276973716e+00    1.2800000000e+02    6.0545175760e-05    1.0000000000e+00
       263   -3.7863614245e-01    3.7757000991e-01   -1.2420260759e+00    8.6338993349e-01   -1.2420260759e+00    1.2800000000e+02    6.0713364260e-05    1.0000000000e+00
       264   -3.7951690614e-01    3.5337633240e-01   -1.2416470536e+00    8.6213014750e-01   -1.2416470536e+00    1.2800000000e+02    6.0258471663e-05    1.0000000000e+00
       265   -3.8542329940e-01    4.5729327685e-01   -1.2513670101e+00    8.6594371068e-01   -1.2513670101e+00    1.2800000000e+02    6.0099492192e-05    1.0000000000e+00
       266   -3.8239421522e-01    3.8986396206e-01   -1.2422895604e+00    8.5989534514e-01   -1.2422895604e+00    1.2800000000e+02    6.0642319347e-05    1.0000000000e+00
       267   -4.0743825097e-01    6.2123179688e-01   -1.2677192783e+00    8.6028102735e-01   -1.2677192783e+00    1.2800000000e+02    6.0518608421e-05    1.0000000000e+00
       268   -4.1774432346e-01    7.7079009863e-01   -1.2684428962e+00    8.5069857270e-01   -1.2684428962e+00    1.2800000000e+02    6.0149150407e-05    1.0000000000e+00
       269   -4.0431606501e-01    6.6947177432e-01   -1.2679160535e+00    8.6359998844e-01   -1.2679160535e+00    1.2800000000e+02    6.0646650375e-05    1.0000000000e+00
       270   -4.5564440242e-01    1.4940556670e+00   -1.3070670221e+00    8.5142261971e-01   -1.3070670221e+00    1.2800000000e+02    6.0369360373e-05    1.0000000000e+00
       271   -4.2786305238e-01    8.5244839355e-01   -1.2768906116e+00    8.4902755917e-01   -1.2768906116e+00    1.2800000000e+02    6.0348432608e-05    1.0000000000e+00
       272   -4.4990403540e-01    1.0021373774e+00   -1.2899416244e+00    8.4003758899e-01   -1.2899416244e+00    1.2800000000e+02    6.0167534169e-05    1.0000000000e+00
       273   -4.3366025972e-01    9.0681100622e-01   -1.2709253515e+00    8.3726509178e-01   -1.2709253515e+00    1.2800000000e+02    6.0672875971e-05    1.0000000000e+00
       274   -5.4777023385e-01    3.9433076322e+00   -1.3854887386e+00    8.3771850473e-01   -1.3854887386e+00    1.2800000000e+02    6.0377163074e-05    1.0000000000e+00
       275   -5.3862137743e-01    3.5989389390e+00   -1.3747202748e+00    8.3609889733e-01   -1.3747202748e+00    1.2800000000e+02    6.0277944364e-05    1.0000000000e+00
       276   -5.2914900721e-01    2.4586448712e+00   -1.3514394427e+00    8.2229043545e-01   -1.3514394427e+00    1.2800000000e+02    6.0803857448e-05    1.0000000000e+00
       277   -4.6679660613e-01    1.2443569337e+00   -1.2749523091e+00    8.0815570300e-01   -1.2749523091e+00    1.2800000000e+02    6.0799775348e-05    1.0000000000e+00
       278   -4.9973359973e-01    2.0692226009e+00   -1.3199330027e+00    8.2019940298e-01   -1.3199330027e+00    1.2800000000e+02    6.1374189460e-05    1.0000000000e+00
       279   -4.4467262596e-01    7.8718689393e-01   -1.2683701648e+00    8.2369753888e-01   -1.2683701648e+00    1.2800000000e+02    6.0265581034e-05    1.0000000000e+00
       280   -4.3745515785e-01    6.6855260059e-01   -1.2593313435e+00    8.2187618560e-01   -1.2593313435e+00    1.2800000000e+02    6.0916123051e-05    1.0000000000e+00
       281   -4.0936714360e-01    4.3728442800e-01   -1.2302854525e+00    8.2091830886e-01   -1.2302854525e+00    1.2800000000e+02    6.0630205081e-05    1.0000000000e+00
       282   -4.0036737705e-01    3.9152391579e-01   -1.2153034450e+00    8.1493606790e-01   -1.2153034450e+00    1.2800000000e+02    6.0514785179e-05    1.0000000000e+00
       283   -4.2369048996e-01    5.7727481643e-01   -1.2457407988e+00    8.2205030885e-01   -1.2457407988e+00    1.2800000000e+02    5.9509199211e-05    1.0000000000e+00
       284   -4.0776150894e-01    5.0526881498e-01   -1.2377892039e+00    8.3002769495e-01   -1.2377892039e+00    1.2800000000e+02    6.0079218724e-05    1.0000000000e+00
       285   -4.1226071148e-01    5.7814207242e-01   -1.2479299335e+00    8.3566922201e-01   -1.2479299335e+00    1.2800000000e+02    6.0163774414e-05    1.0000000000e+00
       286   -4.4443538603e-01    1.0579885153e+00   -1.2784450552e+00    8.3400966921e-01   -1.2784450552e+00    1.2800000000e+02    6.1089204088e-05    1.0000000000e+00
       287   -4.3245792360e-01    9.6095001589e-01   -1.2629500629e+00    8.3049213928e-01   -1.2629500629e+00    1.2800000000e+02    6.0523520489e-05    1.0000000000e+00
       288   -4.0057927841e-01    4.5667095532e-01   -1.2278612428e+00    8.2728196443e-01   -1.2278612428e+00    1.2800000000e+02    6.0380366204e-05    1.0000000000e+00
       289   -3.9492823646e-01    4.1751151954e-01   -1.2218068354e+00    8.2687859890e-01   -1.2218068354e+00    1.2800000000e+02    6.0477055669e-05    1.0000000000e+00
       290   -4.1011466523e-01    4.8505703458e-01   -1.2477004936e+00    8.3758582838e-01   -1.2477004936e+00    1.2800000000e+02    6.0371684565e-05    1.0000000000e+00
       291   -4.2796333944e-01    5.6584674116e-01   -1.2763849088e+00    8.4842156933e-01   -1.2763849088e+00    1.2800000000e+02    6.0655366180e-05    1.0000000000e+00
       292   -4.2901437277e-01    5.4901328572e-01   -1.2706536860e+00    8.4163931319e-01   -1.2706536860e+00    1.2800000000e+02    6.0188627920e-05    1.0000000000e+00
       293   -4.2000229563e-01    4.9337908804e-01   -1.2582813058e+00    8.3827901013e-01   -1.2582813058e+00    1.2800000000e+02    6.0556850578e-05    1.0000000000e+00
       294   -4.3200347057e-01    6.2580699246e-01   -1.2658866149e+00    8.3388314433e-01   -1.2658866149e+00    1.2800000000e+02    6.1529018563e-05    1.0000000000e+00
       295   -4.0404883902e-01    4.0363938697e-01   -1.2393204736e+00    8.3527163460e-01   -1.2393204736e+00    1.2800000000e+02    1.5502605957e-04    1.0000000000e+00
       296   -3.9798444548e-01    3.8079323658e-01   -1.2362526597e+00    8.3826821422e-01   -1.2362526597e+00    1.2800000000e+02    5.9806049798e-05    1.0000000000e+00
       297   -4.0136477398e-01    4.1648977542e-01   -1.2454133079e+00    8.4404853395e-01   -1.2454133079e+00    1.2800000000e+02    6.0539194340e-05    1.0000000000e+00
       298   -3.8466498496e-01    3.4919969671e-01   -1.2327387501e+00    8.4807376516e-01   -1.2327387501e+00    1.2800000000e+02    6.0474946295e-05    1.0000000000e+00
       299   -3.9442942874e-01    3.8707348457e-01   -1.2514364606e+00    8.5700703183e-01   -1.2514364606e+00    1.2800000000e+02    6.0626274436e-05    1.0000000000e+00
       300   -4.1457406041e-01    4.7272819603e-01   -1.2623704332e+00    8.4779637278e-01   -1.2623704332e+00    1.2800000000e+02    6.0490859369e-05    1.0000000000e+00
       301   -4.3174689434e-01    5.6978902779e-01   -1.2671138071e+00    8.3536691279e-01   -1.2671138071e+00    1.2800000000e+02    8.5551826178e-05    1.0000000000e+00
       302   -4.6699582038e-01    1.0539692683e+00   -1.3146370685e+00    8.4764124815e-01   -1.3146370685e+00    1.2800000000e+02    5.9988173824e-05    1.0000000000e+00
       303   -4.7583242548e-01    1.4639294921e+00   -1.3329175003e+00    8.5708507482e-01   -1.3329175003e+00    1.2800000000e+02    6.0161367188e-05    1.0000000000e+00
       304   -4.7906858415e-01    1.8242998815e+00   -1.3334885421e+00    8.5441995793e-01   -1.3334885421e+00    1.2800000000e+02    6.0805703111e-05    1.0000000000e+00
       305   -4.3126688650e-01    1.1065154537e+00   -1.2883382720e+00    8.5707138549e-01   -1.2883382720e+00    1.2800000000e+02    6.0575849631e-05    1.0000000000e+00
       306   -4.7563204414e-01    2.1100623003e+00   -1.3265626959e+00    8.5093065176e-01   -1.3265626959e+00    1.2800000000e+02    6.0238486341e-05    1.0000000000e+00
       307   -4.9992305392e-01    2.9777342124e+00   -1.3594791536e+00    8.5955609969e-01   -1.3594791536e+00    1.2800000000e+02    6.0418686552e-05    1.0000000000e+00
       308   -4.5243614517e-01    1.3092345101e+00   -1.3097041447e+00    8.5726799951e-01   -1.3097041447e+00    1.2800000000e+02    6.0749316386e-05    1.0000000000e+00
       309   -4.2719632488e-01    7.3053089583e-01   -1.2791237156e+00    8.5192739076e-01   -1.2791237156e+00    1.2800000000e+02    6.0550053721e-05    1.0000000000e+00
       310   -5.0475277373e-01    2.0711749545e+00   -1.3579713392e+00    8.5321856547e-01   -1.3579713392e+00    1.2800000000e+02    6.0246889653e-05    1.0000000000e+00
       311   -4.5639644294e-01    1.0276655554e+00   -1.3082348603e+00    8.5183841732e-01   -1.3082348603e+00    1.2800000000e+02    6.0811806630e-05    1.0000000000e+00
       312   -4.7079109006e-01    1.1765623635e+00   -1.3236530199e+00    8.5286192979e-01   -1.3236530199e+00    1.2800000000e+02    6.0616083989e-05    1.0000000000e+00
       313   -5.1882496344e-01    1.9695368889e+00   -1.3740969495e+00    8.5527198604e-01   -1.3740969495e+00    1.2800000000e+02    6.0171518570e-05    1.0000000000e+00
       314   -9.8586095884e-01    3.2405079897e+01   -1.8396550661e+00    8.5379410721e-01   -1.8396550661e+00    1.2800000000e+02    6.0524433586e-05    1.0000000000e+00
       315   -5.7827964387e-01    3.2893023507e+00   -1.4330913440e+00    8.5481170009e-01   -1.4330913440e+00    1.2800000000e+02    6.0596274416e-05    1.0000000000e+00
       316   -4.9256199371e-01    1.5448579406e+00   -1.3578323009e+00    8.6527030721e-01   -1.3578323009e+00    1.2800000000e+02    6.0809804676e-05    1.0000000000e+00
       317   -4.4316322301e-01    6.2208216390e-01   -1.3161075604e+00    8.7294433735e-01   -1.3161075604e+00    1.2800000000e+02    6.0249975597e-05    1.0000000000e+00
       318   -4.3743158058e-01    6.5823340392e-01   -1.3174144734e+00    8.7998289278e-01   -1.3174144734e+00    1.2800000000e+02    6.0678798832e-05    1.0000000000e+00
       319   -4.3509101109e-01    5.9863278030e-01   -1.3126818912e+00    8.7759088016e-01   -1.3126818912e+00    1.2800000000e+02    6.0688540071e-05    1.0000000000e+00
       320   -4.3720772425e-01    6.3203234416e-01   -1.3079390658e+00    8.7073134155e-01   -1.3079390658e+00    1.2800000000e+02    6.0179072300e-05    1.0000000000e+00
       321   -4.2915387334e-01    5.4883060625e-01   -1.2989102785e+00    8.6975640518e-01   -1.2989102785e+00    1.2800000000e+02    6.0177426757e-05    1.0000000000e+00
       322   -4.3226825981e-01    5.7804316677e-01   -1.2950716307e+00    8.6280337085e-01   -1.2950716307e+00    1.2800000000e+02    6.0786347678e-05    1.0000000000e+00
       323   -4.3728598941e-01    5.7062096644e-01   -1.2975501486e+00    8.6026415914e-01   -1.2975501486e+00    1.2800000000e+02    6.0576757821e-05    1.0000000000e+00
       324   -4.5275309850e-01    7.4654902193e-01   -1.3091572791e+00    8.5640418062e-01   -1.3091572791e+00    1.2800000000e+02    6.0238227540e-05    1.0000000000e+00
       325   -6.7705646575e-01    1.0313265818e+01   -1.5537206989e+00    8.7666423313e-01   -1.5537206989e+00    1.2800000000e+02    5.9808281254e-05    1.0000000000e+00
       326   -5.2829273861e-01    2.6089928251e+00   -1.3907338654e+00    8.6244112675e-01   -1.3907338654e+00    1.2800000000e+02    6.0203481450e-05    1.0000000000e+00
       327   -5.7516676449e-01    4.1430933928e+00   -1.4402710989e+00    8.6510433438e-01   -1.4402710989e+00    1.2800000000e+02    6.0609101570e-05    1.0000000000e+00
       328   -5.3914356551e-01    2.1731896764e+00   -1.4039137455e+00    8.6477017996e-01   -1.4039137455e+00    1.2800000000e+02    6.0411762707e-05    1.0000000000e+00
       329   -4.9591477887e-01    8.1740425720e-01   -1.3534569933e+00    8.5754221446e-01   -1.3534569933e+00    1.2800000000e+02    5.9817426763e-05    1.0000000000e+00
       330   -5.1713511530e-01    1.1240571762e+00   -1.3767704567e+00    8.5963534139e-01   -1.3767704567e+00    1.2800000000e+02    6.0409824208e-05    1.0000000000e+00
       331   -5.0024982367e-01    9.5572886107e-01   -1.3537738543e+00    8.5352403058e-01   -1.3537738543e+00    1.2800000000e+02    5.9977290032e-05    1.0000000000e+00
       332   -4.7594556309e-01    6.1800941508e-01   -1.3159447098e+00    8.3999914673e-01   -1.3159447098e+00    1.2800000000e+02    6.0590776332e-05    1.0000000000e+00
       333   -4.9622617161e-01    7.5524813559e-01   -1.3353961924e+00    8.3917002077e-01   -1.3353961924e+00    1.2800000000e+02    6.0570502960e-05    1.0000000000e+00
       334   -5.3413941000e-01    1.0852354476e+00   -1.3799439914e+00    8.4580458135e-01   -1.3799439914e+00    1.2800000000e+02    6.0293823253e-05    1.0000000000e+00
       335   -5.0642787799e-01    7.5047349329e-01   -1.3542247753e+00    8.4779689734e-01   -1.3542247753e+00    1.2800000000e+02    6.0662382847e-05    1.0000000000e+00
       336   -5.2824667812e-01    1.0835449950e+00   -1.3822146476e+00    8.5396796950e-01   -1.3822146476e+00    1.2800000000e+02    6.0240185537e-05    1.0000000000e+00
       337   -5.0962524188e-01    8.0442104818e-01   -1.3577553912e+00    8.4813014934e-01   -1.3577553912e+00    1.2800000000e+02    6.0775288095e-05    1.0000000000e+00
       338   -4.7594750596e-01    5.7033776058e-01   -1.3213526313e+00    8.4540512539e-01   -1.3213526313e+00    1.2800000000e+02    5.9998002918e-05    1.0000000000e+00
       339   -4.9745744870e-01    8.5721419469e-01   -1.3450901787e+00    8.4763273000e-01   -1.3450901787e+00    1.2800000000e+02    6.0447167975e-05    1.0000000000e+00
       340   -4.8047746866e-01    6.4597821810e-01   -1.3331550797e+00    8.5267761106e-01   -1.3331550797e+00    1.2800000000e+02    6.1052939458e-05    1.0000000000e+00
       341   -4.8924267627e-01    7.4928735647e-01   -1.3473575592e+00    8.5811488291e-01   -1.3473575592e+00    1.2800000000e+02    6.0984399390e-05    1.0000000000e+00
       342   -4.7181022176e-01    6.4261996158e-01   -1.3255284982e+00    8.5371827640e-01   -1.3255284982e+00    1.2800000000e+02    6.0662485357e-05    1.0000000000e+00
       343   -4.5247314709e-01    4.7855853546e-01   -1.3017478456e+00    8.4927469848e-01   -1.3017478456e+00    1.2800000000e+02    6.0521455090e-05    1.0000000000e+00
       344   -4.4173601634e-01    4.3017332396e-01   -1.2831411270e+00    8.4140511066e-01   -1.2831411270e+00    1.2800000000e+02    6.0577500012e-05    1.0000000000e+00
       345   -4.6319353853e-01    4.6067614617e-01   -1.3027561900e+00    8.3956265144e-01   -1.3027561900e+00    1.2800000000e+02    5.9820498048e-05    1.0000000000e+00
       346   -4.6089343686e-01    5.1655089739e-01   -1.2950985645e+00    8.3420512760e-01   -1.2950985645e+00    1.2800000000e+02    6.0149033217e-05    1.0000000000e+00
       347   -4.9065773609e-01    6.4731103849e-01   -1.3237805763e+00    8.3312284017e-01   -1.3237805763e+00    1.2800000000e+02    6.0230253879e-05    1.0000000000e+00
       348   -5.0705397045e-01    6.3637338708e-01   -1.3417783620e+00    8.3472439154e-01   -1.3417783620e+00    1.2800000000e+02    6.0824702107e-05    1.0000000000e+00
       349   -4.8483304373e-01    6.0634652981e-01   -1.3273354936e+00    8.4250244990e-01   -1.3273354936e+00    1.2800000000e+02    6.0248427776e-05    1.0000000000e+00
       350   -4.7923959094e-01    5.3496547353e-01   -1.3338637801e+00    8.5462418920e-01   -1.3338637801e+00    1.2800000000e+02    6.0759487319e-05    1.0000000000e+00
       351   -4.9608395456e-01    7.2005235742e-01   -1.3580114291e+00    8.6192747452e-01   -1.3580114291e+00    1.2800000000e+02    6.0071879922e-05    1.0000000000e+00
       352   -4.8654462752e-01    6.2437909352e-01   -1.3563717793e+00    8.6982715179e-01   -1.3563717793e+00    1.2800000000e+02    6.0276718763e-05    1.0000000000e+00
       353   -5.1616343919e-01    9.1980480223e-01   -1.3889078438e+00    8.7274440458e-01   -1.3889078438e+00    1.2800000000e+02    6.0040375978e-05    1.0000000000e+00
       354   -4.9800913778e-01    6.6127914862e-01   -1.3724345269e+00    8.7442538908e-01   -1.3724345269e+00    1.2800000000e+02    5.9868071283e-05    1.0000000000e+00
       355   -5.0364897107e-01    6.2779549209e-01   -1.3690370606e+00    8.6538808955e-01   -1.3690370606e+00    1.2800000000e+02    6.0371210953e-05    1.0000000000e+00
       356   -5.1336543788e-01    6.9050280800e-01   -1.3799792834e+00    8.6661384548e-01   -1.3799792834e+00    1.2800000000e+02    6.0491679672e-05    1.0000000000e+00
       357   -5.3383876062e-01    8.4256483337e-01   -1.4029520913e+00    8.6911333064e-01   -1.4029520913e+00    1.2800000000e+02    6.0162900386e-05    1.0000000000e+00
       358   -5.4383309064e-01    9.0673400939e-01   -1.4219814457e+00    8.7814835507e-01   -1.4219814457e+00    1.2800000000e+02    6.0665156244e-05    1.0000000000e+00
       359   -5.1234843948e-01    7.0433051286e-01   -1.3922323646e+00    8.7988392516e-01   -1.3922323646e+00    1.2800000000e+02    6.0343535150e-05    1.0000000000e+00
       360   -5.0058099437e-01    7.0019224595e-01   -1.3745461612e+00    8.7396516682e-01   -1.3745461612e+00    1.2800000000e+02    6.0267221706e-05    1.0000000000e+00
       361   -4.9216717047e-01    5.9175406057e-01   -1.3696491752e+00    8.7748200470e-01   -1.3696491752e+00    1.2800000000e+02    6.0295537097e-05    1.0000000000e+00
       362   -4.8861389147e-01    6.0020788236e-01   -1.3628861285e+00    8.7427223705e-01   -1.3628861285e+00    1.2800000000e+02    6.0428793915e-05    1.0000000000e+00
       363   -4.7010982960e-01    5.2316714356e-01   -1.3433990960e+00    8.7328926645e-01   -1.3433990960e+00    1.2800000000e+02    6.0496669921e-05    1.0000000000e+00
       364   -4.5870281035e-01    4.4868063661e-01   -1.3272179632e+00    8.6851515286e-01   -1.3272179632e+00    1.2800000000e+02    6.0380195325e-05    1.0000000000e+00
       365   -4.7407358357e-01    5.3506505527e-01   -1.3507188015e+00    8.7664521790e-01   -1.3507188015e+00    1.2800000000e+02    5.9917695282e-05    1.0000000000e+00
       366   -4.5652327997e-01    4.7321858742e-01   -1.3266415552e+00    8.7011827519e-01   -1.3266415552e+00    1.2800000000e+02    6.0472363295e-05    1.0000000000e+00
       367   -4.6164389474e-01    5.6619902259e-01   -1.3423455323e+00    8.8070163756e-01   -1.3423455323e+00    1.2800000000e+02    6.0849370119e-05    1.0000000000e+00
       368   -4.4235883541e-01    4.7955681028e-01   -1.3204800349e+00    8.7812119946e-01   -1.3204800349e+00    1.2800000000e+02    6.0785327154e-05    1.0000000000e+00
       369   -4.2547113720e-01    4.0040967776e-01   -1.3006591013e+00    8.7518796414e-01   -1.3006591013e+00    1.2800000000e+02    6.0338393542e-05    1.0000000000e+00
       370   -4.3274233693e-01    4.4026722873e-01   -1.3105407897e+00    8.7779845278e-01   -1.3105407897e+00    1.2800000000e+02    6.0454223618e-05    1.0000000000e+00
       371   -4.6379226719e-01    5.5968387373e-01   -1.3407769206e+00    8.7698465345e-01   -1.3407769206e+00    1.2800000000e+02    6.0114648427e-05    1.0000000000e+00
       372   -4.8705273996e-01    8.0487544853e-01   -1.3660323662e+00    8.7897962624e-01   -1.3660323662e+00    1.2800000000e+02    6.0354736330e-05    1.0000000000e+00
       373   -4.8850688392e-01    6.4748702131e-01   -1.3778469551e+00    8.8934007121e-01   -1.3778469551e+00    1.2800000000e+02    6.0690615253e-05    1.0000000000e+00
       374   -4.6469499987e-01    4.8905986719e-01   -1.3523465028e+00    8.8765150292e-01   -1.3523465028e+00    1.2800000000e+02    6.0656352545e-05    1.0000000000e+00
       375   -4.6537275927e-01    5.8540845909e-01   -1.3491308826e+00    8.8375812328e-01   -1.3491308826e+00    1.2800000000e+02    6.0134111315e-05    1.0000000000e+00
       376   -5.0442159095e-01    1.3007997422e+00   -1.3869556200e+00    8.8253402909e-01   -1.3869556200e+00    1.2800000000e+02    6.0007333992e-05    1.0000000000e+00
       377   -4.8235418694e-01    9.3751293905e-01   -1.3780412817e+00    8.9568709478e-01   -1.3780412817e+00    1.2800000000e+02    6.0749038092e-05    1.0000000000e+00
       378   -4.8533613831e-01    1.0931105597e+00   -1.3809204942e+00    8.9558435587e-01   -1.3809204942e+00    1.2800000000e+02    6.0638442395e-05    1.0000000000e+00
       379   -4.4576792801e-01    5.5948350920e-01   -1.3488184672e+00    9.0305053922e-01   -1.3488184672e+00    1.2800000000e+02    6.0596235354e-05    1.0000000000e+00
       380   -4.4852042687e-01    5.0745716448e-01   -1.3549573716e+00    9.0643694474e-01   -1.3549573716e+00    1.2800000000e+02    6.0795156262e-05    1.0000000000e+00
       381   -4.5433698065e-01    6.6676273072e-01   -1.3538510133e+00    8.9951403261e-01   -1.3538510133e+00    1.2800000000e+02    5.9934628883e-05    1.0000000000e+00
       382   -5.0143811722e-01    1.2119314855e+00   -1.3924174462e+00    8.9097932900e-01   -1.3924174462e+00    1.2800000000e+02    6.0369516600e-05    1.0000000000e+00
       383   -5.2024449077e-01    1.7520104748e+00   -1.4156369703e+00    8.9539247958e-01   -1.4156369703e+00    1.2800000000e+02    6.0629643556e-05    1.0000000000e+00
       384   -4.8922599205e-01    1.0328374622e+00   -1.3840279262e+00    8.9480193415e-01   -1.3840279262e+00    1.2800000000e+02    6.0363891617e-05    1.0000000000e+00
       385   -4.7705770213e-01    7.8222686269e-01   -1.3662523942e+00    8.8919469210e-01   -1.3662523942e+00    1.2800000000e+02    6.0194409162e-05    1.0000000000e+00
       386   -4.9023546520e-01    7.9953433300e-01   -1.3727225947e+00    8.8248712949e-01   -1.3727225947e+00    1.2800000000e+02    6.0766093760e-05    1.0000000000e+00
       387   -4.7521705187e-01    6.0141985739e-01   -1.3618947570e+00    8.8667770513e-01   -1.3618947570e+00    1.2800000000e+02    6.0605385741e-05    1.0000000000e+00
       388   -4.4108566982e-01    4.3741401918e-01   -1.3202571018e+00    8.7917143199e-01   -1.3202571018e+00    1.2800000000e+02    6.0625444345e-05    1.0000000000e+00
       389   -4.4806256814e-01    4.6191277134e-01   -1.3250211014e+00    8.7695853329e-01   -1.3250211014e+00    1.2800000000e+02    6.0348754861e-05    1.0000000000e+00
       390   -4.3976064322e-01    4.5953934169e-01   -1.3120469118e+00    8.7228626863e-01   -1.3120469118e+00    1.2800000000e+02    6.0295849611e-05    1.0000000000e+00
       391   -4.6509304515e-01    6.2283681150e-01   -1.3269563856e+00    8.6186334042e-01   -1.3269563856e+00    1.2800000000e+02    6.0305351571e-05    1.0000000000e+00
       392   -4.3759498459e-01    5.0206229972e-01   -1.2985178975e+00    8.6092291286e-01   -1.2985178975e+00    1.2800000000e+02    6.0412880885e-05    1.0000000000e+00
       393   -4.3350011739e-01    5.1028540791e-01   -1.2954166163e+00    8.6191649888e-01   -1.2954166163e+00    1.2800000000e+02    5.9647670898e-05    1.0000000000e+00
       394   -4.3633801333e-01    4.6162061542e-01   -1.2962601638e+00    8.5992215045e-01   -1.2962601638e+00    1.2800000000e+02    6.0652382825e-05    1.0000000000e+00
       395   -4.3543824799e-01    4.6112677520e-01   -1.3044944238e+00    8.6905617576e-01   -1.3044944238e+00    1.2800000000e+02    6.0926782201e-05    1.0000000000e+00
       396   -4.2106708280e-01    3.9334611205e-01   -1.2899226091e+00    8.6885552631e-01   -1.2899226091e+00    1.2800000000e+02    6.0108500975e-05    1.0000000000e+00
       397   -4.4235172330e-01    3.9864576994e-01   -1.3043244651e+00    8.6197274179e-01   -1.3043244651e+00    1.2800000000e+02    6.0441489246e-05    1.0000000000e+00
       398   -4.3357669436e-01    3.8036442574e-01   -1.2790602925e+00    8.4548359811e-01   -1.2790602925e+00    1.2800000000e+02    6.0210244154e-05    1.0000000000e+00
       399   -4.2981352709e-01    3.5288281408e-01   -1.2643715583e+00    8.3455803124e-01   -1.2643715583e+00    1.2800000000e+02    6.0805209962e-05    1.0000000000e+00
       400   -4.2703507289e-01    3.4884504431e-01   -1.2667340234e+00    8.3969895052e-01   -1.2667340234e+00    1.2800000000e+02    6.0329497057e-05    1.0000000000e+00
       401   -4.2630011681e-01    3.6280924401e-01   -1.2701417971e+00    8.4384168033e-01   -1.2701417971e+00    1.2800000000e+02    6.0712583018e-05    1.0000000000e+00
       402   -4.2036738798e-01    3.5982234134e-01   -1.2656443846e+00    8.4527699658e-01   -1.2656443846e+00    1.2800000000e+02    6.0551679706e-05    1.0000000000e+00
       403   -4.3382727277e-01    3.8813904094e-01   -1.2842656543e+00    8.5043838150e-01   -1.2842656543e+00    1.2800000000e+02    6.0796933614e-05    1.0000000000e+00
       404   -4.3879256464e-01    4.1697257346e-01   -1.2806652864e+00    8.4187272179e-01   -1.2806652864e+00    1.2800000000e+02    6.0421030252e-05    1.0000000000e+00
       405   -4.3732030019e-01    3.9620517965e-01   -1.2789305397e+00    8.4161023951e-01   -1.2789305397e+00    1.2800000000e+02    6.0515996111e-05    1.0000000000e+00
       406   -4.4586917645e-01    4.0232608578e-01   -1.2911528531e+00    8.4528367662e-01   -1.2911528531e+00    1.2800000000e+02    6.0268886717e-05    1.0000000000e+00
       407   -4.5880564068e-01    4.8802607411e-01   -1.2943027629e+00    8.3549712219e-01   -1.2943027629e+00    1.2800000000e+02    6.0288994128e-05    1.0000000000e+00
       408   -4.4319843704e-01    4.6113140375e-01   -1.2786266167e+00    8.3542817962e-01   -1.2786266167e+00    1.2800000000e+02    6.1070732421e-05    1.0000000000e+00
       409   -4.3664550329e-01    4.0577270688e-01   -1.2729114295e+00    8.3626592625e-01   -1.2729114295e+00    1.2800000000e+02    6.0567558599e-05    1.0000000000e+00
       410   -4.4640134435e-01    4.6404195366e-01   -1.2765082764e+00    8.3010693209e-01   -1.2765082764e+00    1.2800000000e+02    6.0453750010e-05    1.0000000000e+00
       411   -5.1531397128e-01    1.2794965812e+00   -1.3368339662e+00    8.2151999496e-01   -1.3368339662e+00    1.2800000000e+02    6.0565288102e-05    1.0000000000e+00
       412   -5.2242868808e-01    1.3911572182e+00   -1.3519953952e+00    8.2956670710e-01   -1.3519953952e+00    1.2800000000e+02    6.0446166991e-05    1.0000000000e+00
       413   -4.8700794593e-01    6.6788435833e-01   -1.3129238678e+00    8.2591592189e-01   -1.3129238678e+00    1.2800000000e+02    6.0501127944e-05    1.0000000000e+00
       414   -5.0534010941e-01    8.7029657856e-01   -1.3324511197e+00    8.2711101025e-01   -1.3324511197e+00    1.2800000000e+02    6.0640151371e-05    1.0000000000e+00
       415   -4.8697439414e-01    6.7349046718e-01   -1.3159986768e+00    8.2902428264e-01   -1.3159986768e+00    1.2800000000e+02    6.0675673794e-05    1.0000000000e+00
       416   -4.7578621515e-01    6.0685568868e-01   -1.2967726718e+00    8.2098645668e-01   -1.2967726718e+00    1.2800000000e+02    6.0806674796e-05    1.0000000000e+00
       417   -4.7968588786e-01    6.1535318056e-01   -1.2980836537e+00    8.1839776581e-01   -1.2980836537e+00    1.2800000000e+02    6.1076040033e-05    1.0000000000e+00
       418   -4.6353139068e-01    5.8847906615e-01   -1.2846281785e+00    8.2109678783e-01   -1.2846281785e+00    1.2800000000e+02    6.0241801762e-05    1.0000000000e+00
       419   -4.5584078314e-01    5.1189728092e-01   -1.2674497379e+00    8.1160895479e-01   -1.2674497379e+00    1.2800000000e+02    6.0373085933e-05    1.0000000000e+00
       420   -4.4666547657e-01    4.7132568127e-01   -1.2529619198e+00    8.0629644323e-01   -1.2529619198e+00    1.2800000000e+02    6.0419555673e-05    1.0000000000e+00
       421   -4.5517659862e-01    4.5195390564e-01   -1.2641143404e+00    8.0893774177e-01   -1.2641143404e+00    1.2800000000e+02    6.0058769517e-05    1.0000000000e+00
       422   -4.6543699565e-01    5.0351058263e-01   -1.2739844390e+00    8.0854744340e-01   -1.2739844390e+00    1.2800000000e+02    6.0640703119e-05    1.0000000000e+00
       423   -4.3584370629e-01    4.2339447352e-01   -1.2511297785e+00    8.1528607222e-01   -1.2511297785e+00    1.2800000000e+02    6.0286176740e-05    1.0000000000e+00
       424   -4.2934232587e-01    4.4243693436e-01   -1.2423808976e+00    8.1303857171e-01   -1.2423808976e+00    1.2800000000e+02    6.0714580080e-05    1.0000000000e+00
       425   -4.3576065372e-01    4.9664028497e-01   -1.2482072022e+00    8.1244654851e-01   -1.2482072022e+00    1.2800000000e+02    6.0680673840e-05    1.0000000000e+00
       426   -4.2743594250e-01    4.1577249400e-01   -1.2367768325e+00    8.0934088998e-01   -1.2367768325e+00    1.2800000000e+02    7.3699868189e-05    1.0000000000e+00
       427   -4.3144967920e-01    4.4127984997e-01   -1.2339731216e+00    8.0252344237e-01   -1.2339731216e+00    1.2800000000e+02    6.0033012691e-05    1.0000000000e+00
       428   -4.4927435522e-01    5.3736139695e-01   -1.2522774707e+00    8.0300311548e-01   -1.2522774707e+00    1.2800000000e+02    6.0750771475e-05    1.0000000000e+00
       429   -4.4234021975e-01    4.8825813432e-01   -1.2482274168e+00    8.0588719700e-01   -1.2482274168e+00    1.2800000000e+02    6.0703750002e-05    1.0000000000e+00
       430   -4.4653713690e-01    4.8978283061e-01   -1.2574099917e+00    8.1087285485e-01   -1.2574099917e+00    1.2800000000e+02    6.0875634766e-05    1.0000000000e+00
       431   -4.2908213809e-01    3.8844216321e-01   -1.2400138128e+00    8.1093167472e-01   -1.2400138128e+00    1.2800000000e+02    6.0712343739e-05    1.0000000000e+00
       432   -4.3835309150e-01    4.5517701362e-01   -1.2571903293e+00    8.1883723777e-01   -1.2571903293e+00    1.2800000000e+02    6.0948193340e-05    1.0000000000e+00
       433   -4.1961118033e-01    3.7906906873e-01   -1.2382396659e+00    8.1862848557e-01   -1.2382396659e+00    1.2800000000e+02    6.0808530300e-05    1.0000000000e+00
       434   -4.1436208849e-01    3.7483944368e-01   -1.2284176285e+00    8.1405554003e-01   -1.2284176285e+00    1.2800000000e+02    6.1296650383e-05    1.0000000000e+00
       435   -4.2146559257e-01    3.7864711363e-01   -1.2343198804e+00    8.1285428784e-01   -1.2343198804e+00    1.2800000000e+02    6.0909042976e-05    1.0000000000e+00
       436   -4.3910691528e-01    4.1770597178e-01   -1.2552399382e+00    8.1613302287e-01   -1.2552399382e+00    1.2800000000e+02    6.0900703115e-05    1.0000000000e+00
       437   -4.4827195688e-01    4.3013144588e-01   -1.2681646415e+00    8.1989268459e-01   -1.2681646415e+00    1.2800000000e+02    6.0994960943e-05    1.0000000000e+00
       438   -4.4678918549e-01    4.2515672732e-01   -1.2626166820e+00    8.1582749649e-01   -1.2626166820e+00    1.2800000000e+02    6.0429374994e-05    1.0000000000e+00
       439   -4.5441806479e-01    4.4332854588e-01   -1.2728775725e+00    8.1845950775e-01   -1.2728775725e+00    1.2800000000e+02    6.0588579121e-05    1.0000000000e+00
       440   -4.8368192798e-01    5.5563577007e-01   -1.2869215513e+00    8.0323962333e-01   -1.2869215513e+00    1.2800000000e+02    6.0452123996e-05    1.0000000000e+00
       441   -4.8412639452e-01    5.1532183516e-01   -1.2693546690e+00    7.8522827452e-01   -1.2693546690e+00    1.2800000000e+02    6.0765566396e-05    1.0000000000e+00
       442   -4.9014331772e-01    5.5108403561e-01   -1.2813410567e+00    7.9119773897e-01   -1.2813410567e+00    1.2800000000e+02    6.0572255858e-05    1.0000000000e+00
       443   -5.0960994707e-01    6.9492737488e-01   -1.3037140026e+00    7.9410405558e-01   -1.3037140026e+00    1.2800000000e+02    6.0791245115e-05    1.0000000000e+00
       444   -4.8374249452e-01    5.8417185925e-01   -1.2778716142e+00    7.9412911965e-01   -1.2778716142e+00    1.2800000000e+02    6.0763461903e-05    1.0000000000e+00
       445   -5.1514802431e-01    9.7008343675e-01   -1.2989631919e+00    7.8381516762e-01   -1.2989631919e+00    1.2800000000e+02    6.1214453112e-05    1.0000000000e+00
       446   -5.0058781265e-01    7.2000729626e-01   -1.2843500489e+00    7.8376223625e-01   -1.2843500489e+00    1.2800000000e+02    6.0402456054e-05    9.9218750000e-01
       447   -4.9391319786e-01    5.8733736987e-01   -1.2725749961e+00    7.7866179825e-01   -1.2725749961e+00    1.2800000000e+02    6.1068964861e-05    1.0000000000e+00
       448   -4.6958002808e-01    4.3906348598e-01   -1.2468508229e+00    7.7727079479e-01   -1.2468508229e+00    1.2800000000e+02    6.0517958989e-05    1.0000000000e+00
       449   -4.7002696251e-01    4.2691935412e-01   -1.2359098852e+00    7.6588292272e-01   -1.2359098852e+00    1.2800000000e+02    6.0515395486e-05    1.0000000000e+00
       450   -4.5610078312e-01    3.8818037187e-01   -1.2317787401e+00    7.7567795695e-01   -1.2317787401e+00    1.2800000000e+02    6.0615253922e-05    1.0000000000e+00
       451   -4.6048894214e-01    4.0289976212e-01   -1.2418910307e+00    7.8140208859e-01   -1.2418910307e+00    1.2800000000e+02    6.0127666025e-05    1.0000000000e+00
       452   -4.5066490553e-01    3.9015251381e-01   -1.2289851606e+00    7.7832025504e-01   -1.2289851606e+00    1.2800000000e+02    6.0846679673e-05    1.0000000000e+00
       453   -4.6315031700e-01    4.1868167214e-01   -1.2333692075e+00    7.7021889049e-01   -1.2333692075e+00    1.2800000000e+02    6.0554687487e-05    1.0000000000e+00
       454   -4.8399535815e-01    5.0094272165e-01   -1.2578920346e+00    7.7389667646e-01   -1.2578920346e+00    1.2800000000e+02    6.0851254879e-05    1.0000000000e+00
       455   -4.9346653112e-01    5.4112767382e-01   -1.2771641001e+00    7.8369756900e-01   -1.2771641001e+00    1.2800000000e+02    6.0977070316e-05    1.0000000000e+00
       456   -4.5408666904e-01    3.9046835254e-01   -1.2263824903e+00    7.7229582125e-01   -1.2263824903e+00    1.2800000000e+02    6.0664267593e-05    1.0000000000e+00
       457   -4.6488181976e-01    4.5724239021e-01   -1.2420067669e+00    7.7712494711e-01   -1.2420067669e+00    1.2800000000e+02    6.0840795889e-05    1.0000000000e+00
       458   -4.5580119520e-01    4.2034051717e-01   -1.2322952649e+00    7.7649406966e-01   -1.2322952649e+00    1.2800000000e+02    6.1172148428e-05    1.0000000000e+00
       459   -4.6029881089e-01    4.3545120017e-01   -1.2367400866e+00    7.7644127575e-01   -1.2367400866e+00    1.2800000000e+02    6.0694331058e-05    1.0000000000e+00
       460   -4.5869698378e-01    4.5035600395e-01   -1.2374287239e+00    7.7873174014e-01   -1.2374287239e+00    1.2800000000e+02    6.0496264606e-05    1.0000000000e+00
       461   -4.6090975200e-01    4.5006181139e-01   -1.2358146471e+00    7.7490489510e-01   -1.2358146471e+00    1.2800000000e+02    6.0337080082e-05    1.0000000000e+00
       462   -4.5492716545e-01    4.2037576458e-01   -1.2308024582e+00    7.7587529277e-01   -1.2308024582e+00    1.2800000000e+02    6.0970991200e-05    1.0000000000e+00
       463   -4.7509626419e-01    5.2545687369e-01   -1.2562553410e+00    7.8115907683e-01   -1.2562553410e+00    1.2800000000e+02    6.1113115219e-05    1.0000000000e+00
       464   -4.5621321283e-01    4.2012690844e-01   -1.2269430160e+00    7.7072980317e-01   -1.2269430160e+00    1.2800000000e+02    6.0164174815e-05    1.0000000000e+00
       465   -4.5087659291e-01    3.9903923463e-01   -1.2109273109e+00    7.6005071799e-01   -1.2109273109e+00    1.2800000000e+02    6.0687221701e-05    1.0000000000e+00
       466   -4.5002751635e-01    4.4012557300e-01   -1.2124047501e+00    7.6237723373e-01   -1.2124047501e+00    1.2800000000e+02    6.0465136745e-05    1.0000000000e+00
       467   -4.6291478784e-01    4.4430136905e-01   -1.2333062648e+00    7.7039147695e-01   -1.2333062648e+00    1.2800000000e+02    6.0356445335e-05    1.0000000000e+00
       468   -4.6451452043e-01    4.9855567189e-01   -1.2330081580e+00    7.6849363754e-01   -1.2330081580e+00    1.2800000000e+02    6.0422788106e-05    1.0000000000e+00
       469   -4.6739146409e-01    4.9442077824e-01   -1.2361427134e+00    7.6875124930e-01   -1.2361427134e+00    1.2800000000e+02    6.0563232438e-05    1.0000000000e+00
       470   -4.7934814327e-01    6.6506926778e-01   -1.2575802718e+00    7.7823212850e-01   -1.2575802718e+00    1.2800000000e+02    6.0835039061e-05    1.0000000000e+00
       471   -4.7421963893e-01    5.2867813266e-01   -1.2508982928e+00    7.7667865390e-01   -1.2508982928e+00    1.2800000000e+02    6.0732812507e-05    1.0000000000e+00
       472   -4.6206380187e-01    4.9403595824e-01   -1.2471059650e+00    7.8504216316e-01   -1.2471059650e+00    1.2800000000e+02    6.0365903327e-05    1.0000000000e+00
       473   -4.6657102287e-01    5.1084582997e-01   -1.2534410472e+00    7.8687002428e-01   -1.2534410472e+00    1.2800000000e+02    6.0505273439e-05    1.0000000000e+00
       474   -4.4969572968e-01    4.2823835568e-01   -1.2367546205e+00    7.8705889082e-01   -1.2367546205e+00    1.2800000000e+02    5.9991103523e-05    1.0000000000e+00
       475   -4.5406088327e-01    4.7552658989e-01   -1.2470147100e+00    7.9295382674e-01   -1.2470147100e+00    1.2800000000e+02    6.0169555681e-05    1.0000000000e+00
       476   -4.6113593249e-01    5.3749310383e-01   -1.2547535736e+00    7.9361764112e-01   -1.2547535736e+00    1.2800000000e+02    6.0341845710e-05    1.0000000000e+00
       477   -4.8325848746e-01    6.3684699030e-01   -1.2672822750e+00    7.8402378754e-01   -1.2672822750e+00    1.2800000000e+02    6.0259814440e-05    1.0000000000e+00
       478   -5.0732125602e-01    8.6373627890e-01   -1.2923580912e+00    7.8503683514e-01   -1.2923580912e+00    1.2800000000e+02    6.0522783201e-05    1.0000000000e+00
       479   -5.0182501725e-01    7.0146523541e-01   -1.2910453581e+00    7.8922034083e-01   -1.2910453581e+00    1.2800000000e+02    6.0147939443e-05    1.0000000000e+00
       480   -5.2102675819e-01    9.0097857675e-01   -1.3100765579e+00    7.8904979968e-01   -1.3100765579e+00    1.2800000000e+02    6.0316240244e-05    1.0000000000e+00
       481   -4.7719393264e-01    5.1207102553e-01   -1.2622466266e+00    7.8505269396e-01   -1.2622466266e+00    1.2800000000e+02    6.0209453132e-05    1.0000000000e+00
       482   -4.8441083836e-01    5.4865413247e-01   -1.2772698075e+00    7.9285896914e-01   -1.2772698075e+00    1.2800000000e+02    6.0290058595e-05    1.0000000000e+00
       483   -4.7968499590e-01    4.8319883803e-01   -1.2614348109e+00    7.8174981498e-01   -1.2614348109e+00    1.2800000000e+02    6.0633037101e-05    1.0000000000e+00
       484   -4.8479126409e-01    4.6903002549e-01   -1.2558320688e+00    7.7104080467e-01   -1.2558320688e+00    1.2800000000e+02    6.0389956044e-05    1.0000000000e+00
       485   -4.8710183786e-01    4.6626793142e-01   -1.2582991246e+00    7.7119728678e-01   -1.2582991246e+00    1.2800000000e+02    6.0149858420e-05    1.0000000000e+00
       486   -4.7973089843e-01    4.4187269316e-01   -1.2480949415e+00    7.6836404306e-01   -1.2480949415e+00    1.2800000000e+02    6.0138007797e-05    1.0000000000e+00
       487   -5.0751533851e-01    5.5781575431e-01   -1.2802597840e+00    7.7274444545e-01   -1.2802597840e+00    1.2800000000e+02    6.0576313437e-05    1.0000000000e+00
       488   -5.2884927419e-01    6.2078435713e-01   -1.2968882793e+00    7.6803900512e-01   -1.2968882793e+00    1.2800000000e+02    6.0473300806e-05    1.0000000000e+00
       489   -5.3260979753e-01    7.0558325921e-01   -1.2986645197e+00    7.6605472219e-01   -1.2986645197e+00    1.2800000000e+02    6.0748281232e-05    1.0000000000e+00
       490   -4.7875921528e-01    4.5282494329e-01   -1.2457827925e+00    7.6702357725e-01   -1.2457827925e+00    1.2800000000e+02    6.0406777347e-05    1.0000000000e+00
       491   -5.0166832871e-01    5.8251498795e-01   -1.2675413529e+00    7.6587302422e-01   -1.2675413529e+00    1.2800000000e+02    6.0642133796e-05    1.0000000000e+00
       492   -4.7678902170e-01    4.7383623252e-01   -1.2506861413e+00    7.7389711963e-01   -1.2506861413e+00    1.2800000000e+02    6.0187055663e-05    1.0000000000e+00
       493   -4.6438686486e-01    4.2287789981e-01   -1.2427715098e+00    7.7838464499e-01   -1.2427715098e+00    1.2800000000e+02    6.0373750006e-05    1.0000000000e+00
       494   -4.6386440802e-01    4.3431097783e-01   -1.2384241394e+00    7.7455973136e-01   -1.2384241394e+00    1.2800000000e+02    6.0440600620e-05    1.0000000000e+00
       495   -4.5046772226e-01    4.0907430424e-01   -1.2229385377e+00    7.7247081548e-01   -1.2229385377e+00    1.2800000000e+02    6.0769296905e-05    1.0000000000e+00
       496   -4.6046797750e-01    4.2806545257e-01   -1.2363406177e+00    7.7587264022e-01   -1.2363406177e+00    1.2800000000e+02    5.9900190422e-05    1.0000000000e+00
       497   -4.8095778942e-01    4.8563970028e-01   -1.2713493457e+00    7.9039155627e-01   -1.2713493457e+00    1.2800000000e+02    6.0415561514e-05    1.0000000000e+00
       498   -4.8383697869e-01    4.7418690283e-01   -1.2764672399e+00    7.9263026120e-01   -1.2764672399e+00    1.2800000000e+02    6.0098085932e-05    1.0000000000e+00
       499   -4.8934564785e-01    4.7885470309e-01   -1.2785830709e+00    7.8923742304e-01   -1.2785830709e+00    1.2800000000e+02    6.0681528311e-05    1.0000000000e+00
