#   index    LocalEnergy         LocalEnergy_sq      LocalPotential      Kinetic             ElecElec            IonIon              LocalECP            NonLocalECP         BlockWeight         BlockCPU            AcceptRatio         
         0   -3.1945893605e+01    1.0220029565e+03   -5.5362435574e+01    2.3416541969e+01    3.5965953214e+01    1.5778018497e+01   -1.1119741749e+02    4.0910102070e+00    5.1200000000e+02    1.5210655298e-03    4.3945312500e-01
         1   -3.1843539728e+01    1.0153080433e+03   -5.5482274454e+01    2.3638734726e+01    3.5828559439e+01    1.5778018497e+01   -1.1069924860e+02    3.6103962088e+00    5.1200000000e+02    1.5299620068e-03    4.4954427083e-01
         2   -3.1847193945e+01    1.0153439610e+03   -5.5293183087e+01    2.3445989142e+01    3.5653339815e+01    1.5778018497e+01   -1.1038347979e+02    3.6589383863e+00    5.1200000000e+02    1.5423759058e-03    4.4352213542e-01
         3   -3.1895567136e+01    1.0188671944e+03   -5.5394904147e+01    2.3499337012e+01    3.5569892291e+01    1.5778018497e+01   -1.1070990613e+02    3.9670911925e+00    5.1200000000e+02    1.5233877441e-03    4.4303385417e-01
         4   -3.1818659791e+01    1.0139714518e+03   -5.5216178717e+01    2.3397518926e+01    3.5639931910e+01    1.5778018497e+01   -1.1055471500e+02    3.9205858786e+00    5.1200000000e+02    1.5351132935e-03    4.4514973958e-01
         5   -3.1864732950e+01    1.0166331684e+03   -5.5627346943e+01    2.3762613993e+01    3.5655607736e+01    1.5778018497e+01   -1.1073478542e+02    3.6738122452e+00    5.1200000000e+02    1.5319746094e-03    4.4759114583e-01
         6   -3.1796034775e+01    1.0125057643e+03   -5.5485599424e+01    2.3689564649e+01    3.5756102724e+01    1.5778018497e+01   -1.1034204956e+02    3.3223289188e+00    5.1200000000e+02    1.5287816162e-03    4.4661458333e-01
         7   -3.1804844707e+01    1.0127866234e+03   -5.5000543692e+01    2.3195698984e+01    3.5834604350e+01    1.5778018497e+01   -1.1072605935e+02    4.1128928092e+00    5.1200000000e+02    1.5222484961e-03    4.4384765625e-01
         8   -3.1823346556e+01    1.0139656350e+03   -5.5484673386e+01    2.3661326830e+01    3.5839086846e+01    1.5778018497e+01   -1.1099033510e+02    3.8885563734e+00    5.1200000000e+02    1.5122071143e-03    4.3798828125e-01
         9   -3.1857904407e+01    1.0161098096e+03   -5.5409394242e+01    2.3551489835e+01    3.5695073995e+01    1.5778018497e+01   -1.1042944093e+02    3.5469541988e+00    5.1200000000e+02    1.5139279590e-03    4.5377604167e-01
        10   -3.1843172344e+01    1.0153300965e+03   -5.5599923082e+01    2.3756750738e+01    3.5494614144e+01    1.5778018497e+01   -1.1068123512e+02    3.8086794011e+00    5.1200000000e+02    1.5158060596e-03    4.3733723958e-01
        11   -3.1892693342e+01    1.0185901261e+03   -5.5639975051e+01    2.3747281709e+01    3.5620593914e+01    1.5778018497e+01   -1.1094953720e+02    3.9109497390e+00    5.1200000000e+02    1.5227275854e-03    4.5214843750e-01
        12   -3.1850007507e+01    1.0158803039e+03   -5.5712105134e+01    2.3862097627e+01    3.5647214551e+01    1.5778018497e+01   -1.1146342255e+02    4.3260843719e+00    5.1200000000e+02    1.5204891016e-03    4.4547526042e-01
        13   -3.1859562481e+01    1.0167405657e+03   -5.6436559795e+01    2.4576997315e+01    3.5745060166e+01    1.5778018497e+01   -1.1172245474e+02    3.7628162838e+00    5.1200000000e+02    1.5189371899e-03    4.4319661458e-01
        14   -3.1965063127e+01    1.0233402603e+03   -5.6170511453e+01    2.4205448327e+01    3.5735804445e+01    1.5778018497e+01   -1.1182801635e+02    4.1436819559e+00    5.1200000000e+02    1.5283181860e-03    4.5019531250e-01
        15   -3.1936918328e+01    1.0215450462e+03   -5.6216082388e+01    2.4279164059e+01    3.5910278091e+01    1.5778018497e+01   -1.1189064429e+02    3.9862653153e+00    5.1200000000e+02    1.5177007422e-03    4.4270833333e-01
        16   -3.1882624725e+01    1.0179128205e+03   -5.5742285188e+01    2.3859660463e+01    3.5716645174e+01    1.5778018497e+01   -1.1118176573e+02    3.9448168722e+00    5.1200000000e+02    1.5147766895e-03    4.3359375000e-01
        17   -3.1889501558e+01    1.0182893719e+03   -5.5916075417e+01    2.4026573859e+01    3.5584146509e+01    1.5778018497e+01   -1.1076758989e+02    3.4893494670e+00    5.1200000000e+02    1.5207114429e-03    4.4319661458e-01
        18   -3.1882240510e+01    1.0178698125e+03   -5.5526757163e+01    2.3644516653e+01    3.5526071793e+01    1.5778018497e+01   -1.1035075145e+02    3.5199039956e+00    5.1200000000e+02    1.5174594971e-03    4.4482421875e-01
        19   -3.1986936460e+01    1.0252126587e+03   -5.5627059759e+01    2.3640123299e+01    3.5406690641e+01    1.5778018497e+01   -1.1044617353e+02    3.6344046354e+00    5.1200000000e+02    1.5212845044e-03    4.4986979167e-01
        20   -3.1980002220e+01    1.0243017115e+03   -5.5471552129e+01    2.3491549909e+01    3.5413681519e+01    1.5778018497e+01   -1.1024413496e+02    3.5808828163e+00    5.1200000000e+02    1.5286809277e-03    4.4873046875e-01
        21   -3.1959328455e+01    1.0230074826e+03   -5.5209459003e+01    2.3250130548e+01    3.5430362666e+01    1.5778018497e+01   -1.1012168054e+02    3.7038403739e+00    5.1200000000e+02    1.5162246729e-03    4.4547526042e-01
        22   -3.1905299864e+01    1.0198321481e+03   -5.5800099263e+01    2.3894799399e+01    3.5644067230e+01    1.5778018497e+01   -1.1096835017e+02    3.7461651782e+00    5.1200000000e+02    1.5192749609e-03    4.4368489583e-01
        23   -3.1950586505e+01    1.0224726715e+03   -5.5535574136e+01    2.3584987631e+01    3.5684286409e+01    1.5778018497e+01   -1.1058748208e+02    3.5896030432e+00    5.1200000000e+02    1.5183871387e-03    4.5784505208e-01
        24   -3.1925649776e+01    1.0206549922e+03   -5.5702785139e+01    2.3777135363e+01    3.5622858214e+01    1.5778018497e+01   -1.1069913194e+02    3.5954700912e+00    5.1200000000e+02    1.5183021851e-03    4.4986979167e-01
        25   -3.1839683291e+01    1.0151734080e+03   -5.5472660272e+01    2.3632976981e+01    3.5476206468e+01    1.5778018497e+01   -1.1049749404e+02    3.7706088015e+00    5.1200000000e+02    1.5230605615e-03    4.4547526042e-01
        26   -3.1969650909e+01    1.0236679502e+03   -5.5646614638e+01    2.3676963728e+01    3.5522555672e+01    1.5778018497e+01   -1.1101657476e+02    4.0693859512e+00    5.1200000000e+02    1.5226342163e-03    4.4889322917e-01
        27   -3.1822361578e+01    1.0141749797e+03   -5.5164234604e+01    2.3341873026e+01    3.5489603728e+01    1.5778018497e+01   -1.1051055308e+02    4.0786962462e+00    5.1200000000e+02    1.5188066870e-03    4.4824218750e-01
        28   -3.1848709839e+01    1.0157743825e+03   -5.5835904649e+01    2.3987194810e+01    3.5469315751e+01    1.5778018497e+01   -1.1043240182e+02    3.3491629218e+00    5.1200000000e+02    1.5220806494e-03    4.4449869792e-01
        29   -3.1834951529e+01    1.0165140674e+03   -5.5679797815e+01    2.3844846286e+01    3.5473265778e+01    1.5778018497e+01   -1.1060182343e+02    3.6707413397e+00    5.1200000000e+02    1.5189108984e-03    4.4352213542e-01
        30   -3.1878358748e+01    1.0176839225e+03   -5.5854270550e+01    2.3975911802e+01    3.5633686016e+01    1.5778018497e+01   -1.1108856959e+02    3.8225945275e+00    5.1200000000e+02    1.5139005322e-03    4.3717447917e-01
        31   -3.1937250501e+01    1.0212882688e+03   -5.5750103019e+01    2.3812852519e+01    3.5523484465e+01    1.5778018497e+01   -1.1138462986e+02    4.3330238829e+00    5.1200000000e+02    1.5087903589e-03    4.4856770833e-01
        32   -3.1938582154e+01    1.0213038420e+03   -5.5473000385e+01    2.3534418231e+01    3.5465072678e+01    1.5778018497e+01   -1.1098132576e+02    4.2652342040e+00    5.1200000000e+02    1.5042313281e-03    4.5133463542e-01
        33   -3.1819158363e+01    1.0140880332e+03   -5.5501426253e+01    2.3682267890e+01    3.5507376389e+01    1.5778018497e+01   -1.1065894864e+02    3.8721274989e+00    5.1200000000e+02    1.5136920654e-03    4.4628906250e-01
        34   -3.1837544961e+01    1.0149401907e+03   -5.5501715399e+01    2.3664170438e+01    3.5401645062e+01    1.5778018497e+01   -1.1081589418e+02    4.1345152196e+00    5.1200000000e+02    1.5181958203e-03    4.5751953125e-01
        35   -3.1872498474e+01    1.0173369212e+03   -5.5807689362e+01    2.3935190888e+01    3.5331099311e+01    1.5778018497e+01   -1.1104030084e+02    4.1234936699e+00    5.1200000000e+02    1.5104293945e-03    4.4742838542e-01
        36   -3.1872694006e+01    1.0174743901e+03   -5.5878977216e+01    2.4006283210e+01    3.5379642963e+01    1.5778018497e+01   -1.1197445984e+02    4.9378211675e+00    5.1200000000e+02    1.5095435889e-03    4.3994140625e-01
        37   -3.1900101741e+01    1.0191876696e+03   -5.6195010886e+01    2.4294909145e+01    3.5359508772e+01    1.5778018497e+01   -1.1186045688e+02    4.5279187252e+00    5.1200000000e+02    1.5131665356e-03    4.4303385417e-01
        38   -3.1862377473e+01    1.0169085122e+03   -5.6149619436e+01    2.4287241963e+01    3.5373996495e+01    1.5778018497e+01   -1.1145913433e+02    4.1574999068e+00    5.1200000000e+02    1.5120526807e-03    4.5605468750e-01
        39   -3.1814866981e+01    1.0138704969e+03   -5.5920926801e+01    2.4106059820e+01    3.5360132709e+01    1.5778018497e+01   -1.1100902966e+02    3.9499516558e+00    5.1200000000e+02    1.5070797046e-03    4.4726562500e-01
        40   -3.1872558407e+01    1.0173316006e+03   -5.5110275558e+01    2.3237717151e+01    3.5444479000e+01    1.5778018497e+01   -1.1085369344e+02    4.5209203851e+00    5.1200000000e+02    1.5114959424e-03    4.4873046875e-01
        41   -3.1900202276e+01    1.0190189182e+03   -5.5568446163e+01    2.3668243887e+01    3.5336377557e+01    1.5778018497e+01   -1.1048377757e+02    3.8009353512e+00    5.1200000000e+02    1.5121227563e-03    4.5182291667e-01
        42   -3.1890396424e+01    1.0185539258e+03   -5.5813896428e+01    2.3923500004e+01    3.5316759145e+01    1.5778018497e+01   -1.1067545768e+02    3.7667836060e+00    5.1200000000e+02    1.5116571509e-03    4.5540364583e-01
        43   -3.1862385045e+01    1.0163856569e+03   -5.5454084328e+01    2.3591699283e+01    3.5199115982e+01    1.5778018497e+01   -1.1043972371e+02    4.0085049008e+00    5.1200000000e+02    1.5001880347e-03    4.5393880208e-01
        44   -3.1908802314e+01    1.0196278505e+03   -5.5406209221e+01    2.3497406908e+01    3.5222288625e+01    1.5778018497e+01   -1.1082216255e+02    4.4156462055e+00    5.1200000000e+02    1.4981772974e-03    4.5475260417e-01
        45   -3.1922846879e+01    1.0205252982e+03   -5.5196205892e+01    2.3273359012e+01    3.5359344700e+01    1.5778018497e+01   -1.1054952714e+02    4.2159580527e+00    5.1200000000e+02    1.5006103516e-03    4.6175130208e-01
        46   -3.1951830463e+01    1.0227633275e+03   -5.5529324281e+01    2.3577493817e+01    3.5483526425e+01    1.5778018497e+01   -1.1119189120e+02    4.4010219956e+00    5.1200000000e+02    1.5099171875e-03    4.5670572917e-01
        47   -3.1896968757e+01    1.0190082896e+03   -5.5942391720e+01    2.4045422963e+01    3.5482753362e+01    1.5778018497e+01   -1.1135939572e+02    4.1562321373e+00    5.1200000000e+02    1.5106605664e-03    4.5686848958e-01
        48   -3.1858873751e+01    1.0165188198e+03   -5.5435957687e+01    2.3577083936e+01    3.5397493256e+01    1.5778018497e+01   -1.1073449506e+02    4.1230256240e+00    5.1200000000e+02    1.5220251367e-03    4.5084635417e-01
        49   -3.1799086214e+01    1.0124606184e+03   -5.5242708433e+01    2.3443622218e+01    3.5238905907e+01    1.5778018497e+01   -1.1024347328e+02    3.9838404384e+00    5.1200000000e+02    1.5011887573e-03    4.4156901042e-01
        50   -3.1945397940e+01    1.0225157065e+03   -5.5218785328e+01    2.3273387388e+01    3.5294630488e+01    1.5778018497e+01   -1.1061540172e+02    4.3239674091e+00    5.1200000000e+02    1.5108605054e-03    4.5589192708e-01
        51   -3.1880956666e+01    1.0180421285e+03   -5.5256918056e+01    2.3375961390e+01    3.5377922038e+01    1.5778018497e+01   -1.1046107472e+02    4.0482161285e+00    5.1200000000e+02    1.5056299023e-03    4.3326822917e-01
        52   -3.1874206208e+01    1.0178812307e+03   -5.5071188943e+01    2.3196982735e+01    3.5304104546e+01    1.5778018497e+01   -1.1051560285e+02    4.3622908647e+00    5.1200000000e+02    1.5107570850e-03    4.3619791667e-01
        53   -3.1885203523e+01    1.0181727471e+03   -5.5407718653e+01    2.3522515130e+01    3.5305293751e+01    1.5778018497e+01   -1.1076524646e+02    4.2742155550e+00    5.1200000000e+02    1.5116080249e-03    4.5426432292e-01
        54   -3.1893641209e+01    1.0188024605e+03   -5.4963216436e+01    2.3069575227e+01    3.5356540988e+01    1.5778018497e+01   -1.1010979391e+02    4.0120179860e+00    5.1200000000e+02    1.5074749731e-03    4.3684895833e-01
        55   -3.1920715335e+01    1.0204060830e+03   -5.5234426121e+01    2.3313710786e+01    3.5439873169e+01    1.5778018497e+01   -1.1019287000e+02    3.7405522170e+00    5.1200000000e+02    1.5130785742e-03    4.5312500000e-01
        56   -3.1900251571e+01    1.0194065648e+03   -5.5330891679e+01    2.3430640108e+01    3.5566886183e+01    1.5778018497e+01   -1.1079545573e+02    4.1196593715e+00    5.1200000000e+02    1.5204166479e-03    4.4775390625e-01
        57   -3.1973266410e+01    1.0241471106e+03   -5.5587343671e+01    2.3614077261e+01    3.5603539449e+01    1.5778018497e+01   -1.1105775322e+02    4.0888515989e+00    5.1200000000e+02    1.5179712183e-03    4.3880208333e-01
        58   -3.1943997458e+01    1.0219957449e+03   -5.5302761384e+01    2.3358763926e+01    3.5661333374e+01    1.5778018497e+01   -1.1055837315e+02    3.8162598938e+00    5.1200000000e+02    1.5182809790e-03    4.4954427083e-01
        59   -3.1979090055e+01    1.0239164292e+03   -5.5207164717e+01    2.3228074662e+01    3.5524802141e+01    1.5778018497e+01   -1.1041527053e+02    3.9052851740e+00    5.1200000000e+02    1.5179703687e-03    4.4140625000e-01
        60   -3.1867374022e+01    1.0170616064e+03   -5.5557259527e+01    2.3689885505e+01    3.5667324874e+01    1.5778018497e+01   -1.1099935379e+02    3.9967508900e+00    5.1200000000e+02    1.5318989038e-03    4.3929036458e-01
        61   -3.1958324413e+01    1.0228146496e+03   -5.6044391720e+01    2.4086067307e+01    3.5807084069e+01    1.5778018497e+01   -1.1190221805e+02    4.2727237672e+00    5.1200000000e+02    1.5257823901e-03    4.5084635417e-01
        62   -3.1921061793e+01    1.0203743732e+03   -5.5882572753e+01    2.3961510960e+01    3.5670748203e+01    1.5778018497e+01   -1.1172309843e+02    4.3917589820e+00    5.1200000000e+02    1.5327507007e-03    4.5898437500e-01
        63   -3.1937198480e+01    1.0217255264e+03   -5.5673572737e+01    2.3736374257e+01    3.5704672699e+01    1.5778018497e+01   -1.1171606786e+02    4.5598039286e+00    5.1200000000e+02    1.5343148755e-03    4.4824218750e-01
        64   -3.1968852486e+01    1.0233258982e+03   -5.5523993278e+01    2.3555140792e+01    3.5536309453e+01    1.5778018497e+01   -1.1111441464e+02    4.2760934131e+00    5.1200000000e+02    1.5209564844e-03    4.4531250000e-01
        65   -3.1883905135e+01    1.0179688982e+03   -5.5712252424e+01    2.3828347289e+01    3.5857013869e+01    1.5778018497e+01   -1.1203272076e+02    4.6854359735e+00    5.1200000000e+02    1.5297825171e-03    4.4287109375e-01
        66   -3.1884524431e+01    1.0181290084e+03   -5.5883186754e+01    2.3998662323e+01    3.5731562739e+01    1.5778018497e+01   -1.1135371196e+02    3.9609439742e+00    5.1200000000e+02    1.5374542944e-03    4.4547526042e-01
        67   -3.1884239571e+01    1.0179562689e+03   -5.6080778121e+01    2.4196538550e+01    3.5698593184e+01    1.5778018497e+01   -1.1130701431e+02    3.7496245088e+00    5.1200000000e+02    1.5333786206e-03    4.3505859375e-01
        68   -3.1929670020e+01    1.0211141110e+03   -5.6108560911e+01    2.4178890891e+01    3.5532920244e+01    1.5778018497e+01   -1.1102971504e+02    3.6102153917e+00    5.1200000000e+02    1.5226979907e-03    4.4173177083e-01
        69   -3.1948221234e+01    1.0221635678e+03   -5.5633223307e+01    2.3685002073e+01    3.5497220082e+01    1.5778018497e+01   -1.1015607097e+02    3.2476090861e+00    5.1200000000e+02    1.5189305176e-03    4.4531250000e-01
        70   -3.1892488510e+01    1.0185731671e+03   -5.5903186256e+01    2.4010697746e+01    3.5558436028e+01    1.5778018497e+01   -1.1048806235e+02    3.2484215713e+00    5.1200000000e+02    1.5173108838e-03    4.4222005208e-01
        71   -3.1893004450e+01    1.0185035790e+03   -5.5589191119e+01    2.3696186670e+01    3.5494489794e+01    1.5778018497e+01   -1.1119793360e+02    4.3362341858e+00    5.1200000000e+02    1.5255178711e-03    4.4433593750e-01
        72   -3.1811975300e+01    1.0133336973e+03   -5.5737879419e+01    2.3925904119e+01    3.5489009926e+01    1.5778018497e+01   -1.1124662149e+02    4.2417136451e+00    5.1200000000e+02    1.5161970850e-03    4.5003255208e-01
        73   -3.1837927608e+01    1.0149133928e+03   -5.6020721049e+01    2.4182793441e+01    3.5508456153e+01    1.5778018497e+01   -1.1144317857e+02    4.1359828698e+00    5.1200000000e+02    1.5156265503e-03    4.5247395833e-01
        74   -3.1817454040e+01    1.0139252165e+03   -5.6055589352e+01    2.4238135312e+01    3.5629094047e+01    1.5778018497e+01   -1.1116598538e+02    3.7032834807e+00    5.1200000000e+02    1.5320925098e-03    4.5052083333e-01
        75   -3.1865942072e+01    1.0168569928e+03   -5.5527326657e+01    2.3661384585e+01    3.5531853869e+01    1.5778018497e+01   -1.1079802167e+02    3.9608226478e+00    5.1200000000e+02    1.5275690015e-03    4.3994140625e-01
        76   -3.1888267270e+01    1.0181225910e+03   -5.5295307026e+01    2.3407039755e+01    3.5586195693e+01    1.5778018497e+01   -1.1078037381e+02    4.1208525956e+00    5.1200000000e+02    1.5267924585e-03    4.4108072917e-01
        77   -3.1979465104e+01    1.0241094333e+03   -5.5653666906e+01    2.3674201802e+01    3.5643933062e+01    1.5778018497e+01   -1.1105686345e+02    3.9812449889e+00    5.1200000000e+02    1.5348224658e-03    4.3538411458e-01
        78   -3.1988859119e+01    1.0250467071e+03   -5.5923739875e+01    2.3934880756e+01    3.5785784606e+01    1.5778018497e+01   -1.1134327534e+02    3.8557323628e+00    5.1200000000e+02    1.5305393921e-03    4.3798828125e-01
        79   -3.1956870803e+01    1.0229129913e+03   -5.5921879081e+01    2.3965008278e+01    3.5678650347e+01    1.5778018497e+01   -1.1142855570e+02    4.0500077752e+00    5.1200000000e+02    1.5354375317e-03    4.5084635417e-01
        80   -3.1940335355e+01    1.0215638600e+03   -5.6124684156e+01    2.4184348801e+01    3.5640212534e+01    1.5778018497e+01   -1.1140223049e+02    3.8593153027e+00    5.1200000000e+02    1.5436689087e-03    4.4401041667e-01
        81   -3.1977064208e+01    1.0238868017e+03   -5.6123422337e+01    2.4146358129e+01    3.5765066917e+01    1.5778018497e+01   -1.1125060488e+02    3.5840971282e+00    5.1200000000e+02    1.5440738062e-03    4.4726562500e-01
        82   -3.1955503163e+01    1.0225065290e+03   -5.5452242863e+01    2.3496739700e+01    3.5814648129e+01    1.5778018497e+01   -1.1070775278e+02    3.6628432934e+00    5.1200000000e+02    1.5359843213e-03    4.4352213542e-01
        83   -3.1889061586e+01    1.0182627892e+03   -5.5694300746e+01    2.3805239160e+01    3.5749398557e+01    1.5778018497e+01   -1.1057504460e+02    3.3533268046e+00    5.1200000000e+02    1.5481706201e-03    4.4661458333e-01
        84   -3.1917144579e+01    1.0202751096e+03   -5.6090972269e+01    2.4173827690e+01    3.5839526583e+01    1.5778018497e+01   -1.1120239623e+02    3.4938788826e+00    5.1200000000e+02    1.5266297510e-03    4.4840494792e-01
        85   -3.1870717166e+01    1.0170382764e+03   -5.5532679579e+01    2.3661962414e+01    3.5625747488e+01    1.5778018497e+01   -1.1057006587e+02    3.6336203043e+00    5.1200000000e+02    1.5259006445e-03    4.4547526042e-01
        86   -3.1925642210e+01    1.0206656235e+03   -5.5495412391e+01    2.3569770181e+01    3.5687430631e+01    1.5778018497e+01   -1.1102385671e+02    4.0629951891e+00    5.1200000000e+02    1.5229589893e-03    4.3815104167e-01
        87   -3.1998209271e+01    1.0252997618e+03   -5.5949203750e+01    2.3950994479e+01    3.5813066085e+01    1.5778018497e+01   -1.1157657074e+02    4.0362824072e+00    5.1200000000e+02    1.5329463794e-03    4.4938151042e-01
        88   -3.1961579888e+01    1.0230053001e+03   -5.5850708486e+01    2.3889128598e+01    3.5755198596e+01    1.5778018497e+01   -1.1121841306e+02    3.8344874820e+00    5.1200000000e+02    1.5300867578e-03    4.5019531250e-01
        89   -3.1943305653e+01    1.0217684779e+03   -5.5690244817e+01    2.3746939164e+01    3.5798266672e+01    1.5778018497e+01   -1.1120043798e+02    3.9339079898e+00    5.1200000000e+02    1.5236139478e-03    4.4368489583e-01
        90   -3.1880083266e+01    1.0174641775e+03   -5.6008394937e+01    2.4128311671e+01    3.5695677482e+01    1.5778018497e+01   -1.1144011392e+02    3.9580230083e+00    5.1200000000e+02    1.5224988794e-03    4.4531250000e-01
        91   -3.1897412754e+01    1.0187763959e+03   -5.6173868814e+01    2.4276456061e+01    3.5717452620e+01    1.5778018497e+01   -1.1161922486e+02    3.9498849246e+00    5.1200000000e+02    1.5212279907e-03    4.4661458333e-01
        92   -3.1843988228e+01    1.0153859738e+03   -5.5242753987e+01    2.3398765759e+01    3.5603924089e+01    1.5778018497e+01   -1.1071452863e+02    4.0898320577e+00    5.1200000000e+02    1.5191745972e-03    4.4482421875e-01
        93   -3.1924516542e+01    1.0207600617e+03   -5.5565120526e+01    2.3640603984e+01    3.5458079634e+01    1.5778018497e+01   -1.1085084909e+02    4.0496304354e+00    5.1200000000e+02    1.5256387793e-03    4.5328776042e-01
        94   -3.1844254164e+01    1.0153859509e+03   -5.5717565095e+01    2.3873310931e+01    3.5473039345e+01    1.5778018497e+01   -1.1121484190e+02    4.2462189614e+00    5.1200000000e+02    1.5377707910e-03    4.4986979167e-01
        95   -3.1928251479e+01    1.0212385915e+03   -5.5561324386e+01    2.3633072908e+01    3.5503152396e+01    1.5778018497e+01   -1.1104822592e+02    4.2057306423e+00    5.1200000000e+02    1.5254628540e-03    4.4303385417e-01
        96   -3.1879753362e+01    1.0177660527e+03   -5.5478795546e+01    2.3599042183e+01    3.5854990020e+01    1.5778018497e+01   -1.1114409977e+02    4.0322957089e+00    5.1200000000e+02    1.5285734131e-03    4.5149739583e-01
        97   -3.1827746169e+01    1.0145361816e+03   -5.5496924946e+01    2.3669178778e+01    3.5678696225e+01    1.5778018497e+01   -1.1141724186e+02    4.4636021888e+00    5.1200000000e+02    1.5176388403e-03    4.4156901042e-01
        98   -3.1956709502e+01    1.0226280052e+03   -5.5432949856e+01    2.3476240353e+01    3.5724944258e+01    1.5778018497e+01   -1.1102837904e+02    4.0924664265e+00    5.1200000000e+02    1.5207396802e-03    4.5507812500e-01
        99   -3.1852751511e+01    1.0160665634e+03   -5.6245533716e+01    2.4392782205e+01    3.5771758328e+01    1.5778018497e+01   -1.1180473618e+02    4.0094256407e+00    5.1200000000e+02    1.5252585742e-03    4.5182291667e-01
       100   -3.1821612395e+01    1.0140213694e+03   -5.6180344870e+01    2.4358732475e+01    3.5727014820e+01    1.5778018497e+01   -1.1159672569e+02    3.9113475077e+00    5.1200000000e+02    1.5229864014e-03    4.4482421875e-01
       101   -3.1813519773e+01    1.0135261682e+03   -5.5746740168e+01    2.3933220395e+01    3.5737495168e+01    1.5778018497e+01   -1.1161502168e+02    4.3527678440e+00    5.1200000000e+02    1.5216141821e-03    4.5214843750e-01
       102   -3.1817808821e+01    1.0139167301e+03   -5.6139375125e+01    2.4321566304e+01    3.5836255233e+01    1.5778018497e+01   -1.1209757080e+02    4.3439219457e+00    5.1200000000e+02    1.5174364941e-03    4.4108072917e-01
       103   -3.1930563300e+01    1.0218748098e+03   -5.6628014734e+01    2.4697451434e+01    3.5972467330e+01    1.5778018497e+01   -1.1205194229e+02    3.6734417327e+00    5.1200000000e+02    1.5210844312e-03    4.4938151042e-01
       104   -3.1875085690e+01    1.0180642170e+03   -5.6720229181e+01    2.4845143491e+01    3.5832337721e+01    1.5778018497e+01   -1.1219275563e+02    3.8621702281e+00    5.1200000000e+02    1.5212666187e-03    4.4873046875e-01
       105   -3.1942126194e+01    1.0220203819e+03   -5.6078464599e+01    2.4136338405e+01    3.5694134789e+01    1.5778018497e+01   -1.1176981915e+02    4.2192012692e+00    5.1200000000e+02    1.5238679224e-03    4.4645182292e-01
       106   -3.1815048315e+01    1.0136274601e+03   -5.5948637696e+01    2.4133589381e+01    3.5706574549e+01    1.5778018497e+01   -1.1117033945e+02    3.7371087048e+00    5.1200000000e+02    1.5295846973e-03    4.4319661458e-01
       107   -3.1838697470e+01    1.0150934645e+03   -5.6165989511e+01    2.4327292041e+01    3.5647994355e+01    1.5778018497e+01   -1.1141661934e+02    3.8246169739e+00    5.1200000000e+02    1.5282092871e-03    4.5638020833e-01
       108   -3.1881469875e+01    1.0177715638e+03   -5.5915084943e+01    2.4033615068e+01    3.5580026281e+01    1.5778018497e+01   -1.1113178518e+02    3.8586554567e+00    5.1200000000e+02    1.5224422461e-03    4.4498697917e-01
       109   -3.1850457121e+01    1.0156358349e+03   -5.6349201165e+01    2.4498744044e+01    3.5609267257e+01    1.5778018497e+01   -1.1159428784e+02    3.8578009169e+00    5.1200000000e+02    1.5215912939e-03    4.4417317708e-01
       110   -3.1857167496e+01    1.0163143424e+03   -5.6411510099e+01    2.4554342603e+01    3.5583791357e+01    1.5778018497e+01   -1.1168197559e+02    3.9086556339e+00    5.1200000000e+02    1.5165541016e-03    4.5198567708e-01
       111   -3.1886128675e+01    1.0187793181e+03   -5.6473484970e+01    2.4587356294e+01    3.5778251117e+01    1.5778018497e+01   -1.1186957472e+02    3.8398201320e+00    5.1200000000e+02    1.5202532617e-03    4.4791666667e-01
       112   -3.1804454263e+01    1.0129562126e+03   -5.6514030605e+01    2.4709576342e+01    3.5590187141e+01    1.5778018497e+01   -1.1211595309e+02    4.2337168432e+00    5.1200000000e+02    1.5193064746e-03    4.4726562500e-01
       113   -3.1809847482e+01    1.0135654364e+03   -5.6909548685e+01    2.5099701203e+01    3.5560659145e+01    1.5778018497e+01   -1.1244413705e+02    4.1959107221e+00    5.1200000000e+02    1.5270234985e-03    4.4514973958e-01
       114   -3.1904037398e+01    1.0196107848e+03   -5.6337586652e+01    2.4433549254e+01    3.5650968874e+01    1.5778018497e+01   -1.1219256262e+02    4.4259885997e+00    5.1200000000e+02    1.5219197754e-03    4.5214843750e-01
       115   -3.1831584935e+01    1.0146167332e+03   -5.6142646697e+01    2.4311061762e+01    3.5646974146e+01    1.5778018497e+01   -1.1186547917e+02    4.2978398268e+00    5.1200000000e+02    1.5221746899e-03    4.4433593750e-01
       116   -3.1847724892e+01    1.0156319494e+03   -5.6154063992e+01    2.4306339099e+01    3.5661871877e+01    1.5778018497e+01   -1.1181914025e+02    4.2251858834e+00    5.1200000000e+02    1.5253818237e-03    4.5296223958e-01
       117   -3.1812310774e+01    1.0133670488e+03   -5.6340094709e+01    2.4527783935e+01    3.5555517865e+01    1.5778018497e+01   -1.1153792766e+02    3.8642965928e+00    5.1200000000e+02    1.5245163940e-03    4.4791666667e-01
       118   -3.1787993166e+01    1.0118694976e+03   -5.6128884181e+01    2.4340891015e+01    3.5558289142e+01    1.5778018497e+01   -1.1146386350e+02    3.9986716773e+00    5.1200000000e+02    1.5383589795e-03    4.5572916667e-01
       119   -3.1831306886e+01    1.0144970188e+03   -5.5776667508e+01    2.3945360622e+01    3.5831730753e+01    1.5778018497e+01   -1.1148840092e+02    4.1019841586e+00    5.1200000000e+02    1.5320503442e-03    4.4189453125e-01
       120   -3.1873189501e+01    1.0174533171e+03   -5.5954174684e+01    2.4080985183e+01    3.5819153485e+01    1.5778018497e+01   -1.1163921625e+02    4.0878695868e+00    5.1200000000e+02    1.5280198901e-03    4.4938151042e-01
       121   -3.1920796350e+01    1.0203997301e+03   -5.5758926178e+01    2.3838129829e+01    3.5580147254e+01    1.5778018497e+01   -1.1136385898e+02    4.2467670550e+00    5.1200000000e+02    1.5205705347e-03    4.4840494792e-01
       122   -3.1935410477e+01    1.0214433301e+03   -5.5637365764e+01    2.3701955287e+01    3.5629221763e+01    1.5778018497e+01   -1.1120461480e+02    4.1600087731e+00    5.1200000000e+02    1.5236954468e-03    4.4970703125e-01
       123   -3.1898400604e+01    1.0190288206e+03   -5.5531949221e+01    2.3633548617e+01    3.5742099846e+01    1.5778018497e+01   -1.1120431760e+02    4.1522500376e+00    5.1200000000e+02    1.5272168799e-03    4.4091796875e-01
       124   -3.1891351339e+01    1.0187013059e+03   -5.5523746059e+01    2.3632394720e+01    3.5874350016e+01    1.5778018497e+01   -1.1137105925e+02    4.1949446780e+00    5.1200000000e+02    1.5230812988e-03    4.4222005208e-01
       125   -3.1920174446e+01    1.0208388763e+03   -5.6032270066e+01    2.4112095620e+01    3.5764103259e+01    1.5778018497e+01   -1.1182954804e+02    4.2551562128e+00    5.1200000000e+02    1.5256662036e-03    4.5833333333e-01
       126   -3.1872544745e+01    1.0172497965e+03   -5.5808394291e+01    2.3935849546e+01    3.5759688082e+01    1.5778018497e+01   -1.1180365272e+02    4.4575518457e+00    5.1200000000e+02    1.5154782031e-03    4.5507812500e-01
       127   -3.1780761438e+01    1.0116970383e+03   -5.6586633346e+01    2.4805871908e+01    3.5663184855e+01    1.5778018497e+01   -1.1199953556e+02    3.9716988640e+00    5.1200000000e+02    1.5151639038e-03    4.3750000000e-01
       128   -3.1906977339e+01    1.0195254865e+03   -5.5921366272e+01    2.4014388934e+01    3.5753439051e+01    1.5778018497e+01   -1.1211487708e+02    4.6620532619e+00    5.1200000000e+02    1.5164529395e-03    4.4466145833e-01
       129   -3.1797988717e+01    1.0126498643e+03   -5.6680220942e+01    2.4882232226e+01    3.5794286260e+01    1.5778018497e+01   -1.1245567923e+02    4.2031535258e+00    5.1200000000e+02    1.5397471313e-03    4.4791666667e-01
       130   -3.1786459882e+01    1.0116683190e+03   -5.6069816651e+01    2.4283356769e+01    3.5986851749e+01    1.5778018497e+01   -1.1207148764e+02    4.2368007464e+00    5.1200000000e+02    1.5284241895e-03    4.4449869792e-01
       131   -3.1804840017e+01    1.0129399505e+03   -5.5867376077e+01    2.4062536060e+01    3.5896137899e+01    1.5778018497e+01   -1.1183893080e+02    4.2973983229e+00    5.1200000000e+02    1.5289381494e-03    4.4075520833e-01
       132   -3.1833091745e+01    1.0145704739e+03   -5.5871162997e+01    2.4038071252e+01    3.5711032996e+01    1.5778018497e+01   -1.1128162791e+02    3.9214134249e+00    5.1200000000e+02    1.5308293555e-03    4.4612630208e-01
       133   -3.1895275881e+01    1.0192088456e+03   -5.6453642463e+01    2.4558366581e+01    3.5895370071e+01    1.5778018497e+01   -1.1194214923e+02    3.8151181956e+00    5.1200000000e+02    1.5266916040e-03    4.4042968750e-01
       134   -3.1882345040e+01    1.0182564809e+03   -5.5856531723e+01    2.3974186683e+01    3.5599464080e+01    1.5778018497e+01   -1.1110492121e+02    3.8709069088e+00    5.1200000000e+02    1.5140089844e-03    4.4742838542e-01
       135   -3.1898010802e+01    1.0190646735e+03   -5.5873107944e+01    2.3975097142e+01    3.5807744645e+01    1.5778018497e+01   -1.1124490341e+02    3.7860323232e+00    5.1200000000e+02    1.5177359937e-03    4.4986979167e-01
       136   -3.1912497776e+01    1.0199267826e+03   -5.6080269578e+01    2.4167771802e+01    3.5570993712e+01    1.5778018497e+01   -1.1116522538e+02    3.7359435887e+00    5.1200000000e+02    1.5133437134e-03    4.4108072917e-01
       137   -3.1874709968e+01    1.0173842234e+03   -5.6199341669e+01    2.4324631701e+01    3.5622721985e+01    1.5778018497e+01   -1.1162753942e+02    4.0274572683e+00    5.1200000000e+02    1.5259108252e-03    4.6419270833e-01
       138   -3.1947057905e+01    1.0218146758e+03   -5.6245861888e+01    2.4298803984e+01    3.5620056452e+01    1.5778018497e+01   -1.1148997121e+02    3.8460343728e+00    5.1200000000e+02    1.5167860693e-03    4.3343098958e-01
       139   -3.1948390851e+01    1.0219982604e+03   -5.5794498329e+01    2.3846107478e+01    3.5605125604e+01    1.5778018497e+01   -1.1128779520e+02    4.1101527653e+00    5.1200000000e+02    1.5209816089e-03    4.4612630208e-01
       140   -3.1939599397e+01    1.0215328768e+03   -5.6051364598e+01    2.4111765201e+01    3.5518951304e+01    1.5778018497e+01   -1.1126687315e+02    3.9185387536e+00    5.1200000000e+02    1.5303443091e-03    4.4938151042e-01
       141   -3.1860280310e+01    1.0163106021e+03   -5.5546799302e+01    2.3686518991e+01    3.5467708909e+01    1.5778018497e+01   -1.1083275216e+02    4.0402254508e+00    5.1200000000e+02    1.5341571143e-03    4.5458984375e-01
       142   -3.1876127636e+01    1.0174179139e+03   -5.5648325928e+01    2.3772198291e+01    3.5522057506e+01    1.5778018497e+01   -1.1092479732e+02    3.9763953917e+00    5.1200000000e+02    1.5268364526e-03    4.6207682292e-01
       143   -3.1911537512e+01    1.0203879484e+03   -5.5649303484e+01    2.3737765972e+01    3.5560222172e+01    1.5778018497e+01   -1.1070251425e+02    3.7149701021e+00    5.1200000000e+02    1.5287550171e-03    4.5654296875e-01
       144   -3.1862500005e+01    1.0167000917e+03   -5.5707626663e+01    2.3845126658e+01    3.5767493536e+01    1.5778018497e+01   -1.1147495098e+02    4.2218122886e+00    5.1200000000e+02    1.5272268066e-03    4.5507812500e-01
       145   -3.1923776184e+01    1.0204520399e+03   -5.6174058191e+01    2.4250282007e+01    3.5834550927e+01    1.5778018497e+01   -1.1155194961e+02    3.7653219906e+00    5.1200000000e+02    1.5341527563e-03    4.4775390625e-01
       146   -3.1889588104e+01    1.0188821105e+03   -5.6215909639e+01    2.4326321536e+01    3.5808574412e+01    1.5778018497e+01   -1.1161779881e+02    3.8152962589e+00    5.1200000000e+02    1.5368131372e-03    4.4042968750e-01
       147   -3.1900106407e+01    1.0192190662e+03   -5.5932675142e+01    2.4032568734e+01    3.5819974982e+01    1.5778018497e+01   -1.1182487506e+02    4.2942064376e+00    5.1200000000e+02    1.5367673633e-03    4.4270833333e-01
       148   -3.1895537325e+01    1.0186765889e+03   -5.6036041576e+01    2.4140504251e+01    3.5799834989e+01    1.5778018497e+01   -1.1189827082e+02    4.2843757536e+00    5.1200000000e+02    1.5310850439e-03    4.5133463542e-01
       149   -3.1803137165e+01    1.0127557349e+03   -5.5325573594e+01    2.3522436429e+01    3.5556554190e+01    1.5778018497e+01   -1.1046333294e+02    3.8031866590e+00    5.1200000000e+02    1.5184321362e-03    4.3977864583e-01
       150   -3.1825295975e+01    1.0140890593e+03   -5.5254315815e+01    2.3429019840e+01    3.5493246061e+01    1.5778018497e+01   -1.1087486496e+02    4.3492845860e+00    5.1200000000e+02    1.5159876782e-03    4.3066406250e-01
       151   -3.1894264844e+01    1.0183988958e+03   -5.5114156102e+01    2.3219891258e+01    3.5452913982e+01    1.5778018497e+01   -1.1080236953e+02    4.4572809468e+00    5.1200000000e+02    1.5194685425e-03    4.4531250000e-01
       152   -3.1872808497e+01    1.0171852411e+03   -5.5082075732e+01    2.3209267235e+01    3.5387316291e+01    1.5778018497e+01   -1.1008666870e+02    3.8392581827e+00    5.1200000000e+02    1.5299968604e-03    4.5930989583e-01
       153   -3.1895434797e+01    1.0186499400e+03   -5.5215940391e+01    2.3320505595e+01    3.5534548265e+01    1.5778018497e+01   -1.1045784072e+02    3.9293335635e+00    5.1200000000e+02    1.5192920752e-03    4.4694010417e-01
       154   -3.1848521013e+01    1.0156846918e+03   -5.5646157140e+01    2.3797636127e+01    3.5359325423e+01    1.5778018497e+01   -1.1039904531e+02    3.6155442536e+00    5.1200000000e+02    1.5160230664e-03    4.3375651042e-01
       155   -3.1876376385e+01    1.0173951676e+03   -5.5073031859e+01    2.3196655474e+01    3.5477484480e+01    1.5778018497e+01   -1.1036471607e+02    4.0361812327e+00    5.1200000000e+02    1.5188257715e-03    4.4726562500e-01
       156   -3.1890352243e+01    1.0185210361e+03   -5.5232911470e+01    2.3342559227e+01    3.5531167266e+01    1.5778018497e+01   -1.1089087046e+02    4.3487732237e+00    5.1200000000e+02    1.5155311792e-03    4.4384765625e-01
       157   -3.1924121714e+01    1.0205049824e+03   -5.5435900612e+01    2.3511778897e+01    3.5485030896e+01    1.5778018497e+01   -1.1058697152e+02    3.8880215162e+00    5.1200000000e+02    1.5211473169e-03    4.5377604167e-01
       158   -3.2038369325e+01    1.0289204613e+03   -5.5137288424e+01    2.3098919099e+01    3.5592271184e+01    1.5778018497e+01   -1.1097043074e+02    4.4628526373e+00    5.1200000000e+02    1.5253256299e-03    4.5377604167e-01
       159   -3.1960959906e+01    1.0233140447e+03   -5.5649119869e+01    2.3688159963e+01    3.5478916317e+01    1.5778018497e+01   -1.1108886914e+02    4.1828144528e+00    5.1200000000e+02    1.5162986987e-03    4.5442708333e-01
       160   -3.1934155881e+01    1.0212726636e+03   -5.5755767500e+01    2.3821611619e+01    3.5425639884e+01    1.5778018497e+01   -1.1103851446e+02    4.0790885790e+00    5.1200000000e+02    1.5157122437e-03    4.5426432292e-01
       161   -3.1858575521e+01    1.0165887493e+03   -5.5221100685e+01    2.3362525164e+01    3.5226530501e+01    1.5778018497e+01   -1.1038199317e+02    4.1563434843e+00    5.1200000000e+02    1.5133918945e-03    4.5491536458e-01
       162   -3.1847004696e+01    1.0158906014e+03   -5.5122241211e+01    2.3275236515e+01    3.5263714483e+01    1.5778018497e+01   -1.1001291024e+02    3.8489360508e+00    5.1200000000e+02    1.5118722778e-03    4.4742838542e-01
       163   -3.1888154282e+01    1.0185743052e+03   -5.5210835862e+01    2.3322681580e+01    3.5303112367e+01    1.5778018497e+01   -1.0994743129e+02    3.6554645652e+00    5.1200000000e+02    1.5190726025e-03    4.4840494792e-01
       164   -3.1790784497e+01    1.0119999104e+03   -5.5100358803e+01    2.3309574306e+01    3.5554405196e+01    1.5778018497e+01   -1.1032752700e+02    3.8947445075e+00    5.1200000000e+02    1.5243479614e-03    4.5068359375e-01
       165   -3.1844780585e+01    1.0156589572e+03   -5.5856880685e+01    2.4012100100e+01    3.5666002670e+01    1.5778018497e+01   -1.1133144568e+02    4.0305438277e+00    5.1200000000e+02    1.5177944897e-03    4.4889322917e-01
       166   -3.1872993529e+01    1.0179128953e+03   -5.6177675969e+01    2.4304682440e+01    3.5632735958e+01    1.5778018497e+01   -1.1142811398e+02    3.8396835541e+00    5.1200000000e+02    1.5146383179e-03    4.4140625000e-01
       167   -3.1798684401e+01    1.0124340585e+03   -5.6139160175e+01    2.4340475774e+01    3.5436510205e+01    1.5778018497e+01   -1.1105291549e+02    3.6992266165e+00    5.1200000000e+02    1.5216193481e-03    4.3766276042e-01
       168   -3.1897506327e+01    1.0189639052e+03   -5.5796841881e+01    2.3899335554e+01    3.5446338906e+01    1.5778018497e+01   -1.1091320384e+02    3.8920045599e+00    5.1200000000e+02    1.5150229663e-03    4.3896484375e-01
       169   -3.1847398563e+01    1.0157004479e+03   -5.6137456440e+01    2.4290057877e+01    3.5562682539e+01    1.5778018497e+01   -1.1119099646e+02    3.7128389829e+00    5.1200000000e+02    1.5207574829e-03    4.4645182292e-01
       170   -3.1769528166e+01    1.0106350318e+03   -5.5692847439e+01    2.3923319274e+01    3.5613085587e+01    1.5778018497e+01   -1.1112596177e+02    4.0420102482e+00    5.1200000000e+02    1.5248521558e-03    4.5865885417e-01
       171   -3.1830466420e+01    1.0144128625e+03   -5.4971831726e+01    2.3141365306e+01    3.5588837155e+01    1.5778018497e+01   -1.1051115865e+02    4.1724712730e+00    5.1200000000e+02    1.5190942065e-03    4.4905598958e-01
       172   -3.1856522053e+01    1.0165561181e+03   -5.4855648837e+01    2.2999126784e+01    3.5496500582e+01    1.5778018497e+01   -1.1023550983e+02    4.1053419112e+00    5.1200000000e+02    1.5183602856e-03    4.4059244792e-01
       173   -3.1832440838e+01    1.0147305959e+03   -5.4484194560e+01    2.2651753722e+01    3.5327952463e+01    1.5778018497e+01   -1.0988312072e+02    4.2929552036e+00    5.1200000000e+02    1.5075787378e-03    4.5149739583e-01
       174   -3.1907404010e+01    1.0194030803e+03   -5.4458528212e+01    2.2551124202e+01    3.5429114291e+01    1.5778018497e+01   -1.0973791816e+02    4.0722571623e+00    5.1200000000e+02    1.5157827954e-03    4.4645182292e-01
       175   -3.1863565770e+01    1.0167668105e+03   -5.4525731647e+01    2.2662165877e+01    3.5700271871e+01    1.5778018497e+01   -1.1026246550e+02    4.2584434848e+00    5.1200000000e+02    1.5284061499e-03    4.4694010417e-01
       176   -3.1877493421e+01    1.0176925807e+03   -5.4645297665e+01    2.2767804243e+01    3.5518201108e+01    1.5778018497e+01   -1.1039731397e+02    4.4557966954e+00    5.1200000000e+02    1.5202321216e-03    4.5166015625e-01
       177   -3.1867056892e+01    1.0168533115e+03   -5.5331110848e+01    2.3464053956e+01    3.5624330276e+01    1.5778018497e+01   -1.1063445498e+02    3.9009953575e+00    5.1200000000e+02    1.5120909644e-03    4.4319661458e-01
       178   -3.1823514971e+01    1.0140810959e+03   -5.5452937461e+01    2.3629422491e+01    3.5379085165e+01    1.5778018497e+01   -1.1032328455e+02    3.7132434259e+00    5.1200000000e+02    1.5192137744e-03    4.4677734375e-01
       179   -3.1831595934e+01    1.0148254831e+03   -5.5624177418e+01    2.3792581485e+01    3.5433398558e+01    1.5778018497e+01   -1.1050012469e+02    3.6645302224e+00    5.1200000000e+02    1.5153786792e-03    4.4384765625e-01
       180   -3.1899553143e+01    1.0191025914e+03   -5.6227486046e+01    2.4327932904e+01    3.5561175230e+01    1.5778018497e+01   -1.1135832593e+02    3.7916461599e+00    5.1200000000e+02    1.5227911865e-03    4.4954427083e-01
       181   -3.1893253720e+01    1.0185698427e+03   -5.6290893239e+01    2.4397639520e+01    3.5486745961e+01    1.5778018497e+01   -1.1108593048e+02    3.5302727849e+00    5.1200000000e+02    1.5177677490e-03    4.4824218750e-01
       182   -3.1849096800e+01    1.0156101247e+03   -5.5970098196e+01    2.4121001395e+01    3.5355867244e+01    1.5778018497e+01   -1.1090049717e+02    3.7965132389e+00    5.1200000000e+02    1.5166022607e-03    4.5524088542e-01
       183   -3.1899992017e+01    1.0189243990e+03   -5.6057644788e+01    2.4157652771e+01    3.5486444718e+01    1.5778018497e+01   -1.1141514078e+02    4.0930327724e+00    5.1200000000e+02    1.5209195679e-03    4.4970703125e-01
       184   -3.1899407580e+01    1.0190915893e+03   -5.5833585887e+01    2.3934178308e+01    3.5645904344e+01    1.5778018497e+01   -1.1185617553e+02    4.5986668040e+00    5.1200000000e+02    1.5218026025e-03    4.4384765625e-01
       185   -3.1928802787e+01    1.0208206067e+03   -5.6069364112e+01    2.4140561325e+01    3.5633744106e+01    1.5778018497e+01   -1.1166515755e+02    4.1840308389e+00    5.1200000000e+02    1.5213059277e-03    4.4287109375e-01
       186   -3.1906521622e+01    1.0194154202e+03   -5.6220866721e+01    2.4314345100e+01    3.5544134253e+01    1.5778018497e+01   -1.1192743334e+02    4.3844138647e+00    5.1200000000e+02    1.5267022485e-03    4.4759114583e-01
       187   -3.1847460635e+01    1.0155482635e+03   -5.5855315491e+01    2.4007854856e+01    3.5722310970e+01    1.5778018497e+01   -1.1171814195e+02    4.3624969886e+00    5.1200000000e+02    1.5423214941e-03    4.3880208333e-01
       188   -3.1841056404e+01    1.0157032114e+03   -5.6306266973e+01    2.4465210569e+01    3.5647401605e+01    1.5778018497e+01   -1.1159447988e+02    3.8627928048e+00    5.1200000000e+02    1.5315111353e-03    4.5849609375e-01
       189   -3.1854897126e+01    1.0162260087e+03   -5.6223178665e+01    2.4368281540e+01    3.5565571126e+01    1.5778018497e+01   -1.1166523164e+02    4.0984633478e+00    5.1200000000e+02    1.5272372168e-03    4.4596354167e-01
       190   -3.1875276931e+01    1.0174300290e+03   -5.6453918372e+01    2.4578641441e+01    3.5723985619e+01    1.5778018497e+01   -1.1196576095e+02    4.0098384631e+00    5.1200000000e+02    1.5287012622e-03    4.3896484375e-01
       191   -3.1946404498e+01    1.0222031569e+03   -5.6966382284e+01    2.5019977786e+01    3.5763414699e+01    1.5778018497e+01   -1.1280377456e+02    4.2959590813e+00    5.1200000000e+02    1.5256022949e-03    4.3570963542e-01
       192   -3.1961251593e+01    1.0231795012e+03   -5.6138891189e+01    2.4177639596e+01    3.5617910662e+01    1.5778018497e+01   -1.1204375059e+02    4.5089302398e+00    5.1200000000e+02    1.5218647192e-03    4.4954427083e-01
       193   -3.1831400760e+01    1.0144590447e+03   -5.6271149473e+01    2.4439748713e+01    3.5478409312e+01    1.5778018497e+01   -1.1118870358e+02    3.6611263035e+00    5.1200000000e+02    1.5222398999e-03    4.4840494792e-01
       194   -3.1882786509e+01    1.0180551014e+03   -5.5812682391e+01    2.3929895882e+01    3.5630030461e+01    1.5778018497e+01   -1.1138465724e+02    4.1639258935e+00    5.1200000000e+02    1.5229851172e-03    4.5035807292e-01
       195   -3.1770039300e+01    1.0107222573e+03   -5.6127931143e+01    2.4357891842e+01    3.5679800130e+01    1.5778018497e+01   -1.1145627700e+02    3.8705272257e+00    5.1200000000e+02    1.5201805127e-03    4.4612630208e-01
       196   -3.1828100374e+01    1.0143110649e+03   -5.5657020998e+01    2.3828920624e+01    3.5557646421e+01    1.5778018497e+01   -1.1067211517e+02    3.6794292551e+00    5.1200000000e+02    1.5199901294e-03    4.4466145833e-01
       197   -3.1877160417e+01    1.0184764679e+03   -5.5195923880e+01    2.3318763463e+01    3.5698848807e+01    1.5778018497e+01   -1.1095799377e+02    4.2852025824e+00    5.1200000000e+02    1.5149395410e-03    4.3750000000e-01
       198   -3.1891469490e+01    1.0185649278e+03   -5.5683061942e+01    2.3791592452e+01    3.5722561859e+01    1.5778018497e+01   -1.1091959027e+02    3.7359479707e+00    5.1200000000e+02    1.5281466699e-03    4.4759114583e-01
       199   -3.1948245126e+01    1.0223805313e+03   -5.5749355959e+01    2.3801110833e+01    3.5662913788e+01    1.5778018497e+01   -1.1119770971e+02    4.0074214665e+00    5.1200000000e+02    1.5216039746e-03    4.5784505208e-01
