#   index    LocalEnergy         LocalEnergy_sq      LocalPotential      Kinetic             ElecElec            IonIon              LocalECP            NonLocalECP         BlockWeight         BlockCPU            AcceptRatio         
         0   -3.1882416276e+01    1.0179984371e+03   -5.4736232715e+01    2.2853816440e+01    3.5727998704e+01    1.5778018497e+01   -1.1035493582e+02    4.1126859041e+00    5.1200000000e+02    1.5199077710e-03    4.4759114583e-01
         1   -3.1902430679e+01    1.0193445882e+03   -5.4629585157e+01    2.2727154478e+01    3.5596089640e+01    1.5778018497e+01   -1.1021367500e+02    4.2099817102e+00    5.1200000000e+02    1.5154922876e-03    4.4824218750e-01
         2   -3.1945485723e+01    1.0222188604e+03   -5.4970018190e+01    2.3024532467e+01    3.5409498915e+01    1.5778018497e+01   -1.0999240021e+02    3.8348646122e+00    5.1200000000e+02    1.5215751147e-03    4.4580078125e-01
         3   -3.2042100110e+01    1.0285414712e+03   -5.5127138805e+01    2.3085038695e+01    3.5402413567e+01    1.5778018497e+01   -1.1045655005e+02    4.1489791840e+00    5.1200000000e+02    1.5237090137e-03    4.4303385417e-01
         4   -3.2012065361e+01    1.0266655445e+03   -5.5548264731e+01    2.3536199370e+01    3.5678476617e+01    1.5778018497e+01   -1.1103726470e+02    4.0325048589e+00    5.1200000000e+02    1.5215809106e-03    4.5003255208e-01
         5   -3.1956226687e+01    1.0229841254e+03   -5.5690179602e+01    2.3733952915e+01    3.5836894733e+01    1.5778018497e+01   -1.1158476537e+02    4.2796725381e+00    5.1200000000e+02    1.5262911108e-03    4.4921875000e-01
         6   -3.1927860031e+01    1.0209729698e+03   -5.5328851258e+01    2.3400991227e+01    3.5635178600e+01    1.5778018497e+01   -1.1071906045e+02    3.9770120984e+00    5.1200000000e+02    1.5157315015e-03    4.4417317708e-01
         7   -3.1868669668e+01    1.0170492455e+03   -5.5298491605e+01    2.3429821938e+01    3.5790395553e+01    1.5778018497e+01   -1.1091903425e+02    4.0521285935e+00    5.1200000000e+02    1.5315226709e-03    4.5149739583e-01
         8   -3.1843980469e+01    1.0153577047e+03   -5.5529878481e+01    2.3685898012e+01    3.5693973215e+01    1.5778018497e+01   -1.1078265108e+02    3.7807808822e+00    5.1200000000e+02    1.5338445703e-03    4.4873046875e-01
         9   -3.1866857961e+01    1.0167933888e+03   -5.5387356137e+01    2.3520498176e+01    3.5830122633e+01    1.5778018497e+01   -1.1125922073e+02    4.2637234628e+00    5.1200000000e+02    1.5298385522e-03    4.4791666667e-01
        10   -3.1888430532e+01    1.0181684800e+03   -5.5356511366e+01    2.3468080834e+01    3.5791873248e+01    1.5778018497e+01   -1.1092096113e+02    3.9945580208e+00    5.1200000000e+02    1.5280534204e-03    4.4970703125e-01
        11   -3.1907384060e+01    1.0194732832e+03   -5.5694355813e+01    2.3786971753e+01    3.5739041855e+01    1.5778018497e+01   -1.1099011055e+02    3.7786943828e+00    5.1200000000e+02    1.5254569775e-03    4.4710286458e-01
        12   -3.1883859856e+01    1.0180380764e+03   -5.5507163565e+01    2.3623303710e+01    3.5739877715e+01    1.5778018497e+01   -1.1104367187e+02    4.0186120972e+00    5.1200000000e+02    1.5239814478e-03    4.3815104167e-01
        13   -3.2014309193e+01    1.0266774185e+03   -5.5934286190e+01    2.3919976997e+01    3.5626613402e+01    1.5778018497e+01   -1.1125208145e+02    3.9131633658e+00    5.1200000000e+02    1.5228516235e-03    4.4547526042e-01
        14   -3.1957208815e+01    1.0227995879e+03   -5.5496143202e+01    2.3538934387e+01    3.5444756875e+01    1.5778018497e+01   -1.1045160093e+02    3.7326823527e+00    5.1200000000e+02    1.5210827100e-03    4.4514973958e-01
        15   -3.2024911798e+01    1.0273886811e+03   -5.4963685426e+01    2.2938773628e+01    3.5353102921e+01    1.5778018497e+01   -1.0967710139e+02    3.5822945433e+00    5.1200000000e+02    1.5120002100e-03    4.4824218750e-01
        16   -3.1969333552e+01    1.0238462774e+03   -5.4675265764e+01    2.2705932212e+01    3.5522932218e+01    1.5778018497e+01   -1.0995252919e+02    3.9763127086e+00    5.1200000000e+02    1.5298089380e-03    4.5947265625e-01
        17   -3.1919136315e+01    1.0203613571e+03   -5.5068845324e+01    2.3149709009e+01    3.5522288686e+01    1.5778018497e+01   -1.1037455103e+02    4.0053985199e+00    5.1200000000e+02    1.5211790112e-03    4.5556640625e-01
        18   -3.1959946656e+01    1.0229115920e+03   -5.4940641963e+01    2.2980695307e+01    3.5561728349e+01    1.5778018497e+01   -1.1064350136e+02    4.3631125493e+00    5.1200000000e+02    1.5202310571e-03    4.4807942708e-01
        19   -3.2043270350e+01    1.0282257419e+03   -5.4588178971e+01    2.2544908621e+01    3.5391221428e+01    1.5778018497e+01   -1.0993721074e+02    4.1797918460e+00    5.1200000000e+02    1.5148697705e-03    4.3847656250e-01
        20   -3.1942161884e+01    1.0215976265e+03   -5.4449122596e+01    2.2506960712e+01    3.5307830697e+01    1.5778018497e+01   -1.0965332279e+02    4.1183510019e+00    5.1200000000e+02    1.5090319141e-03    4.4498697917e-01
        21   -3.1862830545e+01    1.0167826787e+03   -5.4962553927e+01    2.3099723382e+01    3.5297893946e+01    1.5778018497e+01   -1.0987224891e+02    3.8337825388e+00    5.1200000000e+02    1.5094260352e-03    4.5100911458e-01
        22   -3.1854423864e+01    1.0159327675e+03   -5.4949355212e+01    2.3094931348e+01    3.5295645009e+01    1.5778018497e+01   -1.0955855599e+02    3.5355372699e+00    5.1200000000e+02    1.5075349268e-03    4.4628906250e-01
        23   -3.1849858251e+01    1.0157902328e+03   -5.5114062734e+01    2.3264204483e+01    3.5426418271e+01    1.5778018497e+01   -1.0968272449e+02    3.3642249859e+00    5.1200000000e+02    1.5129548242e-03    4.4270833333e-01
        24   -3.1886517887e+01    1.0180657435e+03   -5.5040287065e+01    2.3153769178e+01    3.5488040101e+01    1.5778018497e+01   -1.1025477134e+02    3.9484256780e+00    5.1200000000e+02    1.5268071729e-03    4.4726562500e-01
        25   -3.1808514656e+01    1.0131534126e+03   -5.5594749527e+01    2.3786234871e+01    3.5700153826e+01    1.5778018497e+01   -1.1089148473e+02    3.8185628770e+00    5.1200000000e+02    1.5209491650e-03    4.4433593750e-01
        26   -3.1866918992e+01    1.0168961575e+03   -5.6290532866e+01    2.4423613874e+01    3.5608815726e+01    1.5778018497e+01   -1.1107760668e+02    3.4002395966e+00    5.1200000000e+02    1.5233873169e-03    4.3554687500e-01
        27   -3.1794202197e+01    1.0122262241e+03   -5.5636478349e+01    2.3842276152e+01    3.5544703309e+01    1.5778018497e+01   -1.1118729192e+02    4.2280917622e+00    5.1200000000e+02    1.5232990894e-03    4.4677734375e-01
        28   -3.1862284488e+01    1.0170722540e+03   -5.5451579809e+01    2.3589295321e+01    3.5468964002e+01    1.5778018497e+01   -1.1091366840e+02    4.2151060910e+00    5.1200000000e+02    1.5291344824e-03    4.5247395833e-01
        29   -3.1906907428e+01    1.0194604309e+03   -5.6087643630e+01    2.4180736202e+01    3.5591943802e+01    1.5778018497e+01   -1.1143493023e+02    3.9773243008e+00    5.1200000000e+02    1.5337464111e-03    4.5052083333e-01
        30   -3.1935546971e+01    1.0216164054e+03   -5.5695669141e+01    2.3760122171e+01    3.5663481421e+01    1.5778018497e+01   -1.1158847492e+02    4.4513058582e+00    5.1200000000e+02    1.5289299414e-03    4.4449869792e-01
        31   -3.1912575402e+01    1.0202142717e+03   -5.6195937053e+01    2.4283361651e+01    3.5628514600e+01    1.5778018497e+01   -1.1178415164e+02    4.1816814936e+00    5.1200000000e+02    1.5315451221e-03    4.5442708333e-01
        32   -3.1942091921e+01    1.0219874341e+03   -5.5944369906e+01    2.4002277984e+01    3.5617853124e+01    1.5778018497e+01   -1.1191448422e+02    4.5742426930e+00    5.1200000000e+02    1.5209720386e-03    4.5247395833e-01
        33   -3.1925628063e+01    1.0207421329e+03   -5.6348062973e+01    2.4422434910e+01    3.5552533569e+01    1.5778018497e+01   -1.1175305275e+02    4.0744377110e+00    5.1200000000e+02    1.5147026587e-03    4.4140625000e-01
        34   -3.1913617282e+01    1.0197253239e+03   -5.5860649742e+01    2.3947032460e+01    3.5560018918e+01    1.5778018497e+01   -1.1135211473e+02    4.1534275744e+00    5.1200000000e+02    1.5165010620e-03    4.4303385417e-01
        35   -3.1826255578e+01    1.0140796959e+03   -5.5549150008e+01    2.3722894429e+01    3.5501541121e+01    1.5778018497e+01   -1.1086468236e+02    4.0359727371e+00    5.1200000000e+02    1.5197288086e-03    4.4677734375e-01
        36   -3.1858332265e+01    1.0163632827e+03   -5.5885297848e+01    2.4026965582e+01    3.5710872650e+01    1.5778018497e+01   -1.1174561088e+02    4.3714218808e+00    5.1200000000e+02    1.5180166064e-03    4.4677734375e-01
        37   -3.1931005387e+01    1.0209207489e+03   -5.5782129971e+01    2.3851124584e+01    3.5649105592e+01    1.5778018497e+01   -1.1129452883e+02    4.0852747663e+00    5.1200000000e+02    1.5243453369e-03    4.3929036458e-01
        38   -3.1892662674e+01    1.0185484658e+03   -5.6038939929e+01    2.4146277255e+01    3.5540876672e+01    1.5778018497e+01   -1.1153512005e+02    4.1772849492e+00    5.1200000000e+02    1.5187121313e-03    4.3896484375e-01
        39   -3.1877384808e+01    1.0174425327e+03   -5.6127310049e+01    2.4249925241e+01    3.5517191747e+01    1.5778018497e+01   -1.1127678477e+02    3.8542644719e+00    5.1200000000e+02    1.5281754468e-03    4.5507812500e-01
        40   -3.1861968754e+01    1.0165728922e+03   -5.5741011174e+01    2.3879042420e+01    3.5736171371e+01    1.5778018497e+01   -1.1104932217e+02    3.7941211311e+00    5.1200000000e+02    1.5366783350e-03    4.5328776042e-01
        41   -3.1922573697e+01    1.0203515924e+03   -5.5700927999e+01    2.3778354302e+01    3.5619534279e+01    1.5778018497e+01   -1.1088975345e+02    3.7912726715e+00    5.1200000000e+02    1.5217754224e-03    4.4873046875e-01
        42   -3.1808023902e+01    1.0130803542e+03   -5.5163579625e+01    2.3355555723e+01    3.5625983954e+01    1.5778018497e+01   -1.1053186470e+02    3.9642826250e+00    5.1200000000e+02    1.5308485425e-03    4.4938151042e-01
        43   -3.1878313522e+01    1.0177549333e+03   -5.5298297717e+01    2.3419984195e+01    3.5377663226e+01    1.5778018497e+01   -1.1043638898e+02    3.9824095433e+00    5.1200000000e+02    1.5184771021e-03    4.4091796875e-01
        44   -3.1875552748e+01    1.0175215484e+03   -5.5582266180e+01    2.3706713432e+01    3.5352384709e+01    1.5778018497e+01   -1.1039936189e+02    3.6866925018e+00    5.1200000000e+02    1.5119868530e-03    4.4986979167e-01
        45   -3.1921282535e+01    1.0206968925e+03   -5.5864841404e+01    2.3943558869e+01    3.5320922080e+01    1.5778018497e+01   -1.1067988959e+02    3.7161076079e+00    5.1200000000e+02    1.5121368457e-03    4.4645182292e-01
        46   -3.1910879772e+01    1.0203215250e+03   -5.6130087926e+01    2.4219208154e+01    3.5525960205e+01    1.5778018497e+01   -1.1097055243e+02    3.5364858072e+00    5.1200000000e+02    1.5155285376e-03    4.4352213542e-01
        47   -3.1943505498e+01    1.0219444361e+03   -5.5348720454e+01    2.3405214956e+01    3.5426641329e+01    1.5778018497e+01   -1.1041474269e+02    3.8613624143e+00    5.1200000000e+02    1.5107371826e-03    4.4547526042e-01
        48   -3.1880906229e+01    1.0179990583e+03   -5.5476323767e+01    2.3595417538e+01    3.5362340116e+01    1.5778018497e+01   -1.1049609287e+02    3.8794104933e+00    5.1200000000e+02    1.5188835938e-03    4.5279947917e-01
        49   -3.1872745662e+01    1.0171632348e+03   -5.5501534644e+01    2.3628788982e+01    3.5519811848e+01    1.5778018497e+01   -1.1078654265e+02    3.9871776613e+00    5.1200000000e+02    1.5198994946e-03    4.4010416667e-01
        50   -3.1906858758e+01    1.0191944565e+03   -5.5573376701e+01    2.3666517943e+01    3.5745055415e+01    1.5778018497e+01   -1.1124415317e+02    4.1477025546e+00    5.1200000000e+02    1.5312357275e-03    4.4108072917e-01
        51   -3.1808410199e+01    1.0132271244e+03   -5.5873157287e+01    2.4064747088e+01    3.5816962803e+01    1.5778018497e+01   -1.1156803578e+02    4.0998971921e+00    5.1200000000e+02    1.5283844141e-03    4.5003255208e-01
        52   -3.1832979156e+01    1.0146449903e+03   -5.5986066159e+01    2.4153087003e+01    3.5800031622e+01    1.5778018497e+01   -1.1182303306e+02    4.2589167837e+00    5.1200000000e+02    1.5244624390e-03    4.4645182292e-01
        53   -3.1904119711e+01    1.0195093896e+03   -5.6080276538e+01    2.4176156827e+01    3.5892262654e+01    1.5778018497e+01   -1.1196369412e+02    4.2131364289e+00    5.1200000000e+02    1.5226023975e-03    4.4352213542e-01
        54   -3.1902799207e+01    1.0193537390e+03   -5.5919247883e+01    2.4016448676e+01    3.5796919158e+01    1.5778018497e+01   -1.1174094370e+02    4.2467581656e+00    5.1200000000e+02    1.5198147119e-03    4.4042968750e-01
        55   -3.1952771821e+01    1.0226235847e+03   -5.6293266073e+01    2.4340494252e+01    3.5664802758e+01    1.5778018497e+01   -1.1178700836e+02    4.0509210375e+00    5.1200000000e+02    1.5208225220e-03    4.4270833333e-01
        56   -3.1924818231e+01    1.0206781649e+03   -5.5878358622e+01    2.3953540392e+01    3.5813425088e+01    1.5778018497e+01   -1.1157846020e+02    4.1086579901e+00    5.1200000000e+02    1.5188389404e-03    4.4173177083e-01
        57   -3.1852376986e+01    1.0162513672e+03   -5.6263011562e+01    2.4410634576e+01    3.5685170426e+01    1.5778018497e+01   -1.1176035420e+02    4.0341537187e+00    5.1200000000e+02    1.5200382886e-03    4.4514973958e-01
        58   -3.1892444897e+01    1.0190191672e+03   -5.6204248680e+01    2.4311803783e+01    3.5800397997e+01    1.5778018497e+01   -1.1198707206e+02    4.2044068876e+00    5.1200000000e+02    1.5241075122e-03    4.4222005208e-01
        59   -3.1916098640e+01    1.0201239518e+03   -5.5799621332e+01    2.3883522691e+01    3.5594995033e+01    1.5778018497e+01   -1.1124253767e+02    4.0699028077e+00    5.1200000000e+02    1.5211515137e-03    4.4889322917e-01
        60   -3.1987585081e+01    1.0245617349e+03   -5.5937451716e+01    2.3949866636e+01    3.5756206005e+01    1.5778018497e+01   -1.1154652078e+02    4.0748445581e+00    5.1200000000e+02    1.5164251025e-03    4.4742838542e-01
        61   -3.1934018903e+01    1.0211940861e+03   -5.6110342115e+01    2.4176323211e+01    3.5883941042e+01    1.5778018497e+01   -1.1169772149e+02    3.9254198353e+00    5.1200000000e+02    1.5229771118e-03    4.4596354167e-01
        62   -3.1925566663e+01    1.0206779089e+03   -5.6021389336e+01    2.4095822673e+01    3.5919381406e+01    1.5778018497e+01   -1.1164858323e+02    3.9297939894e+00    5.1200000000e+02    1.5264729395e-03    4.3505859375e-01
        63   -3.1886082391e+01    1.0182914868e+03   -5.6160567190e+01    2.4274484799e+01    3.5877856544e+01    1.5778018497e+01   -1.1143557738e+02    3.6191351500e+00    5.1200000000e+02    1.5323096875e-03    4.3782552083e-01
        64   -3.1860026360e+01    1.0165059465e+03   -5.6007565541e+01    2.4147539181e+01    3.5680007561e+01    1.5778018497e+01   -1.1123353734e+02    3.7679457429e+00    5.1200000000e+02    1.5243502075e-03    4.4596354167e-01
        65   -3.1910613126e+01    1.0197059340e+03   -5.5428606890e+01    2.3517993765e+01    3.5522478430e+01    1.5778018497e+01   -1.1070853929e+02    3.9794354770e+00    5.1200000000e+02    1.5303576392e-03    4.4938151042e-01
        66   -3.1911665911e+01    1.0197030998e+03   -5.5335651262e+01    2.3423985351e+01    3.5447596827e+01    1.5778018497e+01   -1.1091658660e+02    4.3553200133e+00    5.1200000000e+02    1.5260717505e-03    4.4580078125e-01
        67   -3.1896625463e+01    1.0187243684e+03   -5.5750677530e+01    2.3854052066e+01    3.5507192793e+01    1.5778018497e+01   -1.1131403254e+02    4.2781437174e+00    5.1200000000e+02    1.5289173560e-03    4.5654296875e-01
        68   -3.1874119346e+01    1.0173944261e+03   -5.6284044865e+01    2.4409925519e+01    3.5470421018e+01    1.5778018497e+01   -1.1115277755e+02    3.6202931699e+00    5.1200000000e+02    1.5269594800e-03    4.5052083333e-01
        69   -3.1906508958e+01    1.0198025412e+03   -5.5863905960e+01    2.3957397002e+01    3.5415192063e+01    1.5778018497e+01   -1.1070724347e+02    3.6501269475e+00    5.1200000000e+02    1.5142007813e-03    4.4742838542e-01
        70   -3.1825844690e+01    1.0143298436e+03   -5.5709372614e+01    2.3883527924e+01    3.5637366431e+01    1.5778018497e+01   -1.1082883439e+02    3.7040768498e+00    5.1200000000e+02    1.5249589160e-03    4.4775390625e-01
        71   -3.1900509703e+01    1.0193392683e+03   -5.6029164559e+01    2.4128654856e+01    3.5615138528e+01    1.5778018497e+01   -1.1109362083e+02    3.6712992416e+00    5.1200000000e+02    1.5172518774e-03    4.5052083333e-01
        72   -3.1872928671e+01    1.0177006715e+03   -5.5300198731e+01    2.3427270060e+01    3.5423363740e+01    1.5778018497e+01   -1.1012359263e+02    3.6220116635e+00    5.1200000000e+02    1.5152612134e-03    4.5670572917e-01
        73   -3.1809887196e+01    1.0152785283e+03   -5.5184060615e+01    2.3374173419e+01    3.5427254516e+01    1.5778018497e+01   -1.0976538983e+02    3.3760562069e+00    5.1200000000e+02    1.5073003613e-03    4.3945312500e-01
        74   -3.1898183153e+01    1.0190665306e+03   -5.5264243441e+01    2.3366060288e+01    3.5585188866e+01    1.5778018497e+01   -1.1044456178e+02    3.8171109806e+00    5.1200000000e+02    1.5291908179e-03    4.5442708333e-01
        75   -3.1862422029e+01    1.0167051123e+03   -5.5252829168e+01    2.3390407139e+01    3.5521667631e+01    1.5778018497e+01   -1.1021504062e+02    3.6625253209e+00    5.1200000000e+02    1.5185273462e-03    4.5068359375e-01
        76   -3.1861655769e+01    1.0164947008e+03   -5.5343781194e+01    2.3482125424e+01    3.5492934869e+01    1.5778018497e+01   -1.1083941520e+02    4.2246806411e+00    5.1200000000e+02    1.5205835840e-03    4.4368489583e-01
        77   -3.1869618055e+01    1.0170833317e+03   -5.5857049981e+01    2.3987431926e+01    3.5405216204e+01    1.5778018497e+01   -1.1165074111e+02    4.6104564248e+00    5.1200000000e+02    1.5126463208e-03    4.3929036458e-01
        78   -3.1888379896e+01    1.0182520150e+03   -5.5721530897e+01    2.3833151001e+01    3.5330288770e+01    1.5778018497e+01   -1.1117269449e+02    4.3428563307e+00    5.1200000000e+02    1.5170723999e-03    4.4124348958e-01
        79   -3.1839354067e+01    1.0155822097e+03   -5.6260748768e+01    2.4421394700e+01    3.5142309913e+01    1.5778018497e+01   -1.1125346842e+02    4.0723912477e+00    5.1200000000e+02    1.5079643823e-03    4.5475260417e-01
        80   -3.1755648096e+01    1.0099523734e+03   -5.6166851820e+01    2.4411203724e+01    3.5428751407e+01    1.5778018497e+01   -1.1139469690e+02    4.0210751744e+00    5.1200000000e+02    1.5175703369e-03    4.5296223958e-01
        81   -3.1799951588e+01    1.0123645846e+03   -5.5689387525e+01    2.3889435936e+01    3.5503120392e+01    1.5778018497e+01   -1.1088636018e+02    3.9158337676e+00    5.1200000000e+02    1.5240586719e-03    4.5084635417e-01
        82   -3.1892126342e+01    1.0184332118e+03   -5.5269715558e+01    2.3377589216e+01    3.5353138967e+01    1.5778018497e+01   -1.1059398093e+02    4.1931079133e+00    5.1200000000e+02    1.5138243213e-03    4.4873046875e-01
        83   -3.1874016525e+01    1.0171849930e+03   -5.5006251961e+01    2.3132235436e+01    3.5418071316e+01    1.5778018497e+01   -1.0971528152e+02    3.5129397492e+00    5.1200000000e+02    1.5080131958e-03    4.5410156250e-01
        84   -3.1891395159e+01    1.0182126797e+03   -5.4882589649e+01    2.2991194490e+01    3.5198638921e+01    1.5778018497e+01   -1.0959273083e+02    3.7334837679e+00    5.1200000000e+02    1.5002198804e-03    4.4856770833e-01
        85   -3.1898541522e+01    1.0186571487e+03   -5.4797669293e+01    2.2899127771e+01    3.5148342557e+01    1.5778018497e+01   -1.1001977182e+02    4.2957414723e+00    5.1200000000e+02    1.5032782568e-03    4.5263671875e-01
        86   -3.1829853308e+01    1.0144756494e+03   -5.4731176309e+01    2.2901323001e+01    3.5232173061e+01    1.5778018497e+01   -1.0961918394e+02    3.8778160787e+00    5.1200000000e+02    1.5140573193e-03    4.4319661458e-01
        87   -3.1860659615e+01    1.0166927458e+03   -5.4983158084e+01    2.3122498469e+01    3.5303042546e+01    1.5778018497e+01   -1.0998358394e+02    3.9193648168e+00    5.1200000000e+02    1.5023061084e-03    4.4889322917e-01
        88   -3.1898236926e+01    1.0190460368e+03   -5.4943387820e+01    2.3045150894e+01    3.5400421743e+01    1.5778018497e+01   -1.1064167087e+02    4.5198428135e+00    5.1200000000e+02    1.5142296362e-03    4.5491536458e-01
        89   -3.1868399927e+01    1.0171085131e+03   -5.4846923312e+01    2.2978523385e+01    3.5249841435e+01    1.5778018497e+01   -1.0964281445e+02    3.7680312075e+00    5.1200000000e+02    1.5137458521e-03    4.4612630208e-01
        90   -3.1899667084e+01    1.0190824639e+03   -5.4559789823e+01    2.2660122739e+01    3.5241161974e+01    1.5778018497e+01   -1.0947114004e+02    3.8921697472e+00    5.1200000000e+02    1.5067804517e-03    4.5214843750e-01
        91   -3.1915391978e+01    1.0204745648e+03   -5.4728841156e+01    2.2813449178e+01    3.5045875991e+01    1.5778018497e+01   -1.0931132440e+02    3.7585887599e+00    5.1200000000e+02    1.5026384180e-03    4.4889322917e-01
        92   -3.1941886415e+01    1.0224217647e+03   -5.5214951647e+01    2.3273065233e+01    3.5283129689e+01    1.5778018497e+01   -1.1019376452e+02    3.9176646888e+00    5.1200000000e+02    1.5129459058e-03    4.6142578125e-01
        93   -3.1984319277e+01    1.0247513304e+03   -5.5281791060e+01    2.3297471783e+01    3.5360484077e+01    1.5778018497e+01   -1.1002924017e+02    3.6089465320e+00    5.1200000000e+02    1.5093821875e-03    4.4938151042e-01
        94   -3.1876197768e+01    1.0174483557e+03   -5.5091253148e+01    2.3215055380e+01    3.5247347409e+01    1.5778018497e+01   -1.1007979326e+02    3.9631742062e+00    5.1200000000e+02    1.5162570776e-03    4.5638020833e-01
        95   -3.1922442515e+01    1.0214433440e+03   -5.4409364895e+01    2.2486922380e+01    3.5221473193e+01    1.5778018497e+01   -1.0930887304e+02    3.9000164549e+00    5.1200000000e+02    1.5206781396e-03    4.5638020833e-01
        96   -3.1901194636e+01    1.0193931089e+03   -5.4617382248e+01    2.2716187612e+01    3.5197598928e+01    1.5778018497e+01   -1.0983240401e+02    4.2394043358e+00    5.1200000000e+02    1.5138099634e-03    4.5214843750e-01
        97   -3.1932981252e+01    1.0212414707e+03   -5.4611543243e+01    2.2678561991e+01    3.5192326190e+01    1.5778018497e+01   -1.0979641937e+02    4.2145314434e+00    5.1200000000e+02    1.5254600781e-03    4.4726562500e-01
        98   -3.1894116948e+01    1.0186696144e+03   -5.4333817277e+01    2.2439700329e+01    3.4999681073e+01    1.5778018497e+01   -1.0973565476e+02    4.6241379109e+00    5.1200000000e+02    1.5041959985e-03    4.6028645833e-01
        99   -3.1917637389e+01    1.0199224860e+03   -5.4492433234e+01    2.2574795845e+01    3.4953837314e+01    1.5778018497e+01   -1.0961994936e+02    4.3956603162e+00    5.1200000000e+02    1.5017224780e-03    4.4108072917e-01
       100   -3.1861307421e+01    1.0173545032e+03   -5.5475531027e+01    2.3614223606e+01    3.5193949531e+01    1.5778018497e+01   -1.1023603210e+02    3.7885330455e+00    5.1200000000e+02    1.5117645459e-03    4.5149739583e-01
       101   -3.1911634637e+01    1.0198462470e+03   -5.5487612207e+01    2.3575977570e+01    3.5234287201e+01    1.5778018497e+01   -1.1041646252e+02    3.9165446198e+00    5.1200000000e+02    1.5180928540e-03    4.4921875000e-01
       102   -3.1812958909e+01    1.0133040237e+03   -5.4668087612e+01    2.2855128703e+01    3.5290342977e+01    1.5778018497e+01   -1.1015174398e+02    4.4152948930e+00    5.1200000000e+02    1.5128866333e-03    4.4742838542e-01
       103   -3.1840834218e+01    1.0154635598e+03   -5.5137952826e+01    2.3297118608e+01    3.5440661620e+01    1.5778018497e+01   -1.1007796349e+02    3.7213305433e+00    5.1200000000e+02    1.5134629053e-03    4.4873046875e-01
       104   -3.1887923071e+01    1.0185661788e+03   -5.5230590785e+01    2.3342667714e+01    3.5295737535e+01    1.5778018497e+01   -1.1039606904e+02    4.0917222215e+00    5.1200000000e+02    1.5123560132e-03    4.4401041667e-01
       105   -3.1845821616e+01    1.0155482044e+03   -5.5144113519e+01    2.3298291903e+01    3.5410927210e+01    1.5778018497e+01   -1.1081474107e+02    4.4816818396e+00    5.1200000000e+02    1.5184156201e-03    4.5345052083e-01
       106   -3.1862977001e+01    1.0167732452e+03   -5.5412141698e+01    2.3549164697e+01    3.5388057999e+01    1.5778018497e+01   -1.1070289983e+02    4.1246816382e+00    5.1200000000e+02    1.5159178149e-03    4.5198567708e-01
       107   -3.2040516896e+01    1.0282280394e+03   -5.5334715743e+01    2.3294198847e+01    3.5469682979e+01    1.5778018497e+01   -1.1027631559e+02    3.6938983668e+00    5.1200000000e+02    1.5223026807e-03    4.6061197917e-01
       108   -3.1983654467e+01    1.0243677034e+03   -5.5647844867e+01    2.3664190399e+01    3.5321762993e+01    1.5778018497e+01   -1.1055041919e+02    3.8027928360e+00    5.1200000000e+02    1.5177381836e-03    4.3815104167e-01
       109   -3.2006624551e+01    1.0258763939e+03   -5.5549814912e+01    2.3543190361e+01    3.5369164366e+01    1.5778018497e+01   -1.1097007924e+02    4.2730814622e+00    5.1200000000e+02    1.5243327100e-03    4.5703125000e-01
       110   -3.1934178432e+01    1.0213587082e+03   -5.5900863003e+01    2.3966684571e+01    3.5487121223e+01    1.5778018497e+01   -1.1144294543e+02    4.2769427087e+00    5.1200000000e+02    1.5176915552e-03    4.4856770833e-01
       111   -3.1929613212e+01    1.0210981177e+03   -5.5854408791e+01    2.3924795579e+01    3.5472973361e+01    1.5778018497e+01   -1.1079872946e+02    3.6933288094e+00    5.1200000000e+02    1.5188234497e-03    4.4612630208e-01
       112   -3.1891291655e+01    1.0189058539e+03   -5.6052152109e+01    2.4160860454e+01    3.5448149344e+01    1.5778018497e+01   -1.1094046333e+02    3.6621433848e+00    5.1200000000e+02    1.5138943237e-03    4.4433593750e-01
       113   -3.1983108403e+01    1.0248222901e+03   -5.5588557004e+01    2.3605448601e+01    3.5528147698e+01    1.5778018497e+01   -1.1112469419e+02    4.2299709942e+00    5.1200000000e+02    1.5199871289e-03    4.4938151042e-01
       114   -3.1934384130e+01    1.0211145394e+03   -5.5215115421e+01    2.3280731292e+01    3.5415931347e+01    1.5778018497e+01   -1.1002265750e+02    3.6135922323e+00    5.1200000000e+02    1.5260463452e-03    4.5605468750e-01
       115   -3.1962766691e+01    1.0230160725e+03   -5.5532782559e+01    2.3570015868e+01    3.5619842441e+01    1.5778018497e+01   -1.1108887101e+02    4.1582275094e+00    5.1200000000e+02    1.5212857275e-03    4.4840494792e-01
       116   -3.1949617750e+01    1.0221281101e+03   -5.5597990390e+01    2.3648372640e+01    3.5680688003e+01    1.5778018497e+01   -1.1144771339e+02    4.3910164986e+00    5.1200000000e+02    1.5264069995e-03    4.5670572917e-01
       117   -3.1992200159e+01    1.0251119762e+03   -5.5194481140e+01    2.3202280980e+01    3.5794450204e+01    1.5778018497e+01   -1.1110490702e+02    4.3379571761e+00    5.1200000000e+02    1.5332331250e-03    4.6061197917e-01
       118   -3.1899694685e+01    1.0189210249e+03   -5.5069431739e+01    2.3169737054e+01    3.5544659489e+01    1.5778018497e+01   -1.1073423979e+02    4.3421300651e+00    5.1200000000e+02    1.5206770068e-03    4.5084635417e-01
       119   -3.1853420846e+01    1.0160651344e+03   -5.5529879507e+01    2.3676458661e+01    3.5579598458e+01    1.5778018497e+01   -1.1100241085e+02    4.1149143889e+00    5.1200000000e+02    1.5158972900e-03    4.3896484375e-01
       120   -3.1884896034e+01    1.0191504831e+03   -5.6575647041e+01    2.4690751007e+01    3.5478474071e+01    1.5778018497e+01   -1.1171285756e+02    3.8807179476e+00    5.1200000000e+02    1.5211196240e-03    4.4287109375e-01
       121   -3.1863642750e+01    1.0169151203e+03   -5.5735809504e+01    2.3872166754e+01    3.5689711649e+01    1.5778018497e+01   -1.1122808106e+02    4.0245414054e+00    5.1200000000e+02    1.5140465747e-03    4.5361328125e-01
       122   -3.1886564304e+01    1.0182897330e+03   -5.5588094206e+01    2.3701529902e+01    3.5728426788e+01    1.5778018497e+01   -1.1148139003e+02    4.3868505403e+00    5.1200000000e+02    1.5132646802e-03    4.5670572917e-01
       123   -3.1777824077e+01    1.0119816223e+03   -5.5680286770e+01    2.3902462693e+01    3.5692338004e+01    1.5778018497e+01   -1.1126238462e+02    4.1117413452e+00    5.1200000000e+02    1.5200756470e-03    4.4677734375e-01
       124   -3.1903432015e+01    1.0192029211e+03   -5.6216525821e+01    2.4313093806e+01    3.5667155829e+01    1.5778018497e+01   -1.1187014666e+02    4.2084465151e+00    5.1200000000e+02    1.5272171997e-03    4.5865885417e-01
       125   -3.1943581392e+01    1.0217101866e+03   -5.5784014584e+01    2.3840433192e+01    3.5572599486e+01    1.5778018497e+01   -1.1169771893e+02    4.5630863639e+00    5.1200000000e+02    1.5202950879e-03    4.5703125000e-01
       126   -3.1942303858e+01    1.0216008737e+03   -5.5771013856e+01    2.3828709998e+01    3.5558247628e+01    1.5778018497e+01   -1.1100509042e+02    3.8978104417e+00    5.1200000000e+02    1.5192455566e-03    4.3782552083e-01
       127   -3.1863106630e+01    1.0166655789e+03   -5.5065855090e+01    2.3202748459e+01    3.5536972589e+01    1.5778018497e+01   -1.1081875853e+02    4.4379123535e+00    5.1200000000e+02    1.5129877563e-03    4.4856770833e-01
       128   -3.1872425547e+01    1.0172136386e+03   -5.5459010057e+01    2.3586584510e+01    3.5384535681e+01    1.5778018497e+01   -1.1089337541e+02    4.2718111774e+00    5.1200000000e+02    1.5072540210e-03    4.5393880208e-01
       129   -3.1923787805e+01    1.0206829392e+03   -5.5631635103e+01    2.3707847298e+01    3.5623575191e+01    1.5778018497e+01   -1.1133184376e+02    4.2986149738e+00    5.1200000000e+02    1.5190779395e-03    4.4986979167e-01
       130   -3.1926356938e+01    1.0207617099e+03   -5.5795297929e+01    2.3868940990e+01    3.5513555132e+01    1.5778018497e+01   -1.1167134398e+02    4.5844724223e+00    5.1200000000e+02    1.5172208252e-03    4.5296223958e-01
       131   -3.1978489833e+01    1.0240375245e+03   -5.6003955058e+01    2.4025465226e+01    3.5532730767e+01    1.5778018497e+01   -1.1199533596e+02    4.6806316424e+00    5.1200000000e+02    1.5142912036e-03    4.5328776042e-01
       132   -3.1904152949e+01    1.0192504466e+03   -5.5807040187e+01    2.3902887238e+01    3.5408601262e+01    1.5778018497e+01   -1.1111388810e+02    4.1202281547e+00    5.1200000000e+02    1.5304407397e-03    4.5345052083e-01
       133   -3.1911346561e+01    1.0196921761e+03   -5.5168215917e+01    2.3256869356e+01    3.5538744488e+01    1.5778018497e+01   -1.1062864654e+02    4.1436676357e+00    5.1200000000e+02    1.5145872705e-03    4.5198567708e-01
       134   -3.1881669479e+01    1.0178275294e+03   -5.5499126706e+01    2.3617457228e+01    3.5397465946e+01    1.5778018497e+01   -1.1082569142e+02    4.1510802754e+00    5.1200000000e+02    1.5249975513e-03    4.5914713542e-01
       135   -3.1923537322e+01    1.0205146762e+03   -5.5754372888e+01    2.3830835566e+01    3.5352642994e+01    1.5778018497e+01   -1.1103191640e+02    4.1468820195e+00    5.1200000000e+02    1.5251489844e-03    4.4791666667e-01
       136   -3.1912618454e+01    1.0199676617e+03   -5.5753536735e+01    2.3840918281e+01    3.5510134645e+01    1.5778018497e+01   -1.1092466891e+02    3.8829790352e+00    5.1200000000e+02    1.5267081128e-03    4.4352213542e-01
       137   -3.1944445638e+01    1.0218673241e+03   -5.5138926799e+01    2.3194481160e+01    3.5520753216e+01    1.5778018497e+01   -1.1024434671e+02    3.8066481998e+00    5.1200000000e+02    1.5250255762e-03    4.4352213542e-01
       138   -3.1909849907e+01    1.0198316644e+03   -5.5637697289e+01    2.3727847382e+01    3.5453042425e+01    1.5778018497e+01   -1.1115624735e+02    4.2874891341e+00    5.1200000000e+02    1.5153090308e-03    4.4905598958e-01
       139   -3.1891085697e+01    1.0185509799e+03   -5.5930664967e+01    2.4039579270e+01    3.5652002101e+01    1.5778018497e+01   -1.1131482667e+02    3.9541411035e+00    5.1200000000e+02    1.5322348315e-03    4.4970703125e-01
       140   -3.1910876905e+01    1.0198964854e+03   -5.5775179051e+01    2.3864302146e+01    3.5591642790e+01    1.5778018497e+01   -1.1083215290e+02    3.6873125598e+00    5.1200000000e+02    1.5270329492e-03    4.5410156250e-01
       141   -3.1926092169e+01    1.0206055264e+03   -5.5939986072e+01    2.4013893903e+01    3.5806699351e+01    1.5778018497e+01   -1.1159975505e+02    4.0750511298e+00    5.1200000000e+02    1.5294644067e-03    4.5898437500e-01
       142   -3.1887719521e+01    1.0181126237e+03   -5.5474653654e+01    2.3586934133e+01    3.5566326557e+01    1.5778018497e+01   -1.1076061156e+02    3.9416128525e+00    5.1200000000e+02    1.5179116797e-03    4.5833333333e-01
       143   -3.1937928963e+01    1.0215969695e+03   -5.5362962484e+01    2.3425033521e+01    3.5534391853e+01    1.5778018497e+01   -1.1032938303e+02    3.6540101988e+00    5.1200000000e+02    1.5156396118e-03    4.4531250000e-01
       144   -3.1976084682e+01    1.0246210731e+03   -5.6153394215e+01    2.4177309533e+01    3.5597621191e+01    1.5778018497e+01   -1.1138645580e+02    3.8574219023e+00    5.1200000000e+02    1.5420338110e-03    4.5654296875e-01
       145   -3.1921202452e+01    1.0204133570e+03   -5.6050861340e+01    2.4129658888e+01    3.5905701641e+01    1.5778018497e+01   -1.1177713993e+02    4.0425584496e+00    5.1200000000e+02    1.5354386206e-03    4.4466145833e-01
       146   -3.1828097690e+01    1.0144262417e+03   -5.5656907414e+01    2.3828809724e+01    3.5589388337e+01    1.5778018497e+01   -1.1144932339e+02    4.4250091465e+00    5.1200000000e+02    1.5297631665e-03    4.4335937500e-01
       147   -3.1865748946e+01    1.0169358664e+03   -5.6025219083e+01    2.4159470137e+01    3.5671061320e+01    1.5778018497e+01   -1.1131136794e+02    3.8370690431e+00    5.1200000000e+02    1.5285966870e-03    4.4352213542e-01
       148   -3.1935286998e+01    1.0215177194e+03   -5.5844408155e+01    2.3909121157e+01    3.5504304838e+01    1.5778018497e+01   -1.1123975816e+02    4.1130266660e+00    5.1200000000e+02    1.5278560840e-03    4.4791666667e-01
       149   -3.1950791772e+01    1.0225116813e+03   -5.5318678581e+01    2.3367886809e+01    3.5551011586e+01    1.5778018497e+01   -1.1107876056e+02    4.4310519006e+00    5.1200000000e+02    1.5251610864e-03    4.4645182292e-01
       150   -3.1890642290e+01    1.0185895573e+03   -5.5835385637e+01    2.3944743347e+01    3.5426609540e+01    1.5778018497e+01   -1.1101804226e+02    3.9780285841e+00    5.1200000000e+02    1.5197628223e-03    4.4368489583e-01
       151   -3.1813492987e+01    1.0136165914e+03   -5.5321211295e+01    2.3507718308e+01    3.5512356549e+01    1.5778018497e+01   -1.1045361245e+02    3.8420261110e+00    5.1200000000e+02    1.5164843701e-03    4.4970703125e-01
       152   -3.1757955821e+01    1.0101026405e+03   -5.5455951992e+01    2.3697996172e+01    3.5364352827e+01    1.5778018497e+01   -1.1057568337e+02    3.9773600562e+00    5.1200000000e+02    1.5040745752e-03    4.4580078125e-01
       153   -3.1822362122e+01    1.0140877820e+03   -5.5403805267e+01    2.3581443146e+01    3.5281430760e+01    1.5778018497e+01   -1.1027566162e+02    3.8124070976e+00    5.1200000000e+02    1.5121637451e-03    4.5833333333e-01
       154   -3.1845096948e+01    1.0153604821e+03   -5.5636824824e+01    2.3791727876e+01    3.5433992479e+01    1.5778018497e+01   -1.1101378724e+02    4.1649514410e+00    5.1200000000e+02    1.5037561743e-03    4.4319661458e-01
       155   -3.1865085397e+01    1.0169606317e+03   -5.5750999080e+01    2.3885913683e+01    3.5331205144e+01    1.5778018497e+01   -1.1094030081e+02    4.0800780862e+00    5.1200000000e+02    1.5085824683e-03    4.3750000000e-01
       156   -3.1850013165e+01    1.0159121006e+03   -5.5677940292e+01    2.3827927127e+01    3.5225060669e+01    1.5778018497e+01   -1.1071207909e+02    4.0310596350e+00    5.1200000000e+02    1.4987295117e-03    4.4694010417e-01
       157   -3.1866379097e+01    1.0168873545e+03   -5.5596882585e+01    2.3730503488e+01    3.5197098219e+01    1.5778018497e+01   -1.1068358789e+02    4.1115885905e+00    5.1200000000e+02    1.4985027222e-03    4.4547526042e-01
       158   -3.1976730929e+01    1.0243864575e+03   -5.6102830093e+01    2.4126099164e+01    3.5338961513e+01    1.5778018497e+01   -1.1119748299e+02    3.9776728895e+00    5.1200000000e+02    1.5054457080e-03    4.3473307292e-01
       159   -3.1877406493e+01    1.0178375467e+03   -5.6234169333e+01    2.4356762841e+01    3.5370237939e+01    1.5778018497e+01   -1.1112475311e+02    3.7423273369e+00    5.1200000000e+02    1.5096084058e-03    4.4580078125e-01
       160   -3.1920191263e+01    1.0203326707e+03   -5.5622932927e+01    2.3702741664e+01    3.5349081441e+01    1.5778018497e+01   -1.1080237910e+02    4.0523462330e+00    5.1200000000e+02    1.5163756104e-03    4.5507812500e-01
       161   -3.1920775726e+01    1.0204073863e+03   -5.4972347338e+01    2.3051571611e+01    3.5426258915e+01    1.5778018497e+01   -1.1078517465e+02    4.6085498991e+00    5.1200000000e+02    1.5189003564e-03    4.5605468750e-01
       162   -3.2012096345e+01    1.0262449348e+03   -5.5676011571e+01    2.3663915227e+01    3.5465199814e+01    1.5778018497e+01   -1.1081595063e+02    3.8967207431e+00    5.1200000000e+02    1.5158499512e-03    4.4986979167e-01
       163   -3.1969475208e+01    1.0235805126e+03   -5.4945462291e+01    2.2975987083e+01    3.5406395457e+01    1.5778018497e+01   -1.1028857882e+02    4.1587025771e+00    5.1200000000e+02    1.5175915698e-03    4.5686848958e-01
       164   -3.2028629843e+01    1.0273092453e+03   -5.5013523768e+01    2.2984893926e+01    3.5532999676e+01    1.5778018497e+01   -1.1060972900e+02    4.2851870571e+00    5.1200000000e+02    1.5194811060e-03    4.5572916667e-01
       165   -3.1963801827e+01    1.0231549511e+03   -5.5115222011e+01    2.3151420184e+01    3.5398312819e+01    1.5778018497e+01   -1.1029087340e+02    3.9993200690e+00    5.1200000000e+02    1.5152131030e-03    4.5621744792e-01
       166   -3.1949136366e+01    1.0221214588e+03   -5.5574369488e+01    2.3625233122e+01    3.5391380621e+01    1.5778018497e+01   -1.1058528913e+02    3.8415205218e+00    5.1200000000e+02    1.5155319849e-03    4.5084635417e-01
       167   -3.1925674770e+01    1.0209085410e+03   -5.5709069057e+01    2.3783394288e+01    3.5359654957e+01    1.5778018497e+01   -1.1080512175e+02    3.9583792356e+00    5.1200000000e+02    1.5247849512e-03    4.5996093750e-01
       168   -3.1820943801e+01    1.0140207096e+03   -5.5073596258e+01    2.3252652457e+01    3.5447261613e+01    1.5778018497e+01   -1.1072864702e+02    4.4297706522e+00    5.1200000000e+02    1.5207853442e-03    4.4921875000e-01
       169   -3.1843027116e+01    1.0153679832e+03   -5.5309284005e+01    2.3466256889e+01    3.5688245789e+01    1.5778018497e+01   -1.1077319258e+02    3.9976442876e+00    5.1200000000e+02    1.5269502271e-03    4.3961588542e-01
       170   -3.1848355462e+01    1.0160225098e+03   -5.5022230019e+01    2.3173874558e+01    3.5677275253e+01    1.5778018497e+01   -1.1055938940e+02    4.0818656267e+00    5.1200000000e+02    1.5353963623e-03    4.6061197917e-01
       171   -3.1872700462e+01    1.0175624863e+03   -5.5473179244e+01    2.3600478782e+01    3.5534389772e+01    1.5778018497e+01   -1.1028955406e+02    3.5039665510e+00    5.1200000000e+02    1.5240957275e-03    4.5003255208e-01
       172   -3.1815558714e+01    1.0136086641e+03   -5.5720286811e+01    2.3904728097e+01    3.5544046215e+01    1.5778018497e+01   -1.1038400553e+02    3.3416540094e+00    5.1200000000e+02    1.5236920361e-03    4.5133463542e-01
       173   -3.1869332248e+01    1.0171450678e+03   -5.5835425236e+01    2.3966092987e+01    3.5605208720e+01    1.5778018497e+01   -1.1073975463e+02    3.5211021782e+00    5.1200000000e+02    1.5161622144e-03    4.4335937500e-01
       174   -3.1866000823e+01    1.0167673638e+03   -5.5749197539e+01    2.3883196716e+01    3.5686084446e+01    1.5778018497e+01   -1.1144313625e+02    4.2298357697e+00    5.1200000000e+02    1.5322151196e-03    4.6110026042e-01
       175   -3.1856072905e+01    1.0171426436e+03   -5.5782539988e+01    2.3926467083e+01    3.5660854806e+01    1.5778018497e+01   -1.1147703501e+02    4.2556217214e+00    5.1200000000e+02    1.5262795679e-03    4.4791666667e-01
       176   -3.1859986060e+01    1.0165541259e+03   -5.6079993147e+01    2.4220007087e+01    3.5762434124e+01    1.5778018497e+01   -1.1177263390e+02    4.1521881343e+00    5.1200000000e+02    1.5216536401e-03    4.4222005208e-01
       177   -3.1856975752e+01    1.0163738209e+03   -5.6301688008e+01    2.4444712255e+01    3.5598250051e+01    1.5778018497e+01   -1.1123185793e+02    3.5539013771e+00    5.1200000000e+02    1.5110298779e-03    4.5100911458e-01
       178   -3.1886618434e+01    1.0181638376e+03   -5.5990205078e+01    2.4103586644e+01    3.5565342467e+01    1.5778018497e+01   -1.1105226393e+02    3.7186978893e+00    5.1200000000e+02    1.5171290454e-03    4.4694010417e-01
       179   -3.1802463797e+01    1.0128045768e+03   -5.5458714383e+01    2.3656250586e+01    3.5635740334e+01    1.5778018497e+01   -1.1104116845e+02    4.1686952362e+00    5.1200000000e+02    1.5084028979e-03    4.5231119792e-01
       180   -3.1831138669e+01    1.0156060278e+03   -5.5160721408e+01    2.3329582739e+01    3.5624569984e+01    1.5778018497e+01   -1.1084162345e+02    4.2783135651e+00    5.1200000000e+02    1.5106277271e-03    4.4645182292e-01
       181   -3.1840579470e+01    1.0151344233e+03   -5.5187998122e+01    2.3347418653e+01    3.5770736817e+01    1.5778018497e+01   -1.1103835301e+02    4.3015995703e+00    5.1200000000e+02    1.5281934546e-03    4.4775390625e-01
       182   -3.1728242151e+01    1.0079762811e+03   -5.5270067431e+01    2.3541825280e+01    3.5742364252e+01    1.5778018497e+01   -1.1139834512e+02    4.6078949358e+00    5.1200000000e+02    1.5246400635e-03    4.4238281250e-01
       183   -3.1769135043e+01    1.0104305690e+03   -5.5395488530e+01    2.3626353486e+01    3.5594799958e+01    1.5778018497e+01   -1.1085287260e+02    4.0845656210e+00    5.1200000000e+02    1.5279005103e-03    4.4873046875e-01
       184   -3.1827858518e+01    1.0143295131e+03   -5.5509634098e+01    2.3681775580e+01    3.5791829035e+01    1.5778018497e+01   -1.1103407631e+02    3.9545946759e+00    5.1200000000e+02    1.5196085449e-03    4.3961588542e-01
       185   -3.1891276160e+01    1.0182832084e+03   -5.5616411363e+01    2.3725135203e+01    3.5775360489e+01    1.5778018497e+01   -1.1128581145e+02    4.1160210960e+00    5.1200000000e+02    1.5182013330e-03    4.4498697917e-01
       186   -3.1832072264e+01    1.0147602400e+03   -5.6099941457e+01    2.4267869192e+01    3.5757013581e+01    1.5778018497e+01   -1.1172557650e+02    4.0906029672e+00    5.1200000000e+02    1.5266725928e-03    4.3945312500e-01
       187   -3.1856199243e+01    1.0161934936e+03   -5.6207383939e+01    2.4351184696e+01    3.5730301502e+01    1.5778018497e+01   -1.1176364839e+02    4.0479444529e+00    5.1200000000e+02    1.5262715747e-03    4.4807942708e-01
       188   -3.1843709544e+01    1.0154396755e+03   -5.5698475600e+01    2.3854766056e+01    3.5633742212e+01    1.5778018497e+01   -1.1113985382e+02    4.0296175155e+00    5.1200000000e+02    1.5217569116e-03    4.4091796875e-01
       189   -3.1869617146e+01    1.0175687097e+03   -5.5254441949e+01    2.3384824802e+01    3.5719415980e+01    1.5778018497e+01   -1.1126086124e+02    4.5089848156e+00    5.1200000000e+02    1.5237927271e-03    4.4417317708e-01
       190   -3.1878006337e+01    1.0175574022e+03   -5.5066263376e+01    2.3188257039e+01    3.5796905021e+01    1.5778018497e+01   -1.1097807495e+02    4.3368880582e+00    5.1200000000e+02    1.5266411426e-03    4.4482421875e-01
       191   -3.1874352354e+01    1.0174048260e+03   -5.5002442113e+01    2.3128089759e+01    3.5956285295e+01    1.5778018497e+01   -1.1098905672e+02    4.2523108131e+00    5.1200000000e+02    1.5272513550e-03    4.5117187500e-01
       192   -3.1832092589e+01    1.0147287492e+03   -5.5790463513e+01    2.3958370924e+01    3.5746134675e+01    1.5778018497e+01   -1.1140737406e+02    4.0927573731e+00    5.1200000000e+02    1.5291670386e-03    4.4807942708e-01
       193   -3.1896964875e+01    1.0188509298e+03   -5.5522930918e+01    2.3625966043e+01    3.5792097540e+01    1.5778018497e+01   -1.1132782629e+02    4.2347793363e+00    5.1200000000e+02    1.5298740918e-03    4.5312500000e-01
       194   -3.1807464071e+01    1.0132125091e+03   -5.5905626652e+01    2.4098162580e+01    3.5689604405e+01    1.5778018497e+01   -1.1125105206e+02    3.8778025111e+00    5.1200000000e+02    1.5376350610e-03    4.4873046875e-01
       195   -3.1830381838e+01    1.0145879238e+03   -5.6026834881e+01    2.4196453042e+01    3.5848904993e+01    1.5778018497e+01   -1.1120480278e+02    3.5510444060e+00    5.1200000000e+02    1.5335127075e-03    4.5231119792e-01
       196   -3.1937280231e+01    1.0217914103e+03   -5.6007703821e+01    2.4070423589e+01    3.5877332671e+01    1.5778018497e+01   -1.1114274040e+02    3.4796854156e+00    5.1200000000e+02    1.5424389600e-03    4.5052083333e-01
       197   -3.1897493704e+01    1.0189349319e+03   -5.5754685554e+01    2.3857191850e+01    3.5661578854e+01    1.5778018497e+01   -1.1102931154e+02    3.8350286311e+00    5.1200000000e+02    1.5342603198e-03    4.4645182292e-01
       198   -3.1823218034e+01    1.0142324535e+03   -5.6039446038e+01    2.4216228004e+01    3.5673137127e+01    1.5778018497e+01   -1.1113087877e+02    3.6402771124e+00    5.1200000000e+02    1.5322352490e-03    4.5052083333e-01
       199   -3.1876814611e+01    1.0177304649e+03   -5.6025655852e+01    2.4148841240e+01    3.5671880422e+01    1.5778018497e+01   -1.1147081467e+02    3.9952598968e+00    5.1200000000e+02    1.5289525171e-03    4.3538411458e-01
