#   index    LocalEnergy         LocalEnergy_sq      LocalPotential      Kinetic             ElecElec            IonIon              LocalECP            NonLocalECP         BlockWeight         BlockCPU            AcceptRatio         
         0   -3.1884291181e+01    1.0182563911e+03   -5.6804938155e+01    2.4920646974e+01    3.5264239799e+01    1.5778018497e+01   -1.1109951441e+02    3.2523179645e+00    5.1200000000e+02    1.5242576978e-03    4.4173177083e-01
         1   -3.1944366943e+01    1.0220893888e+03   -5.6483624213e+01    2.4539257270e+01    3.5479489397e+01    1.5778018497e+01   -1.1172628199e+02    3.9851498808e+00    5.1200000000e+02    1.5298152148e-03    4.3782552083e-01
         2   -3.1989629458e+01    1.0251370919e+03   -5.6882506428e+01    2.4892876969e+01    3.5700854959e+01    1.5778018497e+01   -1.1249726750e+02    4.1358876184e+00    5.1200000000e+02    1.5355693042e-03    4.5638020833e-01
         3   -3.1987952492e+01    1.0247313961e+03   -5.6209044557e+01    2.4221092065e+01    3.5826504628e+01    1.5778018497e+01   -1.1152163293e+02    3.7080652530e+00    5.1200000000e+02    1.5405217798e-03    4.4563802083e-01
         4   -3.1986879374e+01    1.0247346456e+03   -5.5669515694e+01    2.3682636320e+01    3.5768963708e+01    1.5778018497e+01   -1.1122916332e+02    4.0126654175e+00    5.1200000000e+02    1.5367422070e-03    4.4140625000e-01
         5   -3.1858090696e+01    1.0162328058e+03   -5.5696323083e+01    2.3838232387e+01    3.5799883412e+01    1.5778018497e+01   -1.1081741095e+02    3.5431859610e+00    5.1200000000e+02    1.5359300732e-03    4.4661458333e-01
         6   -3.1860687511e+01    1.0165107575e+03   -5.5728705357e+01    2.3868017846e+01    3.5598799728e+01    1.5778018497e+01   -1.1020721928e+02    3.1016956995e+00    5.1200000000e+02    1.5236621118e-03    4.3619791667e-01
         7   -3.1892932973e+01    1.0185029946e+03   -5.5556074309e+01    2.3663141336e+01    3.5534150695e+01    1.5778018497e+01   -1.1049409150e+02    3.6258480012e+00    5.1200000000e+02    1.5268395923e-03    4.5540364583e-01
         8   -3.1986475216e+01    1.0247410441e+03   -5.5787083511e+01    2.3800608295e+01    3.5669637896e+01    1.5778018497e+01   -1.1122076541e+02    3.9860255051e+00    5.1200000000e+02    1.5256283618e-03    4.4694010417e-01
         9   -3.1969312788e+01    1.0234176778e+03   -5.5601082256e+01    2.3631769468e+01    3.5535186353e+01    1.5778018497e+01   -1.1089345644e+02    3.9791693347e+00    5.1200000000e+02    1.5275973242e-03    4.4807942708e-01
        10   -3.1953058948e+01    1.0222807654e+03   -5.5584302417e+01    2.3631243469e+01    3.5492078939e+01    1.5778018497e+01   -1.1073725286e+02    3.8828530080e+00    5.1200000000e+02    1.5118928442e-03    4.5052083333e-01
        11   -3.1927280764e+01    1.0206075468e+03   -5.5533810396e+01    2.3606529632e+01    3.5354664189e+01    1.5778018497e+01   -1.1069536960e+02    4.0288765184e+00    5.1200000000e+02    1.5133620264e-03    4.4856770833e-01
        12   -3.1917938968e+01    1.0201455090e+03   -5.5671980667e+01    2.3754041698e+01    3.5337835203e+01    1.5778018497e+01   -1.1084175594e+02    4.0539215712e+00    5.1200000000e+02    1.5199997559e-03    4.4824218750e-01
        13   -3.1944620036e+01    1.0218445003e+03   -5.5366007313e+01    2.3421387276e+01    3.5408431922e+01    1.5778018497e+01   -1.1088712649e+02    4.3346687549e+00    5.1200000000e+02    1.5198355298e-03    4.5182291667e-01
        14   -3.1915759117e+01    1.0201176340e+03   -5.5567703911e+01    2.3651944794e+01    3.5327102097e+01    1.5778018497e+01   -1.1034856232e+02    3.6757378161e+00    5.1200000000e+02    1.5130422339e-03    4.4531250000e-01
        15   -3.1924229575e+01    1.0208112690e+03   -5.5707463831e+01    2.3783234257e+01    3.5301597948e+01    1.5778018497e+01   -1.1044120096e+02    3.6541206848e+00    5.1200000000e+02    1.5176464185e-03    4.5849609375e-01
        16   -3.1906303106e+01    1.0194066184e+03   -5.5759712209e+01    2.3853409103e+01    3.5255038972e+01    1.5778018497e+01   -1.1071487992e+02    3.9221102460e+00    5.1200000000e+02    1.5095643164e-03    4.5914713542e-01
        17   -3.1900548531e+01    1.0191214726e+03   -5.5858203481e+01    2.3957654949e+01    3.5333083666e+01    1.5778018497e+01   -1.1067941642e+02    3.7101107803e+00    5.1200000000e+02    1.5164824341e-03    4.4873046875e-01
        18   -3.1856382416e+01    1.0163239156e+03   -5.5348673436e+01    2.3492291020e+01    3.5492849733e+01    1.5778018497e+01   -1.1014906940e+02    3.5295277342e+00    5.1200000000e+02    1.5194295117e-03    4.5670572917e-01
        19   -3.1841801558e+01    1.0155596988e+03   -5.5221474732e+01    2.3379673174e+01    3.5350909701e+01    1.5778018497e+01   -1.0993251975e+02    3.5821168225e+00    5.1200000000e+02    1.5113203491e-03    4.4938151042e-01
        20   -3.1859914935e+01    1.0165013121e+03   -5.5466200882e+01    2.3606285946e+01    3.5488897004e+01    1.5778018497e+01   -1.1078285384e+02    4.0497374595e+00    5.1200000000e+02    1.5216411865e-03    4.4580078125e-01
        21   -3.1866751703e+01    1.0170538737e+03   -5.4883988615e+01    2.3017236913e+01    3.5599173289e+01    1.5778018497e+01   -1.1052209980e+02    4.2609194039e+00    5.1200000000e+02    1.5278787915e-03    4.5442708333e-01
        22   -3.1889311109e+01    1.0184537084e+03   -5.5270702606e+01    2.3381391497e+01    3.5331243924e+01    1.5778018497e+01   -1.1051150218e+02    4.1315371487e+00    5.1200000000e+02    1.5203494702e-03    4.5198567708e-01
        23   -3.1894131072e+01    1.0185640247e+03   -5.5458682246e+01    2.3564551174e+01    3.5331285386e+01    1.5778018497e+01   -1.1046287214e+02    3.8948860129e+00    5.1200000000e+02    1.5213365674e-03    4.4319661458e-01
        24   -3.1805947014e+01    1.0128169612e+03   -5.5465461766e+01    2.3659514753e+01    3.5284592549e+01    1.5778018497e+01   -1.1029938888e+02    3.7713160657e+00    5.1200000000e+02    1.5176601270e-03    4.4840494792e-01
        25   -3.1867172405e+01    1.0168223346e+03   -5.6067112838e+01    2.4199940433e+01    3.5323143759e+01    1.5778018497e+01   -1.1085913788e+02    3.6908627821e+00    5.1200000000e+02    1.5143332593e-03    4.3684895833e-01
        26   -3.1953076861e+01    1.0224204674e+03   -5.6010640619e+01    2.4057563758e+01    3.5474473121e+01    1.5778018497e+01   -1.1160256201e+02    4.3394297685e+00    5.1200000000e+02    1.5237484595e-03    4.4970703125e-01
        27   -3.1930325899e+01    1.0210200804e+03   -5.5751371593e+01    2.3821045694e+01    3.5469092781e+01    1.5778018497e+01   -1.1092384881e+02    3.9253659410e+00    5.1200000000e+02    1.5280985010e-03    4.4352213542e-01
        28   -3.1942790099e+01    1.0218149466e+03   -5.5956147703e+01    2.4013357604e+01    3.5453859649e+01    1.5778018497e+01   -1.1121360767e+02    4.0255818204e+00    5.1200000000e+02    1.5260259277e-03    4.4075520833e-01
        29   -3.1943217058e+01    1.0220504446e+03   -5.5728173372e+01    2.3784956313e+01    3.5688394631e+01    1.5778018497e+01   -1.1142723367e+02    4.2326471731e+00    5.1200000000e+02    1.5333754761e-03    4.4401041667e-01
        30   -3.1948307488e+01    1.0218718043e+03   -5.5370562468e+01    2.3422254980e+01    3.5594809388e+01    1.5778018497e+01   -1.1063392980e+02    3.8905394456e+00    5.1200000000e+02    1.5320641333e-03    4.4108072917e-01
        31   -3.1921250967e+01    1.0202738664e+03   -5.5746320138e+01    2.3825069171e+01    3.5451156571e+01    1.5778018497e+01   -1.1068197924e+02    3.7064840302e+00    5.1200000000e+02    1.5305975024e-03    4.5247395833e-01
        32   -3.2002380148e+01    1.0264149993e+03   -5.5960570958e+01    2.3958190809e+01    3.5633049757e+01    1.5778018497e+01   -1.1059207662e+02    3.2204374109e+00    5.1200000000e+02    1.5308934912e-03    4.4514973958e-01
        33   -3.1903360651e+01    1.0191776850e+03   -5.5709567024e+01    2.3806206372e+01    3.5530140619e+01    1.5778018497e+01   -1.1070884402e+02    3.6911178762e+00    5.1200000000e+02    1.5194205371e-03    4.5719401042e-01
        34   -3.1943168028e+01    1.0217705436e+03   -5.5993354542e+01    2.4050186514e+01    3.5573834632e+01    1.5778018497e+01   -1.1136407753e+02    4.0188698585e+00    5.1200000000e+02    1.5145286914e-03    4.4514973958e-01
        35   -3.1992182497e+01    1.0249374519e+03   -5.5293302713e+01    2.3301120216e+01    3.5597888845e+01    1.5778018497e+01   -1.1130804141e+02    4.6388313589e+00    5.1200000000e+02    1.5299504858e-03    4.5133463542e-01
        36   -3.1942642062e+01    1.0219631159e+03   -5.5331213358e+01    2.3388571296e+01    3.5665231661e+01    1.5778018497e+01   -1.1128592108e+02    4.5114575672e+00    5.1200000000e+02    1.5341372290e-03    4.4156901042e-01
        37   -3.1910690716e+01    1.0196259788e+03   -5.5133461888e+01    2.3222771172e+01    3.5611518793e+01    1.5778018497e+01   -1.1060862221e+02    4.0856230312e+00    5.1200000000e+02    1.5246178687e-03    4.3652343750e-01
        38   -3.1888146265e+01    1.0181325372e+03   -5.4898078273e+01    2.3009932008e+01    3.5670276623e+01    1.5778018497e+01   -1.1051104250e+02    4.1646691071e+00    5.1200000000e+02    1.5293662476e-03    4.4986979167e-01
        39   -3.1945066391e+01    1.0219303592e+03   -5.4814913080e+01    2.2869846690e+01    3.5651960688e+01    1.5778018497e+01   -1.1076910929e+02    4.5242170223e+00    5.1200000000e+02    1.5261826074e-03    4.5442708333e-01
        40   -3.1974434310e+01    1.0236787660e+03   -5.5317211529e+01    2.3342777219e+01    3.5745344997e+01    1.5778018497e+01   -1.1093106080e+02    4.0904857773e+00    5.1200000000e+02    1.5205602856e-03    4.4173177083e-01
        41   -3.1971626794e+01    1.0238171414e+03   -5.5215470806e+01    2.3243844011e+01    3.5690902626e+01    1.5778018497e+01   -1.1092796237e+02    4.2435704462e+00    5.1200000000e+02    1.5189406763e-03    4.3066406250e-01
        42   -3.1986630072e+01    1.0250141225e+03   -5.5749658343e+01    2.3763028271e+01    3.5702731529e+01    1.5778018497e+01   -1.1069834008e+02    3.4679317111e+00    5.1200000000e+02    1.5310721094e-03    4.4596354167e-01
        43   -3.1996863902e+01    1.0255043395e+03   -5.6126902575e+01    2.4130038673e+01    3.5629117490e+01    1.5778018497e+01   -1.1137511170e+02    3.8410731425e+00    5.1200000000e+02    1.5296147192e-03    4.4384765625e-01
        44   -3.1968679699e+01    1.0237937776e+03   -5.5895037181e+01    2.3926357482e+01    3.5491016276e+01    1.5778018497e+01   -1.1123271082e+02    4.0686388623e+00    5.1200000000e+02    1.5259654517e-03    4.4986979167e-01
        45   -3.1932625832e+01    1.0213583311e+03   -5.5560417561e+01    2.3627791729e+01    3.5454680133e+01    1.5778018497e+01   -1.1073963007e+02    3.9465138776e+00    5.1200000000e+02    1.5088950537e-03    4.4970703125e-01
        46   -3.1946701317e+01    1.0219203115e+03   -5.5246464398e+01    2.3299763081e+01    3.5477947467e+01    1.5778018497e+01   -1.1045208635e+02    3.9496559917e+00    5.1200000000e+02    1.5159648389e-03    4.4938151042e-01
        47   -3.2070694837e+01    1.0300718694e+03   -5.5236698474e+01    2.3166003637e+01    3.5451862716e+01    1.5778018497e+01   -1.1104075861e+02    4.5741789221e+00    5.1200000000e+02    1.5117896973e-03    4.4514973958e-01
        48   -3.1973474635e+01    1.0236622664e+03   -5.5924822152e+01    2.3951347517e+01    3.5270727193e+01    1.5778018497e+01   -1.1099114657e+02    4.0175787279e+00    5.1200000000e+02    1.5165620752e-03    4.5166015625e-01
        49   -3.1971941740e+01    1.0236612602e+03   -5.5575251722e+01    2.3603309982e+01    3.5266122885e+01    1.5778018497e+01   -1.1032862456e+02    3.7092314550e+00    5.1200000000e+02    1.5113655200e-03    4.3440755208e-01
        50   -3.1880006461e+01    1.0180031702e+03   -5.5290773677e+01    2.3410767216e+01    3.5361838971e+01    1.5778018497e+01   -1.1027844259e+02    3.8478114444e+00    5.1200000000e+02    1.5223178247e-03    4.5605468750e-01
        51   -3.1891258491e+01    1.0185322685e+03   -5.5307871907e+01    2.3416613416e+01    3.5372749402e+01    1.5778018497e+01   -1.1029280789e+02    3.8341680850e+00    5.1200000000e+02    1.5141030127e-03    4.4938151042e-01
        52   -3.1911656664e+01    1.0195239104e+03   -5.4922531485e+01    2.3010874821e+01    3.5388147331e+01    1.5778018497e+01   -1.1008883164e+02    4.0001343238e+00    5.1200000000e+02    1.5258192749e-03    4.6679687500e-01
        53   -3.1854959601e+01    1.0160805746e+03   -5.5288352998e+01    2.3433393397e+01    3.5305626824e+01    1.5778018497e+01   -1.1045902534e+02    4.0870270190e+00    5.1200000000e+02    1.5179871631e-03    4.4645182292e-01
        54   -3.1936769137e+01    1.0215243892e+03   -5.5648044407e+01    2.3711275270e+01    3.5365254172e+01    1.5778018497e+01   -1.1055690854e+02    3.7655914636e+00    5.1200000000e+02    1.5220257324e-03    4.4433593750e-01
        55   -3.2019639048e+01    1.0271580884e+03   -5.4742619576e+01    2.2722980528e+01    3.5355433943e+01    1.5778018497e+01   -1.1044842721e+02    4.5723551925e+00    5.1200000000e+02    1.5274959863e-03    4.5475260417e-01
        56   -3.1899747101e+01    1.0191211765e+03   -5.5297935514e+01    2.3398188413e+01    3.5278722276e+01    1.5778018497e+01   -1.1048408820e+02    4.1294119175e+00    5.1200000000e+02    1.5205015796e-03    4.5800781250e-01
        57   -3.1807393649e+01    1.0129081152e+03   -5.5758047152e+01    2.3950653502e+01    3.5307136496e+01    1.5778018497e+01   -1.1051659159e+02    3.6733894443e+00    5.1200000000e+02    1.5203190210e-03    4.4580078125e-01
        58   -3.1839648816e+01    1.0149889800e+03   -5.5039896608e+01    2.3200247792e+01    3.5465977815e+01    1.5778018497e+01   -1.1013032972e+02    3.8464368030e+00    5.1200000000e+02    1.5173736255e-03    4.5214843750e-01
        59   -3.1893752014e+01    1.0184039737e+03   -5.4863604440e+01    2.2969852426e+01    3.5397806066e+01    1.5778018497e+01   -1.1005627517e+02    4.0168461648e+00    5.1200000000e+02    1.5180687866e-03    4.5345052083e-01
        60   -3.1822003173e+01    1.0139108773e+03   -5.5887472211e+01    2.4065469038e+01    3.5374541384e+01    1.5778018497e+01   -1.1031718893e+02    3.2771568361e+00    5.1200000000e+02    1.5118168457e-03    4.5133463542e-01
        61   -3.1798479755e+01    1.0129267825e+03   -5.5285487777e+01    2.3487008023e+01    3.5321664867e+01    1.5778018497e+01   -1.0971308075e+02    3.3279096064e+00    5.1200000000e+02    1.5091199292e-03    4.4466145833e-01
        62   -3.1885347418e+01    1.0179615671e+03   -5.4695253183e+01    2.2809905765e+01    3.5226505007e+01    1.5778018497e+01   -1.0906633423e+02    3.3665575468e+00    5.1200000000e+02    1.5131772827e-03    4.4873046875e-01
        63   -3.1914306371e+01    1.0197864590e+03   -5.5631228829e+01    2.3716922458e+01    3.5461302855e+01    1.5778018497e+01   -1.0951967087e+02    2.6491206912e+00    5.1200000000e+02    1.5226617603e-03    4.3733723958e-01
        64   -3.1934469610e+01    1.0210312853e+03   -5.4979878883e+01    2.3045409272e+01    3.5307626882e+01    1.5778018497e+01   -1.0958082795e+02    3.5153036841e+00    5.1200000000e+02    1.5206942920e-03    4.5068359375e-01
        65   -3.1873238832e+01    1.0171287880e+03   -5.4976834787e+01    2.3103595955e+01    3.5424264950e+01    1.5778018497e+01   -1.0990646797e+02    3.7273497402e+00    5.1200000000e+02    1.5200226001e-03    4.4563802083e-01
        66   -3.1897833116e+01    1.0188527110e+03   -5.5254290044e+01    2.3356456928e+01    3.5438493032e+01    1.5778018497e+01   -1.1011255972e+02    3.6417581515e+00    5.1200000000e+02    1.5129453052e-03    4.4938151042e-01
        67   -3.1838926209e+01    1.0152580066e+03   -5.5827110426e+01    2.3988184217e+01    3.5478446970e+01    1.5778018497e+01   -1.1084406527e+02    3.7604893780e+00    5.1200000000e+02    1.5235606860e-03    4.5638020833e-01
        68   -3.1886074144e+01    1.0181615434e+03   -5.5654537352e+01    2.3768463208e+01    3.5403407471e+01    1.5778018497e+01   -1.1064217074e+02    3.8062074225e+00    5.1200000000e+02    1.5185861963e-03    4.5589192708e-01
        69   -3.1957711428e+01    1.0226711069e+03   -5.5504349803e+01    2.3546638375e+01    3.5434472441e+01    1.5778018497e+01   -1.1086184533e+02    4.1450045936e+00    5.1200000000e+02    1.5078120557e-03    4.4807942708e-01
        70   -3.1955742863e+01    1.0226725325e+03   -5.5861346614e+01    2.3905603751e+01    3.5438889595e+01    1.5778018497e+01   -1.1065628239e+02    3.5780276890e+00    5.1200000000e+02    1.5155264697e-03    4.5524088542e-01
        71   -3.1895499078e+01    1.0190996954e+03   -5.5527460306e+01    2.3631961228e+01    3.5504083927e+01    1.5778018497e+01   -1.1058689689e+02    3.7773341579e+00    5.1200000000e+02    1.5193470776e-03    4.5686848958e-01
        72   -3.1918784754e+01    1.0203729811e+03   -5.5290976181e+01    2.3372191428e+01    3.5648498252e+01    1.5778018497e+01   -1.1091127421e+02    4.1937812818e+00    5.1200000000e+02    1.5213737256e-03    4.4921875000e-01
        73   -3.1959394172e+01    1.0231088949e+03   -5.5668515670e+01    2.3709121498e+01    3.5612317697e+01    1.5778018497e+01   -1.1159642106e+02    4.5375691950e+00    5.1200000000e+02    1.5169369531e-03    4.4628906250e-01
        74   -3.1907486157e+01    1.0194231498e+03   -5.5584935236e+01    2.3677449079e+01    3.5660001301e+01    1.5778018497e+01   -1.1179116412e+02    4.7682090887e+00    5.1200000000e+02    1.5162688086e-03    4.4986979167e-01
        75   -3.1843753376e+01    1.0154793960e+03   -5.6209980177e+01    2.4366226801e+01    3.5770325795e+01    1.5778018497e+01   -1.1240457763e+02    4.6462531587e+00    5.1200000000e+02    1.5206534521e-03    4.5393880208e-01
        76   -3.1851432571e+01    1.0160719331e+03   -5.6009346734e+01    2.4157914162e+01    3.5787357873e+01    1.5778018497e+01   -1.1209141191e+02    4.5166888045e+00    5.1200000000e+02    1.5228146582e-03    4.5540364583e-01
        77   -3.1825917990e+01    1.0141917999e+03   -5.6180430809e+01    2.4354512820e+01    3.5666516649e+01    1.5778018497e+01   -1.1136282805e+02    3.7378620931e+00    5.1200000000e+02    1.5290673022e-03    4.4254557292e-01
        78   -3.1841298713e+01    1.0152098552e+03   -5.5671160690e+01    2.3829861977e+01    3.5588523397e+01    1.5778018497e+01   -1.1081125183e+02    3.7735492432e+00    5.1200000000e+02    1.5229101123e-03    4.3912760417e-01
        79   -3.1854069513e+01    1.0160241942e+03   -5.5320182903e+01    2.3466113391e+01    3.5545147650e+01    1.5778018497e+01   -1.1076792414e+02    4.1245750935e+00    5.1200000000e+02    1.5315098047e-03    4.4026692708e-01
        80   -3.1819705379e+01    1.0137747437e+03   -5.5422732268e+01    2.3603026889e+01    3.5735515379e+01    1.5778018497e+01   -1.1073176650e+02    3.7955003553e+00    5.1200000000e+02    1.5162859521e-03    4.4417317708e-01
        81   -3.1855801234e+01    1.0160565643e+03   -5.5395753473e+01    2.3539952239e+01    3.5726301278e+01    1.5778018497e+01   -1.1066377573e+02    3.7637024839e+00    5.1200000000e+02    1.5177360547e-03    4.4759114583e-01
        82   -3.1875573446e+01    1.0176665074e+03   -5.5836328662e+01    2.3960755216e+01    3.5877617589e+01    1.5778018497e+01   -1.1119116844e+02    3.6992036932e+00    5.1200000000e+02    1.5146391650e-03    4.4807942708e-01
        83   -3.1850335195e+01    1.0159134772e+03   -5.5572397135e+01    2.3722061940e+01    3.5599546406e+01    1.5778018497e+01   -1.1094031334e+02    3.9903513015e+00    5.1200000000e+02    1.5173162598e-03    4.5654296875e-01
        84   -3.1914879287e+01    1.0199110974e+03   -5.5265746000e+01    2.3350866714e+01    3.5623426572e+01    1.5778018497e+01   -1.1060473566e+02    3.9375445942e+00    5.1200000000e+02    1.5105489233e-03    4.4270833333e-01
        85   -3.1822986405e+01    1.0139786620e+03   -5.5563452563e+01    2.3740466158e+01    3.5504117846e+01    1.5778018497e+01   -1.1052366030e+02    3.6780713911e+00    5.1200000000e+02    1.5111636377e-03    4.5491536458e-01
        86   -3.1866458533e+01    1.0166421368e+03   -5.5543099791e+01    2.3676641258e+01    3.5548411801e+01    1.5778018497e+01   -1.1073607774e+02    3.8665476502e+00    5.1200000000e+02    1.5210717603e-03    4.4889322917e-01
        87   -3.1875194805e+01    1.0175422104e+03   -5.5695577935e+01    2.3820383130e+01    3.5390644207e+01    1.5778018497e+01   -1.1087159812e+02    4.0073574803e+00    5.1200000000e+02    1.5206945093e-03    4.5003255208e-01
        88   -3.1877082235e+01    1.0176751442e+03   -5.6014369562e+01    2.4137287327e+01    3.5479790919e+01    1.5778018497e+01   -1.1118790968e+02    3.9157307035e+00    5.1200000000e+02    1.5203272803e-03    4.3766276042e-01
        89   -3.1850392477e+01    1.0158483220e+03   -5.6307173347e+01    2.4456780870e+01    3.5768135624e+01    1.5778018497e+01   -1.1138091705e+02    3.5275895838e+00    5.1200000000e+02    1.5295395972e-03    4.4156901042e-01
        90   -3.1954634758e+01    1.0228413099e+03   -5.6143028715e+01    2.4188393957e+01    3.5645082054e+01    1.5778018497e+01   -1.1127351696e+02    3.7073876904e+00    5.1200000000e+02    1.5309401562e-03    4.4205729167e-01
        91   -3.1943762013e+01    1.0218315810e+03   -5.6188563052e+01    2.4244801039e+01    3.5753329273e+01    1.5778018497e+01   -1.1157879057e+02    3.8588797445e+00    5.1200000000e+02    1.5325407813e-03    4.4677734375e-01
        92   -3.1829705197e+01    1.0147438289e+03   -5.5757095993e+01    2.3927390795e+01    3.5599174740e+01    1.5778018497e+01   -1.1070811339e+02    3.5738241604e+00    5.1200000000e+02    1.5285988159e-03    4.4173177083e-01
        93   -3.1856432573e+01    1.0164134078e+03   -5.5337012236e+01    2.3480579664e+01    3.5462598989e+01    1.5778018497e+01   -1.1084758771e+02    4.2699579840e+00    5.1200000000e+02    1.5229201367e-03    4.5475260417e-01
        94   -3.1920359186e+01    1.0205583583e+03   -5.5182255585e+01    2.3261896399e+01    3.5398121679e+01    1.5778018497e+01   -1.1102351290e+02    4.6651171366e+00    5.1200000000e+02    1.5214801636e-03    4.4612630208e-01
        95   -3.2006107331e+01    1.0268074225e+03   -5.5361364149e+01    2.3355256819e+01    3.5541365325e+01    1.5778018497e+01   -1.1091154408e+02    4.2307961110e+00    5.1200000000e+02    1.5236376343e-03    4.3994140625e-01
        96   -3.1951890445e+01    1.0225018385e+03   -5.5408910465e+01    2.3457020021e+01    3.5531827559e+01    1.5778018497e+01   -1.1137631574e+02    4.6575592236e+00    5.1200000000e+02    1.5248278369e-03    4.5719401042e-01
        97   -3.1938217172e+01    1.0213912723e+03   -5.5524750575e+01    2.3586533403e+01    3.5553884707e+01    1.5778018497e+01   -1.1135901497e+02    4.5023611930e+00    5.1200000000e+02    1.5151866650e-03    4.4612630208e-01
        98   -3.2039809693e+01    1.0282606491e+03   -5.6142650662e+01    2.4102840969e+01    3.5336625580e+01    1.5778018497e+01   -1.1144520273e+02    4.1879079958e+00    5.1200000000e+02    1.5197810352e-03    4.5572916667e-01
        99   -3.1928404030e+01    1.0209902296e+03   -5.6084825229e+01    2.4156421199e+01    3.5605943545e+01    1.5778018497e+01   -1.1128600862e+02    3.8172213528e+00    5.1200000000e+02    1.5265351904e-03    4.4270833333e-01
       100   -3.1929321330e+01    1.0209763171e+03   -5.6521133536e+01    2.4591812207e+01    3.5500231213e+01    1.5778018497e+01   -1.1169862168e+02    3.8992384337e+00    5.1200000000e+02    1.5194608862e-03    4.4596354167e-01
       101   -3.1918391210e+01    1.0203649064e+03   -5.5944461052e+01    2.4026069843e+01    3.5715380319e+01    1.5778018497e+01   -1.1139547705e+02    3.9576171871e+00    5.1200000000e+02    1.5266761133e-03    4.4026692708e-01
       102   -3.1865546327e+01    1.0168650655e+03   -5.4815266231e+01    2.2949719904e+01    3.5465418688e+01    1.5778018497e+01   -1.1032519999e+02    4.2664965774e+00    5.1200000000e+02    1.5315954907e-03    4.5442708333e-01
       103   -3.1895585004e+01    1.0187421940e+03   -5.5348254286e+01    2.3452669282e+01    3.5463617954e+01    1.5778018497e+01   -1.1055073314e+02    3.9608424079e+00    5.1200000000e+02    1.5176584448e-03    4.4222005208e-01
       104   -3.1753384401e+01    1.0094974657e+03   -5.6150234576e+01    2.4396850174e+01    3.5321880713e+01    1.5778018497e+01   -1.1066258805e+02    3.4124542640e+00    5.1200000000e+02    1.5166184326e-03    4.5296223958e-01
       105   -3.1882262566e+01    1.0180197627e+03   -5.6143436464e+01    2.4261173898e+01    3.5566027496e+01    1.5778018497e+01   -1.1084307141e+02    3.3555889484e+00    5.1200000000e+02    1.5302888159e-03    4.5735677083e-01
       106   -3.1887548475e+01    1.0182881633e+03   -5.6053994102e+01    2.4166445627e+01    3.5675673264e+01    1.5778018497e+01   -1.1118581739e+02    3.6781315227e+00    5.1200000000e+02    1.5330834961e-03    4.4124348958e-01
       107   -3.1902219646e+01    1.0190858866e+03   -5.5702790492e+01    2.3800570846e+01    3.5679507742e+01    1.5778018497e+01   -1.1108507401e+02    3.9247572843e+00    5.1200000000e+02    1.5278514136e-03    4.5263671875e-01
       108   -3.1869189117e+01    1.0172270930e+03   -5.6283151389e+01    2.4413962271e+01    3.5689911050e+01    1.5778018497e+01   -1.1204159531e+02    4.2905143734e+00    5.1200000000e+02    1.5265096802e-03    4.4531250000e-01
       109   -3.1945924667e+01    1.0219864874e+03   -5.6026363418e+01    2.4080438751e+01    3.5632145543e+01    1.5778018497e+01   -1.1146493913e+02    4.0284116746e+00    5.1200000000e+02    1.5194191211e-03    4.5149739583e-01
       110   -3.1893393630e+01    1.0186096693e+03   -5.6113618694e+01    2.4220225063e+01    3.5791611924e+01    1.5778018497e+01   -1.1172455638e+02    4.0413072611e+00    5.1200000000e+02    1.5314227002e-03    4.5572916667e-01
       111   -3.1863962970e+01    1.0166956818e+03   -5.5868055056e+01    2.4004092086e+01    3.5761318436e+01    1.5778018497e+01   -1.1205487034e+02    4.6474783515e+00    5.1200000000e+02    1.5190092285e-03    4.3896484375e-01
       112   -3.1923157781e+01    1.0205778100e+03   -5.5601687966e+01    2.3678530185e+01    3.5641996032e+01    1.5778018497e+01   -1.1147430113e+02    4.4525986348e+00    5.1200000000e+02    1.5221026929e-03    4.5719401042e-01
       113   -3.1854658439e+01    1.0159304906e+03   -5.5671558491e+01    2.3816900052e+01    3.5739397112e+01    1.5778018497e+01   -1.1181219991e+02    4.6232258070e+00    5.1200000000e+02    1.5315337427e-03    4.6077473958e-01
       114   -3.1860049353e+01    1.0162885451e+03   -5.6076861545e+01    2.4216812192e+01    3.5553342245e+01    1.5778018497e+01   -1.1185386218e+02    4.4456398884e+00    5.1200000000e+02    1.5182403931e-03    4.5182291667e-01
       115   -3.1876881144e+01    1.0173553578e+03   -5.5952219168e+01    2.4075338024e+01    3.5480260407e+01    1.5778018497e+01   -1.1173576764e+02    4.5252695731e+00    5.1200000000e+02    1.5131094678e-03    4.5052083333e-01
       116   -3.1802960835e+01    1.0128792574e+03   -5.6329188485e+01    2.4526227649e+01    3.5631264603e+01    1.5778018497e+01   -1.1204473032e+02    4.3062587380e+00    5.1200000000e+02    1.5210132471e-03    4.5361328125e-01
       117   -3.1844299816e+01    1.0156597091e+03   -5.6399769739e+01    2.4555469923e+01    3.5649109171e+01    1.5778018497e+01   -1.1194569699e+02    4.1187995826e+00    5.1200000000e+02    1.5127699341e-03    4.3977864583e-01
       118   -3.1823141210e+01    1.0145884772e+03   -5.5617615257e+01    2.3794474047e+01    3.5510054731e+01    1.5778018497e+01   -1.1108852508e+02    4.1828365994e+00    5.1200000000e+02    1.5135119531e-03    4.4726562500e-01
       119   -3.1878795112e+01    1.0178086207e+03   -5.5838047796e+01    2.3959252684e+01    3.5668982740e+01    1.5778018497e+01   -1.1113227170e+02    3.8472226691e+00    5.1200000000e+02    1.5197147290e-03    4.3880208333e-01
       120   -3.1852333314e+01    1.0168957073e+03   -5.6349631999e+01    2.4497298684e+01    3.5675516189e+01    1.5778018497e+01   -1.1169385286e+02    3.8906861723e+00    5.1200000000e+02    1.5141206177e-03    4.4824218750e-01
       121   -3.1847310347e+01    1.0157183135e+03   -5.5699852834e+01    2.3852542487e+01    3.5786686734e+01    1.5778018497e+01   -1.1159348229e+02    4.3289242284e+00    5.1200000000e+02    1.5070929712e-03    4.3831380208e-01
       122   -3.1752919828e+01    1.0101175370e+03   -5.5874852924e+01    2.4121933096e+01    3.5574915866e+01    1.5778018497e+01   -1.1086794622e+02    3.6401589363e+00    5.1200000000e+02    1.5282288354e-03    4.5540364583e-01
       123   -3.1856557314e+01    1.0161315426e+03   -5.5311013069e+01    2.3454455754e+01    3.5499050529e+01    1.5778018497e+01   -1.1086472468e+02    4.2766425814e+00    5.1200000000e+02    1.5230961914e-03    4.4140625000e-01
       124   -3.1816490729e+01    1.0137684565e+03   -5.5690085461e+01    2.3873594732e+01    3.5853040600e+01    1.5778018497e+01   -1.1127321961e+02    3.9520750521e+00    5.1200000000e+02    1.5311640747e-03    4.4466145833e-01
       125   -3.1785183380e+01    1.0117619640e+03   -5.5299964714e+01    2.3514781334e+01    3.5794496823e+01    1.5778018497e+01   -1.1080014367e+02    3.9276636361e+00    5.1200000000e+02    1.5323154346e-03    4.5149739583e-01
       126   -3.1828886950e+01    1.0146651519e+03   -5.5467736209e+01    2.3638849259e+01    3.5681719222e+01    1.5778018497e+01   -1.1088195865e+02    3.9544847175e+00    5.1200000000e+02    1.5217458667e-03    4.5345052083e-01
       127   -3.1864529628e+01    1.0167960270e+03   -5.5502589557e+01    2.3638059929e+01    3.5697270238e+01    1.5778018497e+01   -1.1082730219e+02    3.8494239002e+00    5.1200000000e+02    1.5222040698e-03    4.5735677083e-01
       128   -3.1843129706e+01    1.0153678689e+03   -5.5618027646e+01    2.3774897941e+01    3.5816501571e+01    1.5778018497e+01   -1.1115707800e+02    3.9445302873e+00    5.1200000000e+02    1.5259772778e-03    4.4368489583e-01
       129   -3.1821113950e+01    1.0143377505e+03   -5.5633008086e+01    2.3811894136e+01    3.5951806155e+01    1.5778018497e+01   -1.1158334930e+02    4.2205165659e+00    5.1200000000e+02    1.5257849023e-03    4.4742838542e-01
       130   -3.1854368311e+01    1.0160748257e+03   -5.6511834426e+01    2.4657466116e+01    3.5931918705e+01    1.5778018497e+01   -1.1248893768e+02    4.2671660514e+00    5.1200000000e+02    1.5207823169e-03    4.5052083333e-01
       131   -3.1817901306e+01    1.0136943678e+03   -5.5677896362e+01    2.3859995056e+01    3.5750529342e+01    1.5778018497e+01   -1.1181797700e+02    4.6115328004e+00    5.1200000000e+02    1.5193482715e-03    4.5117187500e-01
       132   -3.1797298895e+01    1.0126256430e+03   -5.5646962882e+01    2.3849663988e+01    3.5660011458e+01    1.5778018497e+01   -1.1149309250e+02    4.4080996638e+00    5.1200000000e+02    1.5160689111e-03    4.3636067708e-01
       133   -3.1766179417e+01    1.0104543880e+03   -5.5946111607e+01    2.4179932190e+01    3.5711631639e+01    1.5778018497e+01   -1.1164852388e+02    4.2127621411e+00    5.1200000000e+02    1.5219072388e-03    4.4531250000e-01
       134   -3.1773699917e+01    1.0112485654e+03   -5.5415380673e+01    2.3641680756e+01    3.5743660423e+01    1.5778018497e+01   -1.1164321206e+02    4.7061524626e+00    5.1200000000e+02    1.5332774512e-03    4.5572916667e-01
       135   -3.1860219004e+01    1.0166202123e+03   -5.5715374208e+01    2.3855155204e+01    3.5648213595e+01    1.5778018497e+01   -1.1159914337e+02    4.4575370665e+00    5.1200000000e+02    1.5333140112e-03    4.5426432292e-01
       136   -3.1813202364e+01    1.0134854493e+03   -5.5724995032e+01    2.3911792668e+01    3.5663321196e+01    1.5778018497e+01   -1.1126362067e+02    4.0972859445e+00    5.1200000000e+02    1.5404176880e-03    4.4759114583e-01
       137   -3.1830668319e+01    1.0144228905e+03   -5.5186899043e+01    2.3356230724e+01    3.5580690679e+01    1.5778018497e+01   -1.1034098837e+02    3.7953801520e+00    5.1200000000e+02    1.5301750073e-03    4.3750000000e-01
       138   -3.1795619600e+01    1.0123212920e+03   -5.5438958729e+01    2.3643339129e+01    3.5592715243e+01    1.5778018497e+01   -1.1089439064e+02    4.0846981672e+00    5.1200000000e+02    1.5342199609e-03    4.5784505208e-01
       139   -3.1888329843e+01    1.0184235306e+03   -5.5704153092e+01    2.3815823250e+01    3.5518114334e+01    1.5778018497e+01   -1.1101047372e+02    4.0101877990e+00    5.1200000000e+02    1.5248276172e-03    4.5149739583e-01
       140   -3.1909292880e+01    1.0198638814e+03   -5.6328000318e+01    2.4418707438e+01    3.5540360722e+01    1.5778018497e+01   -1.1159973137e+02    3.9533518344e+00    5.1200000000e+02    1.5270471191e-03    4.4954427083e-01
       141   -3.1953283690e+01    1.0226503397e+03   -5.6328641803e+01    2.4375358113e+01    3.5810615622e+01    1.5778018497e+01   -1.1176994859e+02    3.8526726719e+00    5.1200000000e+02    1.5284148096e-03    4.4156901042e-01
       142   -3.1904069447e+01    1.0192908834e+03   -5.6447008571e+01    2.4542939124e+01    3.5681484120e+01    1.5778018497e+01   -1.1204592735e+02    4.1394161634e+00    5.1200000000e+02    1.5255485181e-03    4.5312500000e-01
       143   -3.1837847608e+01    1.0152844688e+03   -5.6152373821e+01    2.4314526213e+01    3.5666321811e+01    1.5778018497e+01   -1.1167356916e+02    4.0768550257e+00    5.1200000000e+02    1.5124952246e-03    4.5019531250e-01
       144   -3.1892742415e+01    1.0187275745e+03   -5.6760480010e+01    2.4867737596e+01    3.5679206405e+01    1.5778018497e+01   -1.1185720057e+02    3.6394956565e+00    5.1200000000e+02    1.5239100903e-03    4.4303385417e-01
       145   -3.1829936027e+01    1.0148311087e+03   -5.5536073645e+01    2.3706137619e+01    3.5663369808e+01    1.5778018497e+01   -1.1181324544e+02    4.8357834860e+00    5.1200000000e+02    1.5212333813e-03    4.4580078125e-01
       146   -3.1927837613e+01    1.0209490357e+03   -5.5607578007e+01    2.3679740394e+01    3.5701973091e+01    1.5778018497e+01   -1.1118812322e+02    4.1005536217e+00    5.1200000000e+02    1.5327806519e-03    4.4694010417e-01
       147   -3.1908118593e+01    1.0200519533e+03   -5.5872281388e+01    2.3964162795e+01    3.5678617918e+01    1.5778018497e+01   -1.1133177005e+02    4.0028522443e+00    5.1200000000e+02    1.5326355591e-03    4.5117187500e-01
       148   -3.1906953199e+01    1.0193265505e+03   -5.5710433571e+01    2.3803480372e+01    3.5599260044e+01    1.5778018497e+01   -1.1110374501e+02    4.0160328962e+00    5.1200000000e+02    1.5372326880e-03    4.5377604167e-01
       149   -3.1912834002e+01    1.0199183653e+03   -5.5449746045e+01    2.3536912043e+01    3.5697939907e+01    1.5778018497e+01   -1.1122780800e+02    4.3021035507e+00    5.1200000000e+02    1.5320921680e-03    4.4873046875e-01
       150   -3.1794553404e+01    1.0123918826e+03   -5.5473342946e+01    2.3678789543e+01    3.5662030363e+01    1.5778018497e+01   -1.1123909769e+02    4.3257058834e+00    5.1200000000e+02    1.5304943921e-03    4.4319661458e-01
       151   -3.1847425462e+01    1.0155912795e+03   -5.4956708905e+01    2.3109283444e+01    3.5631519440e+01    1.5778018497e+01   -1.1083653380e+02    4.4702869607e+00    5.1200000000e+02    1.5282344019e-03    4.5817057292e-01
       152   -3.1916622600e+01    1.0201431049e+03   -5.5694581362e+01    2.3777958762e+01    3.5470286904e+01    1.5778018497e+01   -1.1068888241e+02    3.7459956462e+00    5.1200000000e+02    1.5237633789e-03    4.4726562500e-01
       153   -3.1942579402e+01    1.0222786988e+03   -5.5775402286e+01    2.3832822884e+01    3.5508064151e+01    1.5778018497e+01   -1.1107465304e+02    4.0131681067e+00    5.1200000000e+02    1.5244931738e-03    4.4205729167e-01
       154   -3.2018321444e+01    1.0271226012e+03   -5.5622479475e+01    2.3604158031e+01    3.5415964906e+01    1.5778018497e+01   -1.1116512817e+02    4.3486652962e+00    5.1200000000e+02    1.5247370068e-03    4.4433593750e-01
       155   -3.1921045946e+01    1.0204531592e+03   -5.5753836056e+01    2.3832790110e+01    3.5467234803e+01    1.5778018497e+01   -1.1100208920e+02    4.0029998413e+00    5.1200000000e+02    1.5325014526e-03    4.5279947917e-01
       156   -3.1975079638e+01    1.0238882131e+03   -5.5569416080e+01    2.3594336443e+01    3.5571078382e+01    1.5778018497e+01   -1.1137647159e+02    4.4579586346e+00    5.1200000000e+02    1.5307747729e-03    4.4384765625e-01
       157   -3.1960629765e+01    1.0231047027e+03   -5.5635675327e+01    2.3675045563e+01    3.5727020798e+01    1.5778018497e+01   -1.1139479623e+02    4.2540816122e+00    5.1200000000e+02    1.5297227539e-03    4.5686848958e-01
       158   -3.1883710507e+01    1.0180335575e+03   -5.5232858775e+01    2.3349148268e+01    3.5629597270e+01    1.5778018497e+01   -1.1086244815e+02    4.2219736056e+00    5.1200000000e+02    1.5244878101e-03    4.5003255208e-01
       159   -3.1927324389e+01    1.0208990399e+03   -5.4997169924e+01    2.3069845534e+01    3.5675096425e+01    1.5778018497e+01   -1.1043384608e+02    3.9835612390e+00    5.1200000000e+02    1.5351691577e-03    4.4156901042e-01
       160   -3.1941491708e+01    1.0216509074e+03   -5.4945760894e+01    2.3004269186e+01    3.5642874373e+01    1.5778018497e+01   -1.1055925516e+02    4.1926013921e+00    5.1200000000e+02    1.5296910962e-03    4.5052083333e-01
       161   -3.1867291475e+01    1.0170223106e+03   -5.5105845457e+01    2.3238553982e+01    3.5739843295e+01    1.5778018497e+01   -1.1046640922e+02    3.8427019695e+00    5.1200000000e+02    1.5256787158e-03    4.5605468750e-01
       162   -3.1942471088e+01    1.0216081197e+03   -5.4677238571e+01    2.2734767483e+01    3.5587529065e+01    1.5778018497e+01   -1.0979461694e+02    3.7518308030e+00    5.1200000000e+02    1.5169238086e-03    4.5182291667e-01
       163   -3.1851774232e+01    1.0159335337e+03   -5.5145260409e+01    2.3293486177e+01    3.5629612624e+01    1.5778018497e+01   -1.1037080144e+02    3.8179099086e+00    5.1200000000e+02    1.5199406812e-03    4.6370442708e-01
       164   -3.1821383975e+01    1.0140191355e+03   -5.5466762817e+01    2.3645378842e+01    3.5496411184e+01    1.5778018497e+01   -1.1077456919e+02    4.0333766902e+00    5.1200000000e+02    1.5207482129e-03    4.4840494792e-01
       165   -3.1815582187e+01    1.0136648743e+03   -5.5508933729e+01    2.3693351543e+01    3.5530219069e+01    1.5778018497e+01   -1.1113999393e+02    4.3228226353e+00    5.1200000000e+02    1.5284134473e-03    4.5312500000e-01
       166   -3.1952866356e+01    1.0223489635e+03   -5.6269239464e+01    2.4316373108e+01    3.5591711161e+01    1.5778018497e+01   -1.1180892616e+02    4.1699570345e+00    5.1200000000e+02    1.5298084912e-03    4.5166015625e-01
       167   -3.1854750862e+01    1.0160039290e+03   -5.5703392714e+01    2.3848641852e+01    3.5707713560e+01    1.5778018497e+01   -1.1128255712e+02    4.0934323526e+00    5.1200000000e+02    1.5286335205e-03    4.4498697917e-01
       168   -3.1895260909e+01    1.0190949381e+03   -5.5508646491e+01    2.3613385582e+01    3.5696475192e+01    1.5778018497e+01   -1.1118374696e+02    4.2006067777e+00    5.1200000000e+02    1.5270808789e-03    4.5882161458e-01
       169   -3.1795760721e+01    1.0126388596e+03   -5.5196736504e+01    2.3400975783e+01    3.5743356870e+01    1.5778018497e+01   -1.1098804674e+02    4.2699348692e+00    5.1200000000e+02    1.5207517603e-03    4.4889322917e-01
       170   -3.1781443121e+01    1.0114278537e+03   -5.5394368665e+01    2.3612925544e+01    3.5667900942e+01    1.5778018497e+01   -1.1076862301e+02    3.9283349055e+00    5.1200000000e+02    1.5188369604e-03    4.5100911458e-01
       171   -3.1795561441e+01    1.0123312129e+03   -5.6038790032e+01    2.4243228592e+01    3.5516590390e+01    1.5778018497e+01   -1.1098531334e+02    3.6519144195e+00    5.1200000000e+02    1.5315204224e-03    4.5377604167e-01
       172   -3.1835077878e+01    1.0151665338e+03   -5.5929549263e+01    2.4094471385e+01    3.5570094709e+01    1.5778018497e+01   -1.1114984483e+02    3.8721823583e+00    5.1200000000e+02    1.5305590625e-03    4.5247395833e-01
       173   -3.1864627152e+01    1.0166806420e+03   -5.5622181385e+01    2.3757554234e+01    3.5419396231e+01    1.5778018497e+01   -1.1076623754e+02    3.9466414266e+00    5.1200000000e+02    1.5261804980e-03    4.4401041667e-01
       174   -3.1819535473e+01    1.0140040285e+03   -5.5865172486e+01    2.4045637013e+01    3.5788171507e+01    1.5778018497e+01   -1.1135605849e+02    3.9246960031e+00    5.1200000000e+02    1.5263134595e-03    4.4108072917e-01
       175   -3.1813398876e+01    1.0144027964e+03   -5.5529615556e+01    2.3716216680e+01    3.5573600797e+01    1.5778018497e+01   -1.1077589638e+02    3.8946615335e+00    5.1200000000e+02    1.5197943359e-03    4.3652343750e-01
       176   -3.1811657091e+01    1.0135697328e+03   -5.5563899430e+01    2.3752242338e+01    3.5649815361e+01    1.5778018497e+01   -1.1129288414e+02    4.3011508515e+00    5.1200000000e+02    1.5302865479e-03    4.4335937500e-01
       177   -3.1834777387e+01    1.0151562466e+03   -5.5951013084e+01    2.4116235697e+01    3.5676036448e+01    1.5778018497e+01   -1.1138700931e+02    3.9819412767e+00    5.1200000000e+02    1.5386220850e-03    4.5247395833e-01
       178   -3.1820222017e+01    1.0140825932e+03   -5.6366162385e+01    2.4545940368e+01    3.5494973045e+01    1.5778018497e+01   -1.1171006593e+02    4.0709120065e+00    5.1200000000e+02    1.5231729272e-03    4.4791666667e-01
       179   -3.1818081001e+01    1.0137492876e+03   -5.5872772038e+01    2.4054691037e+01    3.5519956987e+01    1.5778018497e+01   -1.1100148607e+02    3.8307385506e+00    5.1200000000e+02    1.5194559717e-03    4.4921875000e-01
       180   -3.1948829605e+01    1.0224482201e+03   -5.6201265813e+01    2.4252436209e+01    3.5605201019e+01    1.5778018497e+01   -1.1122153716e+02    3.6370518314e+00    5.1200000000e+02    1.5173289111e-03    4.5117187500e-01
       181   -3.1890420649e+01    1.0181731629e+03   -5.5800990117e+01    2.3910569467e+01    3.5607894582e+01    1.5778018497e+01   -1.1104243212e+02    3.8555289243e+00    5.1200000000e+02    1.5172911255e-03    4.4807942708e-01
       182   -3.1869820202e+01    1.0171872913e+03   -5.5822312133e+01    2.3952491931e+01    3.5366729367e+01    1.5778018497e+01   -1.1054683527e+02    3.5797752703e+00    5.1200000000e+02    1.5131917725e-03    4.4433593750e-01
       183   -3.1908881314e+01    1.0197811614e+03   -5.6411007395e+01    2.4502126081e+01    3.5384606371e+01    1.5778018497e+01   -1.1123152443e+02    3.6578921658e+00    5.1200000000e+02    1.5236085791e-03    4.4352213542e-01
       184   -3.1902468800e+01    1.0192185706e+03   -5.5641579200e+01    2.3739110399e+01    3.5526701394e+01    1.5778018497e+01   -1.1059941800e+02    3.6531189137e+00    5.1200000000e+02    1.5137326733e-03    4.4889322917e-01
       185   -3.1869090872e+01    1.0170822902e+03   -5.5572318281e+01    2.3703227409e+01    3.5339580771e+01    1.5778018497e+01   -1.1046594183e+02    3.7760242850e+00    5.1200000000e+02    1.5184440186e-03    4.4840494792e-01
       186   -3.1813232990e+01    1.0132621122e+03   -5.5923894006e+01    2.4110661016e+01    3.5465294303e+01    1.5778018497e+01   -1.1087925396e+02    3.7120471505e+00    5.1200000000e+02    1.5225669727e-03    4.5149739583e-01
       187   -3.1940803927e+01    1.0217289372e+03   -5.5589020633e+01    2.3648216706e+01    3.5389775424e+01    1.5778018497e+01   -1.1091355350e+02    4.1567389487e+00    5.1200000000e+02    1.5218604956e-03    4.4889322917e-01
       188   -3.1935459231e+01    1.0213328951e+03   -5.5563136483e+01    2.3627677251e+01    3.5502112533e+01    1.5778018497e+01   -1.1086532218e+02    4.0220546624e+00    5.1200000000e+02    1.5149931421e-03    4.4889322917e-01
       189   -3.1908618112e+01    1.0196358148e+03   -5.5405363788e+01    2.3496745676e+01    3.5636520525e+01    1.5778018497e+01   -1.1117778435e+02    4.3578815375e+00    5.1200000000e+02    1.5086902881e-03    4.4124348958e-01
       190   -3.1901069023e+01    1.0190772374e+03   -5.5348057273e+01    2.3446988250e+01    3.5489440598e+01    1.5778018497e+01   -1.1050987544e+02    3.8943590715e+00    5.1200000000e+02    1.5119254321e-03    4.4791666667e-01
       191   -3.1895623908e+01    1.0185480809e+03   -5.5279169441e+01    2.3383545533e+01    3.5515297303e+01    1.5778018497e+01   -1.1024331967e+02    3.6708344291e+00    5.1200000000e+02    1.5104003882e-03    4.5149739583e-01
       192   -3.1862975521e+01    1.0165250765e+03   -5.4835409158e+01    2.2972433638e+01    3.5489172244e+01    1.5778018497e+01   -1.0971609824e+02    3.6134983406e+00    5.1200000000e+02    1.5085351392e-03    4.4547526042e-01
       193   -3.1876350632e+01    1.0176781587e+03   -5.4675526532e+01    2.2799175900e+01    3.5454200766e+01    1.5778018497e+01   -1.1001052500e+02    4.1027792032e+00    5.1200000000e+02    1.5092875928e-03    4.5654296875e-01
       194   -3.2027714097e+01    1.0273082317e+03   -5.5124422843e+01    2.3096708747e+01    3.5565069137e+01    1.5778018497e+01   -1.1039500524e+02    3.9274947617e+00    5.1200000000e+02    1.5237189917e-03    4.5491536458e-01
       195   -3.1892588588e+01    1.0185028859e+03   -5.4801129596e+01    2.2908541009e+01    3.5617201453e+01    1.5778018497e+01   -1.1045857011e+02    4.2622205686e+00    5.1200000000e+02    1.5193242310e-03    4.4596354167e-01
       196   -3.1914435604e+01    1.0197814172e+03   -5.5083539593e+01    2.3169103990e+01    3.5626357207e+01    1.5778018497e+01   -1.1046716604e+02    3.9792507475e+00    5.1200000000e+02    1.5083529663e-03    4.4335937500e-01
       197   -3.1852664508e+01    1.0164428722e+03   -5.5700175203e+01    2.3847510696e+01    3.5657889852e+01    1.5778018497e+01   -1.1104385208e+02    3.9077685260e+00    5.1200000000e+02    1.5266636353e-03    4.6777343750e-01
       198   -3.1861362085e+01    1.0165472518e+03   -5.5428772130e+01    2.3567410045e+01    3.5661556502e+01    1.5778018497e+01   -1.1094182702e+02    4.0734798889e+00    5.1200000000e+02    1.5244395728e-03    4.5426432292e-01
       199   -3.1862589399e+01    1.0167796206e+03   -5.5876598719e+01    2.4014009320e+01    3.5885922303e+01    1.5778018497e+01   -1.1155708728e+02    4.0165477564e+00    5.1200000000e+02    1.5245038867e-03    4.4970703125e-01
