#   index    LocalEnergy         LocalEnergy_sq      LocalPotential      Kinetic             ElecElec            IonIon              LocalECP            NonLocalECP         BlockWeight         BlockCPU            AcceptRatio         
         0   -3.1776635169e+01    1.0111970880e+03   -5.5818747943e+01    2.4042112775e+01    3.5671133644e+01    1.5778018497e+01   -1.1125207802e+02    3.9841779310e+00    5.1200000000e+02    1.5280852686e-03    4.5589192708e-01
         1   -3.1823672842e+01    1.0140330618e+03   -5.5678096878e+01    2.3854424036e+01    3.5506627548e+01    1.5778018497e+01   -1.1106019493e+02    4.0974520097e+00    5.1200000000e+02    1.5197400244e-03    4.4873046875e-01
         2   -3.1818577162e+01    1.0138596757e+03   -5.5597510367e+01    2.3778933205e+01    3.5714105170e+01    1.5778018497e+01   -1.1136569441e+02    4.2760603793e+00    5.1200000000e+02    1.5252715698e-03    4.5182291667e-01
         3   -3.1834900716e+01    1.0152384701e+03   -5.5403725645e+01    2.3568824929e+01    3.5407519040e+01    1.5778018497e+01   -1.1071807326e+02    4.1288100756e+00    5.1200000000e+02    1.5293133667e-03    4.4352213542e-01
         4   -3.1817479911e+01    1.0137169541e+03   -5.5988671875e+01    2.4171191964e+01    3.5615994983e+01    1.5778018497e+01   -1.1122976853e+02    3.8470831756e+00    5.1200000000e+02    1.5307185547e-03    4.4661458333e-01
         5   -3.1889298839e+01    1.0181783384e+03   -5.5403918300e+01    2.3514619461e+01    3.5619257745e+01    1.5778018497e+01   -1.1101944514e+02    4.2182505970e+00    5.1200000000e+02    1.5361620898e-03    4.4612630208e-01
         6   -3.1928347349e+01    1.0209302872e+03   -5.5490256491e+01    2.3561909143e+01    3.5420657376e+01    1.5778018497e+01   -1.1071449434e+02    4.0255619768e+00    5.1200000000e+02    1.5264327271e-03    4.4710286458e-01
         7   -3.1988183139e+01    1.0253341856e+03   -5.5486054186e+01    2.3497871047e+01    3.5445335560e+01    1.5778018497e+01   -1.1081854985e+02    4.1091416123e+00    5.1200000000e+02    1.5167458398e-03    4.3961588542e-01
         8   -3.1896599163e+01    1.0188855827e+03   -5.4907189371e+01    2.3010590208e+01    3.5488037473e+01    1.5778018497e+01   -1.1075910598e+02    4.5858606396e+00    5.1200000000e+02    1.5066219067e-03    4.4238281250e-01
         9   -3.1904701861e+01    1.0196195162e+03   -5.5535824669e+01    2.3631122808e+01    3.5463474895e+01    1.5778018497e+01   -1.1140227032e+02    4.6249522608e+00    5.1200000000e+02    1.5150615894e-03    4.4954427083e-01
        10   -3.1845060860e+01    1.0153870714e+03   -5.5612142885e+01    2.3767082025e+01    3.5387389513e+01    1.5778018497e+01   -1.1078879002e+02    4.0112391285e+00    5.1200000000e+02    1.5215408618e-03    4.4905598958e-01
        11   -3.1879818783e+01    1.0177557809e+03   -5.5180846607e+01    2.3301027824e+01    3.5448002228e+01    1.5778018497e+01   -1.1004892089e+02    3.6420535612e+00    5.1200000000e+02    1.5153280151e-03    4.4645182292e-01
        12   -3.1893508697e+01    1.0188275110e+03   -5.5838568525e+01    2.3945059828e+01    3.5566615278e+01    1.5778018497e+01   -1.1130961368e+02    4.1264113819e+00    5.1200000000e+02    1.5291307617e-03    4.6110026042e-01
        13   -3.1881092920e+01    1.0179605763e+03   -5.5209224444e+01    2.3328131524e+01    3.5399239604e+01    1.5778018497e+01   -1.1036307620e+02    3.9765936580e+00    5.1200000000e+02    1.5205285229e-03    4.4677734375e-01
        14   -3.1836995526e+01    1.0151217745e+03   -5.5908618578e+01    2.4071623052e+01    3.5406547518e+01    1.5778018497e+01   -1.1037232672e+02    3.2791421263e+00    5.1200000000e+02    1.5255474854e-03    4.4352213542e-01
        15   -3.1833238742e+01    1.0146518106e+03   -5.6082567900e+01    2.4249329158e+01    3.5586443583e+01    1.5778018497e+01   -1.1127405965e+02    3.8270296677e+00    5.1200000000e+02    1.5340252539e-03    4.5117187500e-01
        16   -3.1896591809e+01    1.0190843219e+03   -5.5777880083e+01    2.3881288273e+01    3.5485064670e+01    1.5778018497e+01   -1.1132044667e+02    4.2794834183e+00    5.1200000000e+02    1.5169263281e-03    4.4742838542e-01
        17   -3.1931191947e+01    1.0212385207e+03   -5.5824690765e+01    2.3893498819e+01    3.5532200246e+01    1.5778018497e+01   -1.1127126357e+02    4.1363540672e+00    5.1200000000e+02    1.5125312451e-03    4.3717447917e-01
        18   -3.1959679968e+01    1.0230412562e+03   -5.5552448465e+01    2.3592768497e+01    3.5498463878e+01    1.5778018497e+01   -1.1109353443e+02    4.2646035882e+00    5.1200000000e+02    1.5115062793e-03    4.4645182292e-01
        19   -3.1838684627e+01    1.0152086821e+03   -5.5899648000e+01    2.4060963373e+01    3.5654540195e+01    1.5778018497e+01   -1.1154596765e+02    4.2137609584e+00    5.1200000000e+02    1.5203333179e-03    4.4889322917e-01
        20   -3.1811387781e+01    1.0133560959e+03   -5.6271824601e+01    2.4460436820e+01    3.5740263286e+01    1.5778018497e+01   -1.1195306368e+02    4.1629572958e+00    5.1200000000e+02    1.5225083301e-03    4.3945312500e-01
        21   -3.1807726048e+01    1.0131138951e+03   -5.6497025596e+01    2.4689299549e+01    3.5831287326e+01    1.5778018497e+01   -1.1220632338e+02    4.0999919568e+00    5.1200000000e+02    1.5332186304e-03    4.3798828125e-01
        22   -3.1805810349e+01    1.0129474913e+03   -5.6098473383e+01    2.4292663034e+01    3.5674027869e+01    1.5778018497e+01   -1.1166777209e+02    4.1172523365e+00    5.1200000000e+02    1.5213216382e-03    4.4026692708e-01
        23   -3.1791849548e+01    1.0120335358e+03   -5.6019390560e+01    2.4227541011e+01    3.5651927770e+01    1.5778018497e+01   -1.1137359803e+02    3.9242612067e+00    5.1200000000e+02    1.5232454761e-03    4.5426432292e-01
        24   -3.1853090412e+01    1.0166726386e+03   -5.6411012321e+01    2.4557921909e+01    3.5948950562e+01    1.5778018497e+01   -1.1192616933e+02    3.7881879476e+00    5.1200000000e+02    1.5268001685e-03    4.4628906250e-01
        25   -3.1822027121e+01    1.0139655661e+03   -5.6154825855e+01    2.4332798734e+01    3.5700751680e+01    1.5778018497e+01   -1.1144089054e+02    3.8072945101e+00    5.1200000000e+02    1.5288187354e-03    4.5670572917e-01
        26   -3.1886859488e+01    1.0184991566e+03   -5.6084073287e+01    2.4197213799e+01    3.5749784528e+01    1.5778018497e+01   -1.1178345029e+02    4.1715739742e+00    5.1200000000e+02    1.5276847729e-03    4.5279947917e-01
        27   -3.1873640228e+01    1.0174449102e+03   -5.6408804607e+01    2.4535164379e+01    3.5741880039e+01    1.5778018497e+01   -1.1223387301e+02    4.3051698646e+00    5.1200000000e+02    1.5305084937e-03    4.4449869792e-01
        28   -3.1910094828e+01    1.0196539073e+03   -5.6005367739e+01    2.4095272910e+01    3.5566105593e+01    1.5778018497e+01   -1.1149727777e+02    4.1477859454e+00    5.1200000000e+02    1.5205992529e-03    4.4205729167e-01
        29   -3.1904776917e+01    1.0195328173e+03   -5.5863133437e+01    2.3958356519e+01    3.5557798199e+01    1.5778018497e+01   -1.1116674905e+02    3.9677989203e+00    5.1200000000e+02    1.5198611182e-03    4.4661458333e-01
        30   -3.1864423576e+01    1.0169129730e+03   -5.5937882153e+01    2.4073458577e+01    3.5403807655e+01    1.5778018497e+01   -1.1156346271e+02    4.4437544041e+00    5.1200000000e+02    1.5195336279e-03    4.5133463542e-01
        31   -3.1910388924e+01    1.0203867458e+03   -5.5799001403e+01    2.3888612479e+01    3.5475752172e+01    1.5778018497e+01   -1.1143309896e+02    4.3803268882e+00    5.1200000000e+02    1.5173827368e-03    4.3961588542e-01
        32   -3.1964278543e+01    1.0231712642e+03   -5.5504788395e+01    2.3540509852e+01    3.5277805434e+01    1.5778018497e+01   -1.1044671253e+02    3.8861002086e+00    5.1200000000e+02    1.5151813989e-03    4.5963541667e-01
        33   -3.1846082850e+01    1.0153349515e+03   -5.5398890284e+01    2.3552807434e+01    3.5374110740e+01    1.5778018497e+01   -1.1068571418e+02    4.1346946590e+00    5.1200000000e+02    1.5184090039e-03    4.5100911458e-01
        34   -3.1858477118e+01    1.0163902711e+03   -5.5242060043e+01    2.3383582925e+01    3.5231768737e+01    1.5778018497e+01   -1.1031293630e+02    4.0610890234e+00    5.1200000000e+02    1.5160004126e-03    4.4596354167e-01
        35   -3.1836314308e+01    1.0149158172e+03   -5.5165300612e+01    2.3328986304e+01    3.5469748623e+01    1.5778018497e+01   -1.1046386605e+02    4.0507983161e+00    5.1200000000e+02    1.5161402393e-03    4.4856770833e-01
        36   -3.1809028436e+01    1.0131526284e+03   -5.5759776501e+01    2.3950748065e+01    3.5456106418e+01    1.5778018497e+01   -1.1082559680e+02    3.8316953873e+00    5.1200000000e+02    1.5125461938e-03    4.4531250000e-01
        37   -3.1853322579e+01    1.0160667783e+03   -5.5864328540e+01    2.4011005961e+01    3.5342924210e+01    1.5778018497e+01   -1.1092502296e+02    3.9397517128e+00    5.1200000000e+02    1.5109961890e-03    4.4205729167e-01
        38   -3.1851252244e+01    1.0161561238e+03   -5.5825837760e+01    2.3974585516e+01    3.5447395192e+01    1.5778018497e+01   -1.1125425456e+02    4.2030031085e+00    5.1200000000e+02    1.5293395972e-03    4.5166015625e-01
        39   -3.1903256687e+01    1.0195501904e+03   -5.5851279736e+01    2.3948023049e+01    3.5465205907e+01    1.5778018497e+01   -1.1085455046e+02    3.7600463192e+00    5.1200000000e+02    1.5245124194e-03    4.4433593750e-01
        40   -3.1874542550e+01    1.0177637613e+03   -5.5030796272e+01    2.3156253722e+01    3.5606645840e+01    1.5778018497e+01   -1.1020652216e+02    3.7910615462e+00    5.1200000000e+02    1.5215204248e-03    4.5686848958e-01
        41   -3.1904146121e+01    1.0193175079e+03   -5.4548896062e+01    2.2644749942e+01    3.5361591577e+01    1.5778018497e+01   -1.0984831054e+02    4.1598044056e+00    5.1200000000e+02    1.5140342920e-03    4.5605468750e-01
        42   -3.1868928894e+01    1.0172611438e+03   -5.5589859271e+01    2.3720930377e+01    3.5310860873e+01    1.5778018497e+01   -1.1037608033e+02    3.6973416880e+00    5.1200000000e+02    1.5118989844e-03    4.4759114583e-01
        43   -3.1865733391e+01    1.0167433637e+03   -5.5364209644e+01    2.3498476252e+01    3.5480641131e+01    1.5778018497e+01   -1.1044294334e+02    3.8200740653e+00    5.1200000000e+02    1.5103730957e-03    4.5166015625e-01
        44   -3.1921704387e+01    1.0207896367e+03   -5.5535994334e+01    2.3614289947e+01    3.5535706754e+01    1.5778018497e+01   -1.1082941707e+02    3.9796974816e+00    5.1200000000e+02    1.5157118311e-03    4.4661458333e-01
        45   -3.1948650278e+01    1.0222452544e+03   -5.6073196809e+01    2.4124546530e+01    3.5564363547e+01    1.5778018497e+01   -1.1086535203e+02    3.4497731821e+00    5.1200000000e+02    1.5220770752e-03    4.4905598958e-01
        46   -3.1939850014e+01    1.0214590372e+03   -5.5622783010e+01    2.3682932996e+01    3.5449065131e+01    1.5778018497e+01   -1.1066219936e+02    3.8123327221e+00    5.1200000000e+02    1.5203016309e-03    4.4563802083e-01
        47   -3.1981058583e+01    1.0242610550e+03   -5.5561703154e+01    2.3580644570e+01    3.5273113132e+01    1.5778018497e+01   -1.1018098707e+02    3.5681522902e+00    5.1200000000e+02    1.5132961768e-03    4.4694010417e-01
        48   -3.1960556876e+01    1.0227450719e+03   -5.4978413025e+01    2.3017856149e+01    3.5177919519e+01    1.5778018497e+01   -1.0967286492e+02    3.7385138780e+00    5.1200000000e+02    1.5072423999e-03    4.5247395833e-01
        49   -3.1971768007e+01    1.0236248487e+03   -5.5768650202e+01    2.3796882195e+01    3.5188470972e+01    1.5778018497e+01   -1.0979345485e+02    3.0583151775e+00    5.1200000000e+02    1.5130553857e-03    4.4710286458e-01
        50   -3.1960430373e+01    1.0230024664e+03   -5.5780194962e+01    2.3819764589e+01    3.5441215464e+01    1.5778018497e+01   -1.1086294502e+02    3.8635161006e+00    5.1200000000e+02    1.5278672241e-03    4.3180338542e-01
        51   -3.1941790282e+01    1.0216309217e+03   -5.5504766748e+01    2.3562976467e+01    3.5681128202e+01    1.5778018497e+01   -1.1086790795e+02    3.9039945055e+00    5.1200000000e+02    1.5288414575e-03    4.5817057292e-01
        52   -3.1891997302e+01    1.0184528539e+03   -5.5209162632e+01    2.3317165330e+01    3.5410426926e+01    1.5778018497e+01   -1.1024955511e+02    3.8519470557e+00    5.1200000000e+02    1.5287709985e-03    4.6582031250e-01
        53   -3.1845355117e+01    1.0156546382e+03   -5.5740486423e+01    2.3895131307e+01    3.5514309311e+01    1.5778018497e+01   -1.1042018352e+02    3.3873692872e+00    5.1200000000e+02    1.5135508691e-03    4.4287109375e-01
        54   -3.1855108406e+01    1.0160419182e+03   -5.5676461666e+01    2.3821353261e+01    3.5658226875e+01    1.5778018497e+01   -1.1101035480e+02    3.8976477633e+00    5.1200000000e+02    1.5237624023e-03    4.4319661458e-01
        55   -3.1914898407e+01    1.0197464186e+03   -5.5931898007e+01    2.4016999600e+01    3.5770712163e+01    1.5778018497e+01   -1.1132842885e+02    3.8478001837e+00    5.1200000000e+02    1.5298260425e-03    4.4677734375e-01
        56   -3.1949274862e+01    1.0219746253e+03   -5.5459995331e+01    2.3510720469e+01    3.5813559278e+01    1.5778018497e+01   -1.1153641623e+02    4.4848431226e+00    5.1200000000e+02    1.5259299512e-03    4.4319661458e-01
        57   -3.2034923473e+01    1.0278009805e+03   -5.5717856579e+01    2.3682933106e+01    3.5639306244e+01    1.5778018497e+01   -1.1108517998e+02    3.9499986577e+00    5.1200000000e+02    1.5236875854e-03    4.5003255208e-01
        58   -3.1914419341e+01    1.0198953325e+03   -5.5422848392e+01    2.3508429051e+01    3.5471397142e+01    1.5778018497e+01   -1.1083563254e+02    4.1633685131e+00    5.1200000000e+02    1.5197571997e-03    4.5393880208e-01
        59   -3.1918525600e+01    1.0200240150e+03   -5.5427523259e+01    2.3508997658e+01    3.5655491858e+01    1.5778018497e+01   -1.1129662051e+02    4.4355869003e+00    5.1200000000e+02    1.5262204102e-03    4.6386718750e-01
        60   -3.1870392781e+01    1.0170428160e+03   -5.5709892581e+01    2.3839499800e+01    3.5604980234e+01    1.5778018497e+01   -1.1104103930e+02    3.9481479856e+00    5.1200000000e+02    1.5134128613e-03    4.3896484375e-01
        61   -3.1885700081e+01    1.0179595007e+03   -5.5303483263e+01    2.3417783182e+01    3.5618538797e+01    1.5778018497e+01   -1.1069916159e+02    3.9991210332e+00    5.1200000000e+02    1.5370954150e-03    4.5475260417e-01
        62   -3.1905467240e+01    1.0194354308e+03   -5.6020280589e+01    2.4114813350e+01    3.5684030689e+01    1.5778018497e+01   -1.1132548734e+02    3.8431575648e+00    5.1200000000e+02    1.5331380054e-03    4.4856770833e-01
        63   -3.1990226405e+01    1.0250732414e+03   -5.5727292657e+01    2.3737066251e+01    3.5612728080e+01    1.5778018497e+01   -1.1145492700e+02    4.3368877674e+00    5.1200000000e+02    1.5383422827e-03    4.5231119792e-01
        64   -3.1921670961e+01    1.0203948157e+03   -5.5721071469e+01    2.3799400508e+01    3.5540952738e+01    1.5778018497e+01   -1.1098308557e+02    3.9430428677e+00    5.1200000000e+02    1.5277373267e-03    4.4091796875e-01
        65   -3.1865945758e+01    1.0169832032e+03   -5.5877559169e+01    2.4011613411e+01    3.5690664360e+01    1.5778018497e+01   -1.1127294428e+02    3.9267022560e+00    5.1200000000e+02    1.5254906543e-03    4.4384765625e-01
        66   -3.1892653439e+01    1.0189203913e+03   -5.5752468192e+01    2.3859814753e+01    3.5680684448e+01    1.5778018497e+01   -1.1115338539e+02    3.9422142525e+00    5.1200000000e+02    1.5232899219e-03    4.3912760417e-01
        67   -3.1987276015e+01    1.0245805113e+03   -5.5686452937e+01    2.3699176922e+01    3.5506200784e+01    1.5778018497e+01   -1.1095435662e+02    3.9836844043e+00    5.1200000000e+02    1.5170847021e-03    4.5247395833e-01
        68   -3.1934522520e+01    1.0211692088e+03   -5.5406150544e+01    2.3471628023e+01    3.5673124913e+01    1.5778018497e+01   -1.1117237528e+02    4.3150813294e+00    5.1200000000e+02    1.5161476538e-03    4.4873046875e-01
        69   -3.1936702547e+01    1.0212706190e+03   -5.5445447794e+01    2.3508745246e+01    3.5540079923e+01    1.5778018497e+01   -1.1093584268e+02    4.1722964639e+00    5.1200000000e+02    1.5132585596e-03    4.5279947917e-01
        70   -3.1910737913e+01    1.0197443852e+03   -5.5406400584e+01    2.3495662670e+01    3.5532297648e+01    1.5778018497e+01   -1.1051204491e+02    3.7953281829e+00    5.1200000000e+02    1.5144699536e-03    4.4645182292e-01
        71   -3.1921221940e+01    1.0202871677e+03   -5.5023035710e+01    2.3101813770e+01    3.5480874501e+01    1.5778018497e+01   -1.1051989882e+02    4.2379701145e+00    5.1200000000e+02    1.5203171411e-03    4.5377604167e-01
        72   -3.1885916331e+01    1.0180915204e+03   -5.5510389963e+01    2.3624473633e+01    3.5731464852e+01    1.5778018497e+01   -1.1102292101e+02    4.0030476996e+00    5.1200000000e+02    1.5251346021e-03    4.4954427083e-01
        73   -3.1960326619e+01    1.0229559700e+03   -5.5401172644e+01    2.3440846026e+01    3.5655077819e+01    1.5778018497e+01   -1.1087495380e+02    4.0406848416e+00    5.1200000000e+02    1.5334459790e-03    4.4873046875e-01
        74   -3.2012925246e+01    1.0262180594e+03   -5.5403736542e+01    2.3390811296e+01    3.5626227982e+01    1.5778018497e+01   -1.1075330472e+02    3.9453217017e+00    5.1200000000e+02    1.5216082544e-03    4.5068359375e-01
        75   -3.1905146977e+01    1.0193035349e+03   -5.6307187462e+01    2.4402040486e+01    3.5557511527e+01    1.5778018497e+01   -1.1086877965e+02    3.2260621617e+00    5.1200000000e+02    1.5217775757e-03    4.5507812500e-01
        76   -3.1782770667e+01    1.0114230407e+03   -5.5880601514e+01    2.4097830847e+01    3.5682213037e+01    1.5778018497e+01   -1.1104675701e+02    3.7059239659e+00    5.1200000000e+02    1.5199935156e-03    4.3277994792e-01
        77   -3.1793371069e+01    1.0122932994e+03   -5.5648563098e+01    2.3855192029e+01    3.5759757412e+01    1.5778018497e+01   -1.1053574938e+02    3.3494103702e+00    5.1200000000e+02    1.5216548926e-03    4.5198567708e-01
        78   -3.1823031101e+01    1.0143884243e+03   -5.5444724832e+01    2.3621693731e+01    3.5866206217e+01    1.5778018497e+01   -1.1132835980e+02    4.2394102537e+00    5.1200000000e+02    1.5270125732e-03    4.4026692708e-01
        79   -3.1926767859e+01    1.0211371029e+03   -5.5456595668e+01    2.3529827809e+01    3.5691379807e+01    1.5778018497e+01   -1.1081932587e+02    3.8933318968e+00    5.1200000000e+02    1.5266824878e-03    4.4710286458e-01
        80   -3.1912904896e+01    1.0199162223e+03   -5.4942178760e+01    2.3029273863e+01    3.5518891755e+01    1.5778018497e+01   -1.1029568272e+02    4.0565937046e+00    5.1200000000e+02    1.5182563501e-03    4.3180338542e-01
        81   -3.1910222584e+01    1.0196087684e+03   -5.4694688990e+01    2.2784466406e+01    3.5340343720e+01    1.5778018497e+01   -1.1012480575e+02    4.3117545454e+00    5.1200000000e+02    1.5186879663e-03    4.4921875000e-01
        82   -3.1862188566e+01    1.0165574147e+03   -5.5223771738e+01    2.3361583172e+01    3.5460436684e+01    1.5778018497e+01   -1.1060789837e+02    4.1456714555e+00    5.1200000000e+02    1.5167641699e-03    4.4547526042e-01
        83   -3.1878217839e+01    1.0175188128e+03   -5.4828696617e+01    2.2950478777e+01    3.5432834481e+01    1.5778018497e+01   -1.1053954743e+02    4.4999978359e+00    5.1200000000e+02    1.5126984131e-03    4.4433593750e-01
        84   -3.1848191091e+01    1.0155226777e+03   -5.5275829377e+01    2.3427638286e+01    3.5426611148e+01    1.5778018497e+01   -1.1073430607e+02    4.2538470455e+00    5.1200000000e+02    1.5276853540e-03    4.5475260417e-01
        85   -3.1893812838e+01    1.0184230636e+03   -5.5076041171e+01    2.3182228333e+01    3.5583726864e+01    1.5778018497e+01   -1.1037106828e+02    3.9332817439e+00    5.1200000000e+02    1.5217125317e-03    4.4791666667e-01
        86   -3.1855702254e+01    1.0160229330e+03   -5.4824329939e+01    2.2968627685e+01    3.5541752506e+01    1.5778018497e+01   -1.1011034202e+02    3.9662410776e+00    5.1200000000e+02    1.5262012305e-03    4.4954427083e-01
        87   -3.1821602110e+01    1.0138188091e+03   -5.4849437330e+01    2.3027835220e+01    3.5495510587e+01    1.5778018497e+01   -1.0969915580e+02    3.5761893862e+00    5.1200000000e+02    1.5173048364e-03    4.5214843750e-01
        88   -3.1793888542e+01    1.0121855671e+03   -5.4660057642e+01    2.2866169100e+01    3.5515851119e+01    1.5778018497e+01   -1.0970894495e+02    3.7550176926e+00    5.1200000000e+02    1.5182526050e-03    4.4694010417e-01
        89   -3.1855415417e+01    1.0162255275e+03   -5.4962376330e+01    2.3106960913e+01    3.5534305104e+01    1.5778018497e+01   -1.1040524280e+02    4.1305428720e+00    5.1200000000e+02    1.5221062549e-03    4.5556640625e-01
        90   -3.1889940038e+01    1.0186296164e+03   -5.4902653653e+01    2.3012713615e+01    3.5307306168e+01    1.5778018497e+01   -1.1021110333e+02    4.2231250077e+00    5.1200000000e+02    1.5096297266e-03    4.5393880208e-01
        91   -3.1872979847e+01    1.0174406269e+03   -5.5445406881e+01    2.3572427034e+01    3.5512887137e+01    1.5778018497e+01   -1.1046428113e+02    3.7279686156e+00    5.1200000000e+02    1.5173542090e-03    4.5345052083e-01
        92   -3.1899890262e+01    1.0189331335e+03   -5.5051005377e+01    2.3151115115e+01    3.5418333046e+01    1.5778018497e+01   -1.1038365706e+02    4.1363001434e+00    5.1200000000e+02    1.5053844702e-03    4.5068359375e-01
        93   -3.1911355015e+01    1.0200483796e+03   -5.4804767529e+01    2.2893412514e+01    3.5447759048e+01    1.5778018497e+01   -1.1040644638e+02    4.3759013079e+00    5.1200000000e+02    1.5113172412e-03    4.5133463542e-01
        94   -3.1934391746e+01    1.0213492165e+03   -5.5140426590e+01    2.3206034844e+01    3.5361419102e+01    1.5778018497e+01   -1.1024993004e+02    3.9700658514e+00    5.1200000000e+02    1.5095340063e-03    4.5198567708e-01
        95   -3.1864763433e+01    1.0169228873e+03   -5.5065348198e+01    2.3200584766e+01    3.5312527762e+01    1.5778018497e+01   -1.0993204386e+02    3.7761494050e+00    5.1200000000e+02    1.5093738989e-03    4.5328776042e-01
        96   -3.1873832813e+01    1.0172442503e+03   -5.4729337093e+01    2.2855504280e+01    3.5370289996e+01    1.5778018497e+01   -1.0999554359e+02    4.1178980075e+00    5.1200000000e+02    1.5253462158e-03    4.5393880208e-01
        97   -3.1871498000e+01    1.0171000001e+03   -5.4747566944e+01    2.2876068944e+01    3.5689857708e+01    1.5778018497e+01   -1.1014900396e+02    3.9335608153e+00    5.1200000000e+02    1.5189784692e-03    4.4824218750e-01
        98   -3.1794265100e+01    1.0122836971e+03   -5.4338147098e+01    2.2543881999e+01    3.5667885446e+01    1.5778018497e+01   -1.1000955750e+02    4.2255064615e+00    5.1200000000e+02    1.5208811743e-03    4.5345052083e-01
        99   -3.1811886684e+01    1.0136952785e+03   -5.4812121694e+01    2.3000235011e+01    3.5485108601e+01    1.5778018497e+01   -1.1014934959e+02    4.0741007970e+00    5.1200000000e+02    1.5108945093e-03    4.5377604167e-01
       100   -3.1857211663e+01    1.0163040558e+03   -5.4991585030e+01    2.3134373367e+01    3.5427808950e+01    1.5778018497e+01   -1.1075697210e+02    4.5595596231e+00    5.1200000000e+02    1.5104540161e-03    4.6142578125e-01
       101   -3.1823330195e+01    1.0143231218e+03   -5.5317423014e+01    2.3494092818e+01    3.5563315832e+01    1.5778018497e+01   -1.1069495612e+02    4.0361987751e+00    5.1200000000e+02    1.5124242139e-03    4.5035807292e-01
       102   -3.1842279195e+01    1.0154340674e+03   -5.5287241008e+01    2.3444961813e+01    3.5669965910e+01    1.5778018497e+01   -1.1111830775e+02    4.3830823344e+00    5.1200000000e+02    1.5127185547e-03    4.4661458333e-01
       103   -3.1882161422e+01    1.0178353516e+03   -5.4809974602e+01    2.2927813180e+01    3.5596616901e+01    1.5778018497e+01   -1.1054849323e+02    4.3638832322e+00    5.1200000000e+02    1.5144737354e-03    4.6223958333e-01
       104   -3.1849735364e+01    1.0160209662e+03   -5.5171338916e+01    2.3321603551e+01    3.5579173870e+01    1.5778018497e+01   -1.1057041785e+02    4.0418865719e+00    5.1200000000e+02    1.5098303345e-03    4.4661458333e-01
       105   -3.1892432961e+01    1.0186702612e+03   -5.5098701569e+01    2.3206268608e+01    3.5620019468e+01    1.5778018497e+01   -1.1032984888e+02    3.8331093491e+00    5.1200000000e+02    1.5111834448e-03    4.5393880208e-01
       106   -3.1927775630e+01    1.0209845164e+03   -5.5569464750e+01    2.3641689121e+01    3.5613959723e+01    1.5778018497e+01   -1.1079694999e+02    3.8355070211e+00    5.1200000000e+02    1.5075860400e-03    4.4775390625e-01
       107   -3.1885850550e+01    1.0179980356e+03   -5.5066507158e+01    2.3180656608e+01    3.5434776568e+01    1.5778018497e+01   -1.1048055464e+02    4.2012524216e+00    5.1200000000e+02    1.5208098291e-03    4.4954427083e-01
       108   -3.1989481157e+01    1.0250304730e+03   -5.5300615623e+01    2.3311134465e+01    3.5460295900e+01    1.5778018497e+01   -1.1025793759e+02    3.7190075747e+00    5.1200000000e+02    1.5207345166e-03    4.5751953125e-01
       109   -3.1913303845e+01    1.0201951170e+03   -5.4976448171e+01    2.3063144326e+01    3.5243928623e+01    1.5778018497e+01   -1.0973377090e+02    3.7353756103e+00    5.1200000000e+02    1.5139135767e-03    4.5361328125e-01
       110   -3.1896277339e+01    1.0190356509e+03   -5.4773936566e+01    2.2877659227e+01    3.5129356884e+01    1.5778018497e+01   -1.0965618405e+02    3.9748721042e+00    5.1200000000e+02    1.5100352661e-03    4.5263671875e-01
       111   -3.1901290081e+01    1.0190821430e+03   -5.4683860572e+01    2.2782570491e+01    3.5200086795e+01    1.5778018497e+01   -1.0944095223e+02    3.7789863620e+00    5.1200000000e+02    1.5144304370e-03    4.6272786458e-01
       112   -3.1974627417e+01    1.0236942608e+03   -5.4805105191e+01    2.2830477774e+01    3.5279166823e+01    1.5778018497e+01   -1.0958920998e+02    3.7269194673e+00    5.1200000000e+02    1.5118487183e-03    4.4889322917e-01
       113   -3.1944819758e+01    1.0218540148e+03   -5.5229699177e+01    2.3284879419e+01    3.5216625675e+01    1.5778018497e+01   -1.1024572896e+02    4.0213856152e+00    5.1200000000e+02    1.5096766919e-03    4.5670572917e-01
       114   -3.1950632917e+01    1.0222054847e+03   -5.5254742756e+01    2.3304109839e+01    3.5260907273e+01    1.5778018497e+01   -1.1025948971e+02    3.9658211842e+00    5.1200000000e+02    1.5171235938e-03    4.4547526042e-01
       115   -3.1862827535e+01    1.0163169150e+03   -5.5417826721e+01    2.3554999186e+01    3.5367306432e+01    1.5778018497e+01   -1.1054269042e+02    3.9795387705e+00    5.1200000000e+02    1.5117188257e-03    4.4238281250e-01
       116   -3.1950306691e+01    1.0222164063e+03   -5.5172910086e+01    2.3222603395e+01    3.5254219333e+01    1.5778018497e+01   -1.0988451448e+02    3.6793665617e+00    5.1200000000e+02    1.5137323145e-03    4.4742838542e-01
       117   -3.1985723059e+01    1.0244973276e+03   -5.5322339775e+01    2.3336616715e+01    3.5357132723e+01    1.5778018497e+01   -1.1030053672e+02    3.8430457218e+00    5.1200000000e+02    1.5185920776e-03    4.6289062500e-01
       118   -3.2027673003e+01    1.0270064525e+03   -5.5221258702e+01    2.3193585700e+01    3.5353792874e+01    1.5778018497e+01   -1.1069145977e+02    4.3383896939e+00    5.1200000000e+02    1.5195005078e-03    4.5833333333e-01
       119   -3.1990285748e+01    1.0248641279e+03   -5.5549449028e+01    2.3559163280e+01    3.5241986113e+01    1.5778018497e+01   -1.1081116611e+02    4.2417124757e+00    5.1200000000e+02    1.7002357886e-03    4.3440755208e-01
       120   -3.1928244218e+01    1.0207890108e+03   -5.5345949809e+01    2.3417705591e+01    3.5245314553e+01    1.5778018497e+01   -1.1038316210e+02    4.0138792384e+00    5.1200000000e+02    1.5379597876e-03    4.5198567708e-01
       121   -3.1909617767e+01    1.0197622292e+03   -5.5878159084e+01    2.3968541317e+01    3.5302041866e+01    1.5778018497e+01   -1.1075800002e+02    3.7997805749e+00    5.1200000000e+02    1.5391272559e-03    4.4612630208e-01
       122   -3.1921966162e+01    1.0205315649e+03   -5.5902701666e+01    2.3980735503e+01    3.5277874604e+01    1.5778018497e+01   -1.1082849927e+02    3.8699045031e+00    5.1200000000e+02    1.5438053906e-03    4.6191406250e-01
       123   -3.1923919171e+01    1.0207157691e+03   -5.5546993812e+01    2.3623074640e+01    3.5217300146e+01    1.5778018497e+01   -1.1045467715e+02    3.9123646966e+00    5.1200000000e+02    1.5339262524e-03    4.5556640625e-01
       124   -3.1885891368e+01    1.0183255459e+03   -5.5223543801e+01    2.3337652433e+01    3.5449113086e+01    1.5778018497e+01   -1.1111621415e+02    4.6655387703e+00    5.1200000000e+02    1.5253785547e-03    4.4384765625e-01
       125   -3.1940601247e+01    1.0218001745e+03   -5.5483278340e+01    2.3542677092e+01    3.5457149923e+01    1.5778018497e+01   -1.1083447019e+02    4.1160234309e+00    5.1200000000e+02    1.5266790112e-03    4.4791666667e-01
       126   -3.1926367140e+01    1.0207078410e+03   -5.5133890651e+01    2.3207523511e+01    3.5388265801e+01    1.5778018497e+01   -1.1036845894e+02    4.0682839933e+00    5.1200000000e+02    1.5279329932e-03    4.5719401042e-01
       127   -3.1879837592e+01    1.0175425080e+03   -5.4972530021e+01    2.3092692429e+01    3.5354489379e+01    1.5778018497e+01   -1.1052426376e+02    4.4192258596e+00    5.1200000000e+02    1.5339696167e-03    4.7070312500e-01
       128   -3.1929247466e+01    1.0211222274e+03   -5.5161841763e+01    2.3232594297e+01    3.5237364458e+01    1.5778018497e+01   -1.1056020148e+02    4.3829767648e+00    5.1200000000e+02    1.5198476050e-03    4.4205729167e-01
       129   -3.1943673057e+01    1.0218250258e+03   -5.5054905347e+01    2.3111232290e+01    3.5373242258e+01    1.5778018497e+01   -1.1056219022e+02    4.3560241137e+00    5.1200000000e+02    1.5219198511e-03    4.5296223958e-01
       130   -3.1921385622e+01    1.0204757382e+03   -5.5245919858e+01    2.3324534236e+01    3.5508389854e+01    1.5778018497e+01   -1.1075005858e+02    4.2177303755e+00    5.1200000000e+02    1.5242930396e-03    4.4889322917e-01
       131   -3.1846134716e+01    1.0156748030e+03   -5.5581310186e+01    2.3735175469e+01    3.5422821128e+01    1.5778018497e+01   -1.1073037777e+02    3.9482279617e+00    5.1200000000e+02    1.5283997241e-03    4.5296223958e-01
       132   -3.1872665373e+01    1.0174316661e+03   -5.5392649697e+01    2.3519984323e+01    3.5622601918e+01    1.5778018497e+01   -1.1143999006e+02    4.6467199518e+00    5.1200000000e+02    1.5295363867e-03    4.5198567708e-01
       133   -3.1892199011e+01    1.0185080719e+03   -5.5606063608e+01    2.3713864598e+01    3.5500626799e+01    1.5778018497e+01   -1.1115162137e+02    4.2669124705e+00    5.1200000000e+02    1.5258772266e-03    4.5052083333e-01
       134   -3.1931621376e+01    1.0211190656e+03   -5.5473089082e+01    2.3541467705e+01    3.5565804844e+01    1.5778018497e+01   -1.1115718275e+02    4.3402703245e+00    5.1200000000e+02    1.5280534790e-03    4.4466145833e-01
       135   -3.1930847870e+01    1.0209700758e+03   -5.5904117357e+01    2.3973269487e+01    3.5668836352e+01    1.5778018497e+01   -1.1146186058e+02    4.1108883711e+00    5.1200000000e+02    1.5292671094e-03    4.5458984375e-01
       136   -3.1889577534e+01    1.0180700392e+03   -5.5729261686e+01    2.3839684152e+01    3.5698375104e+01    1.5778018497e+01   -1.1118964081e+02    3.9839855248e+00    5.1200000000e+02    1.5366246191e-03    4.4466145833e-01
       137   -3.1882275100e+01    1.0181009557e+03   -5.5707200000e+01    2.3824924900e+01    3.5519104723e+01    1.5778018497e+01   -1.1102988471e+02    4.0255614919e+00    5.1200000000e+02    1.5336234595e-03    4.5426432292e-01
       138   -3.1815850010e+01    1.0140174095e+03   -5.4953547928e+01    2.3137697918e+01    3.5541182420e+01    1.5778018497e+01   -1.1095472626e+02    4.6819774194e+00    5.1200000000e+02    1.5350409204e-03    4.3570963542e-01
       139   -3.1883789554e+01    1.0179482486e+03   -5.5589936104e+01    2.3706146551e+01    3.5765080965e+01    1.5778018497e+01   -1.1139820952e+02    4.2651739572e+00    5.1200000000e+02    1.5369402881e-03    4.5491536458e-01
       140   -3.1911639864e+01    1.0199348928e+03   -5.5754434329e+01    2.3842794464e+01    3.5738342939e+01    1.5778018497e+01   -1.1162803975e+02    4.3572439884e+00    5.1200000000e+02    1.5332128931e-03    4.5035807292e-01
       141   -3.1864116678e+01    1.0167811604e+03   -5.5821042481e+01    2.3956925803e+01    3.5744525211e+01    1.5778018497e+01   -1.1115689345e+02    3.8133072616e+00    5.1200000000e+02    1.5285759106e-03    4.4742838542e-01
       142   -3.1936418716e+01    1.0214896016e+03   -5.6435476236e+01    2.4499057520e+01    3.5785347400e+01    1.5778018497e+01   -1.1176603033e+02    3.7671881957e+00    5.1200000000e+02    1.5342853809e-03    4.4986979167e-01
       143   -3.1844765472e+01    1.0156197983e+03   -5.6275313003e+01    2.4430547531e+01    3.5684011762e+01    1.5778018497e+01   -1.1178151071e+02    4.0441674434e+00    5.1200000000e+02    1.5250287158e-03    4.4173177083e-01
       144   -3.1881164285e+01    1.0187856252e+03   -5.6194965711e+01    2.4313801426e+01    3.5711997960e+01    1.5778018497e+01   -1.1169019850e+02    4.0052163325e+00    5.1200000000e+02    1.5210586914e-03    4.4466145833e-01
       145   -3.1934312422e+01    1.0215178126e+03   -5.6416559509e+01    2.4482247087e+01    3.5850314487e+01    1.5778018497e+01   -1.1147011134e+02    3.4252188430e+00    5.1200000000e+02    1.5307999121e-03    4.5084635417e-01
       146   -3.1854921838e+01    1.0163592839e+03   -5.6294961115e+01    2.4440039277e+01    3.5670695113e+01    1.5778018497e+01   -1.1156398610e+02    3.8203113769e+00    5.1200000000e+02    1.5178147754e-03    4.4173177083e-01
       147   -3.1916045392e+01    1.0199355680e+03   -5.6044872342e+01    2.4128826950e+01    3.5535140202e+01    1.5778018497e+01   -1.1134896168e+02    3.9909306386e+00    5.1200000000e+02    1.5229947119e-03    4.4433593750e-01
       148   -3.1883661484e+01    1.0179080873e+03   -5.5884657368e+01    2.4000995884e+01    3.5545676164e+01    1.5778018497e+01   -1.1142373526e+02    4.2153832266e+00    5.1200000000e+02    1.5214521387e-03    4.4075520833e-01
       149   -3.1918292994e+01    1.0201023931e+03   -5.5713960449e+01    2.3795667455e+01    3.5434426684e+01    1.5778018497e+01   -1.1099666910e+02    4.0702634745e+00    5.1200000000e+02    1.5266415283e-03    4.4368489583e-01
       150   -3.1908884716e+01    1.0198277063e+03   -5.5387603586e+01    2.3478718869e+01    3.5405999742e+01    1.5778018497e+01   -1.1058623480e+02    4.0146129766e+00    5.1200000000e+02    1.5215505835e-03    4.3131510417e-01
       151   -3.1874704539e+01    1.0174397338e+03   -5.5446394053e+01    2.3571689513e+01    3.5603652699e+01    1.5778018497e+01   -1.1123248674e+02    4.4044214894e+00    5.1200000000e+02    1.5318116626e-03    4.4303385417e-01
       152   -3.1768199935e+01    1.0105966490e+03   -5.5016318143e+01    2.3248118208e+01    3.5802551691e+01    1.5778018497e+01   -1.1137087777e+02    4.7739894405e+00    5.1200000000e+02    1.5394294946e-03    4.4742838542e-01
       153   -3.1839115774e+01    1.0150467689e+03   -5.5658590408e+01    2.3819474635e+01    3.5828493964e+01    1.5778018497e+01   -1.1176769435e+02    4.5025914826e+00    5.1200000000e+02    1.5315899609e-03    4.3831380208e-01
       154   -3.1872572491e+01    1.0173833916e+03   -5.5665196987e+01    2.3792624496e+01    3.5950111929e+01    1.5778018497e+01   -1.1157051842e+02    4.1771910027e+00    5.1200000000e+02    1.5441888354e-03    4.5410156250e-01
       155   -3.1909022872e+01    1.0194449465e+03   -5.5851612137e+01    2.3942589266e+01    3.5886156328e+01    1.5778018497e+01   -1.1151667061e+02    4.0008836441e+00    5.1200000000e+02    1.5294239160e-03    4.4108072917e-01
       156   -3.1926884284e+01    1.0207988047e+03   -5.6144501627e+01    2.4217617343e+01    3.5863738185e+01    1.5778018497e+01   -1.1177568624e+02    3.9894279305e+00    5.1200000000e+02    1.5341949438e-03    4.3261718750e-01
       157   -3.1936298565e+01    1.0215520630e+03   -5.6231218376e+01    2.4294919811e+01    3.5789373320e+01    1.5778018497e+01   -1.1206194687e+02    4.2633366729e+00    5.1200000000e+02    1.5333137012e-03    4.4873046875e-01
       158   -3.1960240008e+01    1.0229593009e+03   -5.6292440829e+01    2.4332200820e+01    3.6049007039e+01    1.5778018497e+01   -1.1250229391e+02    4.3828275412e+00    5.1200000000e+02    1.5364476904e-03    4.4710286458e-01
       159   -3.1879960674e+01    1.0177340260e+03   -5.5936916145e+01    2.4056955471e+01    3.6070440673e+01    1.5778018497e+01   -1.1220169157e+02    4.4163162590e+00    5.1200000000e+02    1.5399295215e-03    4.5507812500e-01
       160   -3.1959885025e+01    1.0230391205e+03   -5.6533951529e+01    2.4574066503e+01    3.5997953729e+01    1.5778018497e+01   -1.1246765648e+02    4.1577327291e+00    5.1200000000e+02    1.5347076318e-03    4.4759114583e-01
       161   -3.1997578402e+01    1.0254066983e+03   -5.5600832888e+01    2.3603254486e+01    3.5887771336e+01    1.5778018497e+01   -1.1169772525e+02    4.4311025347e+00    5.1200000000e+02    1.5333583252e-03    4.5963541667e-01
       162   -3.1945187509e+01    1.0217142011e+03   -5.5651476315e+01    2.3706288806e+01    3.5678005677e+01    1.5778018497e+01   -1.1129716557e+02    4.1896650827e+00    5.1200000000e+02    1.5241640796e-03    4.5279947917e-01
       163   -3.2003899394e+01    1.0264039527e+03   -5.6367162918e+01    2.4363263524e+01    3.5728970029e+01    1.5778018497e+01   -1.1162627744e+02    3.7521259967e+00    5.1200000000e+02    1.5177871533e-03    4.4270833333e-01
       164   -3.1938148609e+01    1.0215307293e+03   -5.5699567852e+01    2.3761419243e+01    3.5614227734e+01    1.5778018497e+01   -1.1137081314e+02    4.2789990584e+00    5.1200000000e+02    1.5247615308e-03    4.4759114583e-01
       165   -3.1924523738e+01    1.0208117566e+03   -5.5619988257e+01    2.3695464520e+01    3.5595841939e+01    1.5778018497e+01   -1.1146692672e+02    4.4730780239e+00    5.1200000000e+02    1.5379589331e-03    4.5149739583e-01
       166   -3.1903718744e+01    1.0194317104e+03   -5.5555533670e+01    2.3651814926e+01    3.5745612995e+01    1.5778018497e+01   -1.1135628805e+02    4.2771228835e+00    5.1200000000e+02    1.5309517310e-03    4.4368489583e-01
       167   -3.1953376314e+01    1.0227215631e+03   -5.5771642204e+01    2.3818265890e+01    3.5721428041e+01    1.5778018497e+01   -1.1157478804e+02    4.3036992939e+00    5.1200000000e+02    1.5318833252e-03    4.4222005208e-01
       168   -3.1924190134e+01    1.0204182562e+03   -5.5391712734e+01    2.3467522601e+01    3.5744656516e+01    1.5778018497e+01   -1.1112064759e+02    4.2062598397e+00    5.1200000000e+02    1.5467085669e-03    4.6402994792e-01
       169   -3.1955460234e+01    1.0226031187e+03   -5.5312481191e+01    2.3357020957e+01    3.5715711403e+01    1.5778018497e+01   -1.1117104934e+02    4.3648382520e+00    5.1200000000e+02    1.5347886938e-03    4.5279947917e-01
       170   -3.1918362511e+01    1.0201727944e+03   -5.5154191168e+01    2.3235828658e+01    3.5565939883e+01    1.5778018497e+01   -1.1104934880e+02    4.5511992515e+00    5.1200000000e+02    1.5366873291e-03    4.4661458333e-01
       171   -3.1846830710e+01    1.0156803015e+03   -5.5103331380e+01    2.3256500670e+01    3.5631923507e+01    1.5778018497e+01   -1.1069802261e+02    4.1847492292e+00    5.1200000000e+02    1.5355633179e-03    4.4547526042e-01
       172   -3.1846956311e+01    1.0157750218e+03   -5.5561047578e+01    2.3714091266e+01    3.5753629164e+01    1.5778018497e+01   -1.1106219436e+02    3.9694991202e+00    5.1200000000e+02    1.5322327612e-03    4.4921875000e-01
       173   -3.1832866139e+01    1.0147107499e+03   -5.5726087921e+01    2.3893221782e+01    3.5573568176e+01    1.5778018497e+01   -1.1074420192e+02    3.6665273211e+00    5.1200000000e+02    1.5277449951e-03    4.3603515625e-01
       174   -3.1854134301e+01    1.0158816917e+03   -5.5171013553e+01    2.3316879252e+01    3.5633824975e+01    1.5778018497e+01   -1.1036107337e+02    3.7782163438e+00    5.1200000000e+02    1.5316973315e-03    4.3994140625e-01
       175   -3.1872503434e+01    1.0174947175e+03   -5.5561588428e+01    2.3689084994e+01    3.5661223211e+01    1.5778018497e+01   -1.1067754910e+02    3.6767189654e+00    5.1200000000e+02    1.5268403491e-03    4.4075520833e-01
       176   -3.1875349929e+01    1.0177573689e+03   -5.5823127430e+01    2.3947777501e+01    3.5795795320e+01    1.5778018497e+01   -1.1160688838e+02    4.2099471309e+00    5.1200000000e+02    1.5317287158e-03    4.5735677083e-01
       177   -3.1859427110e+01    1.0162997170e+03   -5.6294712490e+01    2.4435285380e+01    3.5738372798e+01    1.5778018497e+01   -1.1183388334e+02    4.0227795527e+00    5.1200000000e+02    1.5347903223e-03    4.4580078125e-01
       178   -3.1922605284e+01    1.0204734607e+03   -5.5285563674e+01    2.3362958390e+01    3.5417707451e+01    1.5778018497e+01   -1.1039209424e+02    3.9108046170e+00    5.1200000000e+02    1.5132208008e-03    4.4628906250e-01
       179   -3.1860513135e+01    1.0163939878e+03   -5.5303133215e+01    2.3442620080e+01    3.5562157725e+01    1.5778018497e+01   -1.1057829983e+02    3.9349903940e+00    5.1200000000e+02    1.5277595435e-03    4.4547526042e-01
       180   -3.1890052299e+01    1.0184135217e+03   -5.5651493163e+01    2.3761440863e+01    3.5501008935e+01    1.5778018497e+01   -1.1047333964e+02    3.5428190439e+00    5.1200000000e+02    1.5273259180e-03    4.4791666667e-01
       181   -3.1913978901e+01    1.0198646844e+03   -5.5390733180e+01    2.3476754278e+01    3.5608539969e+01    1.5778018497e+01   -1.1069356378e+02    3.9162721300e+00    5.1200000000e+02    1.5291173657e-03    4.4645182292e-01
       182   -3.1894388863e+01    1.0184945635e+03   -5.5465894456e+01    2.3571505593e+01    3.5565484278e+01    1.5778018497e+01   -1.1041584550e+02    3.6064482741e+00    5.1200000000e+02    1.5183911938e-03    4.4270833333e-01
       183   -3.1864424974e+01    1.0166970247e+03   -5.5679534601e+01    2.3815109627e+01    3.5617886325e+01    1.5778018497e+01   -1.1066674003e+02    3.5913006096e+00    5.1200000000e+02    1.5221675439e-03    4.4938151042e-01
       184   -3.1832471697e+01    1.0146933547e+03   -5.5400001691e+01    2.3567529994e+01    3.5510174118e+01    1.5778018497e+01   -1.1052505707e+02    3.8368627632e+00    5.1200000000e+02    1.5153885522e-03    4.3587239583e-01
       185   -3.1965781313e+01    1.0234550347e+03   -5.5645196485e+01    2.3679415172e+01    3.5780463489e+01    1.5778018497e+01   -1.1091238577e+02    3.7087073029e+00    5.1200000000e+02    1.5249311401e-03    4.4905598958e-01
       186   -3.1873626204e+01    1.0172559816e+03   -5.5674709776e+01    2.3801083572e+01    3.5681926446e+01    1.5778018497e+01   -1.1076708761e+02    3.6324328928e+00    5.1200000000e+02    1.5273795801e-03    4.4970703125e-01
       187   -3.1878282677e+01    1.0177057071e+03   -5.5990743687e+01    2.4112461010e+01    3.5682422505e+01    1.5778018497e+01   -1.1130911388e+02    3.8579291948e+00    5.1200000000e+02    1.5309765454e-03    4.4807942708e-01
       188   -3.1958130264e+01    1.0230615912e+03   -5.6100331474e+01    2.4142201210e+01    3.5727017640e+01    1.5778018497e+01   -1.1142545971e+02    3.8200920961e+00    5.1200000000e+02    1.5384169873e-03    4.5524088542e-01
       189   -3.1948876526e+01    1.0221989866e+03   -5.6163866461e+01    2.4214989935e+01    3.5694588307e+01    1.5778018497e+01   -1.1133349237e+02    3.6970191032e+00    5.1200000000e+02    1.5225300439e-03    4.4401041667e-01
       190   -3.1957558566e+01    1.0225861974e+03   -5.5599048637e+01    2.3641490071e+01    3.5630284469e+01    1.5778018497e+01   -1.1113120696e+02    4.1238553568e+00    5.1200000000e+02    1.5196811060e-03    4.4075520833e-01
       191   -3.1937942439e+01    1.0216288788e+03   -5.5482810595e+01    2.3544868157e+01    3.5549946456e+01    1.5778018497e+01   -1.1143339680e+02    4.6226212505e+00    5.1200000000e+02    1.5137623364e-03    4.4189453125e-01
       192   -3.1866437244e+01    1.0169978724e+03   -5.5376736043e+01    2.3510298799e+01    3.5563716150e+01    1.5778018497e+01   -1.1094113181e+02    4.2226611187e+00    5.1200000000e+02    1.5175106812e-03    4.3733723958e-01
       193   -3.1886889573e+01    1.0182782426e+03   -5.5549795822e+01    2.3662906249e+01    3.5492807087e+01    1.5778018497e+01   -1.1071365760e+02    3.8930361944e+00    5.1200000000e+02    1.5122857788e-03    4.5182291667e-01
       194   -3.1874355493e+01    1.0173144297e+03   -5.5321659692e+01    2.3447304200e+01    3.5552255561e+01    1.5778018497e+01   -1.1112348466e+02    4.4715509123e+00    5.1200000000e+02    1.5123715967e-03    4.3961588542e-01
       195   -3.1859426422e+01    1.0164302016e+03   -5.5764777066e+01    2.3905350644e+01    3.5623498795e+01    1.5778018497e+01   -1.1140536539e+02    4.2390710337e+00    5.1200000000e+02    1.5175940625e-03    4.4645182292e-01
       196   -3.1911699590e+01    1.0199887541e+03   -5.6121388749e+01    2.4209689159e+01    3.5626755947e+01    1.5778018497e+01   -1.1116269025e+02    3.6365270585e+00    5.1200000000e+02    1.5212256445e-03    4.4970703125e-01
       197   -3.1909724945e+01    1.0197263550e+03   -5.5751060761e+01    2.3841335816e+01    3.5592371375e+01    1.5778018497e+01   -1.1126515142e+02    4.1437007897e+00    5.1200000000e+02    1.5164915967e-03    4.3961588542e-01
       198   -3.1886895702e+01    1.0184350583e+03   -5.6331796623e+01    2.4444900922e+01    3.5638434453e+01    1.5778018497e+01   -1.1200073569e+02    4.2524861171e+00    5.1200000000e+02    1.5198682886e-03    4.4580078125e-01
       199   -3.1923549722e+01    1.0206252389e+03   -5.6377243069e+01    2.4453693347e+01    3.5631481933e+01    1.5778018497e+01   -1.1160893378e+02    3.8221902810e+00    5.1200000000e+02    1.5216866870e-03    4.5214843750e-01
