#   index    LocalEnergy         LocalEnergy_sq      LocalPotential      Kinetic             ElecElec            IonIon              LocalECP            NonLocalECP         BlockWeight         BlockCPU            AcceptRatio         
         0   -3.1859943670e+01    1.0165680687e+03   -5.5739991600e+01    2.3880047930e+01    3.5697869958e+01    1.5778018497e+01   -1.1159619867e+02    4.3803186170e+00    5.1200000000e+02    1.5151908105e-03    4.4482421875e-01
         1   -3.1836397830e+01    1.0148262201e+03   -5.5672742612e+01    2.3836344782e+01    3.5592873560e+01    1.5778018497e+01   -1.1154536328e+02    4.5017286147e+00    5.1200000000e+02    1.5173114551e-03    4.4775390625e-01
         2   -3.1818720448e+01    1.0138353133e+03   -5.5517107299e+01    2.3698386850e+01    3.5542803724e+01    1.5778018497e+01   -1.1095330826e+02    4.1153787425e+00    5.1200000000e+02    1.5168897363e-03    4.5052083333e-01
         3   -3.1818887735e+01    1.0138355525e+03   -5.5739774700e+01    2.3920886965e+01    3.5430006783e+01    1.5778018497e+01   -1.1108974585e+02    4.1419458696e+00    5.1200000000e+02    1.5167779980e-03    4.5410156250e-01
         4   -3.1949183812e+01    1.0223607676e+03   -5.6131162048e+01    2.4181978236e+01    3.5448195027e+01    1.5778018497e+01   -1.1113811530e+02    3.7807397233e+00    5.1200000000e+02    1.5157122607e-03    4.3880208333e-01
         5   -3.1930694838e+01    1.0209983974e+03   -5.6012628224e+01    2.4081933386e+01    3.5682518506e+01    1.5778018497e+01   -1.1145933113e+02    3.9861659055e+00    5.1200000000e+02    1.5240796899e-03    4.4661458333e-01
         6   -3.1922179208e+01    1.0205171379e+03   -5.6336739279e+01    2.4414560071e+01    3.5721650084e+01    1.5778018497e+01   -1.1200958838e+02    4.1731805229e+00    5.1200000000e+02    1.5272780664e-03    4.5084635417e-01
         7   -3.1955418996e+01    1.0229825460e+03   -5.6416128203e+01    2.4460709208e+01    3.5780980690e+01    1.5778018497e+01   -1.1211562460e+02    4.1404972058e+00    5.1200000000e+02    1.5324332202e-03    4.4596354167e-01
         8   -3.1859849371e+01    1.0165414115e+03   -5.5707809857e+01    2.3847960486e+01    3.5656684864e+01    1.5778018497e+01   -1.1123032621e+02    4.0878129955e+00    5.1200000000e+02    1.5353780493e-03    4.5068359375e-01
         9   -3.1869292386e+01    1.0171853522e+03   -5.6148441529e+01    2.4279149143e+01    3.5828392979e+01    1.5778018497e+01   -1.1188208428e+02    4.1272312762e+00    5.1200000000e+02    1.5388883105e-03    4.5198567708e-01
        10   -3.1987495613e+01    1.0246445454e+03   -5.6388972642e+01    2.4401477029e+01    3.5602301370e+01    1.5778018497e+01   -1.1188420273e+02    4.1149102249e+00    5.1200000000e+02    1.5306473975e-03    4.4124348958e-01
        11   -3.1949162266e+01    1.0223499288e+03   -5.6438815804e+01    2.4489653538e+01    3.5736413220e+01    1.5778018497e+01   -1.1180506802e+02    3.8518205008e+00    5.1200000000e+02    1.5263505054e-03    4.4335937500e-01
        12   -3.1883949232e+01    1.0177983427e+03   -5.6149784693e+01    2.4265835462e+01    3.5674504913e+01    1.5778018497e+01   -1.1138176858e+02    3.7794604806e+00    5.1200000000e+02    1.5232220190e-03    4.4596354167e-01
        13   -3.1888164446e+01    1.0181925324e+03   -5.6461037792e+01    2.4572873346e+01    3.5755315617e+01    1.5778018497e+01   -1.1202385454e+02    4.0294826390e+00    5.1200000000e+02    1.5196738623e-03    4.4222005208e-01
        14   -3.1867982987e+01    1.0170363651e+03   -5.5743547247e+01    2.3875564261e+01    3.5539146687e+01    1.5778018497e+01   -1.1085217204e+02    3.7914596086e+00    5.1200000000e+02    1.5177360669e-03    4.4449869792e-01
        15   -3.1809524862e+01    1.0131704833e+03   -5.5835648845e+01    2.4026123983e+01    3.5591988055e+01    1.5778018497e+01   -1.1112371606e+02    3.9180606662e+00    5.1200000000e+02    1.5212335352e-03    4.4514973958e-01
        16   -3.1822716185e+01    1.0146445345e+03   -5.5774911018e+01    2.3952194833e+01    3.5638670092e+01    1.5778018497e+01   -1.1135772816e+02    4.1661285528e+00    5.1200000000e+02    1.5213146484e-03    4.6012369792e-01
        17   -3.1821491787e+01    1.0142365103e+03   -5.5993944835e+01    2.4172453048e+01    3.5617350300e+01    1.5778018497e+01   -1.1149485499e+02    4.1055413545e+00    5.1200000000e+02    1.5248612720e-03    4.4205729167e-01
        18   -3.1866474069e+01    1.0167579570e+03   -5.5142777854e+01    2.3276303786e+01    3.5486691145e+01    1.5778018497e+01   -1.1029813834e+02    3.8906508446e+00    5.1200000000e+02    1.5245347705e-03    4.4612630208e-01
        19   -3.1836593826e+01    1.0151405399e+03   -5.5337833617e+01    2.3501239791e+01    3.5652131986e+01    1.5778018497e+01   -1.1077035902e+02    4.0023749179e+00    5.1200000000e+02    1.5250582861e-03    4.5117187500e-01
        20   -3.1799356148e+01    1.0126828114e+03   -5.4880987891e+01    2.3081631743e+01    3.5532902845e+01    1.5778018497e+01   -1.1026009774e+02    4.0681885078e+00    5.1200000000e+02    1.5142669849e-03    4.5426432292e-01
        21   -3.1841794511e+01    1.0155737991e+03   -5.5366927746e+01    2.3525133236e+01    3.5397080637e+01    1.5778018497e+01   -1.1057845627e+02    4.0364293876e+00    5.1200000000e+02    1.5156003613e-03    4.4759114583e-01
        22   -3.1798522918e+01    1.0127067928e+03   -5.5301712941e+01    2.3503190022e+01    3.5437495558e+01    1.5778018497e+01   -1.1092151886e+02    4.4042918683e+00    5.1200000000e+02    1.5230496240e-03    4.5312500000e-01
        23   -3.1828016230e+01    1.0147111346e+03   -5.5583529360e+01    2.3755513130e+01    3.5495867563e+01    1.5778018497e+01   -1.1109639638e+02    4.2389809592e+00    5.1200000000e+02    1.5085484863e-03    4.4108072917e-01
        24   -3.1872881781e+01    1.0173202583e+03   -5.5456330706e+01    2.3583448924e+01    3.5659397814e+01    1.5778018497e+01   -1.1099371242e+02    4.0999654021e+00    5.1200000000e+02    1.5173379053e-03    4.2887369792e-01
        25   -3.1937582824e+01    1.0215990546e+03   -5.5050708830e+01    2.3113126005e+01    3.5481413191e+01    1.5778018497e+01   -1.1018241755e+02    3.8722770322e+00    5.1200000000e+02    1.5130989697e-03    4.4222005208e-01
        26   -3.1848918053e+01    1.0156381731e+03   -5.4777825146e+01    2.2928907093e+01    3.5396182550e+01    1.5778018497e+01   -1.0936617062e+02    3.4141444305e+00    5.1200000000e+02    1.5149125415e-03    4.4433593750e-01
        27   -3.1888033177e+01    1.0184173103e+03   -5.5261208488e+01    2.3373175311e+01    3.5337999796e+01    1.5778018497e+01   -1.1023465045e+02    3.8574236713e+00    5.1200000000e+02    1.5069449341e-03    4.4173177083e-01
        28   -3.1834495517e+01    1.0154052313e+03   -5.5338378185e+01    2.3503882668e+01    3.5439926250e+01    1.5778018497e+01   -1.1070010825e+02    4.1437853159e+00    5.1200000000e+02    1.5077196753e-03    4.5345052083e-01
        29   -3.1862957485e+01    1.0169735350e+03   -5.5411004044e+01    2.3548046560e+01    3.5478347872e+01    1.5778018497e+01   -1.1063929713e+02    3.9719267177e+00    5.1200000000e+02    1.5098846289e-03    4.5035807292e-01
        30   -3.1816292006e+01    1.0137010796e+03   -5.5596828316e+01    2.3780536309e+01    3.5288084824e+01    1.5778018497e+01   -1.1064102184e+02    3.9780902025e+00    5.1200000000e+02    1.5033173853e-03    4.4873046875e-01
        31   -3.1911046922e+01    1.0198380381e+03   -5.5352509806e+01    2.3441462884e+01    3.5454788118e+01    1.5778018497e+01   -1.1070181475e+02    4.1164983298e+00    5.1200000000e+02    1.5093532715e-03    4.3880208333e-01
        32   -3.1875464404e+01    1.0174451612e+03   -5.5405976241e+01    2.3530511837e+01    3.5431943346e+01    1.5778018497e+01   -1.1070849945e+02    4.0925613674e+00    5.1200000000e+02    1.5127992480e-03    4.4124348958e-01
        33   -3.1884978820e+01    1.0179326971e+03   -5.5012233673e+01    2.3127254853e+01    3.5347563882e+01    1.5778018497e+01   -1.0998332575e+02    3.8455097025e+00    5.1200000000e+02    1.5109775513e-03    4.4628906250e-01
        34   -3.1893172891e+01    1.0188626982e+03   -5.5348907531e+01    2.3455734639e+01    3.5436858076e+01    1.5778018497e+01   -1.1063063224e+02    4.0668481400e+00    5.1200000000e+02    1.5281401123e-03    4.5361328125e-01
        35   -3.1904907030e+01    1.0193633756e+03   -5.5064667622e+01    2.3159760592e+01    3.5597763791e+01    1.5778018497e+01   -1.1063137923e+02    4.1909293184e+00    5.1200000000e+02    1.5211083154e-03    4.4222005208e-01
        36   -3.1908440390e+01    1.0195908202e+03   -5.5423736562e+01    2.3515296171e+01    3.5669960494e+01    1.5778018497e+01   -1.1119461928e+02    4.3229037242e+00    5.1200000000e+02    1.5314559253e-03    4.4970703125e-01
        37   -3.1949566478e+01    1.0225318634e+03   -5.5353457233e+01    2.3403890755e+01    3.5550358764e+01    1.5778018497e+01   -1.1089117052e+02    4.2093360268e+00    5.1200000000e+02    1.5242203369e-03    4.5279947917e-01
        38   -3.1768116233e+01    1.0105125846e+03   -5.5197878176e+01    2.3429761943e+01    3.5545272411e+01    1.5778018497e+01   -1.1071596295e+02    4.1947938683e+00    5.1200000000e+02    1.5193774316e-03    4.5100911458e-01
        39   -3.1814962966e+01    1.0135645775e+03   -5.5703434369e+01    2.3888471404e+01    3.5535392591e+01    1.5778018497e+01   -1.1084990925e+02    3.8330637954e+00    5.1200000000e+02    1.5240686206e-03    4.4986979167e-01
        40   -3.1984949459e+01    1.0252765660e+03   -5.6027873145e+01    2.4042923686e+01    3.5828929145e+01    1.5778018497e+01   -1.1187501088e+02    4.2401900939e+00    5.1200000000e+02    1.5163323584e-03    4.4824218750e-01
        41   -3.1905679056e+01    1.0195056609e+03   -5.5563045091e+01    2.3657366035e+01    3.5677879277e+01    1.5778018497e+01   -1.1084363635e+02    3.8246934866e+00    5.1200000000e+02    1.5096476416e-03    4.3750000000e-01
        42   -3.1847724705e+01    1.0159130536e+03   -5.6155386557e+01    2.4307661851e+01    3.5731665134e+01    1.5778018497e+01   -1.1159780728e+02    3.9327370904e+00    5.1200000000e+02    1.5144958228e-03    4.3733723958e-01
        43   -3.1909787262e+01    1.0198888087e+03   -5.5286427692e+01    2.3376640430e+01    3.5674592557e+01    1.5778018497e+01   -1.1110383385e+02    4.3647951075e+00    5.1200000000e+02    1.5108553662e-03    4.5654296875e-01
        44   -3.1880512138e+01    1.0178435905e+03   -5.5607237792e+01    2.3726725655e+01    3.5749711193e+01    1.5778018497e+01   -1.1099982207e+02    3.8648545883e+00    5.1200000000e+02    1.5122722070e-03    4.4921875000e-01
        45   -3.1868572111e+01    1.0172332679e+03   -5.5036985059e+01    2.3168412947e+01    3.5497091883e+01    1.5778018497e+01   -1.1025421079e+02    3.9421153521e+00    5.1200000000e+02    1.5149615479e-03    4.5133463542e-01
        46   -3.1851767617e+01    1.0162138094e+03   -5.6083495147e+01    2.4231727531e+01    3.5541377981e+01    1.5778018497e+01   -1.1108827202e+02    3.6853803907e+00    5.1200000000e+02    1.5129644873e-03    4.5052083333e-01
        47   -3.1848086589e+01    1.0156862722e+03   -5.5951191777e+01    2.4103105187e+01    3.5465555909e+01    1.5778018497e+01   -1.1111186872e+02    3.9171025416e+00    5.1200000000e+02    1.5155157715e-03    4.5279947917e-01
        48   -3.1880713729e+01    1.0180648809e+03   -5.6185184094e+01    2.4304470364e+01    3.5641850474e+01    1.5778018497e+01   -1.1151009881e+02    3.9050457455e+00    5.1200000000e+02    1.5192898218e-03    4.5751953125e-01
        49   -3.1841309009e+01    1.0156403423e+03   -5.6491378206e+01    2.4650069197e+01    3.5880328565e+01    1.5778018497e+01   -1.1207777073e+02    3.9280454664e+00    5.1200000000e+02    1.5125196484e-03    4.3896484375e-01
        50   -3.1868773046e+01    1.0170841441e+03   -5.6307681206e+01    2.4438908160e+01    3.5661554281e+01    1.5778018497e+01   -1.1196902896e+02    4.2217749724e+00    5.1200000000e+02    1.5151672998e-03    4.3847656250e-01
        51   -3.1872829151e+01    1.0172835228e+03   -5.6216530353e+01    2.4343701202e+01    3.5757550444e+01    1.5778018497e+01   -1.1193151026e+02    4.1794109663e+00    5.1200000000e+02    1.5225637915e-03    4.4791666667e-01
        52   -3.1924837871e+01    1.0205986924e+03   -5.6262066208e+01    2.4337228337e+01    3.5609180030e+01    1.5778018497e+01   -1.1133685772e+02    3.6875929835e+00    5.1200000000e+02    1.5153591455e-03    4.4287109375e-01
        53   -3.1920729185e+01    1.0204812344e+03   -5.6001922156e+01    2.4081192971e+01    3.5490968838e+01    1.5778018497e+01   -1.1087285877e+02    3.6019492835e+00    5.1200000000e+02    1.5126487695e-03    4.4514973958e-01
        54   -3.1900986784e+01    1.0192549319e+03   -5.6254539602e+01    2.4353552818e+01    3.5763317951e+01    1.5778018497e+01   -1.1176510361e+02    3.9692275616e+00    5.1200000000e+02    1.5146667627e-03    4.4401041667e-01
        55   -3.1868741038e+01    1.0174680681e+03   -5.6106001606e+01    2.4237260568e+01    3.5585503152e+01    1.5778018497e+01   -1.1179514064e+02    4.3256173863e+00    5.1200000000e+02    1.5133979150e-03    4.5849609375e-01
        56   -3.1922458408e+01    1.0205577396e+03   -5.6218141338e+01    2.4295682930e+01    3.5502427754e+01    1.5778018497e+01   -1.1157949777e+02    4.0809101808e+00    5.1200000000e+02    1.5102231396e-03    4.4645182292e-01
        57   -3.1915471183e+01    1.0200173548e+03   -5.6089871775e+01    2.4174400593e+01    3.5539154943e+01    1.5778018497e+01   -1.1142782139e+02    4.0207761774e+00    5.1200000000e+02    1.5269327832e-03    4.5393880208e-01
        58   -3.1924394421e+01    1.0209110969e+03   -5.5815486876e+01    2.3891092456e+01    3.5417529220e+01    1.5778018497e+01   -1.1101050159e+02    3.9994669953e+00    5.1200000000e+02    1.5121828809e-03    4.3961588542e-01
        59   -3.1913575514e+01    1.0200097572e+03   -5.5272778988e+01    2.3359203474e+01    3.5465048756e+01    1.5778018497e+01   -1.1067412000e+02    4.1582737608e+00    5.1200000000e+02    1.5122516675e-03    4.4710286458e-01
        60   -3.1807702778e+01    1.0129724856e+03   -5.5885428892e+01    2.4077726114e+01    3.5704934884e+01    1.5778018497e+01   -1.1126644869e+02    3.8980664230e+00    5.1200000000e+02    1.5152216431e-03    4.5410156250e-01
        61   -3.1887492839e+01    1.0182119634e+03   -5.5556627224e+01    2.3669134384e+01    3.5583608012e+01    1.5778018497e+01   -1.1110436879e+02    4.1861150546e+00    5.1200000000e+02    1.5077336987e-03    4.3880208333e-01
        62   -3.2001215483e+01    1.0260903089e+03   -5.5497187281e+01    2.3495971798e+01    3.5440097716e+01    1.5778018497e+01   -1.1085291760e+02    4.1376141020e+00    5.1200000000e+02    1.5134404492e-03    4.5084635417e-01
        63   -3.1942508691e+01    1.0218914144e+03   -5.5404217810e+01    2.3461709119e+01    3.5537592561e+01    1.5778018497e+01   -1.1088429433e+02    4.1644654655e+00    5.1200000000e+02    1.5113641089e-03    4.4173177083e-01
        64   -3.1990520956e+01    1.0251386451e+03   -5.5766158211e+01    2.3775637255e+01    3.5522015293e+01    1.5778018497e+01   -1.1084801928e+02    3.7818272794e+00    5.1200000000e+02    1.5091407495e-03    4.4612630208e-01
        65   -3.1899274815e+01    1.0190776874e+03   -5.6119412980e+01    2.4220138165e+01    3.5578393470e+01    1.5778018497e+01   -1.1117771760e+02    3.7018926503e+00    5.1200000000e+02    1.5110004077e-03    4.5833333333e-01
        66   -3.1897007277e+01    1.0186838166e+03   -5.5176642148e+01    2.3279634871e+01    3.5396981709e+01    1.5778018497e+01   -1.1028329691e+02    3.9316545607e+00    5.1200000000e+02    1.5029281567e-03    4.3847656250e-01
        67   -3.1858849807e+01    1.0166380971e+03   -5.5516590779e+01    2.3657740972e+01    3.5298120006e+01    1.5778018497e+01   -1.1062671806e+02    4.0339887814e+00    5.1200000000e+02    1.5057609131e-03    4.5247395833e-01
        68   -3.1865204870e+01    1.0165789929e+03   -5.5306429383e+01    2.3441224513e+01    3.5206115887e+01    1.5778018497e+01   -1.1008587261e+02    3.7953088411e+00    5.1200000000e+02    1.5161087402e-03    4.5410156250e-01
        69   -3.1855109393e+01    1.0164134951e+03   -5.5265548847e+01    2.3410439454e+01    3.5212214534e+01    1.5778018497e+01   -1.1040659077e+02    4.1508088888e+00    5.1200000000e+02    1.4962354028e-03    4.4710286458e-01
        70   -3.1893558434e+01    1.0188884620e+03   -5.4725627372e+01    2.2832068938e+01    3.5267604934e+01    1.5778018497e+01   -1.0991873091e+02    4.1474801057e+00    5.1200000000e+02    1.5023652368e-03    4.3961588542e-01
        71   -3.1916780583e+01    1.0203473245e+03   -5.5531640390e+01    2.3614859808e+01    3.5423472353e+01    1.5778018497e+01   -1.1044408840e+02    3.7109571581e+00    5.1200000000e+02    1.5120247241e-03    4.5458984375e-01
        72   -3.1887593525e+01    1.0191843800e+03   -5.5107763196e+01    2.3220169671e+01    3.5457818337e+01    1.5778018497e+01   -1.1042621878e+02    4.0826187536e+00    5.1200000000e+02    1.5051213257e-03    4.5149739583e-01
        73   -3.1855670198e+01    1.0164039388e+03   -5.5918740703e+01    2.4063070505e+01    3.5266631452e+01    1.5778018497e+01   -1.1023274515e+02    3.2693545011e+00    5.1200000000e+02    1.5019481519e-03    4.4889322917e-01
        74   -3.1822236150e+01    1.0140494893e+03   -5.4976389030e+01    2.3154152880e+01    3.5460427375e+01    1.5778018497e+01   -1.0990148592e+02    3.6866510151e+00    5.1200000000e+02    1.4999388477e-03    4.4596354167e-01
        75   -3.1840480667e+01    1.0150522445e+03   -5.5620254447e+01    2.3779773780e+01    3.5577090813e+01    1.5778018497e+01   -1.1093074724e+02    3.9553834863e+00    5.1200000000e+02    1.5075999829e-03    4.5491536458e-01
        76   -3.1884634085e+01    1.0180496563e+03   -5.5773006178e+01    2.3888372093e+01    3.5534370227e+01    1.5778018497e+01   -1.1084721019e+02    3.7618152916e+00    5.1200000000e+02    1.5047879614e-03    4.4417317708e-01
        77   -3.1845523402e+01    1.0154669507e+03   -5.5404844226e+01    2.3559320824e+01    3.5442859758e+01    1.5778018497e+01   -1.1053426228e+02    3.9085397999e+00    5.1200000000e+02    1.5079199780e-03    4.4563802083e-01
        78   -3.1920827456e+01    1.0203976955e+03   -5.5089730420e+01    2.3168902964e+01    3.5568602462e+01    1.5778018497e+01   -1.1043855361e+02    4.0022022265e+00    5.1200000000e+02    1.5144020459e-03    4.4807942708e-01
        79   -3.1989598574e+01    1.0246317469e+03   -5.5076023960e+01    2.3086425386e+01    3.5486045321e+01    1.5778018497e+01   -1.1013687739e+02    3.7967896133e+00    5.1200000000e+02    1.5185032129e-03    4.3782552083e-01
        80   -3.1870510788e+01    1.0172447424e+03   -5.5475104783e+01    2.3604593995e+01    3.5529759776e+01    1.5778018497e+01   -1.1027242277e+02    3.4895397188e+00    5.1200000000e+02    1.5258870020e-03    4.4108072917e-01
        81   -3.1902228698e+01    1.0193447654e+03   -5.5990067376e+01    2.4087838679e+01    3.5678390205e+01    1.5778018497e+01   -1.1114566899e+02    3.6991929159e+00    5.1200000000e+02    1.5185917163e-03    4.5556640625e-01
        82   -3.1857107217e+01    1.0164121767e+03   -5.6396053273e+01    2.4538946056e+01    3.5871817453e+01    1.5778018497e+01   -1.1201093960e+02    3.9650503742e+00    5.1200000000e+02    1.5231112549e-03    4.4677734375e-01
        83   -3.1851341324e+01    1.0160549475e+03   -5.6156893372e+01    2.4305552048e+01    3.5764769406e+01    1.5778018497e+01   -1.1187448499e+02    4.1748037196e+00    5.1200000000e+02    1.5268067236e-03    4.5540364583e-01
        84   -3.1911573147e+01    1.0197011875e+03   -5.6169235471e+01    2.4257662324e+01    3.5608265981e+01    1.5778018497e+01   -1.1171710260e+02    4.1615826498e+00    5.1200000000e+02    1.5253863501e-03    4.4238281250e-01
        85   -3.1889679500e+01    1.0183703617e+03   -5.6492121808e+01    2.4602442308e+01    3.5587684578e+01    1.5778018497e+01   -1.1146312246e+02    3.6052975809e+00    5.1200000000e+02    1.5291140869e-03    4.4124348958e-01
        86   -3.1877974260e+01    1.0175394551e+03   -5.5693857791e+01    2.3815883531e+01    3.5581501005e+01    1.5778018497e+01   -1.1092852433e+02    3.8751470408e+00    5.1200000000e+02    1.5229317554e-03    4.4368489583e-01
        87   -3.1846517649e+01    1.0156379379e+03   -5.5521270521e+01    2.3674752872e+01    3.5497568944e+01    1.5778018497e+01   -1.1088068320e+02    4.0838252339e+00    5.1200000000e+02    1.5156207959e-03    4.4124348958e-01
        88   -3.1830748124e+01    1.0145778489e+03   -5.4949729760e+01    2.3118981636e+01    3.5372538949e+01    1.5778018497e+01   -1.1028222510e+02    4.1819378908e+00    5.1200000000e+02    1.5155846704e-03    4.4401041667e-01
        89   -3.1894990727e+01    1.0187301859e+03   -5.5002702852e+01    2.3107712125e+01    3.5213188716e+01    1.5778018497e+01   -1.0980698703e+02    3.8130769658e+00    5.1200000000e+02    1.5107282178e-03    4.5263671875e-01
        90   -3.1914042590e+01    1.0200024415e+03   -5.5517838658e+01    2.3603796068e+01    3.5324287516e+01    1.5778018497e+01   -1.1047418953e+02    3.8540448567e+00    5.1200000000e+02    1.5079095947e-03    4.4303385417e-01
        91   -3.1987695492e+01    1.0248082477e+03   -5.5245046278e+01    2.3257350786e+01    3.5400546535e+01    1.5778018497e+01   -1.1047566131e+02    4.0520500025e+00    5.1200000000e+02    1.5067077710e-03    4.4938151042e-01
        92   -3.1900285358e+01    1.0188917010e+03   -5.4874467319e+01    2.2974181961e+01    3.5431743764e+01    1.5778018497e+01   -1.1022969054e+02    4.1454609642e+00    5.1200000000e+02    1.5133109399e-03    4.5328776042e-01
        93   -3.1969594957e+01    1.0233560328e+03   -5.5065880165e+01    2.3096285208e+01    3.5325581075e+01    1.5778018497e+01   -1.1007616374e+02    3.9066840031e+00    5.1200000000e+02    1.5037282031e-03    4.4986979167e-01
        94   -3.1964005552e+01    1.0230835982e+03   -5.5648763890e+01    2.3684758338e+01    3.5307943859e+01    1.5778018497e+01   -1.1125429205e+02    4.5195658056e+00    5.1200000000e+02    1.5025711987e-03    4.4596354167e-01
        95   -3.1979889600e+01    1.0241568490e+03   -5.5520172045e+01    2.3540282444e+01    3.5460284221e+01    1.5778018497e+01   -1.1160777120e+02    4.8492964407e+00    5.1200000000e+02    1.5132750244e-03    4.4661458333e-01
        96   -3.1979835091e+01    1.0244596966e+03   -5.6020564166e+01    2.4040729074e+01    3.5401976768e+01    1.5778018497e+01   -1.1139198815e+02    4.1914287167e+00    5.1200000000e+02    1.5158743848e-03    4.5328776042e-01
        97   -3.1918956302e+01    1.0203013255e+03   -5.6030378105e+01    2.4111421803e+01    3.5364752761e+01    1.5778018497e+01   -1.1129399763e+02    4.1208482677e+00    5.1200000000e+02    1.5087687402e-03    4.4417317708e-01
        98   -3.1944934364e+01    1.0220840319e+03   -5.6095801986e+01    2.4150867621e+01    3.5321989279e+01    1.5778018497e+01   -1.1124452359e+02    4.0487138282e+00    5.1200000000e+02    1.5043173438e-03    4.4417317708e-01
        99   -3.1907782466e+01    1.0194855535e+03   -5.5753489189e+01    2.3845706723e+01    3.5257913314e+01    1.5778018497e+01   -1.1058724743e+02    3.7978264319e+00    5.1200000000e+02    1.5131868579e-03    4.5328776042e-01
       100   -3.1926141674e+01    1.0208573148e+03   -5.5472655072e+01    2.3546513397e+01    3.5260691748e+01    1.5778018497e+01   -1.1017254403e+02    3.6611787153e+00    5.1200000000e+02    1.5136745312e-03    4.4173177083e-01
       101   -3.1907464660e+01    1.0194176756e+03   -5.5131834815e+01    2.3224370155e+01    3.5374595030e+01    1.5778018497e+01   -1.1011062665e+02    3.8261783057e+00    5.1200000000e+02    1.5118799438e-03    4.4514973958e-01
       102   -3.1915511474e+01    1.0200058631e+03   -5.5256427078e+01    2.3340915604e+01    3.5242659989e+01    1.5778018497e+01   -1.1003178719e+02    3.7546816298e+00    5.1200000000e+02    1.5065786475e-03    4.3961588542e-01
       103   -3.1828262690e+01    1.0144039508e+03   -5.5396395765e+01    2.3568133075e+01    3.5062937411e+01    1.5778018497e+01   -1.0988882925e+02    3.6514775807e+00    5.1200000000e+02    1.5076895410e-03    4.4661458333e-01
       104   -3.1856943469e+01    1.0169783963e+03   -5.5790129998e+01    2.3933186528e+01    3.5129691797e+01    1.5778018497e+01   -1.1046089128e+02    3.7630509842e+00    5.1200000000e+02    1.4984092383e-03    4.5442708333e-01
       105   -3.1840784429e+01    1.0154832966e+03   -5.5457514157e+01    2.3616729728e+01    3.5270224477e+01    1.5778018497e+01   -1.1039376310e+02    3.8880059678e+00    5.1200000000e+02    1.5021992969e-03    4.4677734375e-01
       106   -3.1825523011e+01    1.0143329570e+03   -5.5933891597e+01    2.4108368585e+01    3.5362052983e+01    1.5778018497e+01   -1.1096443781e+02    3.8904747316e+00    5.1200000000e+02    1.5039833740e-03    4.4612630208e-01
       107   -3.1874130779e+01    1.0172672123e+03   -5.5537608765e+01    2.3663477986e+01    3.5335933416e+01    1.5778018497e+01   -1.1043752473e+02    3.7859640566e+00    5.1200000000e+02    1.4971278540e-03    4.4905598958e-01
       108   -3.1875871480e+01    1.0172363566e+03   -5.5268437584e+01    2.3392566103e+01    3.5128869855e+01    1.5778018497e+01   -1.0979608221e+02    3.6207562713e+00    5.1200000000e+02    1.4982183521e-03    4.5231119792e-01
       109   -3.1852088184e+01    1.0158669100e+03   -5.5286874262e+01    2.3434786078e+01    3.5222904362e+01    1.5778018497e+01   -1.0983639140e+02    3.5485942775e+00    5.1200000000e+02    1.4982402759e-03    4.3750000000e-01
       110   -3.1850950573e+01    1.0159285427e+03   -5.5160301575e+01    2.3309351002e+01    3.5154615257e+01    1.5778018497e+01   -1.1021972223e+02    4.1267868974e+00    5.1200000000e+02    1.5025747827e-03    4.4384765625e-01
       111   -3.1831577700e+01    1.0148885850e+03   -5.5174546901e+01    2.3342969201e+01    3.5275169460e+01    1.5778018497e+01   -1.1042596614e+02    4.1982312846e+00    5.1200000000e+02    1.6954922388e-03    4.4173177083e-01
       112   -3.1843893365e+01    1.0152418037e+03   -5.5605533965e+01    2.3761640600e+01    3.5273709682e+01    1.5778018497e+01   -1.1073117466e+02    4.0739125179e+00    5.1200000000e+02    1.5410389600e-03    4.4563802083e-01
       113   -3.1852910702e+01    1.0158053119e+03   -5.5461724767e+01    2.3608814065e+01    3.5185415446e+01    1.5778018497e+01   -1.1057631095e+02    4.1511522364e+00    5.1200000000e+02    1.5335725269e-03    4.5166015625e-01
       114   -3.1891995291e+01    1.0188871121e+03   -5.5953507173e+01    2.4061511882e+01    3.5292942813e+01    1.5778018497e+01   -1.1074117148e+02    3.7167029995e+00    5.1200000000e+02    1.5322524463e-03    4.5426432292e-01
       115   -3.1815662090e+01    1.0135724029e+03   -5.5526170143e+01    2.3710508053e+01    3.5389294585e+01    1.5778018497e+01   -1.1059976864e+02    3.9062854113e+00    5.1200000000e+02    1.5355894019e-03    4.3863932292e-01
       116   -3.1827000345e+01    1.0143874575e+03   -5.5584332590e+01    2.3757332245e+01    3.5305298484e+01    1.5778018497e+01   -1.1010869596e+02    3.4410463928e+00    5.1200000000e+02    1.5193979297e-03    4.4156901042e-01
       117   -3.1765274296e+01    1.0102027146e+03   -5.5740427549e+01    2.3975153253e+01    3.5211060663e+01    1.5778018497e+01   -1.1004413674e+02    3.3146300272e+00    5.1200000000e+02    1.5245622070e-03    4.5100911458e-01
       118   -3.1800897501e+01    1.0132764965e+03   -5.5747365028e+01    2.3946467527e+01    3.5265306541e+01    1.5778018497e+01   -1.1004053380e+02    3.2498437375e+00    5.1200000000e+02    1.5236031958e-03    4.5719401042e-01
       119   -3.1834530039e+01    1.0147642356e+03   -5.5389342190e+01    2.3554812151e+01    3.5367550137e+01    1.5778018497e+01   -1.1051698916e+02    3.9820783383e+00    5.1200000000e+02    1.5350874146e-03    4.4775390625e-01
       120   -3.1815206949e+01    1.0142983944e+03   -5.5235328852e+01    2.3420121902e+01    3.5441578982e+01    1.5778018497e+01   -1.1072689094e+02    4.2719646071e+00    5.1200000000e+02    1.5371344946e-03    4.5100911458e-01
       121   -3.1910564291e+01    1.0198813957e+03   -5.5112653258e+01    2.3202088967e+01    3.5418007790e+01    1.5778018497e+01   -1.1003840812e+02    3.7297285760e+00    5.1200000000e+02    1.5373160229e-03    4.5686848958e-01
       122   -3.1860305533e+01    1.0165923922e+03   -5.5210015869e+01    2.3349710336e+01    3.5469235041e+01    1.5778018497e+01   -1.1010882299e+02    3.6515535816e+00    5.1200000000e+02    1.5241272534e-03    4.3977864583e-01
       123   -3.1843705921e+01    1.0158688472e+03   -5.5065888736e+01    2.3222182815e+01    3.5469477188e+01    1.5778018497e+01   -1.1013899079e+02    3.8256063679e+00    5.1200000000e+02    1.5190186060e-03    4.3636067708e-01
       124   -3.1892889030e+01    1.0187225720e+03   -5.5116587776e+01    2.3223698745e+01    3.5562955225e+01    1.5778018497e+01   -1.1067917906e+02    4.2216175650e+00    5.1200000000e+02    1.5285536035e-03    4.5963541667e-01
       125   -3.1943874665e+01    1.0221227399e+03   -5.5296239596e+01    2.3352364931e+01    3.5417458865e+01    1.5778018497e+01   -1.1045765617e+02    3.9659392124e+00    5.1200000000e+02    1.5165978198e-03    4.4156901042e-01
       126   -3.1813034031e+01    1.0134099165e+03   -5.4704363021e+01    2.2891328989e+01    3.5484706190e+01    1.5778018497e+01   -1.0965342542e+02    3.6863377075e+00    5.1200000000e+02    1.5275448853e-03    4.4986979167e-01
       127   -3.1796448341e+01    1.0124844150e+03   -5.5742185175e+01    2.3945736834e+01    3.5466498530e+01    1.5778018497e+01   -1.1071392716e+02    3.7272249567e+00    5.1200000000e+02    1.5107292554e-03    4.4010416667e-01
       128   -3.1894567799e+01    1.0191529087e+03   -5.5792280289e+01    2.3897712490e+01    3.5492023734e+01    1.5778018497e+01   -1.1130292958e+02    4.2406070583e+00    5.1200000000e+02    1.5162157324e-03    4.5198567708e-01
       129   -3.1855022118e+01    1.0164795765e+03   -5.5627798144e+01    2.3772776026e+01    3.5575040227e+01    1.5778018497e+01   -1.1156253798e+02    4.5816811103e+00    5.1200000000e+02    1.5180243579e-03    4.4726562500e-01
       130   -3.1950969632e+01    1.0225498280e+03   -5.5490240210e+01    2.3539270578e+01    3.5656398517e+01    1.5778018497e+01   -1.1160204564e+02    4.6773884166e+00    5.1200000000e+02    1.5172049146e-03    4.4921875000e-01
       131   -3.1858445403e+01    1.0165831206e+03   -5.5595684628e+01    2.3737239225e+01    3.5636134692e+01    1.5778018497e+01   -1.1123814440e+02    4.2283065816e+00    5.1200000000e+02    1.5168051221e-03    4.5458984375e-01
       132   -3.1834357737e+01    1.0148470498e+03   -5.5698209248e+01    2.3863851511e+01    3.5496052843e+01    1.5778018497e+01   -1.1090844945e+02    3.9361688656e+00    5.1200000000e+02    1.5220901074e-03    4.4759114583e-01
       133   -3.1864831423e+01    1.0169131906e+03   -5.5527481781e+01    2.3662650358e+01    3.5579446313e+01    1.5778018497e+01   -1.1113673381e+02    4.2517872182e+00    5.1200000000e+02    1.5104636597e-03    4.4710286458e-01
       134   -3.1797843101e+01    1.0124402030e+03   -5.5179724014e+01    2.3381880913e+01    3.5297404827e+01    1.5778018497e+01   -1.1060628529e+02    4.3511379473e+00    5.1200000000e+02    1.5014013232e-03    4.4954427083e-01
       135   -3.1746173575e+01    1.0090055303e+03   -5.4793162299e+01    2.3046988724e+01    3.5276865154e+01    1.5778018497e+01   -1.1018304717e+02    4.3350012235e+00    5.1200000000e+02    1.5075098120e-03    4.4970703125e-01
       136   -3.1815058945e+01    1.0137367428e+03   -5.4791385693e+01    2.2976326748e+01    3.5233466460e+01    1.5778018497e+01   -1.1004626644e+02    4.2433957902e+00    5.1200000000e+02    1.5108467676e-03    4.4759114583e-01
       137   -3.1874979281e+01    1.0171916189e+03   -5.5019473084e+01    2.3144493803e+01    3.5457811320e+01    1.5778018497e+01   -1.1057804108e+02    4.3227381760e+00    5.1200000000e+02    1.5235022681e-03    4.4563802083e-01
       138   -3.1908160763e+01    1.0194847597e+03   -5.4707649164e+01    2.2799488401e+01    3.5388493331e+01    1.5778018497e+01   -1.1018426069e+02    4.3100997012e+00    5.1200000000e+02    1.5283067188e-03    4.5703125000e-01
       139   -3.1769082222e+01    1.0106188619e+03   -5.4908032777e+01    2.3138950555e+01    3.5471307722e+01    1.5778018497e+01   -1.1012128298e+02    3.9639239823e+00    5.1200000000e+02    1.5262472192e-03    4.4856770833e-01
       140   -3.1902390880e+01    1.0195217435e+03   -5.5275628542e+01    2.3373237662e+01    3.5753928869e+01    1.5778018497e+01   -1.1093213047e+02    4.1245545597e+00    5.1200000000e+02    1.5198945239e-03    4.4563802083e-01
       141   -3.1941053944e+01    1.0214331799e+03   -5.5305014977e+01    2.3363961034e+01    3.5460934796e+01    1.5778018497e+01   -1.1081892739e+02    4.2749591200e+00    5.1200000000e+02    1.5164080298e-03    4.4986979167e-01
       142   -3.1911763463e+01    1.0197957954e+03   -5.5216947927e+01    2.3305184464e+01    3.5497665675e+01    1.5778018497e+01   -1.1064601309e+02    4.1533809906e+00    5.1200000000e+02    1.5200480054e-03    4.4547526042e-01
       143   -3.1929145572e+01    1.0209695189e+03   -5.4982503473e+01    2.3053357901e+01    3.5458093749e+01    1.5778018497e+01   -1.1082552882e+02    4.6069131051e+00    5.1200000000e+02    1.5136837769e-03    4.5117187500e-01
       144   -3.1779763871e+01    1.0139631258e+03   -5.6104762235e+01    2.4324998364e+01    3.5412554240e+01    1.5778018497e+01   -1.1024273864e+02    2.9474036701e+00    5.1200000000e+02    1.5148260181e-03    4.5589192708e-01
       145   -3.1933332009e+01    1.0214002695e+03   -5.4390873501e+01    2.2457541492e+01    3.5281985967e+01    1.5778018497e+01   -1.0959166548e+02    4.1407875156e+00    5.1200000000e+02    1.5011352563e-03    4.5279947917e-01
       146   -3.1866024921e+01    1.0168191712e+03   -5.4321171611e+01    2.2455146690e+01    3.5347104447e+01    1.5778018497e+01   -1.0947437596e+02    4.0280814069e+00    5.1200000000e+02    1.5105912085e-03    4.4873046875e-01
       147   -3.1869637901e+01    1.0171822476e+03   -5.4712022211e+01    2.2842384310e+01    3.5432434174e+01    1.5778018497e+01   -1.1016548980e+02    4.2430149225e+00    5.1200000000e+02    1.5136338647e-03    4.4726562500e-01
       148   -3.1861345079e+01    1.0165163224e+03   -5.5113852374e+01    2.3252507295e+01    3.5389254207e+01    1.5778018497e+01   -1.1037218279e+02    4.0910577164e+00    5.1200000000e+02    1.5226481030e-03    4.5572916667e-01
       149   -3.1964904940e+01    1.0235889299e+03   -5.5596416830e+01    2.3631511890e+01    3.5445381995e+01    1.5778018497e+01   -1.1019298439e+02    3.3731670670e+00    5.1200000000e+02    1.5364883472e-03    4.5133463542e-01
       150   -3.1910682167e+01    1.0198811513e+03   -5.4786936064e+01    2.2876253898e+01    3.5408799113e+01    1.5778018497e+01   -1.1015392634e+02    4.1801726709e+00    5.1200000000e+02    1.5179885718e-03    4.4677734375e-01
       151   -3.1887561553e+01    1.0182103227e+03   -5.4897529468e+01    2.3009967915e+01    3.5402647264e+01    1.5778018497e+01   -1.1023330808e+02    4.1551128494e+00    5.1200000000e+02    1.5006358179e-03    4.4498697917e-01
       152   -3.1877718166e+01    1.0178391519e+03   -5.5311119880e+01    2.3433401714e+01    3.5562376998e+01    1.5778018497e+01   -1.1042603238e+02    3.7745170031e+00    5.1200000000e+02    1.5161269043e-03    4.5833333333e-01
       153   -3.1859868508e+01    1.0165130236e+03   -5.5300656004e+01    2.3440787496e+01    3.5463686009e+01    1.5778018497e+01   -1.1053268412e+02    3.9903236081e+00    5.1200000000e+02    1.5031991821e-03    4.4466145833e-01
       154   -3.1891375611e+01    1.0187065318e+03   -5.5478964862e+01    2.3587589251e+01    3.5546904842e+01    1.5778018497e+01   -1.1103219292e+02    4.2283047210e+00    5.1200000000e+02    1.5079556567e-03    4.5328776042e-01
       155   -3.1880325447e+01    1.0178854365e+03   -5.5732596441e+01    2.3852270994e+01    3.5594256407e+01    1.5778018497e+01   -1.1059823927e+02    3.4933679251e+00    5.1200000000e+02    1.5032460229e-03    4.4287109375e-01
       156   -3.1947340782e+01    1.0228520877e+03   -5.5584931815e+01    2.3637591033e+01    3.5577033043e+01    1.5778018497e+01   -1.1040380317e+02    3.4638198192e+00    5.1200000000e+02    1.5143566064e-03    4.5084635417e-01
       157   -3.1971017050e+01    1.0241289837e+03   -5.5715643352e+01    2.3744626302e+01    3.5551925291e+01    1.5778018497e+01   -1.1069252259e+02    3.6469354537e+00    5.1200000000e+02    1.5137240991e-03    4.4954427083e-01
       158   -3.1955116936e+01    1.0224469213e+03   -5.4806999687e+01    2.2851882751e+01    3.5495087237e+01    1.5778018497e+01   -1.1032326485e+02    4.2431594274e+00    5.1200000000e+02    1.5108444482e-03    4.4840494792e-01
       159   -3.1949063541e+01    1.0222491131e+03   -5.5005443363e+01    2.3056379821e+01    3.5613913637e+01    1.5778018497e+01   -1.1048814958e+02    4.0907740790e+00    5.1200000000e+02    1.5162469653e-03    4.4791666667e-01
       160   -3.1976469081e+01    1.0246210115e+03   -5.5165717928e+01    2.3189248847e+01    3.5376697294e+01    1.5778018497e+01   -1.1027545900e+02    3.9550252833e+00    5.1200000000e+02    1.5146903760e-03    4.3977864583e-01
       161   -3.1946759566e+01    1.0220785751e+03   -5.5080613265e+01    2.3133853699e+01    3.5429758519e+01    1.5778018497e+01   -1.1005752955e+02    3.7691392648e+00    5.1200000000e+02    1.5414820972e-03    4.5328776042e-01
       162   -3.1915711100e+01    1.0199865070e+03   -5.4519743696e+01    2.2604032596e+01    3.5374458252e+01    1.5778018497e+01   -1.0948641875e+02    3.8141983027e+00    5.1200000000e+02    1.5283923560e-03    4.5133463542e-01
       163   -3.1883074911e+01    1.0180692466e+03   -5.5161907290e+01    2.3278832379e+01    3.5511281243e+01    1.5778018497e+01   -1.0993723697e+02    3.4860299395e+00    5.1200000000e+02    1.5236766382e-03    4.5638020833e-01
       164   -3.1865589550e+01    1.0175160549e+03   -5.4562081815e+01    2.2696492265e+01    3.5302276774e+01    1.5778018497e+01   -1.0931750836e+02    3.6751312709e+00    5.1200000000e+02    1.5175205249e-03    4.5686848958e-01
       165   -3.1795022675e+01    1.0124123890e+03   -5.4588665866e+01    2.2793643191e+01    3.5198372765e+01    1.5778018497e+01   -1.0956351992e+02    3.9984627947e+00    5.1200000000e+02    1.5139622046e-03    4.5410156250e-01
       166   -3.1745698835e+01    1.0094733314e+03   -5.4602149938e+01    2.2856451102e+01    3.5344477966e+01    1.5778018497e+01   -1.0980016674e+02    4.0755203442e+00    5.1200000000e+02    1.5074781616e-03    4.4645182292e-01
       167   -3.1911731849e+01    1.0202314107e+03   -5.5408164228e+01    2.3496432379e+01    3.5329199622e+01    1.5778018497e+01   -1.1007071036e+02    3.5553280166e+00    5.1200000000e+02    1.5099734375e-03    4.5149739583e-01
       168   -3.1794482262e+01    1.0127413190e+03   -5.4614889357e+01    2.2820407095e+01    3.5449047931e+01    1.5778018497e+01   -1.0995738841e+02    4.1154326266e+00    5.1200000000e+02    1.5192400806e-03    4.5833333333e-01
       169   -3.1864400682e+01    1.0170616250e+03   -5.4906605176e+01    2.3042204494e+01    3.5097875638e+01    1.5778018497e+01   -1.0943827642e+02    3.6557771055e+00    5.1200000000e+02    1.5063602393e-03    4.5735677083e-01
       170   -3.1946788910e+01    1.0222810581e+03   -5.5246236218e+01    2.3299447308e+01    3.5278074827e+01    1.5778018497e+01   -1.1011407821e+02    3.8117486689e+00    5.1200000000e+02    1.5060148877e-03    4.5019531250e-01
       171   -3.1842305380e+01    1.0156242910e+03   -5.5128734507e+01    2.3286429126e+01    3.5403201468e+01    1.5778018497e+01   -1.1020529081e+02    3.8953363416e+00    5.1200000000e+02    1.5090406860e-03    4.4563802083e-01
       172   -3.1911687938e+01    1.0201629217e+03   -5.5477430018e+01    2.3565742081e+01    3.5385977976e+01    1.5778018497e+01   -1.1027102262e+02    3.6295961250e+00    5.1200000000e+02    1.5210913794e-03    4.5198567708e-01
       173   -3.1897093954e+01    1.0190286287e+03   -5.5711923106e+01    2.3814829152e+01    3.5304141533e+01    1.5778018497e+01   -1.1081320298e+02    4.0191198464e+00    5.1200000000e+02    1.4987503906e-03    4.4694010417e-01
       174   -3.1929836578e+01    1.0209219557e+03   -5.5817393793e+01    2.3887557215e+01    3.5382993127e+01    1.5778018497e+01   -1.1089809660e+02    3.9196911877e+00    5.1200000000e+02    1.5095198853e-03    4.5996093750e-01
       175   -3.1929573319e+01    1.0208242456e+03   -5.5694146150e+01    2.3764572832e+01    3.5407407752e+01    1.5778018497e+01   -1.1041070323e+02    3.5311308294e+00    5.1200000000e+02    1.5078760132e-03    4.4498697917e-01
       176   -3.1926361809e+01    1.0207080980e+03   -5.5015253846e+01    2.3088892037e+01    3.5321326141e+01    1.5778018497e+01   -1.1023297231e+02    4.1183738268e+00    5.1200000000e+02    1.5057705322e-03    4.4759114583e-01
       177   -3.1877616551e+01    1.0173978783e+03   -5.4796020779e+01    2.2918404228e+01    3.5108933991e+01    1.5778018497e+01   -1.0932553907e+02    3.6425658064e+00    5.1200000000e+02    1.5026500171e-03    4.5214843750e-01
       178   -3.1960506397e+01    1.0232923687e+03   -5.5212759270e+01    2.3252252873e+01    3.5253374860e+01    1.5778018497e+01   -1.0995732304e+02    3.7131704142e+00    5.1200000000e+02    1.4980155664e-03    4.5263671875e-01
       179   -3.1901776566e+01    1.0193953877e+03   -5.4755989364e+01    2.2854212798e+01    3.5381772423e+01    1.5778018497e+01   -1.0992805196e+02    4.0122716763e+00    5.1200000000e+02    1.4967651270e-03    4.5003255208e-01
       180   -3.1933473252e+01    1.0213459606e+03   -5.5173282322e+01    2.3239809071e+01    3.5421531526e+01    1.5778018497e+01   -1.1008512164e+02    3.7122892935e+00    5.1200000000e+02    1.5033970679e-03    4.5345052083e-01
       181   -3.1959546311e+01    1.0231380314e+03   -5.5185863195e+01    2.3226316884e+01    3.5657827528e+01    1.5778018497e+01   -1.1021685576e+02    3.5951465439e+00    5.1200000000e+02    1.5119647827e-03    4.5003255208e-01
       182   -3.1867685819e+01    1.0169379922e+03   -5.5210601025e+01    2.3342915207e+01    3.5420720276e+01    1.5778018497e+01   -1.1011407401e+02    3.7047342112e+00    5.1200000000e+02    1.5091541748e-03    4.4856770833e-01
       183   -3.1920736558e+01    1.0204169339e+03   -5.6099075528e+01    2.4178338969e+01    3.5431632415e+01    1.5778018497e+01   -1.1073227450e+02    3.4235480583e+00    5.1200000000e+02    1.5079568994e-03    4.5149739583e-01
       184   -3.1930766208e+01    1.0209751023e+03   -5.5984388650e+01    2.4053622441e+01    3.5401655861e+01    1.5778018497e+01   -1.1100793111e+02    3.8438681063e+00    5.1200000000e+02    1.5130262891e-03    4.4010416667e-01
       185   -3.1993689072e+01    1.0249559957e+03   -5.5800929103e+01    2.3807240031e+01    3.5490505165e+01    1.5778018497e+01   -1.1075082994e+02    3.6813771801e+00    5.1200000000e+02    1.5037255762e-03    4.3570963542e-01
       186   -3.1970035716e+01    1.0246392786e+03   -5.5779248669e+01    2.3809212952e+01    3.5532553326e+01    1.5778018497e+01   -1.1081061458e+02    3.7207940913e+00    5.1200000000e+02    1.5139296191e-03    4.5393880208e-01
       187   -3.1882219024e+01    1.0179477911e+03   -5.5701202104e+01    2.3818983080e+01    3.5482175846e+01    1.5778018497e+01   -1.1080302366e+02    3.8416272154e+00    5.1200000000e+02    1.5055918018e-03    4.4303385417e-01
       188   -3.1861666365e+01    1.0167234179e+03   -5.5088387746e+01    2.3226721380e+01    3.5386228276e+01    1.5778018497e+01   -1.1022237750e+02    3.9697429814e+00    5.1200000000e+02    1.5092464893e-03    4.5865885417e-01
       189   -3.1886980013e+01    1.0191214263e+03   -5.5506517308e+01    2.3619537295e+01    3.5393070328e+01    1.5778018497e+01   -1.1082502091e+02    4.1474147761e+00    5.1200000000e+02    1.5097074683e-03    4.5458984375e-01
       190   -3.1827311645e+01    1.0145530654e+03   -5.5480085634e+01    2.3652773990e+01    3.5586739780e+01    1.5778018497e+01   -1.1098071033e+02    4.1358664218e+00    5.1200000000e+02    1.5170649243e-03    4.5214843750e-01
       191   -3.1897848599e+01    1.0188082982e+03   -5.6159977955e+01    2.4262129357e+01    3.5430974672e+01    1.5778018497e+01   -1.1113791109e+02    3.7689399683e+00    5.1200000000e+02    1.5199829565e-03    4.5361328125e-01
       192   -3.1888783952e+01    1.0182746303e+03   -5.5797235811e+01    2.3908451859e+01    3.5424244593e+01    1.5778018497e+01   -1.1088416619e+02    3.8846672873e+00    5.1200000000e+02    1.5180402539e-03    4.3912760417e-01
       193   -3.1833901869e+01    1.0146370275e+03   -5.5561460745e+01    2.3727558876e+01    3.5443030023e+01    1.5778018497e+01   -1.1084065040e+02    4.0581411339e+00    5.1200000000e+02    1.5207493506e-03    4.5084635417e-01
       194   -3.1763775048e+01    1.0103784685e+03   -5.5650478929e+01    2.3886703882e+01    3.5496797939e+01    1.5778018497e+01   -1.1083685211e+02    3.9115567471e+00    5.1200000000e+02    1.5200460913e-03    4.3896484375e-01
       195   -3.1772261278e+01    1.0109890976e+03   -5.6052266055e+01    2.4280004777e+01    3.5697204100e+01    1.5778018497e+01   -1.1141985190e+02    3.8923632458e+00    5.1200000000e+02    1.5291511499e-03    4.5751953125e-01
       196   -3.1791416301e+01    1.0122272797e+03   -5.6296879964e+01    2.4505463663e+01    3.5887761662e+01    1.5778018497e+01   -1.1229254629e+02    4.3298861703e+00    5.1200000000e+02    1.5408234644e-03    4.5458984375e-01
       197   -3.1885158325e+01    1.0184515347e+03   -5.6757739337e+01    2.4872581012e+01    3.5923037396e+01    1.5778018497e+01   -1.1281063045e+02    4.3518352184e+00    5.1200000000e+02    1.5319866650e-03    4.4140625000e-01
       198   -3.1859996880e+01    1.0165333176e+03   -5.6416424987e+01    2.4556428107e+01    3.5890756486e+01    1.5778018497e+01   -1.1237702459e+02    4.2918246158e+00    5.1200000000e+02    1.5357404053e-03    4.5800781250e-01
       199   -3.1851994386e+01    1.0157454021e+03   -5.6261890921e+01    2.4409896535e+01    3.5621443127e+01    1.5778018497e+01   -1.1172462582e+02    4.0632732760e+00    5.1200000000e+02    1.5199842358e-03    4.5084635417e-01
