#   index    LocalEnergy         LocalEnergy_sq      LocalPotential      Kinetic             ElecElec            IonIon              LocalECP            NonLocalECP         BlockWeight         BlockCPU            AcceptRatio         
         0   -3.1935993259e+01    1.0213826371e+03   -5.5769277673e+01    2.3833284414e+01    3.5506032661e+01    1.5778018497e+01   -1.1098402283e+02    3.9306940034e+00    6.7764000000e+04    3.4187067242e-01    9.9217985990e-01
         1   -3.1945863691e+01    1.0220264665e+03   -5.5692399758e+01    2.3746536066e+01    3.5443277442e+01    1.5778018497e+01   -1.1086277705e+02    3.9490813530e+00    6.7538000000e+04    3.4151729836e-01    9.9238652361e-01
         2   -3.1961883329e+01    1.0230836981e+03   -5.5785952114e+01    2.3824068785e+01    3.5381363283e+01    1.5778018497e+01   -1.1073119384e+02    3.7858599503e+00    6.7914000000e+04    3.4172657441e-01    9.9218656473e-01
         3   -3.1984578751e+01    1.0245513221e+03   -5.5704379318e+01    2.3719800567e+01    3.5442200047e+01    1.5778018497e+01   -1.1082207137e+02    3.8974735104e+00    6.7098000000e+04    3.4482388797e-01    9.9223542511e-01
         4   -3.1977045108e+01    1.0240388956e+03   -5.5833868443e+01    2.3856823334e+01    3.5373603217e+01    1.5778018497e+01   -1.1094180119e+02    3.9563110365e+00    6.6216000000e+04    3.2411843664e-01    9.9225414904e-01
         5   -3.1985819327e+01    1.0246260835e+03   -5.5854763116e+01    2.3868943789e+01    3.5476842178e+01    1.5778018497e+01   -1.1109639449e+02    3.9867707037e+00    6.6127000000e+04    3.2596543301e-01    9.9230733991e-01
         6   -3.1991952609e+01    1.0250282047e+03   -5.5738764098e+01    2.3746811489e+01    3.5439001661e+01    1.5778018497e+01   -1.1092259996e+02    3.9668157087e+00    6.5383000000e+04    2.9816024254e-01    9.9218663637e-01
         7   -3.1995637602e+01    1.0252134931e+03   -5.5866367961e+01    2.3870730359e+01    3.5515337575e+01    1.5778018497e+01   -1.1121571047e+02    4.0559864412e+00    6.5118000000e+04    2.9525918773e-01    9.9200941582e-01
         8   -3.1964323636e+01    1.0232870332e+03   -5.6085115194e+01    2.4120791557e+01    3.5526905495e+01    1.5778018497e+01   -1.1142831483e+02    4.0382756420e+00    6.5953000000e+04    3.2110674121e-01    9.9210633755e-01
         9   -3.1961443069e+01    1.0230799127e+03   -5.5690690734e+01    2.3729247665e+01    3.5466287607e+01    1.5778018497e+01   -1.1080933782e+02    3.8743409859e+00    6.5370000000e+04    3.0239159059e-01    9.9229078982e-01
        10   -3.1979206371e+01    1.0242254634e+03   -5.5960098154e+01    2.3980891783e+01    3.5510890671e+01    1.5778018497e+01   -1.1122437409e+02    3.9753667673e+00    6.5559000000e+04    3.0954273648e-01    9.9226883693e-01
        11   -3.1988951276e+01    1.0248550807e+03   -5.5999937796e+01    2.4010986519e+01    3.5594291267e+01    1.5778018497e+01   -1.1143540446e+02    4.0631569049e+00    6.6090000000e+04    3.2824109273e-01    9.9212287184e-01
        12   -3.1968847374e+01    1.0235813720e+03   -5.5950403373e+01    2.3981555999e+01    3.5603009873e+01    1.5778018497e+01   -1.1128380005e+02    3.9523683118e+00    6.5682000000e+04    3.2182259789e-01    9.9235887119e-01
        13   -3.1983079727e+01    1.0244400710e+03   -5.5945999037e+01    2.3962919310e+01    3.5542360140e+01    1.5778018497e+01   -1.1131149402e+02    4.0451163455e+00    6.4311000000e+04    2.9755834539e-01    9.9217235169e-01
        14   -3.1967884477e+01    1.0234445286e+03   -5.5840064590e+01    2.3872180113e+01    3.5639804301e+01    1.5778018497e+01   -1.1135309220e+02    4.0952048121e+00    6.4698000000e+04    2.9369503586e-01    9.9233112364e-01
        15   -3.1953518905e+01    1.0225591501e+03   -5.5835728255e+01    2.3882209349e+01    3.5574471497e+01    1.5778018497e+01   -1.1103349601e+02    3.8452777662e+00    6.4246000000e+04    2.9693589504e-01    9.9239150622e-01
        16   -3.1967621456e+01    1.0234156011e+03   -5.5751909117e+01    2.3784287661e+01    3.5606285389e+01    1.5778018497e+01   -1.1103230023e+02    3.8960872308e+00    6.2914000000e+04    2.9318511965e-01    9.9223696526e-01
        17   -3.1985345328e+01    1.0246152025e+03   -5.5999056247e+01    2.4013710918e+01    3.5520586142e+01    1.5778018497e+01   -1.1122334539e+02    3.9256845009e+00    6.3214000000e+04    2.9490837508e-01    9.9209996329e-01
        18   -3.1953361585e+01    1.0225322886e+03   -5.5873057399e+01    2.3919695815e+01    3.5560788694e+01    1.5778018497e+01   -1.1120019192e+02    3.9883273305e+00    6.4281000000e+04    2.9572128320e-01    9.9210855613e-01
        19   -3.1951518371e+01    1.0223864739e+03   -5.5800254244e+01    2.3848735872e+01    3.5582490137e+01    1.5778018497e+01   -1.1128353591e+02    4.1227730342e+00    6.4810000000e+04    3.0047375973e-01    9.9208489531e-01
        20   -3.1954019198e+01    1.0226032458e+03   -5.5747529587e+01    2.3793510389e+01    3.5473250085e+01    1.5778018497e+01   -1.1093580515e+02    3.9370069847e+00    6.5478000000e+04    3.1212861941e-01    9.9225318073e-01
        21   -3.1959467080e+01    1.0229167363e+03   -5.5711585733e+01    2.3752118652e+01    3.5508918590e+01    1.5778018497e+01   -1.1090984609e+02    3.9113232692e+00    6.4990000000e+04    2.9566978723e-01    9.9242312748e-01
        22   -3.1963884268e+01    1.0231874511e+03   -5.5977468401e+01    2.4013584133e+01    3.5664720615e+01    1.5778018497e+01   -1.1136292602e+02    3.9427185037e+00    6.4406000000e+04    2.9518162352e-01    9.9211625784e-01
        23   -3.1964990634e+01    1.0232517973e+03   -5.5750612275e+01    2.3785621641e+01    3.5638760962e+01    1.5778018497e+01   -1.1114951946e+02    3.9821277253e+00    6.4455000000e+04    2.9348366441e-01    9.9224437208e-01
        24   -3.1961071728e+01    1.0230724465e+03   -5.5792700763e+01    2.3831629035e+01    3.5552650771e+01    1.5778018497e+01   -1.1112488617e+02    4.0015161350e+00    6.4889000000e+04    2.9228431230e-01    9.9225604588e-01
        25   -3.1967303806e+01    1.0234549198e+03   -5.5832292634e+01    2.3864988828e+01    3.5598414486e+01    1.5778018497e+01   -1.1120052537e+02    3.9917997531e+00    6.4955000000e+04    2.9770739082e-01    9.9230719926e-01
        26   -3.1977797067e+01    1.0241152734e+03   -5.6096340015e+01    2.4118542948e+01    3.5617144780e+01    1.5778018497e+01   -1.1132548769e+02    3.8339843995e+00    6.5663000000e+04    3.1088640063e-01    9.9213778464e-01
        27   -3.1964226421e+01    1.0233940466e+03   -5.5972361711e+01    2.4008135290e+01    3.5692514806e+01    1.5778018497e+01   -1.1146762871e+02    4.0247336981e+00    6.5535000000e+04    3.0749315563e-01    9.9210393353e-01
        28   -3.1972116496e+01    1.0237744369e+03   -5.5978029687e+01    2.4005913191e+01    3.5651605361e+01    1.5778018497e+01   -1.1139155986e+02    3.9839063130e+00    6.5557000000e+04    3.1272380145e-01    9.9209561416e-01
        29   -3.1976537576e+01    1.0239948497e+03   -5.5872058967e+01    2.3895521391e+01    3.5551417647e+01    1.5778018497e+01   -1.1119248186e+02    3.9909867521e+00    6.4786000000e+04    2.9612477512e-01    9.9224198718e-01
        30   -3.1972085460e+01    1.0237569274e+03   -5.5883386898e+01    2.3911301438e+01    3.5580122810e+01    1.5778018497e+01   -1.1108128262e+02    3.8397544107e+00    6.4616000000e+04    2.9212322980e-01    9.9228490828e-01
        31   -3.1988004574e+01    1.0247778838e+03   -5.5831936795e+01    2.3843932221e+01    3.5599399818e+01    1.5778018497e+01   -1.1127654580e+02    4.0671906901e+00    6.5096000000e+04    3.0000468387e-01    9.9208457732e-01
        32   -3.1977244993e+01    1.0240164600e+03   -5.5825771170e+01    2.3848526177e+01    3.5562710511e+01    1.5778018497e+01   -1.1106103765e+02    3.8945374688e+00    6.5104000000e+04    2.9537863203e-01    9.9228996915e-01
        33   -3.1977594167e+01    1.0240983580e+03   -5.5787392634e+01    2.3809798467e+01    3.5477025577e+01    1.5778018497e+01   -1.1108252882e+02    4.0400921117e+00    6.6223000000e+04    3.2762612738e-01    9.9225910149e-01
        34   -3.1968745959e+01    1.0234783673e+03   -5.5736993561e+01    2.3768247602e+01    3.5483988548e+01    1.5778018497e+01   -1.1085303659e+02    3.8540359806e+00    6.6219000000e+04    3.2993438953e-01    9.9224093097e-01
        35   -3.1974168635e+01    1.0238872619e+03   -5.5761775183e+01    2.3787606548e+01    3.5495468714e+01    1.5778018497e+01   -1.1094970733e+02    3.9144449340e+00    6.4978000000e+04    2.9224202305e-01    9.9224609828e-01
        36   -3.1978538918e+01    1.0240989990e+03   -5.5659505152e+01    2.3680966234e+01    3.5459760779e+01    1.5778018497e+01   -1.1073212324e+02    3.8348388096e+00    6.5974000000e+04    3.5643112305e-01    9.9239798527e-01
        37   -3.1990048391e+01    1.0248994511e+03   -5.5817408805e+01    2.3827360414e+01    3.5541226429e+01    1.5778018497e+01   -1.1102858008e+02    3.8919263496e+00    6.6135000000e+04    3.6104309977e-01    9.9210528483e-01
        38   -3.2001386931e+01    1.0255915441e+03   -5.5995282102e+01    2.3993895171e+01    3.5665950658e+01    1.5778018497e+01   -1.1149084936e+02    4.0515981032e+00    6.6696000000e+04    3.3487041125e-01    9.9217563965e-01
        39   -3.1980107738e+01    1.0242667262e+03   -5.5950418404e+01    2.3970310666e+01    3.5599330591e+01    1.5778018497e+01   -1.1136941526e+02    4.0416477691e+00    6.7331000000e+04    3.3575255930e-01    9.9188363256e-01
        40   -3.1989783417e+01    1.0248366363e+03   -5.5621805079e+01    2.3632021661e+01    3.5546230243e+01    1.5778018497e+01   -1.1090010701e+02    3.9540531941e+00    6.7039000000e+04    3.3411684039e-01    9.9233344287e-01
        41   -3.1982024651e+01    1.0244110021e+03   -5.5912786666e+01    2.3930762015e+01    3.5534261500e+01    1.5778018497e+01   -1.1126252587e+02    4.0374592094e+00    6.7007000000e+04    3.3921576063e-01    9.9240909056e-01
        42   -3.1992545486e+01    1.0250661173e+03   -5.5928238610e+01    2.3935693124e+01    3.5534628514e+01    1.5778018497e+01   -1.1122143080e+02    3.9805451820e+00    6.7117000000e+04    3.4377511805e-01    9.9225746462e-01
        43   -3.1972998939e+01    1.0238426290e+03   -5.6043310494e+01    2.4070311555e+01    3.5566879050e+01    1.5778018497e+01   -1.1135593848e+02    3.9677304395e+00    6.7163000000e+04    3.3918193609e-01    9.9209250755e-01
        44   -3.1962220335e+01    1.0230925493e+03   -5.5860927572e+01    2.3898707237e+01    3.5531415098e+01    1.5778018497e+01   -1.1119297360e+02    4.0226124372e+00    6.6141000000e+04    3.2355427801e-01    9.9201094473e-01
        45   -3.1972671871e+01    1.0237749267e+03   -5.5868162582e+01    2.3895490711e+01    3.5569046957e+01    1.5778018497e+01   -1.1119492841e+02    3.9797003764e+00    6.5920000000e+04    3.1912752141e-01    9.9207519967e-01
        46   -3.1976621861e+01    1.0240315825e+03   -5.5882496145e+01    2.3905874284e+01    3.5595093019e+01    1.5778018497e+01   -1.1115637923e+02    3.9007715666e+00    6.6267000000e+04    3.3441876965e-01    9.9220180338e-01
        47   -3.1986021424e+01    1.0246465185e+03   -5.6083429234e+01    2.4097407809e+01    3.5540030136e+01    1.5778018497e+01   -1.1138081688e+02    3.9793390117e+00    6.6304000000e+04    3.3457541652e-01    9.9182949083e-01
        48   -3.1957582430e+01    1.0227915390e+03   -5.5976443478e+01    2.4018861048e+01    3.5522096375e+01    1.5778018497e+01   -1.1120610914e+02    3.9295507865e+00    6.5473000000e+04    3.0090610453e-01    9.9220795643e-01
        49   -3.1966883296e+01    1.0233948200e+03   -5.5784169978e+01    2.3817286682e+01    3.5465611246e+01    1.5778018497e+01   -1.1093658661e+02    3.9087868854e+00    6.6071000000e+04    3.2062540910e-01    9.9207844902e-01
        50   -3.1960743339e+01    1.0230041608e+03   -5.5672381874e+01    2.3711638535e+01    3.5488365156e+01    1.5778018497e+01   -1.1086214504e+02    3.9233795138e+00    6.6278000000e+04    3.3010879570e-01    9.9223752244e-01
        51   -3.1985001098e+01    1.0245070947e+03   -5.5788601893e+01    2.3803600795e+01    3.5460099918e+01    1.5778018497e+01   -1.1103747542e+02    4.0107551159e+00    6.5790000000e+04    3.1504751832e-01    9.9221771050e-01
        52   -3.1975084356e+01    1.0239909349e+03   -5.5881918970e+01    2.3906834614e+01    3.5521502751e+01    1.5778018497e+01   -1.1124457141e+02    4.0631311915e+00    6.6585000000e+04    3.3238442688e-01    9.9220751326e-01
        53   -3.1971419228e+01    1.0236813374e+03   -5.5779911222e+01    2.3808491994e+01    3.5545328678e+01    1.5778018497e+01   -1.1116246021e+02    4.0592018093e+00    6.6441000000e+04    3.3337227000e-01    9.9225470078e-01
        54   -3.1971786246e+01    1.0236897865e+03   -5.5708961152e+01    2.3737174906e+01    3.5481167008e+01    1.5778018497e+01   -1.1093550976e+02    3.9673631030e+00    6.6578000000e+04    3.3566505809e-01    9.9211360727e-01
        55   -3.1979230484e+01    1.0241995347e+03   -5.5782255257e+01    2.3803024773e+01    3.5520226685e+01    1.5778018497e+01   -1.1113254430e+02    4.0520438583e+00    6.7522000000e+04    3.3670854254e-01    9.9218115940e-01
        56   -3.1963039440e+01    1.0231584971e+03   -5.5967974074e+01    2.4004934634e+01    3.5605435398e+01    1.5778018497e+01   -1.1130754118e+02    3.9561132139e+00    6.7225000000e+04    3.3753619660e-01    9.9228523842e-01
        57   -3.1969743335e+01    1.0236064834e+03   -5.6173856718e+01    2.4204113383e+01    3.5648761458e+01    1.5778018497e+01   -1.1160578405e+02    4.0051473762e+00    6.6609000000e+04    3.3640215801e-01    9.9241089114e-01
        58   -3.1983897411e+01    1.0244987748e+03   -5.5800476619e+01    2.3816579208e+01    3.5526247845e+01    1.5778018497e+01   -1.1110067989e+02    3.9959369253e+00    6.5945000000e+04    3.2360648641e-01    9.9234970463e-01
        59   -3.1992366339e+01    1.0250294824e+03   -5.5631547128e+01    2.3639180789e+01    3.5422017557e+01    1.5778018497e+01   -1.1076732058e+02    3.9357374021e+00    6.5281000000e+04    3.0014697867e-01    9.9231845779e-01
        60   -3.1969784479e+01    1.0236347098e+03   -5.5914774940e+01    2.3944990461e+01    3.5505615432e+01    1.5778018497e+01   -1.1116148620e+02    3.9630773288e+00    6.4918000000e+04    2.9792800207e-01    9.9226693825e-01
        61   -3.1981053384e+01    1.0242794044e+03   -5.5951463898e+01    2.3970410514e+01    3.5601510462e+01    1.5778018497e+01   -1.1125461704e+02    3.9236241829e+00    6.4866000000e+04    2.9611168457e-01    9.9234610010e-01
        62   -3.1984580135e+01    1.0245107118e+03   -5.6015975933e+01    2.4031395798e+01    3.5554916716e+01    1.5778018497e+01   -1.1132905863e+02    3.9801474810e+00    6.5891000000e+04    3.2084465266e-01    9.9204367759e-01
        63   -3.1951826940e+01    1.0224685826e+03   -5.6122174150e+01    2.4170347209e+01    3.5565875469e+01    1.5778018497e+01   -1.1144045513e+02    3.9743870113e+00    6.5527000000e+04    3.0646592965e-01    9.9209125359e-01
        64   -3.1964544978e+01    1.0232067586e+03   -5.5660919013e+01    2.3696374035e+01    3.5484667581e+01    1.5778018497e+01   -1.1080223626e+02    3.8786311742e+00    6.5007000000e+04    2.9460975820e-01    9.9220755662e-01
        65   -3.1966703758e+01    1.0233928037e+03   -5.5882696854e+01    2.3915993096e+01    3.5495264484e+01    1.5778018497e+01   -1.1104563219e+02    3.8896523544e+00    6.4803000000e+04    2.9851625402e-01    9.9224147021e-01
        66   -3.1968138650e+01    1.0234424632e+03   -5.5859157441e+01    2.3891018791e+01    3.5456443256e+01    1.5778018497e+01   -1.1110123925e+02    4.0076200534e+00    6.4897000000e+04    3.1808723516e-01    9.9210917292e-01
        67   -3.1968405802e+01    1.0235401823e+03   -5.6037057969e+01    2.4068652167e+01    3.5574911859e+01    1.5778018497e+01   -1.1142208215e+02    4.0320938270e+00    6.5580000000e+04    3.3189590629e-01    9.9210448733e-01
        68   -3.1995098713e+01    1.0252067316e+03   -5.5912578001e+01    2.3917479288e+01    3.5550207497e+01    1.5778018497e+01   -1.1132708229e+02    4.0862782964e+00    6.5958000000e+04    3.5172708785e-01    9.9222845066e-01
        69   -3.1969278229e+01    1.0235302349e+03   -5.5688658757e+01    2.3719380529e+01    3.5562640221e+01    1.5778018497e+01   -1.1099469904e+02    3.9653815657e+00    6.5974000000e+04    3.5039621727e-01    9.9222288018e-01
        70   -3.1956815509e+01    1.0227794572e+03   -5.5808635950e+01    2.3851820441e+01    3.5625376071e+01    1.5778018497e+01   -1.1113566759e+02    3.9236370748e+00    6.5209000000e+04    3.3232102523e-01    9.9227824837e-01
        71   -3.1967565806e+01    1.0233974348e+03   -5.5881240503e+01    2.3913674697e+01    3.5668219529e+01    1.5778018497e+01   -1.1129212160e+02    3.9646430702e+00    6.5194000000e+04    3.2379690301e-01    9.9213897143e-01
        72   -3.1987072296e+01    1.0247328695e+03   -5.6108217730e+01    2.4121145434e+01    3.5678738449e+01    1.5778018497e+01   -1.1152470974e+02    3.9597350678e+00    6.5772000000e+04    3.3766783199e-01    9.9217376136e-01
        73   -3.1981770507e+01    1.0243591355e+03   -5.5963154747e+01    2.3981384241e+01    3.5699182390e+01    1.5778018497e+01   -1.1150117399e+02    4.0608183511e+00    6.5779000000e+04    3.4679259234e-01    9.9216130365e-01
        74   -3.1990305855e+01    1.0248556975e+03   -5.5699425928e+01    2.3709120073e+01    3.5564546696e+01    1.5778018497e+01   -1.1111680667e+02    4.0748155503e+00    6.6127000000e+04    3.5315724723e-01    9.9216698281e-01
        75   -3.1989448986e+01    1.0247907611e+03   -5.5787336865e+01    2.3797887880e+01    3.5618450162e+01    1.5778018497e+01   -1.1121266544e+02    4.0288599155e+00    6.6606000000e+04    3.6158748516e-01    9.9232779368e-01
        76   -3.1983721557e+01    1.0244460994e+03   -5.6016031749e+01    2.4032310192e+01    3.5550452869e+01    1.5778018497e+01   -1.1127400765e+02    3.9295045315e+00    6.6927000000e+04    3.5820220449e-01    9.9229754116e-01
        77   -3.1961134936e+01    1.0230589407e+03   -5.5855070672e+01    2.3893935736e+01    3.5502433195e+01    1.5778018497e+01   -1.1107556045e+02    3.9400380829e+00    6.6158000000e+04    3.5706504129e-01    9.9206635923e-01
        78   -3.1980209371e+01    1.0242790098e+03   -5.5954016122e+01    2.3973806751e+01    3.5582602031e+01    1.5778018497e+01   -1.1147074769e+02    4.1561110408e+00    6.6031000000e+04    3.4554514207e-01    9.9208827382e-01
        79   -3.1979180533e+01    1.0242934518e+03   -5.5845299278e+01    2.3866118746e+01    3.5521582358e+01    1.5778018497e+01   -1.1110135243e+02    3.9564522975e+00    6.6227000000e+04    3.5430013719e-01    9.9221679759e-01
        80   -3.1956008358e+01    1.0227624534e+03   -5.5928701467e+01    2.3972693109e+01    3.5468589256e+01    1.5778018497e+01   -1.1111813276e+02    3.9428235412e+00    6.6533000000e+04    3.6215565266e-01    9.9207274337e-01
        81   -3.1964429507e+01    1.0232751001e+03   -5.5709680300e+01    2.3745250793e+01    3.5502835362e+01    1.5778018497e+01   -1.1092692177e+02    3.9363876082e+00    6.6530000000e+04    3.6051751230e-01    9.9241095517e-01
        82   -3.1958644258e+01    1.0228644716e+03   -5.5892351027e+01    2.3933706770e+01    3.5501391837e+01    1.5778018497e+01   -1.1111722713e+02    3.9454657637e+00    6.7141000000e+04    3.5795563059e-01    9.9207682086e-01
        83   -3.1971626997e+01    1.0236756890e+03   -5.5754089225e+01    2.3782462228e+01    3.5524493180e+01    1.5778018497e+01   -1.1098166787e+02    3.9250669727e+00    6.6538000000e+04    3.5694328645e-01    9.9237844115e-01
        84   -3.1980418945e+01    1.0242447762e+03   -5.6011763941e+01    2.4031344997e+01    3.5466952952e+01    1.5778018497e+01   -1.1115773555e+02    3.9010001575e+00    6.6841000000e+04    3.6336202504e-01    9.9218201330e-01
        85   -3.1980047051e+01    1.0243316835e+03   -5.5978489083e+01    2.3998442032e+01    3.5486531489e+01    1.5778018497e+01   -1.1124402819e+02    4.0009891243e+00    6.6173000000e+04    3.5441147352e-01    9.9218595303e-01
        86   -3.1987256262e+01    1.0248626031e+03   -5.5796089241e+01    2.3808832978e+01    3.5461266272e+01    1.5778018497e+01   -1.1102761699e+02    3.9922429832e+00    6.5532000000e+04    3.2768783770e-01    9.9234435462e-01
        87   -3.1976945875e+01    1.0242151190e+03   -5.6034635760e+01    2.4057689885e+01    3.5557683859e+01    1.5778018497e+01   -1.1138819997e+02    4.0178618517e+00    6.5585000000e+04    3.3672289363e-01    9.9218617724e-01
        88   -3.1980431649e+01    1.0243157505e+03   -5.6324347260e+01    2.4343915611e+01    3.5655446948e+01    1.5778018497e+01   -1.1171421029e+02    3.9563975869e+00    6.6123000000e+04    3.5752928238e-01    9.9202130811e-01
        89   -3.1978169141e+01    1.0241060329e+03   -5.6112858939e+01    2.4134689798e+01    3.5625545833e+01    1.5778018497e+01   -1.1162687259e+02    4.1104493243e+00    6.6545000000e+04    3.5862676312e-01    9.9219130727e-01
        90   -3.1986769800e+01    1.0246213826e+03   -5.5759985059e+01    2.3773215259e+01    3.5587582403e+01    1.5778018497e+01   -1.1115519248e+02    4.0296065237e+00    6.6854000000e+04    3.5932321133e-01    9.9227451983e-01
        91   -3.1993079018e+01    1.0250514882e+03   -5.5791489178e+01    2.3798410160e+01    3.5482624310e+01    1.5778018497e+01   -1.1099535559e+02    3.9432236061e+00    6.7250000000e+04    3.6932962602e-01    9.9207604698e-01
        92   -3.1984684515e+01    1.0245357859e+03   -5.5713207804e+01    2.3728523289e+01    3.5424219051e+01    1.5778018497e+01   -1.1079327464e+02    3.8778292926e+00    6.6478000000e+04    3.5983977918e-01    9.9220373463e-01
        93   -3.1972942117e+01    1.0238385621e+03   -5.5967854625e+01    2.3994912508e+01    3.5563488124e+01    1.5778018497e+01   -1.1113384716e+02    3.8244859097e+00    6.5898000000e+04    3.5309207652e-01    9.9224993138e-01
        94   -3.1958758907e+01    1.0229062107e+03   -5.6092667505e+01    2.4133908598e+01    3.5687796344e+01    1.5778018497e+01   -1.1156789525e+02    4.0094129012e+00    6.4936000000e+04    3.2218120141e-01    9.9217989686e-01
        95   -3.1964723204e+01    1.0232415669e+03   -5.5959157908e+01    2.3994434704e+01    3.5641568219e+01    1.5778018497e+01   -1.1139319035e+02    4.0144457239e+00    6.4698000000e+04    3.2448081145e-01    9.9219613248e-01
        96   -3.1964027669e+01    1.0231824343e+03   -5.6028203303e+01    2.4064175634e+01    3.5634697236e+01    1.5778018497e+01   -1.1147441229e+02    4.0334932563e+00    6.5465000000e+04    3.3083846617e-01    9.9221027838e-01
        97   -3.1972674569e+01    1.0237756611e+03   -5.5864396735e+01    2.3891722166e+01    3.5609539164e+01    1.5778018497e+01   -1.1132655944e+02    4.0746050433e+00    6.5532000000e+04    3.3326006801e-01    9.9241285824e-01
        98   -3.1967879975e+01    1.0234531697e+03   -5.5826909302e+01    2.3859029327e+01    3.5588660112e+01    1.5778018497e+01   -1.1120810287e+02    4.0145149563e+00    6.5113000000e+04    3.2355565391e-01    9.9221737312e-01
        99   -3.1982888216e+01    1.0244326922e+03   -5.5925340429e+01    2.3942452213e+01    3.5538235524e+01    1.5778018497e+01   -1.1115166959e+02    3.9100751372e+00    6.4309000000e+04    3.2462230070e-01    9.9218026943e-01
       100   -3.1982568751e+01    1.0244342262e+03   -5.6110015849e+01    2.4127447098e+01    3.5639774471e+01    1.5778018497e+01   -1.1147169583e+02    3.9438870173e+00    6.4076000000e+04    3.2417006480e-01    9.9229546279e-01
       101   -3.1991827507e+01    1.0250106338e+03   -5.6282979657e+01    2.4291152150e+01    3.5678541021e+01    1.5778018497e+01   -1.1170525987e+02    3.9657206902e+00    6.4183000000e+04    3.2112607793e-01    9.9198739822e-01
       102   -3.1981533356e+01    1.0244909826e+03   -5.6040827248e+01    2.4059293893e+01    3.5655336084e+01    1.5778018497e+01   -1.1145160766e+02    3.9774258317e+00    6.4774000000e+04    3.2367454281e-01    9.9207913344e-01
       103   -3.1977563392e+01    1.0240406474e+03   -5.5757488918e+01    2.3779925525e+01    3.5571110887e+01    1.5778018497e+01   -1.1109555325e+02    3.9889349482e+00    6.5179000000e+04    3.2741525949e-01    9.9229355304e-01
       104   -3.1981386081e+01    1.0242753672e+03   -5.6074935469e+01    2.4093549388e+01    3.5554624487e+01    1.5778018497e+01   -1.1126434208e+02    3.8567636295e+00    6.5272000000e+04    3.2571704734e-01    9.9224763001e-01
       105   -3.1970760514e+01    1.0236207448e+03   -5.5955695064e+01    2.3984934550e+01    3.5566643303e+01    1.5778018497e+01   -1.1119042112e+02    3.8900642582e+00    6.5958000000e+04    3.4793776910e-01    9.9219228469e-01
       106   -3.1969818408e+01    1.0235474320e+03   -5.5852035604e+01    2.3882217196e+01    3.5520226609e+01    1.5778018497e+01   -1.1118971627e+02    4.0394355608e+00    6.5990000000e+04    3.5317292641e-01    9.9223233957e-01
       107   -3.1969925782e+01    1.0236224435e+03   -5.6117671843e+01    2.4147746060e+01    3.5585074738e+01    1.5778018497e+01   -1.1142561887e+02    3.9448537974e+00    6.5634000000e+04    3.3355991652e-01    9.9215489608e-01
       108   -3.1963502353e+01    1.0231762287e+03   -5.5873842390e+01    2.3910340038e+01    3.5597593454e+01    1.5778018497e+01   -1.1119682400e+02    3.9473696555e+00    6.5342000000e+04    3.2665130094e-01    9.9207575264e-01
       109   -3.1973619282e+01    1.0238707235e+03   -5.6085053908e+01    2.4111434626e+01    3.5621711290e+01    1.5778018497e+01   -1.1139110537e+02    3.9063216758e+00    6.5179000000e+04    3.2374502293e-01    9.9231029927e-01
       110   -3.1978362322e+01    1.0241533695e+03   -5.5925565932e+01    2.3947203610e+01    3.5588690277e+01    1.5778018497e+01   -1.1130271621e+02    4.0104415030e+00    6.5534000000e+04    3.3146915742e-01    9.9217062326e-01
       111   -3.1997275694e+01    1.0254033046e+03   -5.5972382431e+01    2.3975106738e+01    3.5642658335e+01    1.5778018497e+01   -1.1145143779e+02    4.0583785282e+00    6.5842000000e+04    3.4052528336e-01    9.9197352575e-01
       112   -3.1966791858e+01    1.0233575985e+03   -5.5842246705e+01    2.3875454847e+01    3.5653148116e+01    1.5778018497e+01   -1.1123331137e+02    3.9598980536e+00    6.5379000000e+04    3.3407232426e-01    9.9235583980e-01
       113   -3.1971870031e+01    1.0236644791e+03   -5.5963757249e+01    2.3991887218e+01    3.5621892946e+01    1.5778018497e+01   -1.1132810552e+02    3.9644368252e+00    6.4826000000e+04    3.2489294637e-01    9.9221284378e-01
       114   -3.1974978373e+01    1.0238657696e+03   -5.5896931055e+01    2.3921952682e+01    3.5645997538e+01    1.5778018497e+01   -1.1136517431e+02    4.0442272159e+00    6.5679000000e+04    3.3921159480e-01    9.9207703670e-01
       115   -3.1963574965e+01    1.0231836981e+03   -5.6109935095e+01    2.4146360130e+01    3.5723505627e+01    1.5778018497e+01   -1.1163770964e+02    4.0262504226e+00    6.5679000000e+04    3.3890665379e-01    9.9216398845e-01
       116   -3.1979086713e+01    1.0242112481e+03   -5.6013019981e+01    2.4033933268e+01    3.5720845771e+01    1.5778018497e+01   -1.1152824012e+02    4.0163558671e+00    6.6535000000e+04    3.5889065855e-01    9.9198035578e-01
       117   -3.1961283415e+01    1.0230401942e+03   -5.6038643107e+01    2.4077359692e+01    3.5691986620e+01    1.5778018497e+01   -1.1150343196e+02    3.9947837368e+00    6.6644000000e+04    3.6246839625e-01    9.9225565691e-01
       118   -3.1976862828e+01    1.0240337142e+03   -5.6205422859e+01    2.4228560031e+01    3.5664281730e+01    1.5778018497e+01   -1.1165605214e+02    4.0083290526e+00    6.5860000000e+04    3.4821844566e-01    9.9199520066e-01
       119   -3.1976049764e+01    1.0239799770e+03   -5.5999922566e+01    2.4023872802e+01    3.5516431332e+01    1.5778018497e+01   -1.1125005732e+02    3.9556849278e+00    6.5803000000e+04    3.4374809863e-01    9.9227282156e-01
       120   -3.1974738543e+01    1.0238878379e+03   -5.5794301654e+01    2.3819563111e+01    3.5459682544e+01    1.5778018497e+01   -1.1099275780e+02    3.9607551031e+00    6.5877000000e+04    3.4598172586e-01    9.9226699396e-01
       121   -3.1974123127e+01    1.0238593343e+03   -5.6112812482e+01    2.4138689356e+01    3.5532246399e+01    1.5778018497e+01   -1.1143326479e+02    4.0101874136e+00    6.5730000000e+04    3.4591138438e-01    9.9211317674e-01
       122   -3.1969313787e+01    1.0235034546e+03   -5.5891134364e+01    2.3921820577e+01    3.5580180452e+01    1.5778018497e+01   -1.1126999051e+02    4.0206571968e+00    6.5441000000e+04    3.2747934672e-01    9.9226957684e-01
       123   -3.1960822846e+01    1.0230132990e+03   -5.5952963146e+01    2.3992140300e+01    3.5552442807e+01    1.5778018497e+01   -1.1121910196e+02    3.9356775146e+00    6.5611000000e+04    3.2470511754e-01    9.9220049439e-01
       124   -3.1996293454e+01    1.0252505862e+03   -5.5988957842e+01    2.3992664388e+01    3.5591049728e+01    1.5778018497e+01   -1.1140360666e+02    4.0455805914e+00    6.6605000000e+04    3.4576605578e-01    9.9225108983e-01
       125   -3.1978233253e+01    1.0243026335e+03   -5.5973348357e+01    2.3995115103e+01    3.5684374260e+01    1.5778018497e+01   -1.1137954388e+02    3.9438027704e+00    6.6820000000e+04    3.5354937492e-01    9.9221065471e-01
       126   -3.1976073604e+01    1.0239788155e+03   -5.6088838109e+01    2.4112764505e+01    3.5794323779e+01    1.5778018497e+01   -1.1167914295e+02    4.0179625679e+00    6.6199000000e+04    3.3875971863e-01    9.9205510322e-01
       127   -3.1980309751e+01    1.0243596002e+03   -5.6146533161e+01    2.4166223410e+01    3.5750304368e+01    1.5778018497e+01   -1.1163078039e+02    3.9559243634e+00    6.5787000000e+04    3.3632370375e-01    9.9204437267e-01
       128   -3.1979069618e+01    1.0241224107e+03   -5.5776414238e+01    2.3797344621e+01    3.5600777249e+01    1.5778018497e+01   -1.1110042031e+02    3.9452103241e+00    6.5492000000e+04    3.2304583637e-01    9.9247975900e-01
       129   -3.1976842072e+01    1.0240267242e+03   -5.5965305274e+01    2.3988463202e+01    3.5551899725e+01    1.5778018497e+01   -1.1128761302e+02    3.9923895240e+00    6.5129000000e+04    3.1100673168e-01    9.9229864431e-01
       130   -3.1993146299e+01    1.0251120840e+03   -5.6205044955e+01    2.4211898656e+01    3.5640656431e+01    1.5778018497e+01   -1.1164270108e+02    4.0189811959e+00    6.4915000000e+04    3.1323703523e-01    9.9209826227e-01
       131   -3.1962289995e+01    1.0230602832e+03   -5.6246787326e+01    2.4284497331e+01    3.5709259805e+01    1.5778018497e+01   -1.1165300441e+02    3.9189387795e+00    6.4927000000e+04    3.0976483496e-01    9.9220498451e-01
       132   -3.1983932677e+01    1.0246319509e+03   -5.6178154822e+01    2.4194222146e+01    3.5595499177e+01    1.5778018497e+01   -1.1161044693e+02    4.0587744323e+00    6.5368000000e+04    3.1713533629e-01    9.9211784925e-01
       133   -3.1973871619e+01    1.0239100400e+03   -5.6058662884e+01    2.4084791265e+01    3.5690048533e+01    1.5778018497e+01   -1.1145115506e+02    3.9244251470e+00    6.5323000000e+04    3.1596877754e-01    9.9221955349e-01
       134   -3.1963932262e+01    1.0232113227e+03   -5.6113180595e+01    2.4149248333e+01    3.5675983933e+01    1.5778018497e+01   -1.1144796200e+02    3.8807789703e+00    6.4892000000e+04    3.1029575359e-01    9.9200095339e-01
       135   -3.1966164797e+01    1.0233144334e+03   -5.6051299156e+01    2.4085134359e+01    3.5652663793e+01    1.5778018497e+01   -1.1143094549e+02    3.9489640445e+00    6.5279000000e+04    3.0767503770e-01    9.9235990513e-01
       136   -3.1953034429e+01    1.0224852190e+03   -5.5981337246e+01    2.4028302817e+01    3.5723074855e+01    1.5778018497e+01   -1.1151295354e+02    4.0305229426e+00    6.5263000000e+04    3.1292438984e-01    9.9208343376e-01
       137   -3.1969507498e+01    1.0236055102e+03   -5.6116960005e+01    2.4147452507e+01    3.5631176736e+01    1.5778018497e+01   -1.1152820047e+02    4.0020452333e+00    6.5246000000e+04    3.1571944301e-01    9.9218525046e-01
       138   -3.1973423157e+01    1.0238195056e+03   -5.6235646066e+01    2.4262222909e+01    3.5648829151e+01    1.5778018497e+01   -1.1149230818e+02    3.8298144682e+00    6.4782000000e+04    3.0903094219e-01    9.9211782324e-01
       139   -3.2000834229e+01    1.0255896593e+03   -5.6141562714e+01    2.4140728486e+01    3.5678149150e+01    1.5778018497e+01   -1.1154800764e+02    3.9502772794e+00    6.5022000000e+04    3.1838350961e-01    9.9214265827e-01
       140   -3.1971518288e+01    1.0237481323e+03   -5.6220103257e+01    2.4248584969e+01    3.5676843527e+01    1.5778018497e+01   -1.1173285700e+02    4.0578917149e+00    6.5706000000e+04    3.3461127355e-01    9.9210597981e-01
       141   -3.1971336335e+01    1.0236841889e+03   -5.6050755029e+01    2.4079418694e+01    3.5749983606e+01    1.5778018497e+01   -1.1161627917e+02    4.0375220398e+00    6.5244000000e+04    3.1284965434e-01    9.9194358293e-01
       142   -3.1968687985e+01    1.0234924919e+03   -5.5927333369e+01    2.3958645384e+01    3.5610793420e+01    1.5778018497e+01   -1.1134932375e+02    4.0331784617e+00    6.5827000000e+04    3.3425886711e-01    9.9212348308e-01
       143   -3.1958705997e+01    1.0228489455e+03   -5.6014441783e+01    2.4055735787e+01    3.5585638446e+01    1.5778018497e+01   -1.1132721689e+02    3.9491181628e+00    6.6046000000e+04    3.3883841848e-01    9.9228848605e-01
       144   -3.1953937690e+01    1.0225708850e+03   -5.5944904651e+01    2.3990966962e+01    3.5510007122e+01    1.5778018497e+01   -1.1114222871e+02    3.9092984358e+00    6.5268000000e+04    3.1282207688e-01    9.9210758862e-01
       145   -3.1987495473e+01    1.0247211337e+03   -5.5757087533e+01    2.3769592060e+01    3.5495826568e+01    1.5778018497e+01   -1.1105960089e+02    4.0286682966e+00    6.5263000000e+04    3.1279465484e-01    9.9227883723e-01
       146   -3.1981317568e+01    1.0242069420e+03   -5.5484931668e+01    2.3503614100e+01    3.5329434437e+01    1.5778018497e+01   -1.1055968831e+02    3.9673037070e+00    6.5762000000e+04    3.3261654543e-01    9.9205218597e-01
       147   -3.1988485482e+01    1.0247537762e+03   -5.5926410486e+01    2.3937925004e+01    3.5437506558e+01    1.5778018497e+01   -1.1110742425e+02    3.9654887079e+00    6.6013000000e+04    3.3916249848e-01    9.9210828183e-01
       148   -3.1977797281e+01    1.0240653065e+03   -5.5734364557e+01    2.3756567276e+01    3.5528166078e+01    1.5778018497e+01   -1.1089770916e+02    3.8571600243e+00    6.5872000000e+04    3.3669752562e-01    9.9212125833e-01
       149   -3.1968661531e+01    1.0234656820e+03   -5.5870973690e+01    2.3902312159e+01    3.5593423917e+01    1.5778018497e+01   -1.1112205352e+02    3.8796374195e+00    6.5973000000e+04    3.3750410656e-01    9.9233596176e-01
       150   -3.1966565619e+01    1.0234127382e+03   -5.5877800589e+01    2.3911234971e+01    3.5530557895e+01    1.5778018497e+01   -1.1124534731e+02    4.0589703288e+00    6.5940000000e+04    3.3700982254e-01    9.9225587202e-01
       151   -3.1984170135e+01    1.0244601284e+03   -5.5949553788e+01    2.3965383653e+01    3.5512675257e+01    1.5778018497e+01   -1.1128338189e+02    4.0431343483e+00    6.5838000000e+04    3.2664083008e-01    9.9224939630e-01
       152   -3.1984833339e+01    1.0245371208e+03   -5.5964505678e+01    2.3979672338e+01    3.5578337858e+01    1.5778018497e+01   -1.1126276454e+02    3.9419025054e+00    6.5147000000e+04    3.1475794797e-01    9.9207535649e-01
       153   -3.1965590730e+01    1.0233883287e+03   -5.5954297867e+01    2.3988707138e+01    3.5585190532e+01    1.5778018497e+01   -1.1127951123e+02    3.9620043335e+00    6.5643000000e+04    3.3003484449e-01    9.9207639357e-01
       154   -3.1972196396e+01    1.0281809119e+03   -5.5870550290e+01    2.3898353894e+01    3.5524914909e+01    1.5778018497e+01   -1.1101189155e+02    3.8384078556e+00    6.5654000000e+04    3.2916534949e-01    9.9208472600e-01
       155   -3.1964472804e+01    1.0233426819e+03   -5.5844912754e+01    2.3880439950e+01    3.5505845533e+01    1.5778018497e+01   -1.1095672544e+02    3.8279486580e+00    6.5594000000e+04    3.2817838125e-01    9.9226630117e-01
       156   -3.1973813298e+01    1.0238427465e+03   -5.5579942242e+01    2.3606128945e+01    3.5418729936e+01    1.5778018497e+01   -1.1067105742e+02    3.8943667426e+00    6.5238000000e+04    3.1035512910e-01    9.9232440137e-01
       157   -3.1982905266e+01    1.0243722412e+03   -5.5654097512e+01    2.3671192246e+01    3.5461182257e+01    1.5778018497e+01   -1.1076923850e+02    3.8759402306e+00    6.5662000000e+04    3.2829962340e-01    9.9216212810e-01
       158   -3.1970822897e+01    1.0236255024e+03   -5.5967561746e+01    2.3996738849e+01    3.5578929760e+01    1.5778018497e+01   -1.1117428942e+02    3.8497794193e+00    6.6366000000e+04    3.4742843023e-01    9.9223653423e-01
       159   -3.1973955494e+01    1.0238497405e+03   -5.5799796159e+01    2.3825840666e+01    3.5606110066e+01    1.5778018497e+01   -1.1110421575e+02    3.9202910274e+00    6.6352000000e+04    3.4818213863e-01    9.9205362494e-01
       160   -3.1966592526e+01    1.0233780843e+03   -5.6024174141e+01    2.4057581616e+01    3.5640024965e+01    1.5778018497e+01   -1.1134138677e+02    3.8991691699e+00    6.6046000000e+04    3.3870922359e-01    9.9225911072e-01
       161   -3.1964024149e+01    1.0232214515e+03   -5.6034664468e+01    2.4070640319e+01    3.5700426100e+01    1.5778018497e+01   -1.1153953778e+02    4.0264287191e+00    6.5401000000e+04    3.1778486387e-01    9.9216269042e-01
       162   -3.1983003528e+01    1.0244885991e+03   -5.6211971331e+01    2.4228967803e+01    3.5689386653e+01    1.5778018497e+01   -1.1170548744e+02    4.0261109600e+00    6.5272000000e+04    3.1157772430e-01    9.9196985059e-01
       163   -3.1975882451e+01    1.0239732034e+03   -5.6192693119e+01    2.4216810668e+01    3.5722749836e+01    1.5778018497e+01   -1.1167767172e+02    3.9842102729e+00    6.5528000000e+04    3.2536962492e-01    9.9228139663e-01
       164   -3.1971245058e+01    1.0237717399e+03   -5.5877328622e+01    2.3906083564e+01    3.5669036984e+01    1.5778018497e+01   -1.1134646484e+02    4.0220807421e+00    6.5284000000e+04    3.1436829133e-01    9.9230379466e-01
       165   -3.1966484056e+01    1.0233006511e+03   -5.5778941061e+01    2.3812457005e+01    3.5644980727e+01    1.5778018497e+01   -1.1125315519e+02    4.0512149058e+00    6.4608000000e+04    3.1468493410e-01    9.9226129758e-01
       166   -3.1966161913e+01    1.0233890241e+03   -5.5841551173e+01    2.3875389260e+01    3.5597020999e+01    1.5778018497e+01   -1.1117432216e+02    3.9577314951e+00    6.4631000000e+04    3.1604304207e-01    9.9236704482e-01
       167   -3.1956223392e+01    1.0227150592e+03   -5.6018083843e+01    2.4061860451e+01    3.5701341533e+01    1.5778018497e+01   -1.1149800623e+02    4.0005623561e+00    6.4997000000e+04    3.1461127895e-01    9.9219222589e-01
       168   -3.1954394368e+01    1.0226197569e+03   -5.6072488955e+01    2.4118094587e+01    3.5687442692e+01    1.5778018497e+01   -1.1139888322e+02    3.8609330798e+00    6.4767000000e+04    3.1536327023e-01    9.9209182440e-01
       169   -3.1938256833e+01    1.0215337925e+03   -5.6035320240e+01    2.4097063407e+01    3.5695536677e+01    1.5778018497e+01   -1.1139151121e+02    3.8826357934e+00    6.4912000000e+04    3.0968420086e-01    9.9225373725e-01
       170   -3.1953626594e+01    1.0225565437e+03   -5.5920532768e+01    2.3966906174e+01    3.5658639886e+01    1.5778018497e+01   -1.1142214033e+02    4.0649491833e+00    6.4901000000e+04    3.1241075133e-01    9.9209945513e-01
       171   -3.1969961188e+01    1.0236189748e+03   -5.5918947652e+01    2.3948986464e+01    3.5642487180e+01    1.5778018497e+01   -1.1141601935e+02    4.0765660232e+00    6.4186000000e+04    3.1486192000e-01    9.9218271949e-01
       172   -3.1964811640e+01    1.0232499311e+03   -5.6014162903e+01    2.4049351263e+01    3.5680945109e+01    1.5778018497e+01   -1.1151369707e+02    4.0405705621e+00    6.4773000000e+04    3.0902109461e-01    9.9201806490e-01
       173   -3.1983438606e+01    1.0244687934e+03   -5.6136132140e+01    2.4152693534e+01    3.5643995122e+01    1.5778018497e+01   -1.1150161251e+02    3.9434667470e+00    6.5155000000e+04    3.1796928566e-01    9.9225777028e-01
       174   -3.1959194994e+01    1.0228758065e+03   -5.5951165247e+01    2.3991970253e+01    3.5671947328e+01    1.5778018497e+01   -1.1140437073e+02    4.0032396605e+00    6.5592000000e+04    3.2412798508e-01    9.9235251748e-01
       175   -3.1967777488e+01    1.0234861804e+03   -5.6285093690e+01    2.4317316203e+01    3.5677801438e+01    1.5778018497e+01   -1.1166251520e+02    3.9216015784e+00    6.5383000000e+04    3.1754166977e-01    9.9211499714e-01
       176   -3.1981371618e+01    1.0243471129e+03   -5.6051222005e+01    2.4069850386e+01    3.5611296147e+01    1.5778018497e+01   -1.1135329443e+02    3.9127577820e+00    6.5452000000e+04    3.2156004363e-01    9.9197721396e-01
       177   -3.1972392875e+01    1.0237392739e+03   -5.6138117323e+01    2.4165724448e+01    3.5612693637e+01    1.5778018497e+01   -1.1151410453e+02    3.9852750737e+00    6.5212000000e+04    3.1092275285e-01    9.9236852375e-01
       178   -3.1983992996e+01    1.0245888861e+03   -5.6070734606e+01    2.4086741610e+01    3.5547736808e+01    1.5778018497e+01   -1.1135876995e+02    3.9622800359e+00    6.4874000000e+04    3.1067384215e-01    9.9208389088e-01
       179   -3.1974674044e+01    1.0238596941e+03   -5.6093254549e+01    2.4118580505e+01    3.5558580918e+01    1.5778018497e+01   -1.1149824702e+02    4.0683930603e+00    6.4789000000e+04    3.1243860332e-01    9.9208125606e-01
       180   -3.1963881588e+01    1.0232058480e+03   -5.6134154723e+01    2.4170273135e+01    3.5582818081e+01    1.5778018497e+01   -1.1146506625e+02    3.9700749490e+00    6.4833000000e+04    3.0653024699e-01    9.9218314017e-01
       181   -3.1969831229e+01    1.0235960164e+03   -5.6428039023e+01    2.4458207794e+01    3.5636816227e+01    1.5778018497e+01   -1.1180848015e+02    3.9656064056e+00    6.5511000000e+04    3.1934078695e-01    9.9186863494e-01
       182   -3.1977471176e+01    1.0246247412e+03   -5.6147386320e+01    2.4169915144e+01    3.5621174339e+01    1.5778018497e+01   -1.1153682827e+02    3.9902491132e+00    6.5219000000e+04    3.1315972059e-01    9.9206101065e-01
       183   -3.1963002787e+01    1.0231253116e+03   -5.5899718128e+01    2.3936715341e+01    3.5553500188e+01    1.5778018497e+01   -1.1136136707e+02    4.1301302612e+00    6.5206000000e+04    3.1795620145e-01    9.9237856701e-01
       184   -3.1984493009e+01    1.0245265798e+03   -5.6145642920e+01    2.4161149912e+01    3.5588960784e+01    1.5778018497e+01   -1.1165664956e+02    4.1440273572e+00    6.5460000000e+04    3.2070840555e-01    9.9217072480e-01
       185   -3.1966541576e+01    1.0233292282e+03   -5.5819541014e+01    2.3852999438e+01    3.5506744544e+01    1.5778018497e+01   -1.1108772106e+02    3.9834170014e+00    6.6330000000e+04    3.3995239715e-01    9.9224619668e-01
       186   -3.1979264209e+01    1.0241660159e+03   -5.5819461654e+01    2.3840197445e+01    3.5425104735e+01    1.5778018497e+01   -1.1095603348e+02    3.9334485909e+00    6.5875000000e+04    3.3240274328e-01    9.9230682414e-01
       187   -3.1972489808e+01    1.0237536058e+03   -5.5847026287e+01    2.3874536479e+01    3.5469226367e+01    1.5778018497e+01   -1.1091479353e+02    3.8205223761e+00    6.5377000000e+04    3.1917943543e-01    9.9244519681e-01
       188   -3.1968767300e+01    1.0236291708e+03   -5.5872603281e+01    2.3903835981e+01    3.5497870768e+01    1.5778018497e+01   -1.1105590948e+02    3.9074169362e+00    6.5352000000e+04    3.1280653512e-01    9.9216628559e-01
       189   -3.1974647866e+01    1.0239629750e+03   -5.5775296514e+01    2.3800648649e+01    3.5509142895e+01    1.5778018497e+01   -1.1102973533e+02    3.9672774270e+00    6.5168000000e+04    3.1351588363e-01    9.9216075430e-01
       190   -3.1979791284e+01    1.0242317385e+03   -5.5938984373e+01    2.3959193088e+01    3.5543710100e+01    1.5778018497e+01   -1.1120028905e+02    3.9395760821e+00    6.4991000000e+04    3.0823465906e-01    9.9211300889e-01
       191   -3.1975482276e+01    1.0239908547e+03   -5.6009465391e+01    2.4033983114e+01    3.5551062845e+01    1.5778018497e+01   -1.1134794115e+02    4.0093944201e+00    6.4959000000e+04    3.0795908020e-01    9.9225867213e-01
       192   -3.1974433567e+01    1.0239168299e+03   -5.6009757301e+01    2.4035323733e+01    3.5590447870e+01    1.5778018497e+01   -1.1137118930e+02    3.9929656364e+00    6.5318000000e+04    3.0847662984e-01    9.9200794242e-01
       193   -3.1985960463e+01    1.0246506792e+03   -5.6052923268e+01    2.4066962804e+01    3.5646605113e+01    1.5778018497e+01   -1.1150192778e+02    4.0243808981e+00    6.5819000000e+04    3.3274808516e-01    9.9205653193e-01
       194   -3.1991041184e+01    1.0249689567e+03   -5.5931814205e+01    2.3940773021e+01    3.5578249285e+01    1.5778018497e+01   -1.1128322669e+02    3.9951447010e+00    6.6042000000e+04    3.3723150012e-01    9.9214764865e-01
       195   -3.1974305260e+01    1.0238583453e+03   -5.5800756682e+01    2.3826451422e+01    3.5515755349e+01    1.5778018497e+01   -1.1113006974e+02    4.0355392140e+00    6.6060000000e+04    3.3778338812e-01    9.9223661664e-01
       196   -3.1963020003e+01    1.0231258895e+03   -5.5651808946e+01    2.3688788943e+01    3.5520643617e+01    1.5778018497e+01   -1.1095749048e+02    4.0070194200e+00    6.5313000000e+04    3.1448353738e-01    9.9221131287e-01
       197   -3.1975006016e+01    1.0239171249e+03   -5.5830782016e+01    2.3855776000e+01    3.5565850509e+01    1.5778018497e+01   -1.1116956420e+02    3.9949131834e+00    6.5554000000e+04    3.1872676250e-01    9.9208259930e-01
       198   -3.1975315572e+01    1.0239516707e+03   -5.5894647355e+01    2.3919331783e+01    3.5597163505e+01    1.5778018497e+01   -1.1120600995e+02    3.9361805933e+00    6.5089000000e+04    3.1193836559e-01    9.9205388713e-01
       199   -3.1980495516e+01    1.0242262731e+03   -5.6031939800e+01    2.4051444285e+01    3.5671280745e+01    1.5778018497e+01   -1.1147173383e+02    3.9904947913e+00    6.5254000000e+04    3.1622655246e-01    9.9196687458e-01
       200   -3.1962804949e+01    1.0230797784e+03   -5.5891995570e+01    2.3929190621e+01    3.5614443015e+01    1.5778018497e+01   -1.1112660566e+02    3.8421485803e+00    6.4456000000e+04    3.1217929270e-01    9.9235301546e-01
       201   -3.1975297994e+01    1.0239172173e+03   -5.6077556929e+01    2.4102258935e+01    3.5622391349e+01    1.5778018497e+01   -1.1147837410e+02    4.0004073249e+00    6.5314000000e+04    3.1451196215e-01    9.9213297407e-01
       202   -3.1979679173e+01    1.0241836097e+03   -5.5843921272e+01    2.3864242099e+01    3.5532473259e+01    1.5778018497e+01   -1.1108040001e+02    3.9259869782e+00    6.5151000000e+04    3.2123288301e-01    9.9207556559e-01
       203   -3.1989581263e+01    1.0248616216e+03   -5.6041248708e+01    2.4051667445e+01    3.5610352588e+01    1.5778018497e+01   -1.1142999490e+02    4.0003751030e+00    6.6225000000e+04    3.4585616176e-01    9.9190891753e-01
       204   -3.1980568197e+01    1.0242371705e+03   -5.5955896359e+01    2.3975328162e+01    3.5616265915e+01    1.5778018497e+01   -1.1125092949e+02    3.9007487182e+00    6.5708000000e+04    3.2830230590e-01    9.9239724370e-01
       205   -3.1997329540e+01    1.0253771973e+03   -5.6000507719e+01    2.4003178179e+01    3.5585517344e+01    1.5778018497e+01   -1.1144627500e+02    4.0822314384e+00    6.6108000000e+04    3.4069641055e-01    9.9225120186e-01
       206   -3.1979190696e+01    1.0241462339e+03   -5.5689809405e+01    2.3710618709e+01    3.5569691549e+01    1.5778018497e+01   -1.1117429405e+02    4.1367745960e+00    6.5534000000e+04    3.2230812539e-01    9.9207005910e-01
       207   -3.1971711200e+01    1.0237459784e+03   -5.5933576288e+01    2.3961865088e+01    3.5661157279e+01    1.5778018497e+01   -1.1132947402e+02    3.9567219585e+00    6.5080000000e+04    3.1106013547e-01    9.9212423769e-01
       208   -3.1961737905e+01    1.0230489122e+03   -5.5733123024e+01    2.3771385119e+01    3.5586359936e+01    1.5778018497e+01   -1.1111896111e+02    4.0214596493e+00    6.4849000000e+04    3.0887837363e-01    9.9222382511e-01
       209   -3.1967160883e+01    1.0234069851e+03   -5.5888171660e+01    2.3921010777e+01    3.5585636723e+01    1.5778018497e+01   -1.1109040627e+02    3.8385793912e+00    6.4657000000e+04    3.1036298133e-01    9.9222175341e-01
       210   -3.1958823014e+01    1.0228745423e+03   -5.5855227481e+01    2.3896404467e+01    3.5507428023e+01    1.5778018497e+01   -1.1090152362e+02    3.7608496148e+00    6.4146000000e+04    3.1432948180e-01    9.9225485758e-01
       211   -3.1962169871e+01    1.0230690265e+03   -5.5946736648e+01    2.3984566777e+01    3.5567128012e+01    1.5778018497e+01   -1.1137761866e+02    4.0857355073e+00    6.3867000000e+04    3.1788221559e-01    9.9217662204e-01
       212   -3.1971379144e+01    1.0237038803e+03   -5.5689225331e+01    2.3717846187e+01    3.5564970400e+01    1.5778018497e+01   -1.1100117238e+02    3.9689581553e+00    6.4632000000e+04    3.1482123984e-01    9.9215672884e-01
       213   -3.1969741482e+01    1.0235852702e+03   -5.5796054933e+01    2.3826313451e+01    3.5530551869e+01    1.5778018497e+01   -1.1105152437e+02    3.9468990745e+00    6.5329000000e+04    3.2311866270e-01    9.9225777613e-01
       214   -3.1971081187e+01    1.0236336316e+03   -5.5772297873e+01    2.3801216686e+01    3.5506381002e+01    1.5778018497e+01   -1.1093164842e+02    3.8749510533e+00    6.5865000000e+04    3.3702485539e-01    9.9236750204e-01
       215   -3.1975308181e+01    1.0239538201e+03   -5.6039653742e+01    2.4064345561e+01    3.5448156626e+01    1.5778018497e+01   -1.1123493068e+02    3.9691018181e+00    6.6076000000e+04    3.4054161000e-01    9.9216964194e-01
       216   -3.1956001488e+01    1.0227143453e+03   -5.5778499814e+01    2.3822498327e+01    3.5476477781e+01    1.5778018497e+01   -1.1094597230e+02    3.9129762105e+00    6.6256000000e+04    3.4451895773e-01    9.9231000669e-01
       217   -3.1962900511e+01    1.0231352567e+03   -5.5776587048e+01    2.3813686538e+01    3.5541962028e+01    1.5778018497e+01   -1.1105378041e+02    3.9572128322e+00    6.5060000000e+04    3.1272044023e-01    9.9217751308e-01
       218   -3.1972496266e+01    1.0237214970e+03   -5.5809427078e+01    2.3836930812e+01    3.5503407444e+01    1.5778018497e+01   -1.1107670314e+02    3.9858501262e+00    6.5262000000e+04    3.1100583855e-01    9.9212852581e-01
       219   -3.1982545000e+01    1.0243796757e+03   -5.5614452142e+01    2.3631907143e+01    3.5489468925e+01    1.5778018497e+01   -1.1085086047e+02    3.9689209055e+00    6.5078000000e+04    3.0904018523e-01    9.9232784333e-01
       220   -3.1950967480e+01    1.0223658733e+03   -5.5878468784e+01    2.3927501303e+01    3.5572134604e+01    1.5778018497e+01   -1.1114401021e+02    3.9153883268e+00    6.4550000000e+04    3.1512217500e-01    9.9226005798e-01
       221   -3.1975761670e+01    1.0239089359e+03   -5.5634831205e+01    2.3659069535e+01    3.5564966961e+01    1.5778018497e+01   -1.1107023051e+02    4.0924138518e+00    6.3744000000e+04    3.1788379281e-01    9.9237954648e-01
       222   -3.1975195778e+01    1.0239248060e+03   -5.5810091438e+01    2.3834895661e+01    3.5550123510e+01    1.5778018497e+01   -1.1104477622e+02    3.9065427783e+00    6.4022000000e+04    3.1261969555e-01    9.9240075208e-01
       223   -3.1968727005e+01    1.0234679620e+03   -5.5813204008e+01    2.3844477003e+01    3.5579787119e+01    1.5778018497e+01   -1.1108380913e+02    3.9127995069e+00    6.3902000000e+04    3.1195413687e-01    9.9222259690e-01
       224   -3.1973758573e+01    1.0237579704e+03   -5.5950185401e+01    2.3976426828e+01    3.5578686302e+01    1.5778018497e+01   -1.1139594996e+02    4.0890597564e+00    6.4398000000e+04    3.0977937820e-01    9.9222627548e-01
       225   -3.1985365946e+01    1.0246855611e+03   -5.6136239989e+01    2.4150874043e+01    3.5567631770e+01    1.5778018497e+01   -1.1155630399e+02    4.0744137393e+00    6.4721000000e+04    3.1220319637e-01    9.9201894522e-01
       226   -3.1970958884e+01    1.0236544733e+03   -5.5995614820e+01    2.4024655936e+01    3.5493537535e+01    1.5778018497e+01   -1.1140020646e+02    4.1330356042e+00    6.4513000000e+04    3.1596582461e-01    9.9208271518e-01
       227   -3.1981131910e+01    1.0243345533e+03   -5.5938893851e+01    2.3957761941e+01    3.5559289956e+01    1.5778018497e+01   -1.1124724597e+02    3.9710436701e+00    6.4481000000e+04    3.1864825738e-01    9.9218847109e-01
       228   -3.1975371867e+01    1.0259642290e+03   -5.5968871918e+01    2.3993500051e+01    3.5571541357e+01    1.5778018497e+01   -1.1133435292e+02    4.0159211515e+00    6.4204000000e+04    3.1311476328e-01    9.9211313815e-01
       229   -3.1960694544e+01    1.0230255648e+03   -5.6092469428e+01    2.4131774884e+01    3.5546945469e+01    1.5778018497e+01   -1.1137474492e+02    3.9573115245e+00    6.4770000000e+04    3.0946276488e-01    9.9215053576e-01
       230   -3.1969643528e+01    1.0235860215e+03   -5.5968074379e+01    2.3998430851e+01    3.5527713854e+01    1.5778018497e+01   -1.1129473633e+02    4.0209296027e+00    6.4837000000e+04    3.1143197133e-01    9.9226523403e-01
       231   -3.1985375480e+01    1.0246020130e+03   -5.5946427141e+01    2.3961051661e+01    3.5620892894e+01    1.5778018497e+01   -1.1145597176e+02    4.1106332331e+00    6.4735000000e+04    3.0836148652e-01    9.9234090738e-01
       232   -3.1967268658e+01    1.0234179898e+03   -5.6119591276e+01    2.4152322618e+01    3.5655932967e+01    1.5778018497e+01   -1.1158548520e+02    4.0319424605e+00    6.4667000000e+04    3.1001906406e-01    9.9224446877e-01
       233   -3.1997730290e+01    1.0253672852e+03   -5.6033157372e+01    2.4035427083e+01    3.5521443001e+01    1.5778018497e+01   -1.1134346698e+02    4.0108481125e+00    6.4690000000e+04    3.1178785184e-01    9.9211367203e-01
       234   -3.1988671530e+01    1.0247801867e+03   -5.5926482974e+01    2.3937811445e+01    3.5491210941e+01    1.5778018497e+01   -1.1107040600e+02    3.8746935850e+00    6.4486000000e+04    3.1320121184e-01    9.9228087504e-01
       235   -3.1952914139e+01    1.0224626132e+03   -5.5730924967e+01    2.3778010828e+01    3.5569913713e+01    1.5778018497e+01   -1.1100325477e+02    3.9243975915e+00    6.4725000000e+04    3.1428852301e-01    9.9234370212e-01
       236   -3.1973564244e+01    1.0237967138e+03   -5.5671388346e+01    2.3697824103e+01    3.5489875548e+01    1.5778018497e+01   -1.1090646390e+02    3.9671815116e+00    6.4949000000e+04    3.1251260414e-01    9.9226410610e-01
       237   -3.1955398826e+01    1.0226305316e+03   -5.5585245505e+01    2.3629846679e+01    3.5590454987e+01    1.5778018497e+01   -1.1090417659e+02    3.9504576056e+00    6.4430000000e+04    3.1209876770e-01    9.9213472018e-01
       238   -3.1976747409e+01    1.0240024815e+03   -5.5893745064e+01    2.3916997655e+01    3.5631952342e+01    1.5778018497e+01   -1.1120304795e+02    3.8993320482e+00    6.4302000000e+04    3.1017079309e-01    9.9220759757e-01
       239   -3.1974040570e+01    1.0239555333e+03   -5.5788222010e+01    2.3814181440e+01    3.5576696710e+01    1.5778018497e+01   -1.1107208569e+02    3.9291484716e+00    6.4700000000e+04    3.0919554273e-01    9.9210624792e-01
       240   -3.1989930214e+01    1.0248419319e+03   -5.5846894572e+01    2.3856964358e+01    3.5593592476e+01    1.5778018497e+01   -1.1125960908e+02    4.0411035376e+00    6.4329000000e+04    3.0985872609e-01    9.9241481633e-01
       241   -3.1966111140e+01    1.0233811013e+03   -5.5774621187e+01    2.3808510047e+01    3.5538393541e+01    1.5778018497e+01   -1.1112902049e+02    4.0379872613e+00    6.4343000000e+04    3.1226936035e-01    9.9213272685e-01
       242   -3.1969636227e+01    1.0235746962e+03   -5.5923351114e+01    2.3953714887e+01    3.5613142669e+01    1.5778018497e+01   -1.1122596632e+02    3.9114540363e+00    6.5501000000e+04    3.1890223668e-01    9.9229920659e-01
       243   -3.1990079855e+01    1.0248954631e+03   -5.5958985809e+01    2.3968905954e+01    3.5659552786e+01    1.5778018497e+01   -1.1134341909e+02    3.9468619951e+00    6.6606000000e+04    3.4584273574e-01    9.9218069632e-01
       244   -3.1973807062e+01    1.0239399286e+03   -5.6083424003e+01    2.4109616941e+01    3.5674172319e+01    1.5778018497e+01   -1.1150212991e+02    3.9665150899e+00    6.6387000000e+04    3.4687293582e-01    9.9202997603e-01
       245   -3.1952172835e+01    1.0227061081e+03   -5.5820601819e+01    2.3868428984e+01    3.5523122055e+01    1.5778018497e+01   -1.1108463889e+02    3.9628965149e+00    6.5968000000e+04    3.4281870539e-01    9.9210358629e-01
       246   -3.1985788369e+01    1.0246201883e+03   -5.5896196516e+01    2.3910408146e+01    3.5529594057e+01    1.5778018497e+01   -1.1112065781e+02    3.9168487366e+00    6.5677000000e+04    3.3025318535e-01    9.9210505566e-01
       247   -3.1982027710e+01    1.0244298280e+03   -5.6014292016e+01    2.4032264306e+01    3.5608250854e+01    1.5778018497e+01   -1.1145734972e+02    4.0567883508e+00    6.6042000000e+04    3.3981370496e-01    9.9222508115e-01
       248   -3.1982890231e+01    1.0244097802e+03   -5.5906547925e+01    2.3923657694e+01    3.5583699435e+01    1.5778018497e+01   -1.1133648029e+02    4.0682144341e+00    6.5295000000e+04    3.1280201203e-01    9.9207517153e-01
       249   -3.1981496571e+01    1.0243007807e+03   -5.5818545319e+01    2.3837048749e+01    3.5538050657e+01    1.5778018497e+01   -1.1106028917e+02    3.9256746943e+00    6.5429000000e+04    3.1635098250e-01    9.9220543856e-01
       250   -3.1994632012e+01    1.0251914534e+03   -5.5968395722e+01    2.3973763710e+01    3.5566132810e+01    1.5778018497e+01   -1.1135634097e+02    4.0437939453e+00    6.6695000000e+04    3.5046428727e-01    9.9221532581e-01
       251   -3.1973963271e+01    1.0237817126e+03   -5.5724795162e+01    2.3750831891e+01    3.5599616288e+01    1.5778018497e+01   -1.1120254310e+02    4.1001131542e+00    6.7196000000e+04    3.5523043723e-01    9.9241559565e-01
       252   -3.1951509932e+01    1.0224619417e+03   -5.5939305059e+01    2.3987795128e+01    3.5644546345e+01    1.5778018497e+01   -1.1125702374e+02    3.8951538356e+00    6.7089000000e+04    3.5206704258e-01    9.9202080227e-01
       253   -3.1961037715e+01    1.0230713287e+03   -5.5907154830e+01    2.3946117115e+01    3.5643921376e+01    1.5778018497e+01   -1.1134653967e+02    4.0174449641e+00    6.7060000000e+04    3.5032550195e-01    9.9215343352e-01
       254   -3.1976346936e+01    1.0239932573e+03   -5.5698663115e+01    2.3722316179e+01    3.5559256296e+01    1.5778018497e+01   -1.1105495589e+02    4.0190179783e+00    6.6240000000e+04    3.4552685719e-01    9.9220142923e-01
       255   -3.1983470313e+01    1.0244566862e+03   -5.5913992723e+01    2.3930522410e+01    3.5608174984e+01    1.5778018497e+01   -1.1145156353e+02    4.1513773283e+00    6.6214000000e+04    3.4591533375e-01    9.9203519291e-01
       256   -3.1959259385e+01    1.0229216120e+03   -5.6013068487e+01    2.4053809103e+01    3.5564908937e+01    1.5778018497e+01   -1.1141099231e+02    4.0549963917e+00    6.6121000000e+04    3.4139887270e-01    9.9212356797e-01
       257   -3.1985122023e+01    1.0245631920e+03   -5.6093537760e+01    2.4108415737e+01    3.5583502719e+01    1.5778018497e+01   -1.1140306671e+02    3.9480077359e+00    6.5439000000e+04    3.2005309828e-01    9.9228994325e-01
       258   -3.1970753292e+01    1.0237063113e+03   -5.6050708772e+01    2.4079955480e+01    3.5524198565e+01    1.5778018497e+01   -1.1133595910e+02    3.9830332618e+00    6.6130000000e+04    3.4332406508e-01    9.9205143910e-01
       259   -3.1975952482e+01    1.0240240631e+03   -5.6038352535e+01    2.4062400053e+01    3.5651905334e+01    1.5778018497e+01   -1.1153274457e+02    4.0644682078e+00    6.6041000000e+04    3.4476487523e-01    9.9225994828e-01
       260   -3.1979261936e+01    1.0242388727e+03   -5.5891861234e+01    2.3912599299e+01    3.5716658061e+01    1.5778018497e+01   -1.1151076287e+02    4.1242250739e+00    6.6113000000e+04    3.4087874684e-01    9.9217572251e-01
       261   -3.1964609430e+01    1.0232435914e+03   -5.5716458453e+01    2.3751849023e+01    3.5543920088e+01    1.5778018497e+01   -1.1101769097e+02    3.9792939372e+00    6.6228000000e+04    3.4016650895e-01    9.9226953985e-01
       262   -3.1964139343e+01    1.0232655185e+03   -5.5968596048e+01    2.4004456705e+01    3.5602531054e+01    1.5778018497e+01   -1.1132987342e+02    3.9807278164e+00    6.6911000000e+04    3.5048672215e-01    9.9240228687e-01
       263   -3.1958855293e+01    1.0229096599e+03   -5.6055237508e+01    2.4096382215e+01    3.5510876459e+01    1.5778018497e+01   -1.1121751633e+02    3.8733838678e+00    6.6096000000e+04    3.4140749840e-01    9.9206140199e-01
       264   -3.1974513269e+01    1.0238865338e+03   -5.6022305872e+01    2.4047792604e+01    3.5570912217e+01    1.5778018497e+01   -1.1131299085e+02    3.9417542640e+00    6.6164000000e+04    3.4373741625e-01    9.9217160318e-01
       265   -3.1981907628e+01    1.0243943230e+03   -5.6108511280e+01    2.4126603652e+01    3.5581156849e+01    1.5778018497e+01   -1.1139494230e+02    3.9272556735e+00    6.5171000000e+04    3.2113189398e-01    9.9191981354e-01
       266   -3.1956580715e+01    1.0227565391e+03   -5.6038668947e+01    2.4082088232e+01    3.5560321317e+01    1.5778018497e+01   -1.1137368332e+02    3.9966745627e+00    6.5005000000e+04    3.0892307230e-01    9.9177458729e-01
       267   -3.1973932215e+01    1.0238706419e+03   -5.5696632016e+01    2.3722699801e+01    3.5446739480e+01    1.5778018497e+01   -1.1101393207e+02    4.0925420759e+00    6.5064000000e+04    3.0823786891e-01    9.9239369351e-01
       268   -3.1977905788e+01    1.0241020452e+03   -5.5773573407e+01    2.3795667619e+01    3.5378692327e+01    1.5778018497e+01   -1.1086712172e+02    3.9368374892e+00    6.4993000000e+04    3.1381443684e-01    9.9227844341e-01
       269   -3.1962691721e+01    1.0231325565e+03   -5.5792735529e+01    2.3830043808e+01    3.5473376707e+01    1.5778018497e+01   -1.1104014393e+02    3.9960131950e+00    6.4649000000e+04    3.1895068957e-01    9.9221442942e-01
       270   -3.1959883829e+01    1.0229547535e+03   -5.5687158018e+01    2.3727274189e+01    3.5501791857e+01    1.5778018497e+01   -1.1095388953e+02    3.9869211555e+00    6.4608000000e+04    3.1496025531e-01    9.9219608610e-01
       271   -3.1978719149e+01    1.0241108982e+03   -5.5881667821e+01    2.3902948672e+01    3.5523722283e+01    1.5778018497e+01   -1.1129172834e+02    4.1083197407e+00    6.3466000000e+04    3.1683927352e-01    9.9219735186e-01
       272   -3.1980822551e+01    1.0243285831e+03   -5.5883462401e+01    2.3902639850e+01    3.5569477760e+01    1.5778018497e+01   -1.1124805807e+02    4.0170994153e+00    6.4566000000e+04    3.1183604012e-01    9.9228302995e-01
       273   -3.1979076305e+01    1.0241530230e+03   -5.5858035363e+01    2.3878959058e+01    3.5554354669e+01    1.5778018497e+01   -1.1123761449e+02    4.0472059638e+00    6.5867000000e+04    3.3758943879e-01    9.9222205101e-01
       274   -3.1983023063e+01    1.0244148599e+03   -5.5655935285e+01    2.3672912222e+01    3.5500798367e+01    1.5778018497e+01   -1.1087872663e+02    3.9439744787e+00    6.5545000000e+04    3.2224159148e-01    9.9230324332e-01
       275   -3.1986163305e+01    1.0246466403e+03   -5.5829002648e+01    2.3842839343e+01    3.5395505387e+01    1.5778018497e+01   -1.1089722837e+02    3.8947018399e+00    6.5542000000e+04    3.2197275488e-01    9.9209859114e-01
       276   -3.1965467248e+01    1.0233237436e+03   -5.5969898574e+01    2.4004431326e+01    3.5460646140e+01    1.5778018497e+01   -1.1105523292e+02    3.8466697122e+00    6.5939000000e+04    3.4008126727e-01    9.9231397963e-01
       277   -3.1976701200e+01    1.0240584541e+03   -5.5767115661e+01    2.3790414461e+01    3.5474198498e+01    1.5778018497e+01   -1.1099033811e+02    3.9710054543e+00    6.5818000000e+04    3.3542746895e-01    9.9227863352e-01
       278   -3.1971599402e+01    1.0237419715e+03   -5.5789128908e+01    2.3817529506e+01    3.5431378193e+01    1.5778018497e+01   -1.1105558709e+02    4.0570614912e+00    6.6265000000e+04    3.4748945621e-01    9.9216375541e-01
       279   -3.1979186208e+01    1.0241563267e+03   -5.5816786070e+01    2.3837599862e+01    3.5566666862e+01    1.5778018497e+01   -1.1118577670e+02    4.0243052717e+00    6.6363000000e+04    3.4995522840e-01    9.9226624120e-01
       280   -3.1967670676e+01    1.0234773513e+03   -5.5936374521e+01    2.3968703845e+01    3.5600580417e+01    1.5778018497e+01   -1.1124717470e+02    3.9322012622e+00    6.5842000000e+04    3.3449389051e-01    9.9193037690e-01
       281   -3.1959589442e+01    1.0229599697e+03   -5.5893451175e+01    2.3933861733e+01    3.5620162400e+01    1.5778018497e+01   -1.1121266384e+02    3.9210317684e+00    6.5914000000e+04    3.3758630434e-01    9.9216496815e-01
       282   -3.1960770497e+01    1.0229858874e+03   -5.5851824092e+01    2.3891053595e+01    3.5614474850e+01    1.5778018497e+01   -1.1127071218e+02    4.0263947450e+00    6.6011000000e+04    3.3476723730e-01    9.9225682356e-01
       283   -3.1957367661e+01    1.0227980069e+03   -5.5991933895e+01    2.4034566234e+01    3.5549870008e+01    1.5778018497e+01   -1.1142313982e+02    4.1033174172e+00    6.5807000000e+04    3.3313799891e-01    9.9203267440e-01
       284   -3.1964737868e+01    1.0232888768e+03   -5.5742038932e+01    2.3777301064e+01    3.5491878698e+01    1.5778018497e+01   -1.1091803717e+02    3.9061010469e+00    6.4849000000e+04    3.1615056516e-01    9.9230196656e-01
       285   -3.1974634410e+01    1.0239502096e+03   -5.5885394309e+01    2.3910759899e+01    3.5525115576e+01    1.5778018497e+01   -1.1117945362e+02    3.9909252358e+00    6.5216000000e+04    3.0762029102e-01    9.9231650277e-01
       286   -3.1981555902e+01    1.0244953860e+03   -5.6139736899e+01    2.4158180997e+01    3.5574207674e+01    1.5778018497e+01   -1.1144921159e+02    3.9572485194e+00    6.5544000000e+04    3.2536994578e-01    9.9191041612e-01
       287   -3.1985539986e+01    1.0245825708e+03   -5.5979048675e+01    2.3993508689e+01    3.5542681781e+01    1.5778018497e+01   -1.1118520545e+02    3.8854564947e+00    6.6160000000e+04    3.4206327828e-01    9.9212806054e-01
       288   -3.1968253599e+01    1.0235182678e+03   -5.5797367369e+01    2.3829113770e+01    3.5509800752e+01    1.5778018497e+01   -1.1106474450e+02    3.9795578784e+00    6.5716000000e+04    3.2766287652e-01    9.9213602727e-01
       289   -3.1986360022e+01    1.0246833486e+03   -5.5810916040e+01    2.3824556017e+01    3.5579006714e+01    1.5778018497e+01   -1.1125939191e+02    4.0914506568e+00    6.5381000000e+04    3.1548297047e-01    9.9206613420e-01
       290   -3.1979274749e+01    1.0242089293e+03   -5.5833363265e+01    2.3854088516e+01    3.5577276288e+01    1.5778018497e+01   -1.1124350075e+02    4.0548427027e+00    6.5684000000e+04    3.2894273621e-01    9.9233859461e-01
       291   -3.1970557008e+01    1.0235865181e+03   -5.6093669528e+01    2.4123112520e+01    3.5631761551e+01    1.5778018497e+01   -1.1152407803e+02    4.0206284506e+00    6.5758000000e+04    3.3558695949e-01    9.9205954090e-01
       292   -3.1981659911e+01    1.0243529078e+03   -5.5992716356e+01    2.4011056444e+01    3.5501427570e+01    1.5778018497e+01   -1.1120675992e+02    3.9345974954e+00    6.6145000000e+04    3.3997359246e-01    9.9214076357e-01
       293   -3.1971678071e+01    1.0237550451e+03   -5.5911072512e+01    2.3939394442e+01    3.5581708248e+01    1.5778018497e+01   -1.1128445365e+02    4.0136543920e+00    6.6564000000e+04    3.5297891457e-01    9.9216576430e-01
       294   -3.1977780683e+01    1.0241514619e+03   -5.5904593016e+01    2.3926812333e+01    3.5494056214e+01    1.5778018497e+01   -1.1115017627e+02    3.9735085412e+00    6.6406000000e+04    3.4547522832e-01    9.9219413472e-01
       295   -3.1983579712e+01    1.0244877322e+03   -5.5863758302e+01    2.3880178590e+01    3.5519458763e+01    1.5778018497e+01   -1.1118891688e+02    4.0276813203e+00    6.6169000000e+04    3.3949071523e-01    9.9221853842e-01
       296   -3.1956244415e+01    1.0227973211e+03   -5.5712576942e+01    2.3756332527e+01    3.5493418074e+01    1.5778018497e+01   -1.1089310291e+02    3.9090893974e+00    6.5737000000e+04    3.2712330465e-01    9.9207212105e-01
       297   -3.1963420693e+01    1.0232042046e+03   -5.5756442085e+01    2.3793021392e+01    3.5557330558e+01    1.5778018497e+01   -1.1104530140e+02    3.9535102568e+00    6.5813000000e+04    3.3143383855e-01    9.9226907018e-01
       298   -3.1954422237e+01    1.0226595231e+03   -5.6124681345e+01    2.4170259108e+01    3.5744425056e+01    1.5778018497e+01   -1.1164094762e+02    3.9938227216e+00    6.5579000000e+04    3.2625290605e-01    9.9218746563e-01
       299   -3.1952690059e+01    1.0225162551e+03   -5.6178838656e+01    2.4226148597e+01    3.5727144700e+01    1.5778018497e+01   -1.1172376087e+02    4.0397590159e+00    6.4731000000e+04    3.0962623719e-01    9.9227577763e-01
       300   -3.1964884489e+01    1.0233612460e+03   -5.6122210815e+01    2.4157326326e+01    3.5664638053e+01    1.5778018497e+01   -1.1153135524e+02    3.9664878777e+00    6.4395000000e+04    3.1604812148e-01    9.9201894362e-01
       301   -3.1983403572e+01    1.0263871895e+03   -5.6143911984e+01    2.4160508412e+01    3.5571945029e+01    1.5778018497e+01   -1.1140431578e+02    3.9104402722e+00    6.4253000000e+04    3.1048910688e-01    9.9214584860e-01
       302   -3.1954089440e+01    1.0225760949e+03   -5.6002374278e+01    2.4048284838e+01    3.5614677451e+01    1.5778018497e+01   -1.1125814773e+02    3.8630775075e+00    6.3347000000e+04    3.1403568453e-01    9.9227785125e-01
       303   -3.1968259954e+01    1.0234752199e+03   -5.5947122928e+01    2.3978862975e+01    3.5689852252e+01    1.5778018497e+01   -1.1153370985e+02    4.1187161766e+00    6.3000000000e+04    3.1165904355e-01    9.9217947779e-01
       304   -3.1960681192e+01    1.0229882534e+03   -5.5889572203e+01    2.3928891011e+01    3.5505758476e+01    1.5778018497e+01   -1.1120878783e+02    4.0354386539e+00    6.3504000000e+04    3.0865851035e-01    9.9200091563e-01
       305   -3.1955985976e+01    1.0227026808e+03   -5.5811232224e+01    2.3855246248e+01    3.5607471516e+01    1.5778018497e+01   -1.1110360884e+02    3.9068866058e+00    6.3390000000e+04    3.0955958602e-01    9.9238417561e-01
       306   -3.1959884691e+01    1.0229183276e+03   -5.5705169248e+01    2.3745284557e+01    3.5509609189e+01    1.5778018497e+01   -1.1091825644e+02    3.9254595018e+00    6.3794000000e+04    3.1620755918e-01    9.9233842144e-01
       307   -3.1961057301e+01    1.0230890747e+03   -5.5649686595e+01    2.3688629294e+01    3.5547502242e+01    1.5778018497e+01   -1.1076618806e+02    3.7909807215e+00    6.4119000000e+04    3.1315475004e-01    9.9215439219e-01
       308   -3.1968833597e+01    1.0235284892e+03   -5.5670294313e+01    2.3701460715e+01    3.5557101167e+01    1.5778018497e+01   -1.1087744553e+02    3.8720315568e+00    6.4343000000e+04    3.1150550355e-01    9.9222718586e-01
       309   -3.1961131447e+01    1.0230460167e+03   -5.5795804120e+01    2.3834672673e+01    3.5687157892e+01    1.5778018497e+01   -1.1133211953e+02    4.0711390257e+00    6.3626000000e+04    3.1458359656e-01    9.9199277935e-01
       310   -3.1972450185e+01    1.0238426592e+03   -5.6138587286e+01    2.4166137101e+01    3.5637734804e+01    1.5778018497e+01   -1.1162618254e+02    4.0718419507e+00    6.3735000000e+04    3.0925959102e-01    9.9217533685e-01
       311   -3.1970276530e+01    1.0236333221e+03   -5.5914465719e+01    2.3944189190e+01    3.5547001122e+01    1.5778018497e+01   -1.1125337942e+02    4.0138940782e+00    6.4102000000e+04    3.0954197891e-01    9.9222211345e-01
       312   -3.1970024492e+01    1.0236014410e+03   -5.5709643878e+01    2.3739619386e+01    3.5540559097e+01    1.5778018497e+01   -1.1099914987e+02    3.9709284024e+00    6.4253000000e+04    3.1370275172e-01    9.9237844028e-01
       313   -3.1985986160e+01    1.0246981132e+03   -5.6200714652e+01    2.4214728492e+01    3.5497289667e+01    1.5778018497e+01   -1.1141827186e+02    3.9422490455e+00    6.4727000000e+04    3.1314263504e-01    9.9217524308e-01
       314   -3.1984033953e+01    1.0245103158e+03   -5.6101388089e+01    2.4117354137e+01    3.5621408647e+01    1.5778018497e+01   -1.1152774708e+02    4.0269318460e+00    6.5187000000e+04    3.1164021215e-01    9.9219697817e-01
       315   -3.1979287103e+01    1.0242030704e+03   -5.5918186808e+01    2.3938899705e+01    3.5615847552e+01    1.5778018497e+01   -1.1138322178e+02    4.0711689187e+00    6.5291000000e+04    3.1735670113e-01    9.9214274071e-01
       316   -3.1974619542e+01    1.0238608099e+03   -5.5904561740e+01    2.3929942197e+01    3.5524613273e+01    1.5778018497e+01   -1.1111261342e+02    3.9054199113e+00    6.5429000000e+04    3.1326132840e-01    9.9216545962e-01
       317   -3.1956102618e+01    1.0227254719e+03   -5.5988848125e+01    2.4032745507e+01    3.5536904344e+01    1.5778018497e+01   -1.1129357285e+02    3.9898018823e+00    6.5582000000e+04    3.2210953883e-01    9.9208967220e-01
       318   -3.1959808146e+01    1.0229507148e+03   -5.5845234625e+01    2.3885426480e+01    3.5483358516e+01    1.5778018497e+01   -1.1111723332e+02    4.0106216845e+00    6.6505000000e+04    3.5143368687e-01    9.9219616152e-01
       319   -3.1957777633e+01    1.0228398357e+03   -5.5828332575e+01    2.3870554942e+01    3.5455112884e+01    1.5778018497e+01   -1.1099039295e+02    3.9289289915e+00    6.6560000000e+04    3.4635017367e-01    9.9211779351e-01
       320   -3.1982621491e+01    1.0243944550e+03   -5.5855266967e+01    2.3872645475e+01    3.5452878394e+01    1.5778018497e+01   -1.1097545496e+02    3.8892910990e+00    6.6241000000e+04    3.4283804812e-01    9.9214075284e-01
       321   -3.1960268299e+01    1.0230339349e+03   -5.5935950569e+01    2.3975682270e+01    3.5408788410e+01    1.5778018497e+01   -1.1106566776e+02    3.9429102884e+00    6.6466000000e+04    3.4918784082e-01    9.9218849043e-01
       322   -3.1981461903e+01    1.0244217990e+03   -5.5762917243e+01    2.3781455340e+01    3.5422124348e+01    1.5778018497e+01   -1.1104977478e+02    4.0867146902e+00    6.6633000000e+04    3.5996548063e-01    9.9224370723e-01
       323   -3.1978035461e+01    1.0241121093e+03   -5.5784857656e+01    2.3806822195e+01    3.5482061585e+01    1.5778018497e+01   -1.1104053339e+02    3.9955956562e+00    6.7043000000e+04    3.5118035926e-01    9.9227255315e-01
       324   -3.1990881033e+01    1.0249399375e+03   -5.5956227582e+01    2.3965346549e+01    3.5598373680e+01    1.5778018497e+01   -1.1145439914e+02    4.1217793799e+00    6.7048000000e+04    3.5419381668e-01    9.9220915801e-01
       325   -3.1996131791e+01    1.0253527287e+03   -5.6175860115e+01    2.4179728323e+01    3.5666187253e+01    1.5778018497e+01   -1.1162848908e+02    4.0084232198e+00    6.6776000000e+04    3.5242715375e-01    9.9223521598e-01
       326   -3.1971783308e+01    1.0237889545e+03   -5.6225088755e+01    2.4253305447e+01    3.5709915095e+01    1.5778018497e+01   -1.1167565267e+02    3.9626303263e+00    6.7133000000e+04    3.5447293371e-01    9.9230134007e-01
       327   -3.1972940308e+01    1.0238109265e+03   -5.6037570316e+01    2.4064630008e+01    3.5688211415e+01    1.5778018497e+01   -1.1151890453e+02    4.0151043070e+00    6.7187000000e+04    3.5514167602e-01    9.9216832844e-01
       328   -3.1962664211e+01    1.0231536497e+03   -5.5956542714e+01    2.3993878503e+01    3.5637434659e+01    1.5778018497e+01   -1.1134697312e+02    3.9749772488e+00    6.6474000000e+04    3.4897941563e-01    9.9232141001e-01
       329   -3.1960929052e+01    1.0230135582e+03   -5.5912983801e+01    2.3952054749e+01    3.5610001133e+01    1.5778018497e+01   -1.1128394713e+02    3.9829436996e+00    6.6433000000e+04    3.4898530992e-01    9.9235686718e-01
       330   -3.1963545435e+01    1.0231951023e+03   -5.5906934026e+01    2.3943388591e+01    3.5679932168e+01    1.5778018497e+01   -1.1136210406e+02    3.9972193673e+00    6.6468000000e+04    3.5395840703e-01    9.9210750116e-01
       331   -3.1954579982e+01    1.0226365636e+03   -5.5831868819e+01    2.3877288837e+01    3.5583330213e+01    1.5778018497e+01   -1.1117717199e+02    3.9839544658e+00    6.6607000000e+04    3.4943057805e-01    9.9221765572e-01
       332   -3.1970681633e+01    1.0236783055e+03   -5.5930096116e+01    2.3959414482e+01    3.5625032260e+01    1.5778018497e+01   -1.1135734051e+02    4.0241936423e+00    6.6456000000e+04    3.4884022730e-01    9.9219889536e-01
       333   -3.1985820052e+01    1.0246496701e+03   -5.5953202980e+01    2.3967382928e+01    3.5554367733e+01    1.5778018497e+01   -1.1145728339e+02    4.1716941803e+00    6.6647000000e+04    3.4937502844e-01    9.9209202167e-01
       334   -3.1978840124e+01    1.0241539497e+03   -5.5978624149e+01    2.3999784025e+01    3.5613414590e+01    1.5778018497e+01   -1.1141442935e+02    4.0443721172e+00    6.6497000000e+04    3.5020912367e-01    9.9206302094e-01
       335   -3.1975555763e+01    1.0239471655e+03   -5.6004389645e+01    2.4028833883e+01    3.5638402123e+01    1.5778018497e+01   -1.1137248694e+02    3.9516766768e+00    6.6752000000e+04    3.5707079453e-01    9.9212768280e-01
       336   -3.1980788452e+01    1.0243047605e+03   -5.6032163813e+01    2.4051375361e+01    3.5704013699e+01    1.5778018497e+01   -1.1149774026e+02    3.9835442561e+00    6.7338000000e+04    3.5356877723e-01    9.9224509528e-01
       337   -3.1977796292e+01    1.0241789730e+03   -5.6036310466e+01    2.4058514174e+01    3.5671567070e+01    1.5778018497e+01   -1.1157104114e+02    4.0851451058e+00    6.7167000000e+04    3.5717254520e-01    9.9197597672e-01
       338   -3.1971122411e+01    1.0237254932e+03   -5.6241652009e+01    2.4270529598e+01    3.5687948607e+01    1.5778018497e+01   -1.1169076092e+02    3.9831418084e+00    6.6909000000e+04    3.5414286137e-01    9.9220682411e-01
       339   -3.1965875700e+01    1.0233317903e+03   -5.6000693546e+01    2.4034817846e+01    3.5721228436e+01    1.5778018497e+01   -1.1134748959e+02    3.8475491101e+00    6.6465000000e+04    3.5389600684e-01    9.9225626499e-01
       340   -3.1943974488e+01    1.0219324681e+03   -5.5885522006e+01    2.3941547518e+01    3.5608193863e+01    1.5778018497e+01   -1.1121321851e+02    3.9414841482e+00    6.6254000000e+04    3.4623560293e-01    9.9242031784e-01
       341   -3.1966694045e+01    1.0233913114e+03   -5.6076364456e+01    2.4109670411e+01    3.5685132743e+01    1.5778018497e+01   -1.1156847645e+02    4.0289607588e+00    6.5320000000e+04    3.2250758266e-01    9.9215554540e-01
       342   -3.1963477833e+01    1.0232249880e+03   -5.5990288600e+01    2.4026810768e+01    3.5663048269e+01    1.5778018497e+01   -1.1142653074e+02    3.9951753746e+00    6.5499000000e+04    3.2374386961e-01    9.9221594453e-01
       343   -3.1972947398e+01    1.0238870744e+03   -5.6257579584e+01    2.4284632186e+01    3.5733482737e+01    1.5778018497e+01   -1.1181651657e+02    4.0474357475e+00    6.6109000000e+04    3.4863144426e-01    9.9218759499e-01
       344   -3.1966591725e+01    1.0234101207e+03   -5.5895108072e+01    2.3928516347e+01    3.5663560299e+01    1.5778018497e+01   -1.1138140327e+02    4.0447164069e+00    6.5781000000e+04    3.3545416934e-01    9.9205766874e-01
       345   -3.1966442921e+01    1.0233474509e+03   -5.5915239722e+01    2.3948796801e+01    3.5634880074e+01    1.5778018497e+01   -1.1131122802e+02    3.9830897278e+00    6.5132000000e+04    3.1519433684e-01    9.9232143539e-01
       346   -3.1989795139e+01    1.0248845095e+03   -5.6192190961e+01    2.4202395822e+01    3.5608495180e+01    1.5778018497e+01   -1.1148870553e+02    3.9100008965e+00    6.5229000000e+04    3.1803266051e-01    9.9197878235e-01
       347   -3.1982856353e+01    1.0244322948e+03   -5.6180431382e+01    2.4197575030e+01    3.5616182964e+01    1.5778018497e+01   -1.1154437863e+02    3.9697457899e+00    6.6075000000e+04    3.4545790652e-01    9.9208337416e-01
       348   -3.1989552968e+01    1.0248800436e+03   -5.6138626451e+01    2.4149073483e+01    3.5595727227e+01    1.5778018497e+01   -1.1144941022e+02    3.9370380427e+00    6.6233000000e+04    3.4657929766e-01    9.9202907252e-01
       349   -3.1985553159e+01    1.0246162174e+03   -5.6008485459e+01    2.4022932300e+01    3.5659907653e+01    1.5778018497e+01   -1.1150559397e+02    4.0591823632e+00    6.6135000000e+04    3.4736786227e-01    9.9232370938e-01
       350   -3.1970494972e+01    1.0235471063e+03   -5.5729288161e+01    2.3758793190e+01    3.5624741974e+01    1.5778018497e+01   -1.1118668258e+02    4.0546339482e+00    6.5584000000e+04    3.2263809824e-01    9.9242290708e-01
       351   -3.1977585268e+01    1.0241002066e+03   -5.5806840709e+01    2.3829255441e+01    3.5619402765e+01    1.5778018497e+01   -1.1124534906e+02    4.0410870887e+00    6.6640000000e+04    3.5446220055e-01    9.9232772031e-01
       352   -3.1981403587e+01    1.0244906826e+03   -5.6174724447e+01    2.4193320860e+01    3.5618996709e+01    1.5778018497e+01   -1.1157590882e+02    4.0041691699e+00    6.6804000000e+04    3.5392409512e-01    9.9216318712e-01
       353   -3.1977050847e+01    1.0240339602e+03   -5.6027583061e+01    2.4050532214e+01    3.5479366223e+01    1.5778018497e+01   -1.1126503534e+02    3.9800675540e+00    6.7091000000e+04    3.5673408543e-01    9.9229167325e-01
       354   -3.1948956602e+01    1.0222038396e+03   -5.5872873984e+01    2.3923917383e+01    3.5488490242e+01    1.5778018497e+01   -1.1112600454e+02    3.9866218132e+00    6.6552000000e+04    3.4886164199e-01    9.9225796624e-01
       355   -3.1961972008e+01    1.0231288988e+03   -5.5754673038e+01    2.3792701030e+01    3.5471646472e+01    1.5778018497e+01   -1.1112835523e+02    4.1240172200e+00    6.5532000000e+04    3.2070817707e-01    9.9218785695e-01
       356   -3.1967953437e+01    1.0234615829e+03   -5.5767221857e+01    2.3799268420e+01    3.5511338548e+01    1.5778018497e+01   -1.1109032568e+02    4.0337467743e+00    6.5594000000e+04    3.2408064074e-01    9.9214342528e-01
       357   -3.1972188648e+01    1.0237139728e+03   -5.5877836504e+01    2.3905647856e+01    3.5536140283e+01    1.5778018497e+01   -1.1118871922e+02    3.9967239326e+00    6.6092000000e+04    3.4749277395e-01    9.9214618354e-01
       358   -3.1971089714e+01    1.0237156264e+03   -5.5969475314e+01    2.3998385599e+01    3.5599604317e+01    1.5778018497e+01   -1.1124200110e+02    3.8949029722e+00    6.6682000000e+04    3.5108931211e-01    9.9224981535e-01
       359   -3.1988536843e+01    1.0247654183e+03   -5.6043130973e+01    2.4054594131e+01    3.5616101359e+01    1.5778018497e+01   -1.1150021069e+02    4.0629598614e+00    6.6276000000e+04    3.4501129984e-01    9.9222682331e-01
       360   -3.1959031591e+01    1.0228666856e+03   -5.5856029147e+01    2.3896997555e+01    3.5510021325e+01    1.5778018497e+01   -1.1117069942e+02    4.0266304486e+00    6.5672000000e+04    3.2680320410e-01    9.9229070592e-01
       361   -3.1956714881e+01    1.0227648261e+03   -5.5745353737e+01    2.3788638857e+01    3.5438570640e+01    1.5778018497e+01   -1.1098477055e+02    4.0228276755e+00    6.4893000000e+04    3.1322913355e-01    9.9233536116e-01
       362   -3.1985304813e+01    1.0245621386e+03   -5.5775616468e+01    2.3790311655e+01    3.5459428867e+01    1.5778018497e+01   -1.1092758349e+02    3.9145196565e+00    6.4513000000e+04    3.1186310863e-01    9.9225475537e-01
       363   -3.1965375355e+01    1.0232867117e+03   -5.6038293733e+01    2.4072918378e+01    3.5594306692e+01    1.5778018497e+01   -1.1143205812e+02    4.0214392016e+00    6.5031000000e+04    3.1209635785e-01    9.9234237862e-01
       364   -3.1957583150e+01    1.0228143664e+03   -5.5908428096e+01    2.3950844946e+01    3.5625239862e+01    1.5778018497e+01   -1.1136063506e+02    4.0489486095e+00    6.5439000000e+04    3.1802625012e-01    9.9224806225e-01
       365   -3.1960416860e+01    1.0230352495e+03   -5.5990525711e+01    2.4030108851e+01    3.5491976955e+01    1.5778018497e+01   -1.1128523798e+02    4.0247168181e+00    6.5183000000e+04    3.0687099430e-01    9.9223888860e-01
       366   -3.1963944615e+01    1.0232044906e+03   -5.5998058149e+01    2.4034113534e+01    3.5445013318e+01    1.5778018497e+01   -1.1122553757e+02    4.0044476010e+00    6.3922000000e+04    3.1302705387e-01    9.9208977736e-01
       367   -3.1942096663e+01    1.0217748240e+03   -5.5633095169e+01    2.3690998506e+01    3.5441575259e+01    1.5778018497e+01   -1.1064320803e+02    3.7905191046e+00    6.5061000000e+04    3.1453190047e-01    9.9214748437e-01
       368   -3.1954407610e+01    1.0225829849e+03   -5.5836029339e+01    2.3881621730e+01    3.5552193445e+01    1.5778018497e+01   -1.1107775779e+02    3.9115165142e+00    6.5180000000e+04    3.1953549836e-01    9.9230580432e-01
       369   -3.1968175446e+01    1.0234896374e+03   -5.6171979196e+01    2.4203803750e+01    3.5713819081e+01    1.5778018497e+01   -1.1168880840e+02    4.0249916269e+00    6.5372000000e+04    3.2256075145e-01    9.9198755835e-01
       370   -3.1975356404e+01    1.0239382345e+03   -5.5834017029e+01    2.3858660625e+01    3.5621998075e+01    1.5778018497e+01   -1.1114819806e+02    3.9141644633e+00    6.5817000000e+04    3.3806293867e-01    9.9213360452e-01
       371   -3.1968590829e+01    1.0234933565e+03   -5.6033955263e+01    2.4065364434e+01    3.5687595153e+01    1.5778018497e+01   -1.1146834054e+02    3.9687716291e+00    6.4913000000e+04    3.1272477453e-01    9.9212628357e-01
       372   -3.1982731375e+01    1.0244535234e+03   -5.6324921910e+01    2.4342190535e+01    3.5765722068e+01    1.5778018497e+01   -1.1188836966e+02    4.0197071836e+00    6.5412000000e+04    3.1453662141e-01    9.9193197664e-01
       373   -3.1982523428e+01    1.0244180385e+03   -5.5903337970e+01    2.3920814542e+01    3.5731012504e+01    1.5778018497e+01   -1.1135158496e+02    3.9392159871e+00    6.5860000000e+04    3.3858372574e-01    9.9232171531e-01
       374   -3.1970700776e+01    1.0236432037e+03   -5.5850166662e+01    2.3879465886e+01    3.5694773537e+01    1.5778018497e+01   -1.1137722372e+02    4.0542650254e+00    6.6253000000e+04    3.4279165422e-01    9.9235535969e-01
       375   -3.1962199474e+01    1.0230800573e+03   -5.6064994225e+01    2.4102794750e+01    3.5613968044e+01    1.5778018497e+01   -1.1139404341e+02    3.9370626467e+00    6.5204000000e+04    3.2058989969e-01    9.9207223326e-01
       376   -3.1955590416e+01    1.0226503719e+03   -5.5738791537e+01    2.3783201121e+01    3.5522043528e+01    1.5778018497e+01   -1.1106049210e+02    4.0216385353e+00    6.4596000000e+04    3.2219209613e-01    9.9230334083e-01
       377   -3.1964542093e+01    1.0232759495e+03   -5.5817959042e+01    2.3853416949e+01    3.5491792647e+01    1.5778018497e+01   -1.1106516610e+02    3.9773959107e+00    6.4874000000e+04    3.1643908543e-01    9.9241402527e-01
       378   -3.1984048205e+01    1.0245248800e+03   -5.5770230955e+01    2.3786182749e+01    3.5449427775e+01    1.5778018497e+01   -1.1094762705e+02    3.9499498204e+00    6.4839000000e+04    3.1401757945e-01    9.9219830837e-01
       379   -3.1968589087e+01    1.0235549481e+03   -5.5772857809e+01    2.3804268722e+01    3.5466941523e+01    1.5778018497e+01   -1.1092013793e+02    3.9023201042e+00    6.5011000000e+04    3.0915076949e-01    9.9226538576e-01
       380   -3.1962345826e+01    1.0231438566e+03   -5.5554029102e+01    2.3591683277e+01    3.5335453369e+01    1.5778018497e+01   -1.1060512413e+02    3.9376231652e+00    6.4860000000e+04    3.1012488937e-01    9.9235206594e-01
       381   -3.1951710565e+01    1.0224014977e+03   -5.5652254166e+01    2.3700543601e+01    3.5498529585e+01    1.5778018497e+01   -1.1099203738e+02    4.0632351309e+00    6.5041000000e+04    3.1135186461e-01    9.9232545691e-01
       382   -3.1971157201e+01    1.0236228166e+03   -5.5687541797e+01    2.3716384596e+01    3.5476954446e+01    1.5778018497e+01   -1.1085573092e+02    3.9132161753e+00    6.5406000000e+04    3.1602575070e-01    9.9248644166e-01
       383   -3.1959268471e+01    1.0228811633e+03   -5.5767956774e+01    2.3808688303e+01    3.5602689148e+01    1.5778018497e+01   -1.1117655956e+02    4.0278951430e+00    6.4819000000e+04    3.1414904102e-01    9.9213701666e-01
       384   -3.1973758465e+01    1.0238154066e+03   -5.5856999043e+01    2.3883240578e+01    3.5537610443e+01    1.5778018497e+01   -1.1115145990e+02    3.9788319165e+00    6.5363000000e+04    3.2933153578e-01    9.9224157261e-01
       385   -3.1956053315e+01    1.0227492869e+03   -5.5883485573e+01    2.3927432258e+01    3.5530488369e+01    1.5778018497e+01   -1.1110508550e+02    3.9130930585e+00    6.5452000000e+04    3.2012831070e-01    9.9217963733e-01
       386   -3.1969942015e+01    1.0235915637e+03   -5.5854473904e+01    2.3884531889e+01    3.5541495802e+01    1.5778018497e+01   -1.1105276851e+02    3.8787803113e+00    6.4669000000e+04    3.1426386301e-01    9.9225974534e-01
       387   -3.1970128686e+01    1.0235918767e+03   -5.5678310907e+01    2.3708182221e+01    3.5516602158e+01    1.5778018497e+01   -1.1081213647e+02    3.8392049108e+00    6.5915000000e+04    3.3520110703e-01    9.9225787499e-01
       388   -3.1978338538e+01    1.0241402609e+03   -5.5743152607e+01    2.3764814069e+01    3.5492434111e+01    1.5778018497e+01   -1.1081145189e+02    3.7978466784e+00    6.6099000000e+04    3.4057519758e-01    9.9227155465e-01
       389   -3.1960517477e+01    1.0230364286e+03   -5.5826495789e+01    2.3865978312e+01    3.5539941370e+01    1.5778018497e+01   -1.1101712909e+02    3.8726734365e+00    6.6375000000e+04    3.4418708723e-01    9.9225978919e-01
       390   -3.1969483622e+01    1.0235117408e+03   -5.5619538313e+01    2.3650054691e+01    3.5504668072e+01    1.5778018497e+01   -1.1082854247e+02    3.9263175903e+00    6.6233000000e+04    3.5010104152e-01    9.9226897035e-01
       391   -3.1975818527e+01    1.0240099539e+03   -5.5736346665e+01    2.3760528137e+01    3.5461120394e+01    1.5778018497e+01   -1.1096590350e+02    3.9904179393e+00    6.6070000000e+04    3.4248652219e-01    9.9237048415e-01
       392   -3.1981735902e+01    1.0243950043e+03   -5.5948027949e+01    2.3966292047e+01    3.5541609322e+01    1.5778018497e+01   -1.1118916089e+02    3.9215051205e+00    6.5811000000e+04    3.3986742437e-01    9.9221801023e-01
       393   -3.1981153577e+01    1.0242887626e+03   -5.6008498768e+01    2.4027345190e+01    3.5573437136e+01    1.5778018497e+01   -1.1127714786e+02    3.9171934573e+00    6.5964000000e+04    3.4042063535e-01    9.9204524014e-01
       394   -3.1969747652e+01    1.0235805445e+03   -5.5875912755e+01    2.3906165102e+01    3.5573369215e+01    1.5778018497e+01   -1.1117431311e+02    3.9470126475e+00    6.5045000000e+04    3.1229775629e-01    9.9218569311e-01
       395   -3.1956531810e+01    1.0227733202e+03   -5.6025728163e+01    2.4069196352e+01    3.5661035827e+01    1.5778018497e+01   -1.1161548250e+02    4.1507000150e+00    6.4739000000e+04    3.1499191070e-01    9.9211930209e-01
       396   -3.1961703941e+01    1.0230676566e+03   -5.5826398108e+01    2.3864694167e+01    3.5634132990e+01    1.5778018497e+01   -1.1128246767e+02    4.0439180802e+00    6.3768000000e+04    3.1523188434e-01    9.9221497930e-01
       397   -3.1957176760e+01    1.0228284073e+03   -5.5910958428e+01    2.3953781669e+01    3.5577339739e+01    1.5778018497e+01   -1.1114922888e+02    3.8829122190e+00    6.3444000000e+04    3.2007985793e-01    9.9231312833e-01
       398   -3.1956676850e+01    1.0227404631e+03   -5.6044114026e+01    2.4087437176e+01    3.5606018396e+01    1.5778018497e+01   -1.1142848420e+02    4.0003332818e+00    6.3884000000e+04    3.1329277289e-01    9.9236297751e-01
       399   -3.1982791967e+01    1.0245068644e+03   -5.6199172719e+01    2.4216380752e+01    3.5671248315e+01    1.5778018497e+01   -1.1168950110e+02    4.0410615642e+00    6.4794000000e+04    3.1986921648e-01    9.9223134365e-01
